0.691500189518044 -0.140632642556758
0.207885419464071 1.65939063199533
-1.9806381561344 -1.01484070222634
-0.0416751103009631 1.61404583822082
-1.63319639620832 -1.18020833790769
-0.851153233180103 -0.970948205751503
-0.194811615492079 -1.37796557025313
-1.21239518415686 0.986223245632792
-0.986841147920247 1.24152886313248
0.232714331113042 1.07995723396191
-0.249256373712746 0.0769987304481454
-0.741804510925817 -0.101621415507599
-0.811779404282352 0.70133293913413
0.0547949037560003 -0.21884152943352
-0.843054212120966 -0.461902112686139
-0.744884065775327 0.513179987185566
-0.053650333188092 0.532703308917309
0.0229344440617008 -0.0662679918868782
-0.549233853919043 -0.307067356377043
-0.031057685612187 -0.0337489824813691
-0.559991218327332 0.302743328587382
-0.277582497926676 0.38571879183098
-0.107221501299681 0.0859053570133191
-0.414461038227237 -0.126212197903614
-0.0480626131518614 -0.0150527254575704
-0.197009195213075 0.129443322541845
-0.106893039346868 -0.211252240077175
0.0218031114634553 -0.177523808718114
0.0310037698951662 0.048847240333834
-0.2132049955673 0.0508669572748691
-0.0974350788116179 -0.016485887087848
0.634223365483273 0.460985273091941
0.735941334403812 0.339505465685155
0.87808192613025 0.350228419615117
-0.199076658470485 0.0779850704443105
-0.152102676746219 0.168949518726021
-0.132761459541514 -0.0860431014106292
-0.0976589206712845 -0.428559366684156
0.164100061806909 -0.454091096230511
0.196174370985455 0.19290490731628
0.0039292267498806 0.0159229513139958
0.0376678164570626 0.155766592797897
0.0295335350826479 -0.0838801315529727
-0.056402322920524 0.029092481114072
-0.177715859315383 -0.128570669947932
-0.0242417273847963 0.17691262346873
-0.126444622293557 0.196308024661587
-0.451722710324006 0.0979784272906649
-0.14405938036834 0.388932698746813
-0.113874150640657 -0.262690725987999
-0.645901319569481 0.0375013600810536
0.362206268584505 0.58840890441876
-0.177990360439724 0.660902702468968
-0.594163683978943 -0.51636822117207
0.0582734408796358 0.863465417387218
-1.29445689178247 -0.0847248938042473
0.031123974185746 -0.419524628281633
-0.510680369976018 0.841041339723977
-1.2684982822494 0.740115753246851
0.154534909236171 0.443687687298719
-0.754180981042363 -1.02269847504322
-0.133196254076254 1.22606580791039
0.208820789652424 -0.354419648453677
-1.59567974379202 1.08499159571489
-1.34783398266441 -0.326242805910698
0.0972252674860698 0.117735410441087
0.109234048690148 0.170611448396968
-1.20692729910147 -0.544167525463864
-2.18317662837243 0.512024731432912
-1.62844058014996 -0.405280630041135
-1.06206238050802 -0.0444797697086026
-0.177677053260128 1.06781909830107
-0.878735770691674 0.26143840195954
0.0876779451636412 0.219012378212706
-0.58677607647223 -0.529900434158027
-0.401843147674579 -0.672716530254915
-0.247234061948487 -0.742958270990028
-0.198459010794897 -0.640105566001006
0.329617687780386 -0.0556564804997533
-0.58541618474771 0.425452846172668
0.0561565168228582 0.615775599359124
-0.463301801907702 -0.309625620809807
0.119217160661401 -0.0699945682711305
0.33582391110785 -0.0218962044852779
-0.194634752871036 -0.0613184260009749
-0.195463080900805 0.166100316755087
0.135188717986469 0.159887179261867
-0.0957119479709184 -0.138994776512824
0.0829294655887391 0.132092286883805
0.0700282958559061 -0.110367462707605
0.237837123088972 -0.215566703931934
-0.0443677975998228 -0.278807891790682
-0.111880326229701 -0.0118697695062564
-0.168451901515064 0.0830976770614948
-0.0666873947438556 -0.0994564457978326
0.408419554044419 0.0181766370348611
0.405215066607877 0.100678925145037
0.104392102404262 -0.377576406210406
0.39664955395733 -0.0898736509615779
0.0962382696807818 -0.264227441301477
0.164437516210798 -0.255878712922031
0.31836511666024 -0.0932729441761344
0.395799333292496 0.102411374467257
0.375722258025273 0.016930026371777
0.367529566209824 0.00192835998578063
0.1762363394194 -0.144446417082365
0.255275224399339 -0.278696244679041
0.506094163545008 -0.425180683750319
0.366846150570116 0.221781474973102
0.59754546922638 0.152346195919356
0.083299706352111 -0.0130241074475098
0.000237802478217624 -0.310398757920144
0.326628887988215 0.110970077001061
0.358102299108373 -0.0663376661067996
0.127371922633956 0.0322824192168709
0.461698296858642 0.104686965909803
0.318519524437665 0.0795000764144057
0.452060885368458 -0.0973436449107713
0.315373158000497 -0.0923311017210013
0.39589259287755 0.0195794154336806
0.448817562246047 0.0598906897446583
0.592261076975362 0.0731292052522789
0.496830620314741 -0.402796527601072
0.357428278389352 -0.166884601678243
0.324470667877216 -0.320616028001484
0.596123676179354 -0.083993077775861
0.321688737384598 -0.107096561984259
0.24191102684122 -0.0703081372233326
0.613903579681582 0.00762947293582782
0.473573951615571 -0.230602988948815
0.327212768771811 0.119779974242148
0.504506927378555 -0.385617715552047
0.495335813707107 0.132639423801219
0.713919401527064 -0.138637428914479
0.262367810332824 0.369515216841486
0.767175430325611 -0.179821743243431
0.719244840942426 -0.24016522085043
0.156955229156992 0.560704348792002
-0.364490403771787 -0.455636971637485
0.41338302707635 0.562412844739651
0.61331676320623 -0.308769714520186
0.481392709811338 -0.191575159071202
0.333670632357352 0.400625515104338
0.0394035993358461 0.256893020966179
0.306416290821393 -0.379124760558351
0.497793371500847 0.159718857375487
0.626732083071858 -0.024030643073765
0.337705488459104 -0.0601949992045431
0.222339637368012 -0.073299493514015
0.477486184001017 -0.44304076858916
0.802300234472472 -0.357851045034644
0.95967093450923 -0.236388318483284
0.44706984198322 -0.472095597995441
0.212968737464168 -0.0223740997653103
0.408479607675695 -0.0367393515913442
0.224985573349221 -0.0723337343159127
0.145311086513257 -0.184456683531271
0.389592745351285 -0.126800174839391
0.296234465613861 -0.122728553274903
-0.0970645696263875 0.00583477751126774
0.357975570814343 -0.1972622491809
0.21519439024936 -0.315319081994243
0.000604273897950779 -0.347791940100087
0.465072082321959 0.130964891501099
0.0618507644885634 -0.0564632020564745
0.193212953752751 -0.0603883717884238
0.301932681542931 -0.0740094556001612
0.206986633134686 -0.153503436273788
0.49424146956924 -0.128817796679702
-0.0144359681519331 -0.209888055520193
0.334993930512544 0.190326715140816
0.291363876837685 -0.438014619241763
0.153629827849881 -0.543348438671382
