0.486217093902677 2.08268509662228
1.0737322183118 -1.69981966192084
0.957390209907543 -1.59644771867036
0.420852084119051 -1.33942482071962
-0.686516992091801 -1.87391571633142
0.347555845557249 1.60929492650371
-1.70298159417775 -0.233603774082021
-0.840452421559585 1.53135192017046
1.34217656352874 0.362461239168809
0.571767233884894 -1.11763674028878
0.318903288149696 -1.11168779499494
0.642396498961396 0.07936057011855
-0.271973622221088 0.953237047454354
-0.827649198742752 0.722328616406742
-0.312080080620926 0.688170075007586
0.394214278939393 0.0986661172219795
0.418451062235702 -0.0330162935701815
0.707283548968496 0.0392225417680541
-0.238871407372765 -0.514900081628005
-0.32247493574768 0.102712324805558
-0.0479536395584268 0.812500513702572
0.59924632168452 0.486240011169484
0.0368577947589499 -0.620699361512828
-0.61024427267648 -0.700123651357711
0.337537437867963 0.264073186919282
-0.518786034248202 0.119575893727037
0.0919653795763296 -0.164240067275722
0.162151858459917 -0.365375475989195
-0.311719487003361 -0.14749942366743
-0.294118477010003 -0.0349501805301161
0.146005211261173 -0.28734550386193
0.263927931381239 -0.320314706418628
-0.137022946217746 0.155580800253986
0.730706112585484 -0.0485401864227769
-0.445500980804894 -0.126784812117357
0.861943479521967 0.0495116305876434
0.192379641138793 0.633031017370893
0.642008146642592 0.773371103506381
0.560097222105562 0.945767597031353
0.592411400226136 0.58420101634704
0.2339242930699 0.355779151693244
0.779846328667278 -0.516275346476934
0.829490090656484 0.299163078548622
0.221788894545312 -0.200750047378371
0.847725620165117 0.559131000563032
0.591831123602252 0.16301095327051
0.040561067567529 0.173308052851581
0.452910303663769 -0.394744298959525
-0.0155824520351119 0.215128582571948
0.660512684744807 -0.354252773296947
0.41065436282151 -0.191357050898789
-0.179853339012502 0.536286687230568
-0.0164232317199692 -0.321743124104915
-0.370511422239869 0.509912308732691
0.173072714312368 0.418228024157497
-0.818759471122233 -0.11229682769628
-0.158204529720131 -0.539136275854693
-0.947420217099261 -0.0819872534720356
-0.463091737854396 0.660212153103218
0.30288021400234 -0.213579195819488
0.662447446197184 -0.522292890029004
-0.151072919701801 0.0113473215490772
-0.378308749421473 -0.0244378286544553
0.499805314100739 -0.521702141781918
-0.0207748056342657 -0.00865753035659938
0.425151413503719 -0.178889038494793
0.840990106047659 0.500232073505171
-0.0212703259359455 0.1346946010949
0.237687166965012 0.726984952655737
-0.400116131189854 -0.0678669284697693
0.114531872621721 0.608874829143401
0.489868135201154 -0.0716115003284524
0.537076007747227 -0.0484684239162569
0.622056303506123 -0.165795073373278
0.461464670775812 -0.0342452875791838
0.608535548737819 0.179959602472226
0.32344757190366 -0.519244121651982
0.68915813725397 0.116339907366642
-0.175094527053867 -0.360417619348888
0.842946279515429 0.16712137619914
0.88192011666946 0.0479646804797873
0.370437271653214 -0.725435316321716
-0.131884897476822 -0.990874539665797
0.487912351167265 0.840926396803477
-0.356849686551031 0.883144864895288
0.893309310370278 0.389777900477481
0.202448505510943 0.7514014687387
-0.0697615818020258 0.636538592040413
-0.118214495414362 0.200200050224683
0.056051680877515 -0.410313663681443
-0.047101708914898 0.0944524305616717
0.359179251456942 0.124124520831053
0.296844474365336 -0.186981443621218
0.301303625744865 -0.0827711466303591
0.26373881347803 0.227719875725984
0.408069729309605 -0.2124159703463
0.431304991068922 0.196395975888367
0.697302648039283 -0.0668554598246352
0.886378844139293 -0.0887844256184462
0.511927418900968 0.466932266737824
0.97056514901146 0.107722426323041
0.784967870304289 0.343277458392548
0.975015066692712 -0.394735277669139
0.317923355116631 0.346416437869552
0.615826176542466 0.631926316376311
0.75004757245776 0.172384736459291
0.728055758191134 0.108524295576777
0.292517946153981 0.606357503771387
0.660469509768393 0.115091780743204
-0.0512108537358563 0.62147629123278
0.23152345769687 0.242741819080844
-0.0942837982574885 0.169594366019967
0.253381164118573 -0.00470855487081185
0.0211577748125783 -0.0247810452333493
0.289555971205844 -0.340185062358911
-0.351420220476846 0.494994026403279
0.246887732744484 0.493372813874724
-0.706838789339931 0.376414831496635
-0.587028244150133 0.495534260071585
0.791335109480468 0.121242770878
-0.365229923155139 0.625838385645407
-0.148183649340212 0.344370334779228
-0.0173708177637368 0.31117360042732
-0.298485839542082 0.378366557132123
-0.0315690860917675 0.000981972677379157
-0.153641200740743 0.24305017746201
0.225822309320066 0.087621469759251
0.0664258360402377 0.0298825548218255
0.0942277318353807 0.0207921646235636
0.225450543943384 0.0835314532609621
0.292852065847446 0.103246960286973
0.447681140344033 0.107041862404035
0.534973781723553 0.130699990065975
0.442680128119651 -0.123308475943104
0.508121087131923 0.107934983623667
0.268715401408625 -0.0737177981627426
0.726375538040242 -0.340465020427372
1.13749403243603 0.085500494347164
0.106429047936201 0.549771590581366
0.277539332053454 -0.396733352637903
0.561128878302768 0.39287064050185
0.239855233618558 0.157160692029821
0.394672195520949 0.357784641539189
0.611850133870262 0.320408712577249
0.317468034527734 -0.0233636215154551
0.599234721509123 -0.041787906126507
0.434441090955762 0.22074942528054
0.406395790449606 0.247153105303067
0.837599630891298 0.142603073937952
0.728586851415269 0.14399448997615
0.31088188441423 0.240969647841058
-0.04347154434215 0.368236887464731
0.253135226487093 0.194019901374341
-0.061079955895474 0.239621847663772
-0.161986775555438 0.0765402378720689
-0.0252578184662792 -0.0968172910505008
-0.12047202559806 0.440008976797946
-0.250141401229808 0.0536173399261992
-0.443753966860988 0.358073484940368
-0.225048988364379 0.0203826485094572
-0.565478729608067 0.213042757556414
-0.0910084158678242 -0.718128757307487
-0.431628720212214 -0.0418963950455462
-0.539486703932754 -0.324514221596113
0.0967867277710494 0.483033824087675
-0.359595958515377 -0.413774643761194
-0.684167759815434 -0.0173707460064178
-0.34525640855371 -0.509066646966343
-0.39337592038525 0.0763652329125316
0.247254753389327 -0.562709806821633
-0.301292641398141 -0.259185329723435
-0.0605731059370958 0.299376887975031
0.1166929665443 -0.234153915724426
0.189908852942092 0.266839843256723
0.164513816273027 0.197119343166933
-0.192928454731519 -0.194973615438216
0.561932475008381 -0.0838654866855645
0.0481741306959017 0.0614751021150875
0.393978085171819 0.311603670268023
0.37854424152551 -0.179469237342102
0.699030209827177 -0.272624995190321
0.202720636769344 0.12073790214065
-0.167003356749257 -0.0193964810075976
0.517594966955578 -0.491570525231372
-0.183534358995275 0.18101822430784
0.28300789183272 -0.367708338887653
0.965466414545893 0.550790110638079
-0.792564869065046 -0.286697637179608
-0.162225653189342 0.849112789236913
-0.0417225058808691 -0.142809107389387
-0.339008388358015 0.883107740958275
-0.517453253836344 -0.898052210806679
-0.39949022808619 -0.816928344228457
-0.26961313505333 -0.577402698383486
-0.336860472167394 -0.725885284898351
0.874557533017182 0.180309492507655
-0.6117173160309 -0.19244015714304
0.957680283607902 0.00374050191618767
0.0866691856486175 -0.812905944398786
0.628670617702084 -0.49596930024105
0.641395780525428 0.431317761526229
0.438356723166766 -0.508681808588195
-0.487466035813135 -0.0763126580361205
0.0050723423597618 0.728509554365476
-0.687929900380273 0.21497593553196
0.353711670379489 -0.0134712036168002
-0.227968160029496 0.675485559559447
-0.6869877056794 0.562449321274323
-0.416288887902004 0.926988012424803
-1.03299585835987 -0.532731701270997
-0.772733355758997 0.417852535680065
-0.287667202371574 0.515067251841764
-0.239815793483122 -0.505132952668081
-0.4217962064709 0.259263432996127
-0.473489109263786 -0.2754958429231
-0.46247514510825 0.198665395227764
-0.553122030513592 -0.110685963925749
-0.522118775044753 0.1762424525987
-0.802118500255221 0.300603762461982
-0.352163557772756 -0.461175463289602
-0.880926661150705 -0.479759150622824
-0.580606889437149 0.405807020762069
-0.714026321316404 0.0924544865052861
-0.34090511641196 0.00120062475197191
-0.276873380911873 -0.245626165874402
-0.549366215930245 -0.00192401615767061
-0.511849117399403 -0.0522207428738184
-0.369480886192737 0.139848289004824
-0.320594435033259 0.0173897104745563
0.0448742164723282 -0.0104037840509484
-0.578428905162922 -0.272312114644253
0.424653377845524 0.0365635132735222
0.124181851665123 -0.60359171365199
-0.689654655851353 -0.62690335979742
0.0546759324593875 -0.695253296817363
-0.585712179661282 0.705439242477593
0.0418989470125338 0.698837845430355
-0.561299161174451 0.093498647064482
-0.450867649429963 -0.00319593329094667
0.272813748045087 0.0657151385644387
-0.502906076627132 0.499498162627103
-0.437933332966474 -0.0819747521174421
-0.437328935001189 0.0582441815694905
-0.601072226957436 0.197512930083489
-0.419132369428898 -0.154680764823195
-0.680334735086806 0.325656541496159
-0.669007442682881 -0.0571208627394706
-0.504394227149295 0.141122801458651
-0.359945381613501 0.101074763206049
-0.428154036141701 -0.402510067825313
-0.41309471276999 -0.450263825525029
0.00759731612222124 -0.135980308923099
-0.237792003820796 -0.160943787032619
-0.358671446048782 0.182126549191092
0.145244831620598 0.375306866166184
0.247359515235868 -0.173559472010028
0.594924078285747 -0.216512100192923
0.892777104598677 0.116383962870386
-0.086197731168279 -0.267643337326129
0.0776821471771293 0.137657486867514
0.193520901295276 0.67654501284065
0.769582485255696 0.664370948630883
0.336776694795965 -0.402933983024978
0.0910775813101315 -0.445531005580542
0.460006027428793 0.62632456845136
-0.598362375829182 -0.0594231145862916
0.413963968382401 -0.466255683006075
0.32205370067274 -0.660939039890502
-0.990834141232885 -0.109963316398736
-0.966934249860864 -0.163470639587469
-0.702094262705307 -0.488360205623774
-0.150292797984444 -0.412954903669581
-0.842957484721268 -0.274744785785816
0.131626875071422 -0.756812107909026
-0.504228954627965 -0.0875349700333906
-0.0553260165746934 0.592824700956982
-0.508255678590898 -0.237346926028629
-0.196570904720233 0.603347373720319
0.620257078855156 0.248748668040676
0.264579702558828 -0.674861371136527
-0.424138531245824 -0.57738888545923
-0.0868335197577229 0.681857701931506
0.0572255290554206 -0.629408246125812
-0.73588911998245 0.828790989051407
0.642433346371423 -0.171723983213847
0.237635283089655 -0.859762971298415
0.432792495380215 -0.799574245004935
-0.164398205256625 0.695377724909253
-0.344644210930871 -0.594159600602852
0.444741091170894 -0.589743197204476
-0.176137435883577 -0.619494602218383
0.425276147480633 0.30810629759737
0.412254669756213 -0.366957819381052
0.68912047681003 0.240547501694746
0.475335340071392 0.19572869111568
0.0576424715541032 -0.0650786860911305
0.214101698934169 0.0195603920157438
-0.00452848430013329 0.00662326835799399
0.0816303275634572 0.0507013367448267
-0.451025918912767 -0.282336428527556
-0.200396550144522 -0.436362473001081
-1.18049138772975 -0.090346636293425
-0.888425905646628 0.213346956533008
-0.721806088469866 0.00545491789770957
-0.824789102917867 -0.246621143705616
-0.594389842809175 -0.194851774808005
-0.355903243604349 0.0157482897258756
-0.320201775736701 0.0723311765717082
-0.0637053498094019 0.0196988328053713
-0.0249927657471663 -0.0270111333926319
-0.173897848485908 0.169684483573819
0.102227915446643 -0.209686357765121
0.142165694004509 -0.234189744604076
0.0316805537264307 -0.39729132298314
0.111207661571965 -0.533364854126447
1.02244455807434 0.130009951687095
-0.380519651875824 0.214030115921404
0.696578642953508 0.110871894265643
0.342026391713838 -0.123646298766682
0.374350448627344 -0.611008568049056
0.246520644470405 0.378592895601499
0.0426113085416693 0.339319807177911
-0.103174863137669 0.242215197905253
-0.188249029072053 0.153849968644123
-0.228468885521198 -0.031256744705776
-0.28327705395715 -0.0372527144980248
-0.590284533335623 0.114725140858428
-0.64503661715416 -0.0237155713758648
-0.800539841387474 -0.0318537243344055
-0.587130090085108 -0.463715226230797
-0.659376089137439 0.0123641949258711
-0.535267202141712 0.060682956273522
-0.244375263277154 -0.60420243032568
-0.554546317029649 0.203244215637387
-0.172273999828167 -0.465715179272561
-0.270447324388947 0.137282536837174
-0.0680741650323896 -0.30809627901608
0.173325436855752 -0.0347140847921004
0.230850241117717 -0.114395060200249
0.353409130916441 0.087025053529735
-0.527060452921253 0.578099550551768
-0.0372936443879062 -0.784917531708497
0.125167195042382 0.439888216874784
-0.766909185309848 -0.754534488848992
-0.196958096128659 -0.636576625198076
-0.702959523614633 0.16326784665255
-1.16822499401292 -0.146966134717014
-0.231541813976175 -0.912461946977975
-0.973774837185847 -0.00310409541578881
0.683420282216331 -0.833698467034041
-0.25980514683511 -0.804393358601715
0.411170626222521 -0.835982038415983
-1.08098389009339 0.177296310136953
-0.749322496425189 0.104935870947482
-1.02786818630208 0.349181957835512
-0.454623818854012 -0.71567052369568
-1.05706804364816 -0.345358891581989
0.158847447974931 0.1001580392811
-0.0796493638395403 0.243200532652037
-1.44564666921357 -0.255703574861194
