-1.59794364785502 -0.445802751662768
-1.20416868123375 0.178693996824386
-1.52540895836871 -0.323519104129545
-1.39993262982604 0.536140333938418
0.323282626339915 -1.55029401941795
-0.336902059835855 1.53364690563049
-0.502085836303541 -1.36786717259153
-1.6748121702387 -0.0121162562601447
-1.1927270509333 0.528315532170441
0.83229504995851 -0.8077738473111
1.7593086797652 0.0100676509369761
0.679855122167955 0.775554044729787
-0.875378420093398 -0.895154101259965
0.285618949131378 -1.16564779619172
1.06473123830203 0.960457189606588
0.706478242090281 -0.701673511644461
0.998862185470261 0.626722466837483
-0.432051300268621 1.11118056566059
-0.225973510849066 1.08556481349935
-0.700730485334759 0.11902223037028
0.520086375722111 -0.565198651086547
-0.713770700393689 0.198047529335186
-0.659660427882216 -0.178932586303037
0.285669443222851 0.623572267295018
0.100064552154591 -0.221099682804379
0.709227576074558 0.443322110760126
0.367972690759808 -0.427613643708042
-0.146180394063721 0.561213972507215
0.484132515554216 0.363357834534575
0.313072791079626 0.366018378944323
-0.375858379398998 0.0858914371119547
-0.211782896825761 0.105308496385023
-0.123578441762064 0.103140035085945
-0.105982876120789 0.00795872402305517
-0.137249708599427 0.218173710566857
0.0960426280604963 -0.00266638220696675
0.044876515405087 0.0614085258534399
0.0201693602410591 0.12255396911021
0.144823913493544 0.114778918034168
0.237720141234233 0.153969754462483
-0.120248197337439 0.140294611301379
-0.0618396568789646 0.143704421709058
-0.00264778809239782 -0.106889021275878
0.247635216797601 -0.0154143342278821
-0.188809355280238 -0.227195797995907
-0.265050356545959 -0.254613717324892
0.228375290573947 -0.166400442176106
-0.328343928750221 0.243407112000738
0.1823588586153 -0.0537693670544911
0.0553245565703717 0.180003371358072
-0.280751493342856 -0.164547823191064
0.222220501989484 -0.271301447424813
0.0533937953367441 -0.200037838552221
-0.0461832529164859 0.104225297790221
0.279249155348812 -0.0444469643006142
0.224676347675668 -0.184282622395888
0.29673192961478 0.130385486375067
0.188265373079937 -0.159657207098111
0.0708169222471256 0.358273656344124
0.349133874079766 0.221937473674926
-0.000198351179122304 0.221732591876
0.135636412350186 0.183477409173808
-0.00820940266677901 -0.0908673696114095
-0.0396585920688697 -0.0588162829920362
-0.0132585882893028 0.134724578720428
0.00268205658673272 -0.115469192461258
-0.0258473953080553 0.290722011202941
-0.0158177559906346 0.245650854227642
0.574131361524867 0.0474525781027228
0.457480402955342 0.135000648814695
-0.150376326016343 -0.348937690146842
0.178541966554917 -0.32510137072809
0.0738629464819864 0.276057665934377
0.278439421914118 0.164819885225687
-0.135214238320677 -0.214492363776832
-0.0741455011715946 -0.112501913472497
0.0616670286819741 -0.00189030156684556
0.0154412052400014 0.0203662597296185
0.111139317094679 -0.123333677167602
0.185475562045064 -0.12132220522366
0.147582131533955 -0.247714572600987
0.249197933810324 -0.0966319301076289
0.0198186789995762 0.0647551682489066
0.19418734560805 -0.139755257602877
0.152131457447372 0.033559279294301
-0.00236740366104833 -0.252613853014392
0.120363483291575 -0.141894226619349
-0.0314027167829403 -0.134114992858715
0.145487868140803 -0.180843576685636
0.222461892665751 -0.35905841500841
-0.11262176637271 -0.0668848246682647
0.278761296899254 -0.282336067999015
0.0682084551763161 -0.406135581410842
