0.68852687618486 -0.171505170839861
-0.944250481685425 1.19490711304719
0.0802294643105949 1.23210304703263
-0.0969303423950393 1.16430928873787
-0.659443999385185 0.709241052900086
-0.696986924711602 0.71863078671433
0.335899068211272 0.192749391425307
-0.631717553580359 0.83941425623636
0.33293097530504 -0.152409056147945
-0.400422985515794 0.966861203022273
-1.1681703553842 0.89650518170437
0.159493439219607 -0.00586640372324239
-1.89259559898287 -0.0290270516534409
-0.85882940073343 0.710281845288478
0.0262865516123118 0.0335349455483332
-1.93505286546046 0.0202867314029153
-0.369490141604169 -0.0136563319302427
-1.46305319074915 -0.420031945373705
-1.44399786789042 0.498485481687766
-0.883537315516909 -0.557616618011334
-0.0258287690386679 0.038031101560738
-0.754567940825388 -0.553698223227106
-0.735223372069395 -0.486295433055279
0.130299688536158 0.00578880750949907
-0.747896111423086 0.183143866469721
-0.413034594273844 0.513985369086898
-0.309918924005061 0.377214711541026
-0.736511704604144 -0.283134004006958
-0.154138934288147 0.294779138143189
-0.913157524184975 0.335763162993743
-0.777392557213815 -0.537366697980255
-0.893071908670493 0.288981560276834
-0.893029757407084 -0.608665336420141
-0.588584598046896 -0.425923931596216
-0.31871120155181 -0.580844031739318
-0.29366072319802 -0.724626320535952
-0.523891006052646 0.426020451097985
-0.641067351148399 0.416969578410197
-0.0571512842293541 -0.0372612114224013
-0.376891459655742 0.722140146238688
0.614948260020183 0.399941275044662
0.611358031335545 -0.495546685160776
0.457852644765167 -1.01930156855425
-0.424392822585873 -0.942997683338833
-0.0660465013287662 -0.865728496527357
-0.576802326281122 -0.741335595108801
-0.161703479086383 -0.013716146324969
-0.399652923933591 -0.767486090754327
-0.353470158185815 0.790655479933818
0.324320541477655 0.679108660867641
-0.422478473933887 0.247833605501663
-0.485709622363771 0.176363726820731
-0.200719816686072 0.593638849421338
0.277252912238254 0.661618627593137
-0.36528979278012 0.647379502243533
0.346889698303221 0.29245131646312
0.602869356658326 0.0314547853822154
-0.0657292691513845 0.479592900055254
-0.545742616000606 0.278290195670069
-0.107968350143426 -0.368885873737007
0.138920469727605 0.326581410561161
-0.247838926949986 0.142178737825935
0.19825929957425 -0.0985797728426625
0.180007731416534 0.0826562920796984
0.0668436684367852 0.192772321508091
0.212153819066973 -0.195733622814284
0.0464439362441865 0.212372998174626
-0.571484565094309 -0.0368255027492622
0.043693510002164 0.27079721840285
0.260778462159781 -0.11435551956628
0.191090856013143 -0.119181397157435
-0.0158969169462706 -0.301321629707397
0.120639805778588 0.0107577634836561
-0.00820162843273039 0.071054750326787
-0.154268919165397 -0.202903929575722
0.00074634981189603 -0.228634864733681
0.1166386825006 -0.0248372731595737
-0.0902584822428776 -0.124770342434698
-0.120241556300897 -0.0997076836512489
0.00713215719058322 -0.209786220729495
-0.18128876199287 0.148828995599608
-0.0387267210343821 0.0519910066799271
0.0159743461221515 -0.161522981270845
-0.119826862305351 0.0311813591026332
0.129895475011753 -0.194439352170713
0.0431933663462516 0.0069694807492115
0.321079122678969 0.0819890983010644
0.149565229963563 0.0279436215815867
0.210700955747494 0.113776978391002
0.252221341606436 -0.174826507790386
0.0112011765495746 0.306683724866443
0.228106037858989 0.369811812888284
0.239166795825319 0.0340205633644934
-0.331735921327665 -0.0274965935644061
-0.289213604642153 0.00802394736689565
0.187447168986458 0.174270329140067
-0.152819244577494 -0.140025784657371
0.0302211363380855 -0.233539910287496
0.331414020920812 -0.0250981450759486
-0.030713310059028 -0.0500308330487862
0.284592686272944 0.0767331357808896
0.308332125368583 -0.00637598900862992
0.111598998069926 0.121214675632501
0.0817353570516713 -0.143265269491657
0.182280339880839 -0.0140050303261764
0.218141152670256 0.0805719098195313
0.112658372789624 -0.0117136599288293
0.137712646021276 0.0193146680425066
0.157496828201142 -0.0211748618787673
0.135003294136229 -0.0485748731951904
0.0737285255992956 0.0411647519876543
0.160284311413462 -0.0467159049369369
0.102188516868841 0.041720723178431
0.179491292173518 0.0133124492968593
0.0797628893498397 0.003409458268912
0.0941994608112471 -0.0946803159504152
0.139036919478967 0.0932186419264555
0.158558500879844 0.0842811767986409
0.123765364683953 -0.0850576391844569
0.0283860336826221 0.0161910254358005
0.180653618373187 -0.111613812553937
0.0282872697884053 -0.105047714783774
-0.0812545782467371 -0.076478234302222
0.0999811929182372 -0.116218033361154
0.368764394663026 -0.186122216262218
0.144187041169435 -0.250948816637625
0.0495718547125396 -0.220298592972911
0.43489196960589 0.216840918661263
-0.0989142487091048 0.456471445251258
0.036362839428028 -0.337237200067605
0.0898156940381678 0.394415848899262
0.161529935550292 -0.224855360495637
-0.378079593167902 -0.081807756065829
0.100074162353417 -0.399377114576546
0.54322896613335 -0.449306389613706
0.112990757603743 0.516850811311356
-0.220480713671043 -0.092652587202727
-0.250339043997408 0.0535572990720862
0.0738788053087941 0.581381608936901
0.751850488502099 0.0945210553004818
0.0391031050838945 0.534126067289795
-0.424306614929096 -0.158963262211232
-0.02429750432034 -0.682652075460509
0.257281467832982 -0.515720822450098
-0.344354302906372 -0.119494734909811
0.0881550277037887 -0.505035473645657
0.315861472998254 0.389571231795266
0.414344181950421 0.319411010722232
0.422527816483876 -0.210256976872444
0.702961677179819 0.319146558295615
0.851010255858566 0.0965014011873412
-0.481840607490998 0.485799742046776
0.456950343867811 0.807555195998911
0.590094386572848 -0.168064526842735
0.576765937456538 -0.0410846994831273
0.782517940237704 0.0905886802929855
0.51152938934133 -0.834252628827731
-0.54938135638531 -0.528199647491467
-0.634733386261267 -0.681498281020031
0.293601550156578 -0.852420935544846
-0.681022595165853 -0.580456182807765
0.238997344621961 0.767192562422323
-0.745611422064832 -0.626596974166458
0.806189210957043 -0.316428670028237
0.765488972517494 -0.0647317763280219
-0.302892982152655 0.7332984759552
0.74627623803729 0.26139543335692
0.493945397568864 -1.11838964497562
0.853062126078274 0.149751427853564
0.470110363015639 -1.08068566800261
0.822436655240149 -0.270235418612813
0.7012178100464 -0.201731047256767
-0.689617694900834 -0.935926809598281
0.509196854542196 0.358014664204829
0.154703828456799 0.896848767986758
0.184359303943895 -0.00886037977259937
-0.417273407979482 0.330265016089498
0.123711208853649 -0.714502216563244
-0.666688848750017 -0.264931216485382
-0.457578253261469 -0.858546227158903
-0.523743311958282 -0.882404760687814
0.583253007082454 -0.883408957678447
0.789533367232403 0.387406228384998
-0.234834412200989 0.281037551774058
0.155982614211586 -0.749079612914505
0.82361233664041 0.474555063807725
0.878638583997426 0.480922120334218
0.143555230647275 0.771206210418471
0.279010349532589 0.551767990224447
-0.367543594710723 0.0980250338540483
1.00072706654822 0.564303705527858
-0.191713150736922 0.906199958040203
0.104599523550759 -0.878128389081309
-0.974573379221241 -0.0105084263622213
-0.228877301162952 1.13870869083177
0.22852825599418 0.865437236141551
1.08124865734206 -0.866793778358733
-1.04329382195597 0.00958719361958315
0.330113515362133 -1.03924799967681
0.135055293444513 -1.27933679156479
-0.850560491482255 -0.0646351797141715
-0.744438626846005 0.00842995062450554
-0.790623022986305 -0.0125155834776467
-0.000518294780878632 1.26869837388871
1.00696583728813 1.13221550555152
1.33636261486069 0.502728951287999
-0.837753348103129 0.0491642914928593
-0.798584319665039 0.0400700076928982
-0.397163313275159 -1.07781657861628
-0.936002306541259 -0.105899007659854
-0.791999461782896 0.0885769340817638
0.714538660489089 -0.774578824825277
0.540636109073388 -0.966063542923658
-0.905595193743936 0.181468238507956
-0.644842101895075 -0.697251299245674
0.795451195299603 -0.009716017820428
-0.29292272012183 -0.434340465824966
-0.22620226527784 0.585064990696292
0.145220028688485 0.411106996046506
-0.350128943055815 -0.387073906999204
0.475891021794552 0.00378788824255197
0.200399463257752 -0.394901086680117
-0.495235672773447 0.0964458066395267
-0.41368175635815 0.0798964761547821
-0.445154899784917 0.116172524585181
0.00343006520043168 0.186725301113127
-0.268743781001184 0.217817735570983
-0.473168985422796 0.458668355908856
-0.23032979680967 0.347400437790516
-0.280385981709914 -0.390695683846808
0.18848021621691 0.00420931400431768
0.196049944213451 0.0497671914860011
-0.251882054111014 0.348223755722067
-0.0664073194068622 0.0144053303434745
-0.27105449444081 0.373703036141234
-0.524098247922169 -0.161980649339806
-0.065226711864056 -0.117689459327886
0.0860830890124247 -0.329685735786958
-0.368800371185193 0.00234347409121149
-0.0607980343171383 -0.21388882566517
-0.373099389397168 0.00681957188440667
-0.118959698281853 0.422269290548159
-0.119016847316729 0.46248614682647
-0.0888064724671023 -0.39970813227164
0.422489377331 0.544517766414698
-0.117608989838187 0.595067354315084
-0.196487873617764 -0.538169602942423
-0.637971438104624 -0.00889769459708223
-0.550949819033245 -0.0670711872820644
0.0185958986660068 0.779149541496559
-0.0223279775840293 -0.903440267714862
-0.540046104322702 -0.0178086993737932
0.408401898359738 -0.747825647772697
0.221260252315536 -0.852178492401165
0.35959045251291 -0.895852770486022
0.919605684436977 -0.838348701263337
-0.452347987161725 -0.0448889355883531
0.215134586580562 -0.793370805247559
1.34505198339729 -0.00897535988108245
0.305070870532372 -0.657249662661312
0.695185811497149 0.86095776266093
-0.294726783499035 0.142535277194195
0.127921055346914 -0.587095651858609
0.632357822756889 0.404845968146831
-0.200988456241824 -0.356046675877087
0.347117094000112 0.344230863004087
0.594212576921266 -0.214286764736088
-0.565196537268962 -0.280210394548093
-0.645901376842615 -0.00219996337803392
0.127965361743069 -0.418365085703006
0.167774951406655 0.216255974358179
-0.207517849538752 0.384351460378562
0.414311971336055 -0.00997725414729272
0.229826261201532 0.30783614331776
-0.282247120053244 0.0475081533473153
0.56699816618719 -0.0141889848200256
0.319474562329562 0.200374208469378
0.13601530531168 -0.104168290447877
0.521286101852924 -0.269574020992894
0.685350177291479 -0.15653473292155
0.655927600838323 -0.148174238518904
0.602597680113731 0.162618662454146
0.264291342394447 0.0110364234888363
0.506236266735614 -0.103121563842667
0.380920081707619 0.0714015730869728
0.378278868317286 -0.106185213959305
0.317544557407344 0.0691041338783348
0.000607225734462945 -0.0273813825584727
0.675100955863793 0.236998970993831
0.92060413643557 0.16570786928874
0.0842023857751865 -0.24212890290613
0.666301869045405 -0.00545717211711222
-0.430953316758588 -0.0139115169754
0.542149968707025 -0.521748445522558
0.476366421459428 0.562368957353953
0.872126118528675 -0.0463978326189824
0.423401328276121 0.62718211406353
0.404559846199029 0.63644520312911
0.200468543411606 0.401588084874381
0.886014632298896 0.096423833514115
0.439207463525997 -0.550122308003306
0.869895053726725 0.324987978695453
0.582168948211726 0.704981702001006
0.172359187108928 0.610987825118991
0.226020669650325 -0.61195937043645
-0.546025016661788 -0.00217559722868598
0.151440533917719 -0.64794457156353
-0.165419041457204 -0.542097775895416
0.463960863620561 0.54385309517973
-0.319644293106436 -0.0152445185632756
0.0163227061429531 0.472155293660557
0.0947148869722547 -0.421556494841703
0.716682870562259 -0.00324234862831173
0.650695656796721 0.00849285508272891
0.308377064777167 0.192790868028654
-0.403934402449341 0.0304273599235066
-0.0889660111898144 -0.489239472605668
-0.297225518420688 -0.251137753862796
-0.125949334712679 0.143849838245841
0.346981452417458 0.136320534522916
0.0289629917633284 -0.39679480489749
-0.031790776322677 0.392073011720599
0.252754491128592 0.0115990938267549
-0.0834940617454278 0.299428910956997
-0.466481347570178 -0.291072025742873
0.0879271167271509 -0.006112742469922
0.0532619511727995 -0.00451312959954856
-0.0155210488754599 0.421703801256785
-0.55175233943157 -0.227815460686465
-0.213772300707642 0.33662236828673
-0.709150691389764 0.0114615927365252
-0.46842415434534 -0.299351890607496
-0.301299218926907 -0.0466106989055514
-0.170015829377401 0.212445233266299
-0.427721032248927 -0.206075365942972
-0.308236130848049 0.248306319099011
-0.233962997028362 0.137172513076446
-0.421603295973765 -0.0211516422278215
-0.363235121157809 -0.0662888346479566
-0.27843280864691 -0.000701150944040279
-0.172388188671813 -0.0643653811665361
-0.172520097365787 -0.00369041044408799
-0.193449283552665 0.000410772528423016
-0.120339233483682 0.00237955624442188
-0.138896222554948 0.0166171601366956
-0.179007986588827 0.0226792765264126
-0.217348657919455 0.0729333395431649
-0.13737012973643 0.00569722057124438
-0.288604247342783 -0.138424169709669
-0.312977290096042 -0.0847231322027322
-0.342675046449871 0.184095832636155
-0.0314344020424687 -0.0030496421983949
-0.46074203657702 0.00335183839183591
-0.609208592882009 -0.0850860767802211
-0.627493986725603 -0.069032943545325
-0.58986122552794 0.0810501283437202
-0.673658971169225 -0.193328249024583
-0.384832181529576 0.00388717614390521
-0.656091982243076 0.159569284784831
-0.644042718265727 0.347037820480539
-1.26997199082392 -0.0118894952836959
-0.623339278433351 0.468980191071026
-1.1837197780829 -0.136400446769347
-0.902726563204419 0.629453985361812
-0.499502193025717 0.506700857008736
-0.649498671636233 -0.415850346560708
-0.184183430637863 -0.781795545122748
-1.03131423957743 0.0616311637667298
-0.950108273516044 0.01011246498381
-1.02068353786277 0.0095816138418809
-0.488244276499926 -0.670819640703351
-0.465985347031567 0.793837413398522
-0.345732979137556 -0.580560715786577
-0.232789073043487 -0.802930819815635
-0.342316375209238 -0.793110380879941
0.41916319234569 0.888561355994277
-0.0847698413424345 -0.819289499414679
1.09232785094967 0.0115165139035303
-0.103474913032787 0.886128469643486
-0.00515314728808543 -0.906097548957807
0.22767527443735 -0.775934999971333
-0.146297775564402 1.02056494469597
-0.581648297935689 0.186701167149737
0.705078477286089 -0.407421779694618
0.232163376102902 0.898969329300663
0.471202310822628 0.671536149891175
1.15260299227303 0.432462264143162
0.488180854009126 -0.739174616139554
0.328544623928258 0.010979721433087
1.13939768235658 0.11208325931613
0.337125553247535 -0.68591841568413
0.308584815526862 -0.47457493104509
0.497805999010305 -0.577866311482164
0.566647706158203 0.485512560812373
0.546178366178771 -0.582817761857505
0.128153869955399 -0.636397510235523
0.515998549660106 0.500165002535814
0.0527840226834996 0.493345275667887
0.553684846191734 0.465901925701459
0.961301630285065 -0.0431082557458867
0.182507497252641 0.548468392441343
0.604424767896373 0.524326367025449
0.85735194088918 0.195061427616577
0.858711338461426 -0.58487045172
0.534116358648439 0.348488324866354
0.991807955877945 -0.174304409714599
1.0337344961248 0.222597933408525
0.752545961023881 -0.431334078524045
1.15645691221674 -0.11327925539402
0.911876319940218 0.564359551977781
1.06477544304112 -0.239044458724206
0.486768340752605 0.174533914430491
