-0.0978942642107911 0.493054582434076
0.338896268372222 -0.188957466514381
-0.423189415710584 -0.0966197433987271
0.558096708079014 0.160848052961755
-0.294832620713327 -0.032798924047797
-0.461717932411929 -0.0537705649015179
-0.276911836579958 0.443649662031117
0.236220376671352 -0.0924489397520094
0.223142442141037 -0.0575071479771513
-0.379541823388229 0.0309575769220678
-0.0915634992519842 0.264544425954053
0.19463905712327 0.177649798846984
-0.272082338250836 -0.00134065954111816
0.0435064842049224 0.128767476883731
-0.395947935941953 -0.314800939773985
-0.116728031702144 0.159002090635965
-0.0686986229502769 0.022463325249597
-0.450159690958511 -0.231678584717081
0.0136843443055775 0.025203661207452
-0.024734252890433 0.086650895432746
-0.399915525606346 0.0328599099635055
-0.0219348367147055 0.316055350772852
-0.201453204108128 0.28190065501793
-0.445872416146346 -0.174687125083782
-0.17551928995507 0.130658222035111
0.0661346652334236 -0.564261835969361
0.161542671383187 -0.458225159734711
0.190838740752225 -0.377272626567893
-0.463289813437293 -0.184736078948614
-0.434413422601344 -0.419156914092547
-0.470127113032212 0.28505792585571
-0.00122484260070808 0.107728714064044
0.290667169616508 0.0675242523355902
-0.432748100255648 -0.277604285467994
0.0602954443646612 -0.0204126722131678
-0.328502985616836 -0.219752727425698
-0.3076013092802 0.236358975954948
0.116799247330965 -0.342912871696843
0.129679067259536 0.0764856851033506
-0.184499697133293 0.327326362992961
0.151984189127623 0.0685368774773281
0.0177117331041094 -0.143928100894103
0.161875307809526 0.0336971307771751
0.0439126170909334 -0.00846738996485835
-0.18775667735106 -0.0102179106514647
0.106217845328853 0.249214094086876
-0.0508885666282324 0.332603996261627
0.0465927643300814 0.364260077612725
0.313192959640444 -0.368887942707136
0.0515812414148844 -0.410102056798395
-0.0415596480031774 0.378468348228847
0.435557791920935 0.239608834001277
-0.0684554011470196 0.0991292216795737
-0.0723938317177491 -0.308008969337788
0.683277456243694 0.0927091748053313
-0.0186981929850997 -0.411965658947718
0.00895914857782523 -0.355396595262832
-0.241636193552879 0.0922079654755425
-0.0111887259338561 -0.387517097216085
0.0150490909209803 -0.216535310456746
0.386033092187213 -0.419304911975562
-0.0701877308286848 -0.371749883988165
-0.151231043051028 0.131426867878593
0.539404600294018 0.0952623924968669
-0.217082012894977 -0.226178990177765
-0.0957012365449274 -0.103951591865411
0.350798530525273 -0.357619279514628
0.212575434099464 0.110064292284063
-0.0165630787940736 0.334613301018405
0.236038459639203 -0.0670022910558113
0.0143124992285906 0.246567253402561
0.00503002674186941 0.173313377399723
0.120528207937392 -0.0347752642119251
-0.0103808837119005 0.194785523075699
-0.0666253686953688 0.0517237998957201
0.0272963316340046 0.102680499447949
-0.145432353705127 -0.0690425946248575
-0.118887811603676 0.108732745148493
0.0826241572227999 0.117908753615786
-0.0413677715305353 0.0134969211487944
0.0180995695896655 0.0160469726635301
-0.158054940317555 0.0649810630504653
-0.117705072708304 0.00949083372910952
0.0440363584177117 0.184777896328293
-0.191614828035774 -0.0934181289535987
0.121656864999525 -0.048209844829861
-0.12429489391705 0.214193293555732
-0.222495964626089 -0.168150150026908
0.10896896262013 -0.152696235077883
-0.236971111408475 -0.01798427785059
-0.16622619875525 -0.132703993498033
-0.330543957358368 0.0203419518520583
-0.201602227960001 0.403048334016932
-0.17724681394449 0.414566029537514
0.275159677961221 -0.144609957174846
-0.569743127028322 -0.0744302132650112
0.259536946863118 -0.245756591379475
-0.44833908625383 -0.0903526778727604
-0.216197564850506 -0.46257354195523
-0.218108437890383 -0.513816787102807
0.166156040114274 -0.600176941667778
-0.146008476008284 0.53419570095151
-0.781170754902702 -0.197583877656292
-0.620071287476209 -0.627378530053528
0.39457107167549 -0.290066809924509
-0.330885302937342 -0.637542778163607
0.406418751259794 -0.587920493438102
-0.214919580565288 0.799761349412438
0.542187042733495 -0.38217913603325
-0.715028202127823 -0.468023439822577
-0.198142218526929 0.820209249660738
-1.19256174447376 -0.370332943223054
0.670703458005384 0.759556824950475
-1.34726534818626 -0.444456667532869
1.1947441966733 0.0576992871649336
-0.943305401401583 0.935178302582051
-0.449703341422858 -1.1785827401254
-0.414818295223716 -1.22295855201352
-0.491595993674629 -0.778823828185227
1.04587795311191 0.7040118296927
1.047891400848 -0.600301124704183
-0.287695056927591 -0.674720932957644
-0.223644340292352 -0.986996180487028
-1.02644275182489 0.735655188892445
-0.750108426910077 0.181712261029462
-0.0697945920037247 0.583293137311624
0.909683779094199 0.613320017290776
0.708393580558162 0.624003585886759
0.51561341502199 -1.02062479719255
0.890912833202256 -0.48874522015141
-0.388111274713756 0.781177562032345
-0.826589141941523 0.637732125176678
0.699499418042992 0.459175425848885
0.812049134290726 0.440904212143188
-0.163459022858476 0.474135500474658
0.720914181945399 -0.29283876658152
-0.242659529569497 0.71659151323181
-0.3758484212382 0.0640939719827943
0.380272634066385 -0.691964555338122
0.106809487609481 -0.343913377475897
0.824797986931453 0.0548374339450408
0.00341136441910475 -0.54859435959701
0.29594536735892 0.33272703841355
-0.407298854855182 -0.0379576229872142
0.336129804414301 0.187051858811899
0.267225711869936 -0.351718495659304
0.180168847151243 -0.167249374675945
-0.220471232498269 -0.264191742230737
-0.276844403599194 0.262699720207431
0.414494422214978 0.170985664018683
-0.224841595311509 0.0436054393363471
-0.0775857310802711 0.262131565807306
0.32474727097747 0.0915459255517323
0.372999909239363 0.330660126685773
-0.0101427146614545 0.17555415513881
0.209887412190536 -0.177099894439943
0.497598736448548 0.206604522435606
-0.011179183967546 0.016015209303983
0.177487963701718 -0.0716395079265204
0.2147476643757 0.246252680476852
0.603158207097459 0.139497596902277
-0.0441159644975149 0.0228961472392988
0.218277054461109 0.419551498402561
-0.00836994319261358 -0.31205728329743
0.0651739972476232 -0.13105873424766
-0.0728376249548211 -0.349818624780283
0.406674459618119 0.367629980245739
0.459334095750162 0.37341961773398
0.388844667830156 0.467099038131853
0.378718246294645 0.0204973380104685
0.487050229015495 -0.0447632208534972
0.337387273665493 0.292205372273317
0.0180863131375571 -0.553579595848222
0.762662558040006 0.0960996127051581
0.480943895976034 0.024150549085731
-0.679547748889854 -0.107008323079287
0.521804405608721 0.0105559047190136
-0.455716199064061 0.590507911969657
0.407082100530591 0.50775383601558
-0.587136128015733 -0.666888624601553
-0.41974230977808 0.696284631839194
0.124284617427604 -0.761470675803784
0.742752204175878 0.180676996458736
0.194375535500383 -0.767565177800044
0.583736704024479 0.0830710646563148
0.673462945958785 0.0173603271263254
-0.442513538036986 1.00211607753193
0.524199708140724 0.77496682179743
0.451386757803183 0.823069953986878
0.254446983487345 -0.881197894587038
-0.812464456538084 0.560440446623031
-0.565539452125349 1.0055666911389
0.617579504360111 -0.835846197153913
0.684655081856379 0.157261576802255
0.81038366409409 0.0421123992925685
-1.38494347960953 -0.464774698813552
-0.990462068188333 0.45428383764616
-1.03502525142157 0.511185444126533
-1.11615743662456 0.474520643716044
1.03805928531032 0.0999334536707258
-0.976716926786508 0.667897015750432
0.382417344977925 -1.22254004038134
1.25858070138296 0.0934032065393544
-1.23684599678474 0.358962501851859
1.12514432662494 -1.2794395351334
-1.33787606705262 0.448177884292806
-1.10902706549821 0.840225382946852
0.498293983675608 -1.37773451186738
-1.27519359774687 -1.3143054519723
0.614076048258938 1.39034062057584
0.28673482652088 -1.51878723433765
1.01044593146192 1.48771282900384
