0.263876899905675 0.506795308842609
-1.66606995606157 -1.5683402291395
-1.47203535128667 -0.719741754959308
-1.27215922410037 0.843413790294512
-1.01939601581741 -1.31122257962484
-0.029680290837288 -1.71307295773793
-1.19960654504685 1.24899206127961
-0.530582949876063 1.56509391174533
-1.95895434382508 0.461475798923355
-1.01942753650616 0.0370047845595556
-0.156047362985942 1.13371178552876
-1.12157307433527 -0.0264040234820512
-1.51369167574774 -0.118967456427781
-1.53921934407921 -0.40705009379782
-1.66076546346778 0.749579228155522
-0.248428095004242 1.31241575443304
-1.29624123627038 0.00695120002763741
-1.4498971724864 0.460979864089842
-0.365292760947758 1.44449476013985
-0.521252147060844 -1.29140420693587
0.636510910351809 1.2760442659014
-0.450792562784602 -1.1822359932447
0.385542408353198 -1.25758722451713
1.04541082838028 -0.577200925538123
-0.958835786602382 -0.0145021030048243
-0.991448294756937 0.0624374521421485
0.31952672938575 -1.03929184593207
-0.8954605032387 -0.00535758557310747
-0.35026948691328 0.865276333864675
-0.865135942340479 0.0939589904951766
-0.46239298365815 -0.884683267598384
-0.308985565296519 0.692930672290189
-0.215309998308212 0.622668841938689
-0.881396730268697 0.201061808637259
-0.536826351732253 0.247091985339754
0.167759504300682 0.505258917025797
-0.392079476096408 0.65240491565205
0.066308612745848 -0.12524778282633
-0.86690591531656 -0.242862714508591
-0.533790346068498 -0.378441670378468
-0.835489437230985 0.0591847674231445
0.304896550173276 -0.0497747234259543
-0.338072454940458 0.521926896957032
-0.627317141881966 0.448153798810838
-0.0958132026455188 0.573885832937086
-0.236319635331235 0.0645511647180646
-0.477386073544168 -0.456821761914905
-0.372948825308711 0.43339390173972
0.139522733399248 0.118157748409905
-0.145364695295622 -0.708164676532849
-0.265508364594607 0.504726256102038
0.257326678052357 0.0514293182209903
-0.00943133477315268 0.470301425936796
-0.281954626839032 -0.28556723781157
-0.0773490251884312 0.564512166642731
-0.028364077397959 -0.261197008423465
-0.198263909766999 -0.345604362342144
-0.507622005211738 0.607003623267663
0.0460798651421658 0.115087551018215
0.469580934535378 0.0381940228012135
-0.109705662831681 -0.564630778094138
0.40849901984802 0.0627805676648085
-0.0826529262765043 -0.49297441889074
0.453493452332151 -0.157600121791141
-0.258366650816167 0.692103533115936
0.36537974211107 0.2634912503979
0.046552284544682 0.702555505663968
0.169873319895934 0.801249895957967
-0.103170514071666 -0.749362343355671
-0.581670121867653 -0.798744025503796
0.701876533754949 0.0331776450779223
0.594074596182053 -0.503302961985435
0.93998538892799 0.0251097237173735
0.659982078664786 0.0925724300327949
0.823307928552931 -0.591785550183223
-0.425106512894013 0.757524710292426
0.210305617048093 -0.871507367970048
0.800856875593373 0.101834913768205
0.723168029670147 -0.451603842880083
0.737347565353623 -0.455061565077726
0.913140232462738 -0.0578412331000875
0.437336209692459 0.775565572190999
0.970493764009468 0.0200553822371546
0.89032088652389 -0.46816533357766
0.418775551056088 0.611096064588546
0.0489666921057915 0.585534093656108
0.829116413821718 0.0193929010693182
-0.121765443286152 0.443240932199622
0.344409473839429 -0.535328374145472
0.733090614308203 -0.049767017697396
-0.20551712177879 -0.574519846101716
0.15878244254963 -0.439752083374789
0.434046577975557 0.58364837254729
-0.129444059160984 -0.54503303341084
0.131309906634131 0.391797109286606
-0.328924359918916 -0.0528998874270083
0.357020242905447 -0.333739000863451
0.128807104129966 -0.398838375246588
0.268476388003145 -0.391429994922788
0.277293014173883 -0.381156513786411
0.344814514509092 -0.203389540106777
0.573547114308936 -0.0142302627933595
0.123414303830855 0.189392693123456
0.115242428269966 -0.110780559233965
-0.0836071185190906 0.0214952302866205
0.140451149233889 -0.047836278465624
0.154476831462949 -0.0576789792045185
0.0554804976097088 -0.0631595568517029
0.042716805700956 0.00488581336513571
-0.0244924906621298 -0.167870509554313
-0.0358716487387408 0.0133613916788524
-0.0636494851695683 0.043986925657904
0.014887548580292 0.0534151326206932
-0.0410917927913362 -0.129965911409066
0.229522397090266 -0.00601545134120923
0.261196862247937 0.0318971404325762
0.157121828471839 -0.0986065629028566
0.0111664869724564 -0.237494482100053
-0.292818112029303 -0.426069153246114
-0.180822062994663 0.412726732465422
0.142282170274568 0.173923032693467
0.471818933215538 -0.0955207424689782
-0.345448730553751 -0.0207848296143048
-0.137174681462021 -0.549977362343087
-0.368084530592076 0.127381665374587
-0.0887298632105954 -0.57479667336157
-0.375402579969345 0.0063859636422691
0.346300197154812 -0.80804157909921
0.499193250329182 0.753218818219056
-0.0276985736183237 0.749254216888676
-0.570105981777365 -0.0201804232651208
-0.0836616607327022 0.809362748433787
-0.219483547193718 0.75873030084327
-0.309651188241329 0.870558348794786
0.933287764387824 0.0199544483109696
0.60589727694344 -0.599478813328425
0.841221430575324 -0.027230447373905
0.603203321452054 -0.302257555643583
0.019475053563506 -0.504470224631465
-0.417869962236718 -0.0101062863704013
0.274473512536999 -0.451739822170944
0.559286889507829 -0.0216168547541417
0.108194738584442 -0.327909057470845
-0.0243635425450395 0.108329487378537
-0.132748248168455 -0.00608922256339061
0.071454113097157 -0.0909197851238629
0.154187636721126 0.147164914187245
0.296012203082398 0.178076497660854
0.315189957896358 0.0868621902137184
0.013504006815066 0.0205285610759989
0.272508832142689 -0.101117550145472
0.0991808687099809 -0.185632592413214
-0.00106790489598385 -0.348602097736577
0.304558293637028 -0.189850354062269
0.35633582173619 0.456292335146112
0.346187231124951 0.124682803400476
0.553736490684245 -0.178281480551609
0.515122557548742 -0.0760977229647033
0.326738151290345 0.709250020744408
0.613631496376775 -0.135376547422145
0.391914430300684 -0.162321046398269
0.0832818453223548 0.721865044330728
0.42470064258282 0.0259337316514664
-0.619693897656528 -0.882109102199442
0.060043217844971 0.782470724958576
-1.16828274890646 0.388579754726455
0.434573654787924 0.0718686597059873
0.214525963391451 0.963483387258669
-0.572535274819887 0.730295827713888
0.0144760939872202 0.6623604618046
1.05635697867211 0.0180703400534394
0.145163095190556 -0.850567829673961
0.481000046063368 0.795050957622053
0.855046847190274 -0.312652780408709
-0.0886882168405061 -0.312119722960038
0.234755987289057 0.607239912367605
0.392543425148547 -0.427959046683128
0.294200290138672 0.499997500552789
0.435511356712509 0.46029065482591
-0.239685443928071 0.0450904380427015
0.343977504495563 -0.708913081039907
1.1452818968852 -0.255795799455344
0.576925390752023 0.65748215608266
0.582292626552453 0.618818715196068
0.515438123859442 0.525548654126741
-0.249844458545614 -0.157071686456316
0.645895792681004 0.451634686799526
0.195105249206977 -0.693714139320603
0.473711605798385 -0.485446902071261
0.0418165043308607 0.586627958518697
0.455275256930648 0.289578232737232
0.34344487402349 0.578396208890767
0.404112977824029 0.628708446203936
-0.016003362861385 -0.579067170021824
-0.334793145983539 -0.884561811791782
0.733207629800948 0.0509114851925347
0.724359166617337 0.238519450425988
0.510128725572173 -0.0234625185254424
0.848588507036737 0.0130229786645807
-0.343526309939918 -0.612198085022484
-0.569270116934788 0.771708510217267
0.00270888075784868 -0.707156579108166
0.643358362673657 -0.106524565350634
0.44750889831894 -0.357362603059798
-0.0976266511198083 -0.0896259149535082
0.644402262606807 -0.0332705198788143
0.226129879383589 0.564840663197806
0.691683253633483 -0.0740226997369612
0.193501411960831 -0.0350419317054076
0.417999441072262 0.531386329159913
-0.021646667158799 0.180202499076017
0.715355213388713 -0.0777814692451332
0.045004727265654 0.405060353525506
0.236637352648495 -0.343598189540065
0.605026173388788 -0.047310255172022
-0.0770421132073436 -0.123894197800116
0.344604035781683 -0.597790019919612
-0.140105335150468 0.150936764328096
0.0101645055581876 -0.0327413690671941
0.585552167704829 0.349878847535449
0.293046458103534 0.0113333726503538
0.26409239628784 0.404683774731923
0.116363170278232 -0.47712681294967
0.174237170118281 0.307233706538992
0.174967281881361 0.406406671054357
0.621574558703927 0.400726910441691
0.0244952114558694 -0.0398440281459948
0.447681056411463 0.725831972088267
0.306948667806019 -0.854573590360129
-0.814422655635515 -0.0398258857906051
0.952586697878453 -0.469795076115394
0.318758767281136 -0.0227398512042124
0.125785926994039 -0.981946621293023
0.677423012214662 0.171959592588904
-0.486470913494465 -1.02941765610745
0.856880352036549 -0.16966151532857
0.7202721495863 0.364126028607806
-0.0394712393817673 -0.806964159020973
-0.57156714311358 0.452002704545185
-0.430269596551083 -0.725791422770715
0.152192874585701 -0.810211846057222
-0.152577022226503 -0.630964066436348
0.44775723500759 -0.40157476775133
-0.444036590913093 0.43541830153125
-0.493334313420338 -0.376974533247064
0.0430999597696732 -0.820705755470383
-0.788668465413693 0.263436763165067
0.408244944847721 -0.00345103644929776
-0.167454556237598 0.575957695053172
0.430135801422117 0.282191775594679
0.264619617010882 0.634058575232934
0.342198599890346 -0.174207763175758
-0.289034865125499 0.223311441854948
-0.247026004825207 -0.266345906319649
0.0864309362931754 -0.29641144074996
0.418890236560951 -0.0413084318051632
0.119004790998311 -0.224752353243671
0.227333295443225 0.00362158534089439
0.102903613498033 -0.0915554751355828
0.0388153155795748 0.00197125012386274
0.0906347951216586 -0.0033914583697783
0.100765055647105 0.0320145593268827
0.249850809957732 0.0227691840207854
0.0345298823473001 -0.0736073205513945
-0.133889432266447 -0.0416998362270621
0.112721419005543 -0.177243386743085
0.289811730138355 -0.112620774485496
-0.0837697115427947 -0.17312577762886
-0.0456970481786684 0.0787017437415394
-0.283037131856766 0.067618230915165
-0.299993011396117 -0.300915930682486
-0.062094283710661 0.342653942947221
-0.240900123414071 0.517416167685598
-0.618077569391034 -0.0970072897663482
-0.291532870273924 -0.0830625518875378
0.319480535354704 -0.196275769361977
-0.676530152772519 0.119074412472902
-0.182857936707962 -0.284165888767423
-0.348404734866607 -0.353063874812907
-0.074244822027642 0.246119925698271
-0.198995185856466 0.215526541102013
-0.0909015503634569 -0.350917411947828
0.0397104468346361 -0.358893126934326
0.230936793176119 0.221346312587902
0.179319598866267 -0.209045343213402
-0.407995214319556 -0.539483832785875
-0.176532483193602 -0.444282672474197
-0.699954461865841 0.241582731455587
0.32659502184847 -0.14361780495792
0.077577849423444 0.662065774737076
0.452081356341473 0.0074607138455312
-0.978318834345554 0.0216826569157129
-0.0910440173902192 -0.749126632535082
-0.118646352940011 -0.627541587136638
-0.622937541270909 -0.637188920347713
0.594615078774112 -0.0753991103492521
0.376961346230117 -0.428692981282484
0.619505916756467 0.0409042255418962
0.0347755661600237 -0.731390181349221
-0.36982747476596 0.620042408392345
0.556358875580531 -0.332729443688261
-0.303215719744817 -0.662001718098362
0.100206273912896 -0.68486584045325
0.147119722323352 0.636124162026623
-0.421184142696333 -0.374237438360278
-0.00190200282946389 -0.57226159880926
0.499062506694425 -0.0266133095076101
0.250007709729982 0.0859690330200074
-0.0876994574278338 0.365525908827927
-0.372731912047804 0.465942458793254
-0.474096909341058 0.240392314314969
-0.601584775214362 0.120135261860294
-0.386480541837037 0.230095823175847
-0.461796880803959 -0.277010606729663
-0.214405088923478 0.117176315835372
-0.406152327114791 0.13910150017434
-0.420037266999452 -0.0349396179392883
-0.31402478370969 -0.00619713567816969
-0.44938352846033 0.0697933143643285
-0.358501976661269 0.0735785164744545
-0.381426365035726 -0.026771054603398
-0.483841244877297 -0.158577601949076
-0.216139490489517 0.0153742469766225
-0.60832762492503 0.0686752700046938
-0.308523342063555 0.0108041713513818
-0.573495621434689 0.0834819027841814
-0.351800552893722 -0.0473635967452377
-0.347998219853625 0.0326195577955063
-0.353909370601476 0.00197480942507045
-0.468513701044877 -0.0146437335192376
-0.292026087823613 0.0275698621437254
-0.39571447073191 0.0863882879863981
-0.415560490661177 0.0289422228023474
-0.679805313549326 0.000981296661356205
-0.213870966732985 0.0289132382842297
-0.620475762245817 -0.209956895466225
-0.441796852795558 -0.180832047749751
-0.226125717984413 -0.0309734656370463
-0.423251203083953 0.0359054856677988
-0.297835788798948 0.0147743166351424
-0.285537978150924 0.293073260604646
0.0767976271400071 -0.0300665697727008
-0.385718534541283 -0.268177672807131
-0.117957985399842 0.23409351879884
0.191905529927747 0.0321655750783607
0.226853038662274 -0.0150398414843267
0.11252593328418 0.360627481260917
0.195358927274654 -0.104332338470213
0.214982427678651 0.489135493890394
0.202789775732076 0.507025888338874
0.28813832714274 0.66903424294586
-0.750393327592009 -0.0206400547102205
0.678884783486593 -0.0479196246872531
0.786681561536661 0.00307540394024819
0.892874053495842 0.0353595535592662
0.750320974953803 0.0666768157693482
-0.904966980401014 -0.00547906313843759
0.256204924782643 0.836113139795669
-0.610131021354871 0.281545519343801
0.776554536394502 -0.00266403817290694
0.410614665017303 -0.220667098518816
0.317071760358768 0.49442584479875
0.245348482885187 0.448462928852364
0.188676517897486 -0.495006288473272
0.482115057514682 -0.00327662107033995
0.410520415725895 -0.0185308335079635
0.0561395799647711 -0.0985951033409237
0.00177187444442923 -0.427700443824841
-0.325254814297967 -0.310987340131607
-0.280993396872198 0.2472670347553
0.185561431251602 -0.158873720352396
0.00718359552788947 0.00890735127769879
-0.0881986652723967 -0.0750748522038554
-0.267239052603772 -0.178690425523123
-0.241379342337878 0.199911417554968
