-0.551069048598896 0.711223377300577
-0.631397439462322 0.0229135841494838
-0.337178102562339 -0.378616696665336
-0.667911835777926 -0.653837453540209
-0.129308786504533 0.764476267398294
0.125333247742336 0.530534862263572
-0.618029090620732 -0.616904622988658
-0.907205433699881 0.12708097924415
-0.692481576770535 -0.551738437243635
0.61711136092632 -0.0898150196577939
-0.390925964492446 0.680541403913778
-0.87511569330856 0.0269702555146504
-0.841039086696275 0.125304386480394
-0.750700691482487 0.170156641628418
-0.0931134468795861 0.601554361086711
0.294531368102366 -0.563330806304278
-0.184961784497026 0.690619486931596
0.533337932907814 0.385131760406404
-0.700935655622637 -0.298004503851131
-0.595963177784059 -0.803729826825782
0.640518574693886 0.335279657878518
-0.700529356788986 0.338452971692859
-0.28304221937178 -0.599491657555346
-0.884742988996429 0.108104731187367
0.456847781590328 -0.576813022459971
0.639604459711699 0.248016358060358
0.0134568702530473 0.585679238520508
0.324925573960978 0.427768971885373
-0.0367045948847768 -0.59575254432389
0.429983412788929 0.422855313413445
0.439584737447587 0.511110082733387
0.203654813343567 0.789488088608415
0.818423341064429 0.819678000485786
-0.607902426817973 0.341444545830765
0.909192505302012 0.883202507704692
-0.527828028679978 0.15984422032993
-0.530563440056665 -0.106385677860234
0.278655899171419 1.05836725375208
0.242343941717872 1.03594749831762
0.279275868932857 1.08086204948471
0.320769914941109 1.04973909682283
0.443394380830431 -1.00261205843165
-0.480209650496818 0.0421090140281153
-0.430078717860715 -0.0026022274098416
1.33897228707809 0.648117979297116
1.06891034090365 -0.884925193399739
0.331300743638314 0.908284005871668
0.374759399118447 0.826970159610974
-0.261511972849699 -0.298531270329934
0.03624045905655 0.919712764398921
0.239637360641286 0.727782605611167
0.398303175169393 -0.589095993188225
0.685502618820066 -0.748347573414222
0.911026683161038 0.414142172480666
0.263598159674593 -0.665003395324487
0.319975780301341 0.695742339715201
0.25328127672193 0.763373113078569
0.244710764884592 -0.744538401708612
0.41768810427651 0.629572919278766
-0.351608338932276 -0.0963232009723126
0.414235390580914 -0.684352024329626
0.569987919106365 0.463921161672836
0.639515919373601 -0.47925629012851
0.741297240862395 -0.783508630275088
0.139837590659915 -0.672301501905115
-0.0574595164936296 -0.151827260777444
0.795919531207655 0.305572143516255
0.169041657939918 0.200101470811418
0.337168595077225 -0.504406693700469
0.2194509601335 0.196007001684388
0.101635375108745 0.117465254576908
0.367870521304328 0.222895962435568
0.452288310355376 -0.143028963955254
-0.0749549367330966 -0.184110682133211
0.252645282055154 0.145693692739969
0.147044727709849 -0.29397179247737
0.219306473044175 0.204675219635632
-0.0617329664037067 0.239371357459273
-0.0324037671670503 0.259159169752706
0.186179954098509 0.0415899838221304
0.204151526689385 -0.235555056415472
0.256354611791726 0.0651408344708612
0.343151049412838 -0.060623712627694
0.0886604532552249 -0.113643291612454
0.232109793369507 -0.171768602337213
0.23049206836886 -0.0143441720213847
0.161979181553954 -0.134549634766797
0.320804321015047 -0.035807507313913
0.0215156742423927 -0.0525836702717343
0.0626215854128895 -0.08533631779312
0.144614657529988 0.0805704177541963
-0.0203821928634518 0.160459853628613
-0.0592248082665173 -0.0763983333484357
-0.0834634990603526 -0.145221366332724
-0.0351793329277529 0.239949005332204
0.0465781980135238 -0.0410353097446062
0.147179761572344 -0.0643462787130131
0.139943490440235 0.14449516954542
0.0372928818753172 -0.203726337289915
-0.00346581309511523 -0.113742623042975
0.295936368775622 0.124787286678017
-0.0953311657122055 0.0159818384835266
0.122147369143236 0.218531581063584
0.0309196936505555 0.184403563512103
-0.162135296479009 0.0157420300757894
-0.195030862381294 0.0208663180078601
0.152079077346781 -0.289225244590542
-0.165448227245784 0.0322758093065194
-0.0778405698354137 0.092838689721025
0.193852868212713 0.0926641227287866
-0.0231916942359627 -0.0373075383729352
0.138483627714005 0.092214922399093
0.212377417304017 0.0245202825353843
0.207560597138554 -0.0310368196330883
0.247107852178772 -0.0301577499295516
0.0302534608379324 0.0267287655221333
0.047949796360253 -0.0994982287249484
0.00666221622661055 -0.09380952149405
0.168846288768024 -0.0749827609519264
0.0638877719446825 -0.0546061586495483
0.105167997058433 -0.145652910652522
0.132361839461171 0.0362772181520694
0.104688882065368 -0.026523318390519
0.0509999178405143 -0.00595306225083081
0.0929377246589874 -0.000698283927425401
0.12559001384378 0.0896352346900958
-0.0300725689841739 -0.0219756325636103
-0.215042581970305 -0.0218198247920893
0.0856496217836327 0.157235101283328
-0.0265418562746966 -0.0856455703332408
0.0301069181214068 0.26897480490984
-0.0112443322138855 -0.0838408249139353
-0.0881583780572147 0.164613596213545
-0.0253164741928166 0.201381095217631
0.200058524408588 0.0740684614674603
-0.0147326083326573 0.0121991724976679
-0.200449486631632 0.00106031536954864
0.0652017265682874 0.0184450977287361
-0.127433923152376 0.0432120254374182
0.0688361665600002 0.153188563723059
0.0459075510961933 -0.233607107706436
-0.109195008323742 -0.191576648576557
-0.173692823991848 -0.261436568140077
0.0404630920555571 0.221612118586398
0.0688997668314743 0.128167393147549
-0.159885716465729 -0.0670050118533899
0.0513412034786662 0.102673223733536
-0.102616346322644 -0.137088227984495
0.0811663472629377 0.179797316159121
0.155691856885242 0.183228461613156
0.363722365874776 -0.147997414459612
0.207554643381404 0.288347664385284
0.230602850066516 0.158576787488337
0.134900576474944 0.192176423984197
0.255675482433585 0.171079241734468
0.264402191983932 0.170402433672037
0.293117688793467 -0.361954911370508
0.426855902210271 -0.0252270483033879
-0.00106872361960593 -0.151550822263287
0.31618267096921 0.0644924190273156
0.267525072000121 -0.32123184187118
0.00569256860590744 -0.127955080484066
0.252294503701085 0.162604331843227
0.301836801629749 0.206320423747689
0.334372006210506 0.0582057908133088
0.304382924911446 0.0889102440400192
-0.0692418020840903 -0.0831738886853784
-0.0455576887832356 -0.266763334613657
0.154548489321556 0.228503939465695
-0.120184937405615 -0.0678699976338494
0.184956029872412 -0.363194914026506
0.395287832125418 0.0690709525598992
0.106289584756657 0.346783275694424
0.30754180876294 -0.451666125010328
0.273738570587122 -0.28497459582155
0.140913457562827 -0.122012252510007
0.345663259778264 -0.0222884457920963
-0.0536434725640572 0.0483711523723153
0.128569227186123 -0.0925390615579544
0.145254753856703 -0.173222135695972
0.261982588691174 -0.003865038628418
0.168241771753826 0.0579525177377861
0.352579123993065 -0.041499004861053
0.114257548223838 -0.184413979386483
0.278166709252445 -0.0653728111737036
0.201403542403384 -0.111510085786692
0.327013906851961 -0.0482031166750494
0.234927103581219 -0.209578135475554
0.0943615406853059 0.0381817577374144
0.291674227521844 0.0832516458627998
0.203786297080063 -0.213962254116368
0.42142443362841 0.0297995987691181
0.36113222603264 0.0623792242387063
0.531763495621893 -0.0242389241744587
0.178228081287592 0.00669210466738873
0.469219029746576 0.018841506432361
0.00203846804277913 -0.0146471204744833
0.178050236502725 0.193803652712205
0.0908893074950999 0.0345666920277603
0.259821989648965 -0.209833655695011
0.0166893679817425 -0.0435431749921191
0.246364076877885 -0.0983189676258937
-0.0942681911029594 0.0131570475348168
0.619871866759331 -0.0447390842324859
-0.0439946730788248 0.0298795351535043
0.336555598290331 -0.402054614214069
0.21603438413097 0.353350551575752
0.348172733277401 0.208775018473209
0.106132032047027 -0.272388223447437
0.0979405251999972 0.325360047717262
0.465989199958956 -0.292763577288955
-0.0549062068482474 0.388020829168927
-0.181349646301432 -0.152678664291095
0.222763230470946 -0.0248549184638722
-0.248287583904882 -0.181106149553248
0.344633294780925 0.292292312686406
0.0368314902465395 -0.352356545032824
0.362065769390057 -0.0179969057965679
-0.0478829544156933 0.14931602650769
-0.238749569414319 0.172767344525047
0.0199458019255505 -0.330064307855908
0.246826714817237 0.332190600075322
0.114054853266357 -0.237751936006604
-0.351245020873105 -0.0310538676369089
0.113286022339768 -0.315318877277059
0.0510860861421158 0.536475008780465
-0.0855418547318398 -0.551045987664224
0.23505642025307 0.349590005506661
-0.34471368848391 -0.577539053803295
0.0492409153125084 0.52452076599204
-0.142622486633719 -0.445683818266878
0.42208909672188 -0.125769818114916
-0.0643334436838412 0.320889405950045
0.318578356928794 -0.059042237667896
0.210393042970071 -0.0699243253395419
0.272348987718809 -0.0733281739710009
-0.217948489404097 -0.345500127113237
-0.214248193953048 -0.464541996193447
0.330571846682281 -0.0746396453923813
0.329076577515863 -0.0385624304789093
-0.727967975904867 -0.171758796808009
0.155114864354865 0.105207233348537
0.364746231696111 -0.0802257310244833
-0.0737295023029228 0.229812802921998
-0.0751411060304962 -0.403385846426184
-0.219600167070825 -0.348803732303453
-0.134885505170932 0.29556658519756
-0.052959498657302 0.188857729366796
0.0695488044386024 0.253353017761678
-0.169984651768812 -0.128981431577464
-0.179030682930933 -0.213062494847654
0.0415560328824246 0.11300236586512
-0.0108070294647927 0.228475409603926
-0.343461254148334 0.110547171060927
-0.206972611503041 -0.096440250923788
-0.317043909423779 -0.18065656296489
-0.336196773448184 0.274938778041486
-0.122079102857571 0.368615246426633
-0.554200901056191 -0.189454928860476
-0.288728664940301 -0.324113516843846
-0.299077368663662 0.230993061202858
-0.209120890318964 -0.491906543537845
-0.214061283640739 -0.0127112939235269
0.34860327138708 -0.468043040872515
-0.372622196739553 0.10285275528934
-0.478992369690454 0.102561052093959
-0.521597123384863 0.0333799763225607
-0.462245240946815 0.0353753462642849
-0.152692741096541 -0.66563226930191
-0.5511359549969 -0.00414872714799379
-0.550356094329505 0.015174789364595
0.596923108640767 0.557042936845825
0.449695106694949 -0.832767604439852
-0.0272283221671354 0.733427850196737
0.328074064045026 -0.916162716684671
-0.223438650719254 0.942068825949024
-0.541039219600749 -0.855581144227848
0.689983617930219 0.780607529184277
-0.227897524200079 1.06045444994642
-1.08655083681892 0.112299098753918
-0.521563123006456 -1.05099943308417
-0.159714967184626 1.20287362361726
-0.103671037460472 -1.20418965422741
-1.05744493335451 0.123106804115753
-0.060742674680822 1.2362828679532
1.17799535307462 0.878968762502675
-1.03095866611529 0.114540684631764
-0.807569172916826 -0.0741350756770469
0.105534549047257 -1.20053174017894
0.28801237567409 1.09760025203488
0.48583758031872 -1.05480539431052
-0.0455216771731633 -1.37950427233997
1.03490068093746 -1.07287161014288
1.03163170191426 -1.05939567158478
-0.937209209730298 -0.0603104386050949
0.166050022829008 -1.11955360699262
1.1865776812429 0.451384024311221
-0.551549828494264 -1.15847982683036
-0.480201039133703 -1.1240848895886
-0.4919639584002 0.248488786441644
-0.781776774800264 -0.0523501386909706
-0.965726128499068 0.10400555621456
1.17810782593489 -0.193446991097207
-0.751817020040517 0.359045334588183
0.604740622246633 0.904988120075189
-0.552897912670154 -0.844515123013205
0.289452287391297 0.548087825833417
-0.0420669845805457 -0.856021378280099
0.235322270820222 -0.588220935123047
-0.121408735235554 0.89852785412999
-0.575814683203238 0.511657950492923
0.761535017190186 0.290922748976654
-0.647447502069357 1.13764384654924
-0.67914798635924 -0.738336665213913
-1.02625024537122 -0.913446270854817
0.400172344401149 -0.404548953321871
-1.58147071363438 0.217142556379948
-1.0934110095301 -0.706421369485306
-0.404203133339857 -0.880960310293785
0.358595805659092 -0.215997848479741
0.19169096618846 -0.102537888484555
-0.226061069879431 0.823009198108206
-0.347809537407276 -0.907869236611619
-1.52741048460876 0.230766063327996
-0.461085768107781 -0.72751552065522
-0.371256113997896 -0.852416081134103
-0.343023664810014 -0.88945719245021
0.398960692445683 0.0432623552916652
-0.546188484945493 0.629743096910191
-0.124763239137272 -0.921658120522297
0.0537601208340747 0.985148513669381
-0.810409500751145 0.670792008186408
0.0978508379903374 -0.0619567362689586
-0.770647604367708 -0.770374339115011
-0.0540319988825859 -0.816450831638366
0.780466238319501 0.105453885552155
-1.09953589391041 0.110695484389073
0.0616098857090756 -0.951715985080587
0.683182753380574 -0.175435237887517
0.682706453356417 -0.227790225693539
0.742698552719344 -0.281641496485064
-0.275683240776479 0.75682218907335
-1.3745235143646 0.146770322656804
0.745941550191091 -0.0251807345966781
0.685445395181472 0.0392578208237004
-1.31853557120932 0.210516360160901
-0.11757708732674 -0.914635308533467
-0.140992688172397 0.864186375774182
-0.979078493488128 -0.714575111535517
-0.0520797976095837 -0.904908245693118
0.0330917037711709 0.814105105401365
0.576785487644019 -0.0998983453938312
-0.161168446940608 -0.847172363047922
0.642336208315877 -0.0498321693837585
-0.0322562596266887 -0.869267465876322
-0.62180658678156 0.868980180690358
-0.229584342145103 -0.870959326737835
-0.604079185297272 0.881172557581202
0.124549073977958 0.790695541869825
0.722880645379149 -0.0459713615441915
-0.702429286058118 0.841515951749144
-0.177267265280977 -0.74087785881039
-1.12335161293847 0.145430704650056
0.529754683947487 0.142669247574295
-0.153239761771293 0.640693792337037
0.510475580216612 -0.299302183518871
0.597227608150304 -0.388618360988954
0.274658625619082 0.8165285903344
-0.307459215365619 -0.516599121843273
-0.411433772448933 0.846437846980497
0.451869713611019 -0.374709190222881
-0.193635013350392 0.631009942506376
-0.525502477415235 -0.452042011205827
-0.147364998547619 0.806009871305164
-0.301354337180858 0.634287322205057
-0.201297082739575 0.662809247413797
-0.620855235586923 0.286584884078431
-0.586499276827827 -0.335316305198764
-0.141497165402244 -0.309888935826719
-0.449604495994542 -0.605702393701955
-0.779827377976586 0.245565350135129
-0.543791047223545 0.0324867380423703
-0.0482408977346271 0.610975396518318
-0.162155101649546 -0.735474980678955
-0.0652703635975541 -0.452914552432521
-0.895973118492186 0.245983919296723
-0.520784808849837 0.486893181896608
-0.637900974260858 -0.217354613339829
-0.788496880902974 0.189591600604589
-0.380450558888369 -0.205813355643593
-0.755827699400274 0.129001957515747
-0.592912202719091 -0.171793247923615
-0.130367885239943 0.260481610390878
-0.513010567234602 -0.357817407253361
0.0398823879555631 -0.0381526707189221
0.0421310752541897 0.0138594023507233
-0.697949964115853 0.0557686939787193
-0.464404818999688 -0.0546561252780701
-0.376235315839323 -0.253073275239965
-0.668992090548278 0.0638096648526237
-0.714156279306978 0.0605460678356231
-0.628011633731027 0.0476578133489042
-0.193210268354002 0.0998877433199799
-0.42323996379777 0.242801196513624
-0.228387850551558 -0.201521591496094
-0.352654519023658 -0.0845857239614143
-0.59931036343817 0.080860848293371
-0.585309482189877 0.0706076982302119
-0.273455835697253 0.0854281328133352
-0.371355186130062 -0.0168619037719474
-0.479257658893556 -0.0149924667607604
-0.454143336342876 0.090568709614503
-0.447796274191314 0.0716085751777946
-0.337141123286653 0.0189079739077978
-0.386258425341204 0.0634718455066591
-0.39439881334197 -0.113515276831397
-0.368543592164211 0.0840492541154692
-0.429615710619676 0.0263458151535977
-0.424793723407434 -0.0512920211149265
-0.314758322466977 -0.00608004950325865
-0.404315360725721 0.0342635275335603
-0.397020826913261 0.0041528371295703
-0.211990253043724 0.119646736611103
-0.273573578777651 -0.125698575461192
-0.405371443755089 0.0727796329852818
-0.293833746436949 -0.165288462100647
-0.336047344096301 -0.0790186974214765
-0.407899449902965 -0.00332920054589717
-0.654494067150385 0.109497934016667
-0.65356374092728 0.0701906883743209
-0.446625164623937 0.316361395255213
-0.489953156915162 0.308838860693584
-0.732751129064741 0.0715012096719589
-0.777006384996436 0.103289578993349
-0.434979496359594 0.144900053207386
-0.739063338799591 0.155980431810362
-0.566262651010115 0.0632182678532707
-0.649726533419819 0.232997526391291
-0.727884265449682 0.20589888717269
-0.563927488805704 0.129361112342847
-0.723606111511463 -0.0885312657274914
-0.678535785916098 -0.0213666947385248
-0.693719323981885 0.263230826232714
-0.967496070897783 0.0953407130099253
-0.786248520322192 -0.140649960513598
-0.626696659833748 0.338465045845828
-0.466878073931023 0.0936539758819823
-0.870275190768249 0.235488433679644
-0.694307111570111 0.246470065600032
-0.647286496355912 -0.290311075330055
-0.776365212361359 -0.238575589418585
-1.03398749916242 -0.145688620268823
-1.03642743354348 -0.180758433216503
-0.751634248639071 -0.291709119301709
-0.475194135868559 0.243168408832646
-0.878503574677704 0.148682327871212
-0.737960909633939 -0.298227212721165
-0.310278571732342 0.261426101240141
-0.627667157572992 0.403736777837205
-0.655603375128023 -0.202295596739322
-0.0559710797353204 0.00152393461933423
-0.294810468369769 0.197361453004054
-0.43544136179908 0.360765825754555
-0.581049535975179 -0.0896567849394766
-0.472013901205649 -0.130182967756147
-0.413388701663078 0.231092135992623
-0.367800652752845 0.310347851502863
-0.288348279733601 0.296631699755149
-0.0932659715743886 0.0248973011778094
-0.158188329069235 0.220791403475339
-0.0972045158580779 -0.082459863161423
-0.101217395815362 0.0721934894347101
-0.584083142179542 -0.152278272754233
-0.0648539841247333 0.0523211963639856
-0.343686614532204 -0.294794520884811
-0.223386279645875 -0.0581067465375863
-0.0635619318165428 -0.0716427234153312
-0.631187958387215 0.421344854651326
-0.436101255206122 -0.32301868552779
-0.784715618038771 -0.0989982673437879
-0.998559582671556 0.132432340142441
-0.3956848246572 0.379102311115106
-0.492009877200334 0.246431199810802
-0.462111595079307 0.283151840084365
-0.224371117324003 0.0253302869595678
-0.389106868315092 0.385852144573459
-0.586310687518581 -0.409597598744684
-0.0906380267559229 0.0451358126661492
-0.498535524193654 -0.544742656882023
-0.00163861272036193 0.0878230600828965
-0.922354569278934 -0.371904092430509
-0.256441368959466 0.578530844688534
-0.834977558539335 -0.441638972851658
0.15368301012932 -0.243218702209803
-0.89800437026271 -0.45426151413012
-0.908754459722948 0.525411388167234
0.427075572484905 -0.104874214134726
-1.35565599445008 0.20544711230794
0.193489425135893 0.266200241067834
-0.42066611799938 0.780516334935113
-0.387217644818567 -0.420497261019481
-0.238548702481532 0.551730576595193
-0.344838634659528 0.878477401301404
-1.41737523220003 -0.0160314067373064
-0.889950822520782 -0.723755610944564
-1.00790455331746 0.971558827901567
-0.166974281204177 0.430783279699203
-1.21740685495836 -0.262197543087073
-0.706904255655266 -0.842845972324758
-1.61147217157741 0.0306715977898057
-0.698727476726793 0.393255329481302
-1.12571154765545 -0.435003600777842
-0.951159542880893 -0.0751401540288318
-1.49960129352786 0.320254833920663
-1.07361697608234 -0.203306277231288
-1.09497299050077 0.684150456845266
-0.73664733710459 0.393189862056589
-1.41402797756475 0.152400297808623
-1.12975436380507 -0.179665416781241
-0.936471436359105 0.627183970367712
-1.38936100171078 0.107809481571634
-1.18958724812048 0.235118915115915
-1.11709298003365 0.314495604039729
-1.56332454360279 0.153630307255293
-0.940100099777674 -0.419655093377283
-0.507441362744186 -0.055781524236863
-0.503494180641702 0.0764898056343309
-0.671443725604242 0.458743079434491
-0.672246852397181 -0.415506256861227
-0.338842079043512 0.0150971301022062
-1.02540226329644 -0.21706014529667
-0.161562529818884 0.0326306636807687
-0.538299027818093 -0.452319142058632
-0.657131703610898 0.271711716118665
-0.208135166023431 -0.161823055856356
-0.138040059162811 0.0537569075062725
-0.44756312053076 0.461056372250607
-0.350312886973343 -0.146012970442514
-0.716960079821059 0.285494525409797
-0.436773834984222 -0.218177484951
-0.898898601831625 -0.404292018945988
-0.721097299360369 0.0694260351540869
-0.60627316027964 0.65112110261334
-0.895029712950774 0.1047841566389
-0.796518098241523 0.0725273788827453
-0.450268531600627 -0.364170633191069
-0.769365580696861 0.068803207093839
-0.752904872566337 0.0321056332120667
-0.476043793959064 -0.528015362162768
-0.795533579823691 -0.0107272270440418
0.147541730074422 0.632253993733749
-0.799758543245914 0.356129122624853
-0.564340695751269 0.267030513372673
-0.94141737630076 -0.0882674505565372
-0.626024647216367 0.286399289915959
-0.962083152851227 -0.383407424799345
-0.604380867271447 0.391526070670039
-0.972425477152801 -0.289624878025583
-0.459465845705218 0.544377882529321
0.0286542690162061 -0.0296686839915303
-1.21174877954878 0.198144160886308
0.0584232331549403 0.0150300774349534
0.162351289697052 0.00435865662068318
0.210073462401679 -0.0038279365572934
-0.240118976611726 0.473845528370412
-0.173975847952559 0.489746885497488
0.381252255492378 -0.0494177535404131
0.418891639098594 -0.0472563458996769
-0.715575217508682 -0.524478211277621
0.0507149351603369 0.667520517759541
-0.787094025176583 -0.559146480954558
-1.18344473847266 0.130374480750555
0.589587270723656 -0.0885981364062643
-0.995677891035614 -0.630243972958824
0.139854975839275 0.932228602990494
0.00287337125617296 0.984390661019233
0.837260398352124 -0.109216614825858
0.51119956001287 -0.172626404375657
-0.509762323070209 -0.845091608022231
-0.347355214839346 0.813812889925882
0.56232137495325 -0.324144082746828
0.446260700689565 1.17025501081071
0.167352247966414 1.10627958704352
0.383802656315216 0.959422539926482
-0.21883518373035 -0.661927459176923
-0.856903334760896 -0.326037015829088
-0.203857100121351 -1.20220504767345
0.955287404832607 0.989963154319286
-0.984318309217675 0.124436695068274
-0.339484046607481 0.336471505659923
-0.674554525533998 -0.212421155897743
0.135504024206986 -0.967982792008595
-0.416216394462934 -0.284641691728087
1.18472600496521 0.695868397647275
0.644660234040985 -0.663834176961148
0.387857568001466 0.85359245369662
0.456881604352475 -0.8496390231106
1.3051624112405 0.28555043668818
1.11259269152923 -0.761545399705238
-0.143357836873931 -0.174269371584045
0.0346448166297535 -0.279493435231457
0.479078495330807 -0.87897371584506
0.265838155665995 0.224057706540816
0.196676255764149 -0.942494935092649
-0.0921294058845747 -0.358165290439541
0.724003802786461 0.61059712031397
0.524305934796466 0.379097162368655
1.20048300949164 -0.143515885954251
0.871101800817659 -0.234571881331859
1.02027267133669 -0.12863900368151
-0.475492524721956 0.0216036844819456
0.675304278974414 0.410781674241622
0.46996076897797 0.441523123331586
0.484434909603175 0.433456675002564
0.475265523573054 0.450888985273806
0.385490063259801 -0.549626740202556
0.912723575144286 0.0926723561898761
0.364425631929521 0.495748621407466
0.295595836236128 -0.555787655430796
0.310521209992528 -0.0250753469974946
0.536618764359952 -0.437665918737278
0.505656593784761 0.369622633953298
0.485363557788095 0.385935256567174
0.474365552399388 -0.413939508940137
0.590209167417197 0.401489436898895
0.509247476916906 0.303812163713621
0.599739427928218 -0.25968685990568
0.989342847019009 0.153255383525361
0.225074574888301 -0.0341647665189973
0.21204104256793 0.000854256578432204
0.539872292569484 0.281249330511069
0.562247012154994 -0.372323026022201
0.645755152181134 -0.369853487252289
0.589680057187426 0.321189311382259
0.726480331519585 -0.236984173509106
0.737572849457882 -0.203918405859199
0.172043064477037 -0.133147547433422
0.340547321246916 -0.226379363224017
0.555359244452052 -0.338322278134782
1.23251738119648 -0.138078763012791
1.0883953679239 0.025870022083692
0.407659097594604 0.498939018870036
0.692408738702137 -0.0759417272876566
0.988830166073351 0.242995093058398
0.74645693637685 -0.100921927546589
1.12492456173451 -0.129231601127004
0.0372168263087916 -0.041997592030629
0.79286801649177 0.20078977570983
1.36459955527474 -0.18992970450938
1.10190796111987 -0.172588835702809
1.44914638797603 -0.0926550646168866
1.07579750986089 0.419385171251892
1.35968834489016 0.110618588961856
0.572366226380294 -0.80551454773571
1.16470087064844 -0.293771345776049
1.35363065853254 0.471908505929137
1.10138790879716 -0.1631306125429
-0.34582706461774 0.0410966162132468
1.51620040091978 -0.454494518031258
1.25469128044425 0.614800504452324
0.769767300452753 0.578887345586107
0.983648126222815 0.505079682402362
0.952210681533116 0.624662374347003
0.992938871641165 0.619929279752716
1.40193192473856 -0.233190393102619
0.786222045562439 0.832305785831659
0.792126341057017 0.78154547145018
1.28207654642273 -0.169870894394076
1.17738987568996 -0.217182598707619
0.519364589459917 -0.958150952792446
-0.770608545376199 0.0575826791730832
-0.201897842308877 -1.01876351081571
1.18752292887438 -0.0249135135497466
0.931372644226406 0.152531335568401
0.0329620845931403 0.883317909127732
0.812673516130227 -0.269617073323719
0.144515019058507 -0.527735524058594
0.721436871418327 -0.16080831436356
0.313824083648163 -0.641564112488718
0.196846397849888 0.382200431757863
-0.0820019044708577 0.532824759908752
-0.240203340452661 -0.612597095543864
-0.652498385606179 0.0359638776774543
0.413643266325135 0.548724063437868
0.17201187058215 -0.671247280252382
0.494464001964769 0.566440691654482
0.760577921271353 -0.0871536492339025
0.653099572738586 -0.0933238525049014
0.889330866298699 -0.0881563072356453
0.232293658523101 -0.816963909753511
0.534502578543584 0.674522491829434
-0.735486580308684 0.0871927963103718
0.401555188328296 0.666697056916987
0.791605400987499 -0.244444646979667
0.874314110368952 -0.00329288561066942
0.778468040952642 0.401488234561661
0.102803404379363 -0.550465569434367
0.420843223562633 0.203795663927323
0.891463746639207 -0.043856107568949
0.941793735075617 -0.0543856523350367
0.484187016556799 -0.523155341228072
0.0642614644444214 0.405335431572491
0.481549432685176 0.229450717770018
0.95637744158709 -0.19909362808298
0.0891109265421724 -0.414197105036139
0.613520139345295 0.187121672073814
0.515669469869045 -0.503434259580674
0.298867681615391 -0.375170739220917
0.16953059169729 -0.340261945331955
0.717778918213438 -0.0942207010239399
0.843752112812437 -0.0964633655354235
-0.0637654059147193 -0.0295681425175607
0.758045362805043 -0.0687242080234528
0.41134254570528 -0.187068532313206
0.701254786083542 -0.0399315391454647
0.173171000728227 -0.246861211108767
0.392565888510387 0.100282859685726
0.103717066289916 -0.00308998092471384
0.503196630549359 -0.391001943887303
0.782137742359116 -0.206080565457574
0.201070233739562 0.112393662839865
0.519567691876789 -0.276723975695563
0.536743047796955 -0.336602227411637
0.541950470899312 -0.199273286365003
0.835217938859001 0.0841542189191375
0.936180489149167 -0.00866276854995663
0.940055692719059 0.159503388459814
0.615149746997848 -0.32498470609624
0.558919616150982 -0.186463896458505
1.04533985538423 -0.117373589714632
0.975142691663826 0.113456781236695
0.528953907226359 -0.469424265456152
0.722678740771724 -0.520694742945966
0.366986695972862 -0.155708047595758
0.652989467513483 0.371118923502539
0.681123645343229 0.29104988400701
0.562910534151906 -0.0736333422427122
0.651329725600132 -0.166446862804089
1.07130961087915 0.182010838145098
1.10409244683448 0.126868888357075
0.892660146197076 -0.25976714364913
1.04684566210279 -0.331825772827921
0.855062788016942 0.376599099653096
0.673861594241737 0.230543372248709
0.647134339261347 -0.729141540659833
0.826423010108834 0.414379676550124
0.192123466033824 0.585289602068008
0.0107505550000885 -0.713725119306633
0.0890459800882309 -0.62514195923929
0.724686025581227 0.407263428439876
0.0118382673344512 -0.653116865210576
0.612954368332566 0.529386899894903
0.865749829028583 -0.151933541525786
0.500979072036264 0.488463816947515
0.405378006076786 0.503017343866876
-0.118693428397145 0.67248031783759
-0.365960420426517 -0.354368267751357
-0.593114839484979 0.0744868150707816
0.343182890786298 -0.615772819755524
-0.234434039653782 -0.156281405653348
0.248978799880731 -0.435124639119492
-0.258832283995422 0.0427467153728481
0.377185710909086 -0.383019212193021
0.202332364229915 -0.396220997784514
0.578475338522475 -0.215819544931335
0.38070773930925 -0.24653455936522
0.569980466390666 0.0500050091624084
0.524763379229818 -0.0467930274345832
0.38497834470987 -0.16886029901231
0.519541877186693 -0.0977009807676676
0.475841086313448 0.0278862537503438
0.435962045597344 -0.0530136856782798
0.33071402046684 -0.132608404464625
0.305034979879899 -0.0321983464575964
0.326634145124133 -0.105880783123236
0.0681067472157885 -0.0423085233090687
0.262126856336512 -0.268519279828265
0.25587384659946 0.288191706821771
0.393269424192589 -0.389298987737322
0.15305445057717 0.26749535622236
0.0369783920655212 -0.293191386950848
0.111241170270288 -0.234980168228348
0.51444556129067 -0.0804052079079718
-0.221803072698422 -0.0372518997399471
0.384237976898388 0.223779346374177
-0.0550195481636844 -0.256086133676516
-0.0382761145844939 -0.285249166347004
-0.378165190327571 0.0359915398089755
-0.37102316185079 0.0281948880636842
-0.0540273060881992 0.269958013225164
-0.0657610010378686 -0.180657530890244
-0.0400706643518408 -0.200639249334818
0.433230998058126 -0.0247542270685653
-0.237065864670704 0.0159319339767126
-0.14270419458657 0.0134254559235058
0.039727590834386 -0.219406595576851
0.3767611846651 -0.346193624615291
0.180117432333158 -0.228751930662918
-0.0851667575911219 0.0911850860228646
0.226038366021622 -0.400017579275176
0.503313736160465 0.0509399308027647
0.0447374172695856 0.0682672517996426
0.530000260069424 0.0904800709464313
-0.231363232288758 0.196137343740753
0.131577417652302 -0.172612701036462
-0.16730702696268 0.0520339921790792
0.547338360242894 0.0844412588520065
0.0626832004620047 0.35896666304112
0.18690478396817 -0.289677220070622
0.52705976579938 0.192631451816641
0.0997832552740816 -0.469013045526218
0.129055926339911 0.413169480508719
0.0589902206887276 0.42619506886258
0.639318719770835 -0.130179425366012
0.366965315636442 -0.55097887446116
-0.10215008531274 0.538877392090872
0.390395308275899 0.253439081766106
0.326057928132615 -0.408643125006243
0.304912631745126 0.161588283805448
0.249212288292572 0.361482865073892
-0.257723516613522 0.114228417206014
0.17271294268111 0.346334723199197
-0.104611537820487 -0.281367555570733
0.30941199885819 -0.23908752751073
0.153202536428322 0.132833514787525
0.0835608282808862 0.2817892054904
-0.178332915123334 -0.12716488434426
0.0385494066344849 0.218590499761973
-0.341908021174153 -0.259894562894143
-0.0605521100680455 0.255291285092865
0.0978058933704113 -0.0318804226651056
-0.374431819150502 -0.161888453829587
-0.108650284269627 -0.234217745938567
-0.0957808685332671 -0.222403661631334
-0.086124718405753 0.134871334092968
-0.219254368702193 0.338318304807676
-0.334136714588682 -0.0359754529008562
-0.13624334657719 0.404700067363382
-0.322986372419701 -0.382810817841711
-0.26557698754776 0.176364153123931
-0.233937690738201 0.116975676551583
-0.460146013296123 -0.0257097354649413
0.0301107239775734 0.490134403920681
-0.35573492585468 -0.104330820318035
-0.159650176624276 -0.269735900871903
-0.0622286905128274 0.496217583541119
0.485965769302524 0.0369394175545378
-0.142871597113058 -0.389951176735728
0.252810144795001 0.28221739724302
0.162387933269693 -0.102613502470216
0.25690563207789 -0.00330169970135625
0.0194006327954601 -0.0830088479681592
0.219318253965195 -0.303694996484315
0.138160773232836 -0.114420982446214
0.166506709986196 0.148090419049129
-0.20066608667534 -0.110287595648008
-0.14666726936315 -0.291826694457769
-0.120388608183708 -0.26722950798723
-0.517015564282998 0.027851428417681
-0.216186225497172 -0.302307716408261
0.108109177359568 -0.583616518533344
-0.591772809155773 0.142186740031952
