-0.737572304956611 0.13592672741674
-0.592926769489318 -0.0171678815183923
-0.588236147218316 -0.0404665803854327
-0.674248629530338 0.0171973721701186
-0.494503471747118 0.10213622195555
-0.621628557763688 0.201098384548054
-0.413082093111349 -0.0128961082505391
-0.501677328705309 -0.170409801667133
-0.488160012468662 0.19198799941025
-0.438762342853337 -0.223968645558135
-0.68291359142066 -0.0258634561768692
-0.607436198076956 -0.22052309002577
-0.0851944336269617 -0.0271451014301459
-0.270251290042548 -0.350791033468895
-0.293075066366161 0.285068040025519
-0.330662463856265 0.170727173136424
0.148783185768452 0.0611077599309548
-0.258523182433696 0.24162397893952
-0.387301718162805 0.030694991989624
0.0236633572255458 -0.233102122439468
0.0277658767665036 -0.488068993135693
-0.172580709615706 -0.466177977315414
-0.516888123179335 -0.32020446253502
-0.675821422789646 -0.192664327475397
0.0620370087640178 0.506926860060137
-0.440720625035026 0.256972126179723
-0.947410394613371 0.0746980185785626
-0.205364611478756 0.683139787243812
-0.600468933324783 0.306741536414407
-0.707006860629606 -0.738370299997284
0.274413889559247 0.811292091379778
0.326497536028223 0.947387521679404
-1.2325431628346 0.0781876755742425
-0.744297489399213 0.162728044766072
-0.482742831829194 1.14888751080416
0.204737041556956 -0.695677381740893
-0.835112518555434 0.404868350277774
-0.154893226335854 -0.931668018157861
-0.148350819990055 -1.03485861368447
0.00726597566753311 -0.967239337575141
-0.488047073330078 -0.165637308101052
-0.667832332478064 -0.0477402800589636
-0.399740388233032 0.0402837123955628
0.147379482302031 0.864999369304056
1.01578081439531 0.692260305782961
0.863016335088134 -1.03363460133312
0.928183116774548 -1.0064606605399
1.22271642321236 0.785053496748601
-0.37282809648947 0.0328233460150866
-0.341481824017862 -0.00337269483586379
0.599675424275877 0.913183833783951
0.627672167907252 0.9016647274692
0.646636386154841 0.894207961826923
0.571126995571687 0.950311647484663
0.132759572362685 -0.00859931397934217
1.34327390801345 0.352152042334274
0.519534070226016 0.855703346373381
1.30093146908091 0.346776503568976
0.925274836942605 -0.391885056767676
0.89520324755989 -1.12907580186273
0.890226327249429 -1.20148095592214
-0.16701997785723 -0.458028286092407
0.402044954321061 1.14747049780273
-0.511550258332015 0.216996669766133
0.522599008586585 1.0832568578401
1.41692213853137 0.758417573984016
0.0843372880783389 -0.0175045438249309
0.0323911810923685 -1.24474811905438
0.692400625694773 0.747765309536483
1.11057803068571 1.05980064883947
-0.107118610213391 1.3001578402035
1.00381704360625 1.07411047876438
-0.278319184917127 -1.17418208163798
0.865736605460746 0.509743392989254
-1.2320722241964 -0.485065542794648
-1.18231312610088 -0.497268689963129
-0.636899158485803 0.54854195416878
-0.598362244579694 0.57512823721906
0.362450487428781 -0.262469601959049
-0.874398444630267 0.558867614039414
-0.163512435674471 0.861583267500068
0.571876389999093 0.668533211231957
0.78013000198577 -0.045769375515883
0.477146526315948 0.341007163251743
-0.618210608674068 -0.62441402516833
-0.195796972605065 0.637956963613722
-0.144656697191291 0.61166019966364
0.076084490679197 0.519274924223269
0.490405560158877 -0.0472430250855897
-0.325575536372138 -0.306125774778312
0.0390520082262867 0.360855833496761
-0.586255676126074 0.148557567673005
0.0238688759056485 0.311368428507133
-0.168714394969699 -0.236147896654353
-0.368093217426062 -0.0834601605040014
-0.247970951968495 -0.147592518047699
-0.393683595333838 -0.0810009469025931
-0.328764296256113 -0.143868794111617
-0.156788986760331 0.136716876904913
-0.0922769033256774 0.0342351731048212
-0.211998474868853 0.00929172970040379
-0.157689154107562 -0.10680478186984
-0.135848365162265 0.0746413823992633
-0.220057515727223 -0.0605609409937672
-0.198303999525397 0.00162905615819202
-0.123476627608021 0.0129694199184446
-0.115764926016709 -0.00476545384958583
-0.238515006706407 0.0819254739190705
-0.153329469740995 -0.082942588535086
-0.140059702436799 0.0200147538899564
-0.233340637300645 0.0328173278111307
-0.21522080985947 -0.0485512110109126
-0.157833601224268 0.0425909175509362
-0.109611805117866 -0.0435768397517167
-0.211867157949916 0.00790857844337426
-0.0921734947612173 0.105026870034211
-0.0497131568063608 -0.110515242919231
-0.104883435775807 -0.0211517658839505
-0.0687281683139142 0.00310393982382767
0.154535859038622 0.0121540351847879
0.0475900366000179 -0.169535474885689
0.107827933425064 -0.0364937825949158
0.128309894643795 -0.158695661471202
0.192774161968089 0.0520955740224584
0.00363724006345548 0.0350720620895768
0.0416228314901857 0.00198061487488018
0.0827902408058864 -0.00730293817976589
-0.00215111334547051 0.0677782788705641
-0.0367870531382604 -0.00637697314540251
0.0137660467202641 0.0163575926880585
-0.0665039988750301 -0.0232265636958733
-0.0460547025474598 0.0182931651292725
-0.0970631562070726 -0.0556365787666585
-0.189355875277618 0.0242987642248502
-0.0310525093495975 -0.10754511434495
-0.144043329225071 -0.0751772338420476
-0.3044326444391 -0.0392010527890851
-0.0458056546566425 -0.237562931308636
-0.375495260775546 -0.178746177157131
-0.23455600158217 -0.153369232759255
-0.435379249254825 -0.0489834953878337
0.19383897509998 -0.194905003801565
-0.0603921324155909 -0.224164320198154
0.0736921548071921 -0.0876012430056779
0.286100650180341 0.194757321350994
0.171607957997419 0.319986401591254
0.183746311067002 0.165625898236165
0.163778028113437 -0.233521871208618
0.171182049899142 0.0742325026228731
0.0936611712674218 0.15394527140789
0.0762849089637186 -0.234262881923079
-0.0821667284657967 0.127355639106437
-0.0956892120010479 -0.142746641112432
0.0313025910188282 -0.00602343925689551
-0.289134167784062 -0.143779421953688
-0.169500038167071 0.103329024029044
-0.398649381971096 -0.0238154529704561
-0.16990361969697 0.276869055200106
-0.0653519146078212 -0.309762501644719
-0.11293939157118 0.275782720734309
0.166251470206979 0.188038088454801
-0.359380198430015 0.10974433861334
-0.14534730024714 0.279685041844464
-0.162528700695879 0.345175676540595
-0.172966062573783 -0.062339834710825
-0.164058032591102 0.309458311267645
-0.225994326544163 -0.167169359580481
-0.13901135771077 -0.198303502486535
-0.189544070299064 -0.173432072841816
-0.35515408982513 0.0464073891512406
-0.375270524658317 -0.00958617900796879
0.0427954630654834 0.146562100901996
-0.39897544927842 0.0654082569093669
-0.015085898872984 0.283729563717237
-0.204270587872374 -0.0034555670727348
-0.106656993108644 0.306768046361058
-0.347959170508643 -0.30007581517357
0.00115414563745338 0.00105023919829132
-0.0310282367092559 0.325554267521901
0.16951046664127 0.0405629700055242
-0.0795694584040507 0.216156149683134
0.019352969079762 0.212535541474332
0.0517053954091967 0.146333583754823
0.0898606254141943 0.146178903159133
0.116606904019303 -0.0659524687084449
0.0102066132846754 -0.234531868095391
0.155838085643958 -0.0366475520820293
0.0931435757490569 -0.25606808746295
0.0164058256426363 -0.00561598411018474
0.0484919601848996 -0.0399937524837731
0.0413698145646472 -0.0610812538293686
-0.101459597104668 0.00131330683584065
0.16277395074415 0.0891883809992707
0.118236277023919 -0.148159124216867
0.340904936506733 -0.0299355178250683
-0.146228382173348 0.0714050233681569
0.422177812295842 0.00580142866607954
-0.0955532374029146 -0.188385516687467
-0.21132694750889 0.112016940197333
-0.348268505128988 0.239426090254074
0.110239789791131 -0.0913426293464369
-0.248978455413361 0.162122562861334
0.0511703910305379 0.223812724260671
-0.165698074598993 0.0880237581154187
-0.054186225592778 0.0659345030525607
-0.273480139395118 -0.05520669429762
-0.146631665960034 0.246828413237761
-0.168278764837284 -0.0551755550917034
0.0423222775037188 -0.0736073768712137
-0.0197608707837922 -0.0925523448800968
-0.0585269463951169 -0.0485621586530258
0.0439818255134598 -0.0203220661304513
0.0441158664892829 0.0992553707779778
0.132603810118034 -0.0246413757568781
-0.0819903986019877 -0.0434640005730337
0.0429053207059387 0.0615657818620916
0.0908849925122416 0.0934554406743681
0.152414350027747 -0.254321056728231
0.134206423046065 0.161904650324642
-0.100105469599176 -0.220956633876696
-0.101879125201139 0.203293470089917
0.162266273665174 0.0722097463122222
0.296393889667776 -0.0305108531264952
0.200918629236184 -0.254086131892726
0.238118878546883 0.0601915735549694
0.17524157209922 0.0873368770885476
0.24197687641546 0.0775453759677091
0.271087824647235 0.0878005829428381
0.38631215079558 0.0597888767611225
0.252495489281895 -0.0147664214484888
0.351935318095896 0.0136733893208765
0.124826002394511 -0.205971239911326
0.377543655791952 0.130385911997845
0.671942414043693 -0.0526023612325922
0.544591195271338 0.0571718895760049
-0.156612914219348 0.16290764879498
-0.121407455643687 0.118921752003583
0.310536267386503 -0.490576656246489
0.528190677416177 0.064480980613963
-0.125209329044148 -0.208217892592254
-0.281526740056247 0.192918588847763
0.161253602787381 -0.476598512364022
-0.0948306965531522 0.173380946479235
0.169723118382386 -0.0983252190037583
-0.305610842292898 0.18375862609037
0.0610006193383084 0.114057864118414
0.103784124087731 0.18875082177045
-0.0474955351088995 -0.141865219235807
0.0162168276048787 0.0284523188248451
0.0875009667065439 -0.178252974400412
0.0328861954629626 -0.166724111888473
0.0516836366520185 0.0703715410397483
0.0673499251491348 0.0670479973615941
-0.122291539574993 0.109625180165746
-0.0680709392194067 0.243060882368874
-0.164593166338787 -0.234446301373902
-0.201326820767363 0.126545799942268
-0.170213224402416 0.184794136243523
-0.0367009038342924 -0.0317631130742456
-0.0883069778043895 0.0962271803922844
-0.143787195384589 -0.0998237755685435
-0.145925822919429 0.0560786658936094
-0.22197429914105 -0.105846015812393
-0.112332700238934 0.172310153640256
-0.204181640329539 0.0168594397676068
-0.103554154767265 0.18568472513589
-0.144643637741387 -0.1703721954271
-0.176521261211844 -0.073535544100035
-0.120119147341508 -0.135473854107676
-0.126761291692677 -0.216247851140183
0.192445937065296 0.274543061110212
-0.0464374666464622 -0.311424300410892
-0.0376335109557926 -0.349714344600787
0.319426524631415 0.280855384092947
0.315230677749401 0.0984908138198811
0.0164362168414145 0.388966636635995
0.312472087014863 0.292511827504555
-0.00538065578241537 -0.23302156629371
0.0157526880505602 -0.263880356756903
0.280378760074386 -0.372091735079837
0.247575849006095 0.171877575057151
-0.142646842267616 -0.285050393759473
0.103582178826577 0.129161173690466
-0.341507702262539 0.0300442939385417
0.176101127907658 0.010482575691066
-0.16101934625858 -0.0100528753229795
-0.0564407343618806 0.148126626380961
-0.0874471667545359 0.0856443762279477
-0.19701819613234 0.000156801013907873
-0.240848792310735 -0.0629233526154192
-0.230920543622137 0.0282444257534512
-0.120406653475178 -0.0661748656578267
-0.167785364213162 -0.110842837776424
0.0375208560544489 0.00203828806312551
0.14262909745848 -0.0182010910354136
-0.0385942603103491 -0.0958870045127268
-0.144679357220901 -0.0120425707133476
0.039442027483236 -0.062911410534132
-0.0637041783259754 0.0210584940162222
-0.0110996450812668 0.0682983604340847
-0.0258994642197009 -0.0490640694324633
-0.200343907457892 0.0488642609827919
-0.27106933788791 -0.0315803658163259
-0.0936783227025864 -0.251787263043878
-0.108057087252885 0.0360594922010159
-0.22567795999845 -0.144254838293107
-0.0611708233419894 -0.231873000652785
0.0115904889709982 0.00871817030267356
0.100025921089597 -0.00855762198584333
-0.187323321480649 -0.00635067086112139
-0.165587211583446 -0.170624905211643
-0.110255587728299 -0.124468455232488
0.0703189003445513 0.0238078867728426
0.0715408235484487 -0.0468704465982242
0.0636330197490037 -0.0544274407408999
0.0123779714063597 0.111959018112037
-0.0736985316547584 -0.054704753292715
0.225494764307803 -0.0332162750845277
-0.0102826126950148 0.193807318682944
0.19673355998638 -0.0860901220858191
-0.0536182027649701 0.227067339014443
0.0296388839958926 -0.262222086156741
0.149237361361042 -0.352844219969049
-0.110182688811826 -0.325269080789253
-0.00250572624518239 0.332193736282358
-0.0526232680816941 0.349331286549922
-0.156984360413697 -0.255188426152012
0.392588902739222 -0.016079344100202
0.204026194168002 0.400437173667755
0.502806823960193 -0.0629115547645098
0.491918082504719 -0.0534014373523241
0.175365153987681 -0.474916803976764
0.536976221461688 -0.0611365293907493
0.274129427873739 0.386453995644348
0.2109604330315 0.446240367287875
0.541640914872311 -0.0665398344309292
0.381613179386946 0.312860773098377
0.657562608841116 -0.0343995652998449
0.339315249404639 0.315479180384455
0.764941709882963 -0.0371553690885924
0.52039136119688 0.405429895075553
0.32580835159885 0.607982272705678
-0.699219474867218 0.0608956243319806
0.853818058673038 -0.0920195480667255
0.315103595680221 -0.669178354668356
-0.241552049831523 -0.545982305626753
0.356636622528483 0.65715321340964
0.318857756398864 -0.739434604954397
0.913914275001588 -0.0608589588348451
-0.371049395653691 -0.795275602874302
0.417418371788401 0.848098507465735
0.474431853505885 -0.918168024096536
1.04172338147392 -0.0473978169963935
0.266904400458868 0.922161662853546
-1.20985324889362 0.0995297009124902
0.971581375909291 -0.000980158843310909
-0.701196618081706 0.983193090416643
-0.606487899252705 1.04599956756146
-1.10876143745326 -0.362289651367259
-0.165763751110572 -0.80740528498136
-1.38729652714865 0.111500200937722
-1.31463823623813 0.0936912444273118
-0.0855883949506769 -0.926871376296835
0.175633894175232 -1.07450333795029
-0.861563174384928 0.716832349387951
1.07551662812643 -0.0866773614879733
-0.0746475559367152 -1.01813461988068
-0.327986995148016 -0.992562439957728
0.913253291473302 -0.600166439219107
-0.797794525138376 0.608417979584329
0.543590979757266 0.627321587327055
1.50505562117244 -0.160716096740389
-1.09370580853806 0.0781725849294876
0.419371656206972 0.802518109323182
-1.03780764172754 0.0574398281049195
-1.00722513722416 0.0777853665381925
-0.21072013441433 -1.05277364824203
0.650231369225927 -1.21445322912493
0.152256266346342 -1.01278172453418
0.00126506649139764 1.03437475516582
-0.147677837485454 1.08574373848363
-0.808577314409873 0.0725687066515919
1.01117859680869 0.561107627228218
-1.03496610239587 0.0708260296695566
-0.475987103006586 -0.899669746212143
0.834123822768995 0.602366946826153
-0.361563583518092 0.981092957186839
-0.455943713025056 1.0157493159673
-1.06921802827819 0.113943752823724
0.490492031588816 0.619256064867905
-0.498375694617247 0.865853532385497
0.140150272708086 -0.704889947839368
0.121125792730707 -0.645347742850977
-0.126769239427458 -0.83212759988284
-0.490450597019925 -0.428733796659844
0.339918368434133 -0.007301725466819
-0.0831471182717993 0.481117698185749
-0.576116063583227 -0.350277873294053
0.215099379363921 -0.0160001563181156
-1.07129739022767 -0.027822681102013
-0.836566137275578 -0.429002328236862
-0.834567616622747 -0.395458667994932
-0.383087728704222 0.484522535507236
-0.776229776261154 0.622198504243638
-0.730600232253283 -0.416345497749
-0.983392159973588 -0.429600999521976
-0.734019498724927 0.0429943619966256
-0.788076911760496 -0.454738918715104
-0.247584540232644 0.236158436966192
-1.23967737769182 -0.0186023963663015
-0.718404197593524 -0.523116459934344
-1.13648674121454 -0.442245329550829
-0.29471697875447 0.0636077943786931
-0.730891069212969 0.540201117020669
-1.18102785557829 -0.428328319779896
-0.689671545395808 0.532707247931333
-1.13742464492148 -0.465164481888216
-1.06660358989311 0.620700474789555
-0.587798062696898 -0.646881399792426
-0.533939257624155 -0.633911397513751
-0.46646291292555 -0.68130624203434
-0.380127353175256 -0.670479596136622
0.145672542319552 -0.082843821443595
-0.920132625173635 -0.433580728303817
-0.284206527547599 0.740865578185333
0.202696934396007 -0.14691844293599
-0.212715623405091 -0.73259262835816
0.183485516231221 -0.27710661872384
-0.169764334888193 -0.767212821125226
-0.282854618161733 -0.813364854556229
-0.636210337595302 0.437110897881271
-0.387294979451495 0.782511544021599
-0.698801224149369 0.160257599840178
0.490568915528498 -0.592477436169038
-0.378252995497529 -0.718634353827151
0.251571124169099 -0.466321594140431
-0.0832740439152716 -0.87770413458829
0.713075042586622 0.478262547273099
0.72847897198794 0.51569442639798
-0.0869748839778176 0.92312509221496
-0.730795614827378 -0.14494876764053
-0.442363900715473 0.229951002492787
-0.372641028248728 0.0799450353876765
0.172011342638672 0.80970830583525
-0.292151015160517 0.023458726976058
0.26345751999479 -0.62573872785801
0.0220018898281795 -0.68652813823578
0.856096797668015 0.291451502455491
-0.149128380045828 0.129011286132049
0.845670741995299 0.14769454023922
0.367349920249245 -0.382079934447814
0.3598967388298 -0.385310088795142
0.720652248927715 -0.467210211796898
0.348557065672187 0.393959951238566
0.975945798743878 -0.0641167024831127
0.371833786114147 0.358092656131054
0.383889235587544 -0.293170867127816
0.438738075432216 0.145113582417046
0.0981081598532876 0.222494423370719
-0.0388439442837817 -0.556059255994717
0.296435540638263 0.517060184719578
-0.452450809055492 -0.160624252897275
0.0750335527734605 0.403567778467377
0.35812799723985 0.470684821705145
0.578769133742572 -0.1129349456776
0.669982578630673 -0.031321771396158
0.106981840633207 0.737509922370697
0.129215809886602 0.624144474625668
0.234405037597988 0.683980211894547
0.15484297152536 0.585506493244692
0.0184043634418391 0.678980243742204
-0.731543059890886 -0.49230459321802
-0.692798986112621 -0.642491463549296
-0.277909930448539 0.55711729389203
-0.393917848355931 0.453139776096198
-0.523004203220667 0.416978358806849
-0.377302023794305 0.619474333724847
-0.851898085918655 0.68752692245871
-0.278941367064473 -0.725362721043778
-0.854559564894612 0.818331894006941
-1.02735650262351 -0.589929962822843
-1.46459083477604 0.120734933973497
-0.469717215259081 -0.738729793875551
0.00633448955498898 -0.0126798036571125
-0.0482418492651315 0.0877315396919683
-1.56684496016364 0.142305648050143
-0.569668151936 -0.685667188210183
0.207831379672346 -0.0700791732180197
-0.386840298208044 0.0419488790944993
-1.16546682620362 -0.236925177072576
-0.031957262244181 -0.280426158573052
-0.253716405184636 -0.661900536600079
-0.298145135767806 -0.0938568145476978
-0.832563192397981 0.251480376141072
-0.0855760416070411 0.10555049034358
-0.511201559136634 0.234814634545882
-0.323626368199566 0.206668738062762
-0.450196588846989 -0.302069809970828
-0.444141902815823 0.292322104874152
-0.542160959005433 -0.234603899008573
-0.595685201653023 0.0961261459077857
-0.633807375263503 -0.229931672057334
-0.571356556382942 0.338731171643028
-0.74919357487684 0.0186753814389014
-0.69936184657221 0.362824099160821
-0.880854882850617 0.446201767899077
-0.945081118108447 0.175966356584444
-0.494144861286558 -0.516984644118822
-1.02035927890239 0.232477723384784
-0.289434640409996 0.393554315489815
-0.896035355604677 -0.47806243734708
-0.213909926853717 0.522953134605974
-0.753523305178251 -0.465964582555798
-0.107091655259715 -0.628577770395843
-0.763721678073367 -0.484197869369446
-0.673794733037735 0.714722776884964
-1.1743773807052 -0.00717942465936966
-0.44982577929648 0.583087223813613
-0.752471163844829 -0.62517049746539
-1.245051230108 0.350309345426005
-0.444995373349467 -0.411138462861429
-0.30281621015302 0.464889581371161
-1.01911104589862 0.44075171119328
0.134959011246709 0.210641767481198
-0.812985727647966 0.699559006235546
-1.2991309613101 0.69739759293236
-1.30948211968046 0.749582401852847
-0.267372606287526 -0.00063405575818045
0.00134058387574267 -0.137212051706074
-0.802556373352418 0.71437596851235
-0.956742507255328 0.304888921296051
-0.106397729336834 0.0416127567300545
-0.915183979684058 0.336136445042924
-0.0534668451824549 -0.110948199578827
-0.554393429647342 -0.851599466250182
-0.598672745141524 -0.745335405517727
-0.0107574770491442 -0.0933400000186325
0.0357515362492848 0.165127368746693
-0.630638065080682 0.655677922727938
-0.474250252191457 0.838868541142203
-1.11611685183903 -0.765690192769172
-1.09069808816143 -0.850255128638986
-1.30976585417447 -0.326320878885774
-0.4674986405427 -0.732382846535524
0.639775067991295 -0.325214826101964
-0.12058201907442 0.998711401553724
-0.0614777968606117 0.963460579924725
-0.0899744405228134 1.02283628809362
-0.00614084492176496 0.986441843692272
0.828643863931094 -0.276345059556989
0.333045936446997 1.03332031290036
-0.893745627566379 -0.28928437510091
0.453592296694915 0.95989887103424
0.504185421078784 -1.00949024490976
-0.507327184084424 -0.71421513696366
-0.394182453533436 -0.628609355396989
0.521810006649678 -0.818623224954447
0.836014749957415 0.680713695072696
1.16621963831918 -0.296218373516917
1.00205289854804 -0.213254222515544
-0.216224763630946 -0.0198458788962941
1.16199904963243 -0.313898103226069
0.783202825882156 0.351134427675629
1.02928354910147 0.336297389698028
0.607896791977059 0.44448579972721
0.460089071800715 0.0250385154144056
0.697237035314256 0.29852042852343
0.543953917967744 -0.0525508774118285
0.950219119293554 0.0845048562953425
0.753227178674955 -0.122153482487957
0.656045541000965 -0.117510288938316
0.622112945410092 -0.122961107273124
0.7308688978426 -0.0254204187062867
0.653541268548447 -0.022240705952842
0.721085520926042 0.115010559892721
0.663787082794211 -0.171618437819563
0.767998119719663 -0.305490055701318
0.794738885160288 -0.239869263756569
0.69353218014843 0.096215976938386
0.734757448108854 0.00301099558109956
0.729461129724159 -0.0861573585317972
0.462957001959894 -0.402028883994072
0.40891939484119 -0.373423962105153
0.684202910423031 0.0120943703680659
0.371075235059336 0.259760294953182
0.626369154662683 0.119985820400326
0.684484212147484 0.414786342506991
0.59041377400769 0.215032382794979
0.413501189867175 0.441778274736642
0.247197601517177 -0.512899749842851
-0.0791193755965774 -0.0566493140419162
0.900863232204317 0.205370155465025
0.841747951081029 0.175267992251771
0.480754655632245 -0.23913393132284
0.106727689756585 0.0782796614672909
0.626922415172964 -0.450475091845249
0.443770333726784 -0.38330129291968
0.478201457817087 -0.337381277581261
0.588103729511744 -0.187498271498887
-0.287099161643503 -0.00109427317159112
0.887671021637621 -0.129033374480373
0.599048550541226 -0.122875910024003
0.277114572893854 0.190070570674413
0.387510560837444 0.516256117251054
0.239034412633354 0.285637352742512
0.449375587194255 -0.0742158359632908
0.147704236028759 0.524221815634316
0.504757717527087 -0.0143951685011466
0.570638723841347 -0.0315328036276507
0.661209131822121 -0.0756993829420716
0.209784890753679 -0.736477076586898
-0.575924452957193 -0.316222312971572
0.761222595067334 0.428708940144078
-0.0571763036696362 -0.83912616750352
0.112742175344206 -0.566554503230037
0.356093719638715 -0.814628715072591
-0.427617948571341 -0.237188452346824
1.147040448831 0.392552176937244
0.0644522432340996 0.27992676861617
0.509316145880001 -0.791874861348756
1.24384337442343 0.278445064643329
0.866186847620403 -0.417301801084696
1.58918470797588 -0.113694195380519
1.308703575725 0.123205575659846
1.00372989861006 -0.854233042366797
-0.0544104508657395 -0.0341709539259731
0.538472238608145 0.68029190703798
0.0723526249077189 0.000282922858432136
0.527685772666848 0.68828486005072
-0.0818897739612335 -0.0127650347856287
0.631541795735818 -0.366979031578268
0.354496821458402 0.685579866108422
-0.0480603731661367 0.111613798978583
-0.0234425250290377 0.1031873790101
0.32918095596489 -0.461027119923202
0.413402601498921 -0.286312934734887
0.264383101142433 -0.427662090975671
0.313779572485839 -0.292301097731813
0.56900166267456 -0.466566458734776
0.266835439580614 -0.23906733462832
-0.0587280687642013 -0.00328718860639504
0.24573788213739 -0.287481433573857
0.0758054472958877 -0.431239893427915
-0.27294756553123 0.0204430090758597
0.41186969825523 0.418853368426584
-0.0748831658455884 -0.398842594124678
-0.351586989160066 -0.0204466782177754
0.656049573459011 0.0768637310852283
-0.184592207808524 -0.267222420995102
-0.301667985011058 -0.652431361685797
-0.169180405584 0.781766069864144
1.06528217542115 -0.104959186787178
0.222958615018628 -0.754675038882098
0.0949540833635075 -0.824256392807649
0.624883970934774 -0.359290682245138
-0.713993226372005 -0.3361177886896
0.162269739421922 0.966912051556582
1.14783905018179 0.354113836492912
0.297821365996787 -1.03027994576297
-0.565870865438854 -1.18858348752778
-0.465149859423277 0.524955277819381
0.66768790755281 1.28631091752935
0.849023787641192 -0.445048264157005
0.631572552140088 1.32108167262732
0.863845743483548 -0.814143150073434
1.42099820496098 -0.13049076135893
0.268454126776493 -1.14509396969933
0.230624692310204 1.12241850637553
0.226118446888181 -1.13146088509331
-0.611314582040826 1.08935460395789
0.177115140898196 -1.12488262306333
0.217839367902109 -1.08800180339095
-0.632324595821444 1.02330072738241
0.129064690711665 -1.04616236974068
-0.748391149944598 -0.987754289304315
0.11400076458063 1.01918666872286
0.0800594173838103 -1.03150588471799
-0.410967757901105 1.09822080258529
-0.551280231869686 0.714619137337482
0.630544297509904 -0.611461379402181
-0.630518956205923 -0.497829242129477
1.04960725968352 0.526763269015861
0.520288912456735 0.739840880497814
0.323955824872465 -0.903742237903041
0.698271537416509 -0.995314539465204
0.718950097994921 -0.992186502585927
0.750544255696545 -0.926548350507414
0.239823949951655 0.418586138267747
-0.0838700918828726 -0.376459338871106
0.0578305325681219 0.365921728219023
0.714024200403421 -0.594881772178311
0.175670015484066 0.30541335749352
0.193982496547646 -0.260151687225459
0.890423163346559 0.173041809316808
1.13992051434212 0.0813115039237841
0.725414463414228 0.282494500925625
0.840519604104229 -0.114139802370219
0.59022441588356 0.260624715411788
0.639094579201554 0.169946669623374
0.608756288933653 0.139772093826877
0.828518932454889 -0.0609638124225423
0.548654617332549 -0.106193238837942
0.704345801617133 -0.0453394553194887
0.355660517712425 0.032292797028281
0.361271262968258 -0.0800830550765847
0.342022416957104 -0.0494393562498946
0.252681888862411 -0.000251419429830764
0.428996775639186 0.0373465828082743
0.198519144806502 -0.135227328443883
0.157658572222154 0.0236818976726136
0.165130945607724 -0.115425831647941
0.259548798157328 -0.094887976459415
0.249127371600075 -0.0382764382162216
0.166037468955178 -0.00300280957197954
0.174205189433541 0.0151683746916777
0.270734042334081 -0.020218037765037
0.150655039813584 0.0554112545441541
0.10410196469333 0.0283658528597673
0.180445853472839 -0.0566842427766469
0.0966609668508978 -0.11462496686429
0.20731262972098 0.0741308701759173
0.104068625568414 0.105519182379979
-0.057788254041913 -0.0753412287155107
-0.0543890688141655 -0.0779322564549215
-0.00515961199083209 0.155957966459874
0.0648435789353422 -0.0086802099929551
0.166993159537662 -0.216463880227093
0.0855217272254105 -0.0157520418193332
0.138419357536031 0.0678495777863019
0.0276995408145935 0.00778707648156184
-0.140486583070205 -0.135688773098658
-0.112850139026005 0.363715619929534
0.355552428690529 0.0197425625423057
-0.0605816100734469 0.0340702287792566
-0.223179015397845 -0.429577164478641
-0.364190572304669 -0.277291498854955
0.474081864884742 0.0858884717550169
-0.0908973946901345 0.419602539701401
-0.586289962976265 -0.00795438870298593
-0.266841229148536 -0.545924925677695
0.302038047419671 0.694147471437219
-0.497355691852127 0.144443423299493
0.294350343945501 -0.89207239778555
