0.526307124009168 1.75769199240845
-0.287851173228855 -1.44470571433922
1.27850063860543 -0.288660006578033
1.36915133150966 0.0243727016791376
0.615746273479121 1.50714788243685
0.365270504001779 -1.4382231310906
-0.300988301414227 1.63860842785543
-0.616516940445402 0.89867918548143
-0.0137934596834284 1.5008531199213
-0.485825518681813 -0.818512905069563
-0.0283024086815947 -1.47286367623346
1.02232004566129 0.978112566718078
0.939019203317267 1.01581177933375
1.02073254265072 0.902598587032802
1.27593804297588 1.00877155682199
0.786793096540016 0.922428332469863
1.36780928542436 0.922157377991296
0.861180816090972 0.703375647691686
1.68705405992918 -0.1628922314122
0.6880709176818 0.532524015460651
1.05224101295696 0.031070520779384
0.148916235670125 -0.0171711301210663
0.973193232698287 -0.269806565571892
0.684201258477995 0.0386139339738382
0.729637123182321 -0.24756869606645
0.771601547328539 -0.214492294052498
0.536708317510168 0.0743924033368971
0.608786227255623 -0.16264726203862
0.506894825469702 -0.0811459193926453
0.545082179501347 -0.218690215237752
0.69821880854774 -0.155390442119927
0.71682120880469 0.0471125317619839
0.522738521170202 -0.0778607377910028
0.752872766962111 0.101027767716603
1.0403798228541 0.367956781118828
0.0798642242767226 0.024143214203137
0.096675138558625 -0.0734385079311021
0.295776420568293 -0.739696920917251
1.25040963331552 -0.223634623613931
-0.26173894332387 0.00924310097199854
0.0781690143073907 -0.765605402803007
-0.0976622233275942 -0.647588963359458
0.498185615856045 -0.63761782979159
-0.0606627887981345 0.769796042774509
-0.285285991583864 0.634968389639233
0.160802033436827 0.299293397766472
0.666720017832008 -0.0990075428022043
-0.129577707228301 0.432105171733372
-0.801369215989995 0.151614707873956
-0.36897234940472 0.304486905899851
-0.640313020439688 0.166749298114101
-0.613858662200984 -0.0513954668302845
-0.0362415308529441 0.349926331400469
-0.474291799723786 0.00257005915931329
0.199825814876619 0.272350857996279
0.297537181464607 0.295471256641148
0.117355234698096 -0.434515828820277
0.26874571678458 0.4974771904303
1.07821618430121 -0.0850143208339092
0.0588394053075266 -0.090566395755458
0.478915368855281 -0.332920237676889
0.243270789683982 -0.239621892728509
1.23677827360506 -0.120788236136781
0.88441286658044 -0.241647546608633
0.616317967599908 0.653424896814733
0.736754295244744 0.510411517471352
0.714204254876179 -0.488393135148413
0.435974129677479 -0.468358715425748
0.8468734551696 -0.0621468029875847
0.800709580513426 0.0418788796451713
0.186374459081753 0.424209838915878
0.850954666053119 -0.0446869145639646
0.794689195624951 0.0384591828242148
1.13845840370662 -0.119496997124394
0.392481215942676 0.39592828473948
0.789818867259234 -0.0121498961689846
0.922728934297804 -0.304202594543157
0.636889018698616 -0.678999334154345
1.15244036681851 -0.300815977515637
1.09011984394217 -0.352131591290464
0.712479623928117 0.381192108837637
0.896623397847103 0.39139835598879
0.561186964536393 0.543787350174371
0.952689268165127 0.165038949472535
0.765057568442476 -0.439217273786081
0.858693256952598 -0.667427328481542
1.41801453956501 0.442647926807596
0.152104008680028 -0.00916878383113035
0.962891357926045 0.333623234064877
1.01248273894392 0.403648886120192
0.798208569696672 -0.76360000552823
0.470230665284236 -0.0914100034371906
1.11276960701901 0.284282868269452
0.330961039098413 -0.0342938776717409
0.891870205110373 0.509151686092865
-0.107418839407269 -0.0274355152286531
0.0759053963148002 -0.0295133745614452
0.528082873487118 -0.69457307850017
0.769386587461132 0.662718078468574
1.00897555136224 -0.60534409992049
0.112448077075987 0.02170298801632
0.759854454812503 0.175484876571209
1.10630953245074 0.524395619885047
0.627836154455311 -0.62970405072488
1.35610653803838 -0.54015381901285
0.927844535723208 -0.896712863365473
1.13237242429322 -0.273054646175406
1.36116098522354 0.236142037836507
1.11628912093496 0.062604186639257
0.544829501630437 0.337957035332595
0.76819306683593 -0.516873746938144
1.04183593082313 -0.110716567053716
0.958094009334037 -0.10109589090993
0.354044039999471 -0.176417594827275
0.613434200888538 0.150643128505676
0.467488806958018 -0.134962981118095
0.484987441636785 -0.14143009236358
0.658560700558976 0.0832077438196156
0.52873701182181 0.148835720179065
0.413349857118522 -0.220741307977754
1.08787887609916 -0.122741577983715
0.559360094345374 0.228842195997484
0.14467115506358 -0.123500725862697
0.231563919120158 -0.134249735106138
0.64048960394783 0.214756279651121
0.244366419354957 -0.0174733605442483
0.0220824180901694 0.0279322799178284
0.274015957287123 -0.197823246394527
0.449669471944878 -0.0227589798837727
0.525988770709569 -0.347864348966844
0.0795201268800983 -0.0590297027952144
0.43523763111959 0.255142407198856
0.459706697628219 0.0717999372640605
0.22543523154915 0.425262799162336
-0.345259663294379 -0.0745613146800311
-0.331449755915638 -0.142536275509533
-0.308337632065884 -0.163431031353315
-0.112997828074629 -0.0252006098578865
0.102622767891955 -0.310024386219986
-0.237207388588641 0.0176810446812536
0.0101127649303705 -0.346693583851239
0.666961726636626 -0.0650829363581396
-0.51947448455668 0.0315906148856123
-0.656402436996315 -0.0244222270160927
-0.0454591739569597 -0.335956008043987
0.129271025606126 -0.06817978932285
-0.324202653285664 -0.26139642835005
-0.488743902711697 0.120393212907442
-0.812085226392383 0.192995641058324
-0.0773508598771439 0.100130618018093
-0.211673788774907 0.557561056280167
-0.733428766679463 0.0660055319512726
-0.56219458889347 0.0340430842070743
-0.29337951405464 -0.797478725635376
-0.0483890891164265 -0.692871365312956
-0.43589106172921 -0.052315861954489
0.120324854622575 -0.791687140566765
0.270996350560816 0.787320230212933
-0.277782665564671 0.193440217475854
0.519292301823359 0.399143492187417
0.50862080374372 0.59686824622502
0.076095612303572 -0.754175020792372
0.84077212763594 0.506706610399532
0.516212589680344 0.310742426342338
0.357261247151416 0.499252311721851
0.212908257388049 0.565767138522659
0.0986185401553541 0.742934477410716
0.633448679172139 -0.832649305743311
-0.417959336625497 0.0578116222889506
-0.121133752588636 0.803050397017753
0.0812492055250758 0.707267663965284
-0.237020199342891 -0.831103652705167
0.300627676734752 0.680421596687783
-0.379740773741682 -0.687855109496846
0.0904421985228098 -0.54808852993115
-0.973984997896278 0.105854662511613
0.159654051561474 0.156848450810211
-0.416018542492315 -0.181960816699864
-0.489397995253697 -0.405772945513851
-0.144605796018303 -0.0436698213998216
-0.1211707782566 0.0696719760555363
-0.176703063004757 -0.203585165502484
-0.420976102526206 0.0272286986563933
-0.122348386222267 -0.0169996270049596
-0.579945539769867 -0.0600117010896997
-0.443844866803565 -0.110775151075501
-0.590049128994679 0.00986746588781231
-0.715499719994794 0.0180401635542696
-0.706082341230223 -0.245435690986455
-0.646335596541924 0.268685503023679
-0.88026392025759 0.028677330328341
-0.576383140065429 -0.0678431487924702
-0.629843779580383 0.224715083551509
-0.832252498850258 0.172887277952454
-0.74535676076306 -0.186554381724494
-0.684192017239368 0.160501375144865
-0.785370502422658 -0.167616555908417
-0.484664627016439 0.041942838686458
-0.849352640909604 -0.0924765681554989
-0.755354027166571 -0.186149413300303
-0.749530726239399 -0.260957564169468
-0.263661950303115 -0.109409129089361
-0.422144678038292 -0.112357066836652
-0.772605074729987 0.51110782269383
-0.332939972843748 0.0262750454525055
-0.56462828824418 0.552847151287919
-0.0680152759992399 -0.0192046884600892
-0.85463579831449 -0.598989230001406
0.251164631778132 0.173353017501539
-0.453452210442947 -0.568824046139621
-0.217424284275028 0.381475167680951
0.188241837607166 -0.291924915253218
-0.84120155184147 -0.118060220180447
0.346238951195687 -0.366760416585602
-1.10359502724455 0.329629221915496
-0.285543575273284 0.264206991142734
-0.726640588853915 0.328863165204421
-0.77822088238626 0.270700428799768
-0.418958455521631 0.207203721442087
-0.758337769080056 0.223539197918911
-0.8927012930714 0.0169184842627964
-0.496534070250696 -0.270310212338507
-0.574001573687799 -0.274248585241301
-0.770591205249233 0.0316635089329732
-0.638785529524545 0.376134909073636
-0.343798917346 0.327969755539459
-0.57622211129034 -0.296857843524055
-0.626531716383593 0.330826688056088
-0.319226222770558 0.095730198361829
-0.296692032097868 0.30929547471054
-0.516722627561784 -0.33250613602299
-0.469166538359005 -0.415079495808119
-0.43365382721727 -0.00886033106071911
-0.0428406897124252 0.44487201554223
-0.369755909015393 -0.347370687926858
-0.301922152066471 -0.340163121940168
-0.155801837545954 0.312639582123307
-0.49770407420255 0.176626913000026
-0.156574993586351 -0.152819133453359
0.130604177463267 0.0315969926352468
-0.391751292070811 0.0680336025157743
-0.194540331320892 0.0189547832566586
-0.0267262496060215 -0.221282952733857
0.407346816562377 -0.169476843495982
-0.028530442765138 0.202735525434278
0.378267807730977 0.318705247376422
-0.0380683877704188 -0.332491744528512
-0.464956177133703 0.03859292705864
-0.0550545732120358 -0.472003131446358
0.618461490695344 0.364300722780111
1.13058497776275 -0.073094867318269
0.520918500285374 0.293420802512314
0.597802070664536 -0.67898301424437
0.814358563324175 -0.13053820275444
0.0224521420143176 0.393957590434764
0.325117464825524 0.0832529219121916
0.480991229828181 -0.161773628592583
0.264008068612019 -0.203985102545179
0.279685230289946 0.196665816620856
0.295647605364804 -0.262319011014177
0.237104121560243 -0.0183170852889796
0.0186376764584607 -0.0626413408180758
0.0825493972093023 0.0404012062430908
0.0893913317338247 0.0470218924330761
0.00276064492411014 -0.211586881885706
0.179090540185816 -0.188166005195422
0.349485170438316 -0.228911007345561
-0.0676265045550848 0.0091525946220751
0.269389492695371 0.186768241665287
0.0725192434530213 -0.0170581319911208
0.333048525174215 0.307708622145473
0.39823665404253 0.247524705851281
0.219689224867746 -0.483919589125203
0.747510231493116 -0.209776486211102
0.385726815151378 -0.101268929154786
0.403180937249687 0.32341916248988
0.726561245856564 0.0116694772637579
0.337274242284743 -0.20841279960428
0.118502583961417 -0.21318551331773
0.0921560553537114 -0.264928750303428
0.259372801805109 -0.401654972480273
-0.0148086024186448 -0.0803530841316318
-0.153100549069235 -0.536145450852053
0.0493910675895427 0.27507266305304
0.178211853490447 -0.251087422738528
0.269340624564653 0.506626021470661
0.427403031638518 0.44009163258149
0.0633835877621694 -0.421367928793107
0.199502842339781 -0.601840433322398
0.771726156757794 -0.20788303440528
0.267194174599386 -0.538892104299278
0.262064411354648 -0.586309672561527
0.895969696224285 -0.132109013550538
0.68608070687501 -0.187423063164325
-0.3565965113873 0.542441705233133
0.32964852034783 -0.58987483834684
0.0208830656646053 0.745218313716557
-0.020994826070353 0.630883587773886
0.660469303135374 -0.364307430121197
0.433891617328649 0.0397180565116192
-0.0380177628635402 -0.379445091107881
1.19529765196855 -0.427599191406113
0.290427341691278 0.831082350450051
0.346432185676508 0.809567974206132
0.475788530586431 0.791326295170922
0.3574318234524 -0.976349388061007
0.874464303362072 -0.428854624449198
0.148199508724642 0.437236653238255
-0.164474083573711 -0.279627222167251
-0.208345707340815 0.691368768977798
-0.230864785291836 0.650380226414697
0.32741211415174 -0.560401089922465
0.0804510997290615 0.168871677977545
-0.152782442947129 -0.416709620106124
-0.163669326307604 0.20545170102829
0.0106790311924102 -0.128776942725362
0.0342788070474374 -0.0860088870275755
-0.0274890359278049 -0.113155665148919
-0.0489882384966559 0.0864421727854611
0.0261722181741003 0.0694606266671596
0.170655196748714 -0.0454676140144944
-0.153965910599146 0.0532938836023084
-0.074768313311756 -0.000740272147850425
-0.252547400707987 0.0085352196173382
-0.224438452389031 0.01369134255185
-0.0345241188148507 0.331575023676007
-0.643682571576457 -0.0103023490238208
0.307268291712444 0.255890706157476
0.286451780921612 0.0859889867021582
-0.119872925606587 -0.556913818206508
-0.574071004916676 0.254190776109061
0.126515407737427 0.536717889370727
0.0829225405158495 0.562834308294585
0.369338062808236 0.021884807509231
0.566215255236033 0.0101729691087355
-0.563716133923313 0.515967910462818
0.00154426571851592 0.621824566988694
0.122204512153178 -0.739637917344278
-0.499870911896936 -0.581123618745441
-0.492577543653754 0.781067204195898
0.015754858861119 -0.652557037003566
-0.545406688737051 0.303051632698332
0.053145446041708 0.573663890036342
-0.0274593117908071 0.371157063229819
-0.0583448185445276 0.328283518764816
-0.379997647013865 0.165640038106014
-0.0480628603260774 0.218737338147891
-0.0775863613771229 -0.0207844389395797
-0.314976460833145 0.184877557064095
-0.211694257320771 0.0756636096124724
-0.271418850514977 -0.171822172511344
-0.411804031477503 -0.100074879442101
-0.427149923352904 -0.117831896814958
-0.239888881704216 -0.207240871356999
-0.331043269335468 0.208380190197491
-0.623884519705157 -0.373321569024547
-0.499712228438236 0.231567441707853
-0.456100880595817 0.208952584325104
-0.415296135271124 -0.0746814725399753
-0.28387022591975 -0.131097415456375
-0.292773378181379 -0.279538051202733
-0.183580516730192 0.119525675655812
-0.584274782570175 -0.306680063068638
-0.268766329830916 0.339543304490292
-0.282198793122611 -0.390611147555048
-0.5254076162605 -0.168247308927719
-0.341264076358805 0.487701496832794
0.0212066279914093 -0.0384196189797921
-0.609080596155966 -0.389473682662015
0.129229541865924 0.0878311252949932
-0.235788706038873 0.602269440171347
-0.294556857625608 -0.422123213654161
-0.0281194582355112 0.408455928756033
0.128891465141672 -0.0341862424102026
-0.386236185569984 0.0847348445440926
-0.14862783280625 -0.094032890745582
-0.38294513431908 -0.086893095284488
-0.0853750698800829 -0.0190401872661699
-0.269880561549685 -0.0108791383793209
-0.268513351427307 0.00194941436414593
-0.346667430755252 0.0135905158372803
-0.457663098636908 -0.0588532369746037
-0.219880341968985 0.0343973260641475
-0.271168424816543 0.215099147759375
-0.288061781602477 -0.085465907566452
-0.531343202002208 0.00504035355131713
-0.343264318822769 -0.181378848287941
-0.35647830442197 -0.172507561207208
-0.315481134975355 -0.337002742148458
-0.607261662909417 -0.106762944152454
-0.50756656192851 0.455594095151099
-0.77224259006191 -0.107079865590602
-0.180806709646686 0.495329854506839
-0.538742515761312 -0.0518942556026966
-0.267706029577015 -0.230845007339146
-0.427823426484157 -0.597896570418816
-0.618388976029513 0.121769394541992
-0.161457571752681 -0.611162692555177
-0.625225472230074 0.0259121839928947
-0.741695844953586 0.0129425377306706
-0.281975325246537 -0.60562968010634
-0.144844075050877 0.592154612889429
-0.105865578107631 -0.64291690449666
-0.445520159676508 0.0900785580717239
-0.143093325635401 -0.673683556255355
-0.47597863740804 -0.631053165980698
-0.0854621087983545 0.502342159297925
-0.880279723236421 0.0363550245686771
0.106005115496715 -0.198059230845778
-0.130866536086164 0.0317857487469673
-0.0540123399067851 -0.062650907804884
-0.645740211110447 -0.346803763005057
-0.888302208966395 0.143143906156794
-0.283913067216258 -0.0826362048494283
-0.83164501729911 0.115330831020278
-0.361890073437413 0.0315946069798705
-0.540214252670909 -0.104203769843106
-0.596221494184454 0.114158781448558
-0.554942695666717 0.0435090275589881
-0.55120444864862 0.124596261735367
-0.813298818897456 0.0542509100007875
-0.68657962731993 0.0693050329511265
-0.673673591628992 -0.0178143279409656
-0.505264470133394 0.00949131252123114
-0.777923417087675 0.13163202480147
-0.745784880420193 -0.000301933265288842
-0.742396243629452 0.052334895586268
-0.913421387719872 -0.0159883212245611
-0.544451685584158 -0.00232618063642667
-0.755936760552886 0.0475339528590052
-0.656994127669703 -0.261425095426955
-0.547728676208755 -0.20997557984588
-0.629216008943648 -0.024731273399707
-0.718493636534641 -0.019494399283491
-0.599608784191659 0.381055523418766
-0.627505010929677 -0.266542674708315
-0.377656928924438 -0.287573432772011
-0.489973411586755 0.021375643229265
-0.554727203690427 0.0660120966169933
-0.183219173933812 0.232628490561197
-0.303706852254162 0.00534910944097419
-0.153128410635971 0.236520447785619
-0.481632211800567 -0.518572378824443
-0.837308553037953 0.288230341500737
-0.674807445260459 0.663900292182584
-0.227522000790067 0.457807661587738
-0.603741409020253 0.208839767981091
-0.577792721437472 -0.183124078767113
-0.667301467634808 0.72586989998833
-0.141411137882345 0.722731288875587
-0.484943692773594 0.573304332099416
-0.366616519743465 -0.131737166673267
-0.290056528588934 -0.699601103550306
-0.747399930798887 0.504885218523482
0.0817438848091064 -0.677665099182247
0.258327684771493 0.664939187907883
0.113485891517171 -0.633096363228886
0.127978014425914 0.512967573581043
-0.292490527196769 -0.549047067527838
-0.149925141503123 -0.0436258770472593
0.186344453112103 -0.390034025664067
-0.118365893747302 0.272615709763695
-0.0790458300666666 0.337782952810287
-0.480175464440502 -0.0853937753558744
-0.582344196761103 0.0335299099846014
-0.103688556262521 -0.234723568536603
0.013656112442914 -0.144672257365636
-0.0932913103694452 -0.0718821055024268
0.204356984829396 0.0507820518035432
0.136385414990454 -0.298363707462626
0.519608072515163 -0.12258019099006
0.101501558241234 -0.39005865718409
0.62437877322515 -0.113331336613343
-0.029348694206946 0.467193231937032
0.441514604592739 0.538858448060851
0.674141549064011 -0.0583513764304713
0.318746068038054 -0.569866441244657
-0.464795155320188 0.0732504143820258
0.18872490759086 -0.423179912875992
-0.457167654436352 -0.429806719575615
-0.384331908900877 -0.622176152157704
-0.104301514623015 0.458684938176965
-0.546338657613755 0.444099793279482
-0.0222999526673127 0.565334400048215
-0.348775626606816 -0.385426802529278
-0.240875160792767 0.57786902466758
-1.04525672718605 0.0100568668369437
-0.865925208864873 0.335364759864495
0.298397063187176 0.249871379025701
-0.295735150133295 0.393197391322576
0.18884517066726 -0.145872482497528
0.282546844118458 -0.0703991766070723
0.161354299326553 0.346936381640874
0.00797991096448877 0.259490238411154
0.269482879311035 -0.164437911724327
0.179656167389302 0.0543283798815544
0.328967639139901 0.0775079649993104
0.362308435576665 -0.0332321170935326
0.509453730682669 -0.0204382197740066
0.312039752810186 -0.0779535379429537
0.684692590845767 -0.105374195076731
0.640597210111282 -0.224448592185962
0.437755397624922 -0.237380616367564
-0.0997027907141297 -0.399794180934391
0.0808933103788764 -0.323669814696629
0.251118800528091 0.0121971228712189
-0.0219130662571516 0.247609373236399
-0.0796822178294999 -0.245422203189028
-0.22492100103877 0.327323289501397
-0.0588702278017307 -0.0632817710574819
-0.0885897678278897 -0.126589296974397
-0.204195373904393 -0.0239712913611074
-0.553172841703929 -0.198027952323421
-0.143218884164261 0.0349523240910203
-0.616039959396285 -0.333587308105074
-0.751889347999152 -0.283250372728012
-1.0483115434135 0.414134273108838
0.0046424616915095 -0.0214415441000973
-0.508109861822502 -0.367304564639027
-0.823557855648482 0.465429716663438
-1.28355862285884 0.0868083696088758
0.212954360527225 -0.033438387172564
-0.0229622950562004 0.653584767346748
0.258285702071855 0.0816466257246041
-0.247932910579026 -0.62708325195493
-0.0084293794034441 -0.581576886706577
0.56677375441446 -0.0427159270130639
-0.266045846518524 -0.787387718558751
-0.141146500930119 -0.586547252503011
0.639505432471558 -0.105331884596612
-0.0819886829159532 -0.683996134757754
0.724766153389062 -0.160333189404721
0.375971956667768 0.704011635332955
0.66467469878341 -0.154274472317272
0.0799725780072793 -0.485988488883153
-0.429302918250589 0.750262659565124
0.807456896398945 -0.197959533985487
-0.0416592445086991 0.72797318202281
-0.200626278365688 -0.322869844141199
0.149814895444153 -0.869472286126791
0.546095347185885 -0.819609506034129
-0.291207074672229 0.99947864346554
0.0958676258296045 -0.85147190220731
0.553273652759954 -0.502183473228372
-0.107597886016303 0.863405892779461
-1.0469623744174 -0.283281384830925
0.493184003239403 -0.662364854355941
-1.40340840367218 0.0293535530769402
-0.607100787004354 -0.829220777597994
-0.652648502029794 0.915611281952851
0.109558054325841 -0.652980727448582
-1.15390368482392 0.181583838907179
-0.769521034098615 -0.69253738147477
-0.144751608537241 -0.732044309474394
-1.28040282171522 -0.0142015411000164
-1.19314174048307 0.074830458489318
-0.673644213001211 -0.852124199705147
-0.571195429101988 0.891168216552477
-1.23475160120059 0.0238443005810577
0.450177481574803 -0.81165138943852
-1.47442575108906 0.084988282684674
0.538667698724058 1.29581575475593
