-0.97659842449411 0.312534700217945
0.000772036582003766 0.00358172629475063
-0.0708338251239429 -0.0575914611944153
0.107098770416227 -0.119638266159855
0.228569437674862 -0.0140367752800427
-0.0788914223319087 0.155959854433188
0.0182519930387423 -0.167988972449768
-0.334304492205653 -0.0172709176579901
-0.122098254074801 0.238306909174743
0.363263984358347 -0.26364745161637
-0.02314193172689 0.420783175806631
0.495125318817722 0.070658731675103
0.0229089225555187 0.0147402262559914
0.837358810953849 0.050803525266083
1.01512029360995 -0.16700236346903
0.390935989597144 0.180115007498639
0.0125751220183589 -0.135182903551254
-0.391294158721323 0.0113547330304464
0.173301212115807 -0.391074349689519
-0.558304445309365 0.117323593499726
-0.499537181073743 0.0176929483224064
-0.0286844601685128 0.338239640429323
-0.413231682717237 0.599722707781179
-0.791085768758476 -0.569061951836739
0.306786977420587 -0.158393684673448
-1.01403025871901 -0.610807949817063
0.414307722531616 0.106995487411207
-0.0607022189411974 -0.812093815698507
0.637918143332811 -0.247313770059653
0.397506040856865 -0.476638022653163
0.424044971272286 1.34066664157177
-0.24178518138873 -0.795715105175117
-0.154882410876534 0.705293802879713
0.00656479054661292 -0.821511943021812
-0.986406097954201 -0.000349332235682332
0.0774886083052118 0.64855368009998
0.0962752934585331 0.695085004838715
0.274331942617968 -0.69027359212969
0.0362245051853469 0.44399182944544
-0.236140954853626 -0.512474137964543
-0.151139799677702 -0.581673105023981
0.379041959592155 -0.290893915752741
0.268035793793926 -0.21707908096696
0.531985361494965 -0.0166743829334875
0.0943603748988733 -0.364906957281501
0.351925404148567 -0.0453100251432949
0.433171954931031 0.0223572192769923
0.261409261189642 0.0840250197195453
0.37241764408332 0.0595346328764533
0.346395580606536 -0.00369476452738476
0.562124516846349 0.0356751960486864
0.14281257098892 -0.0739585917884474
-0.0163287936982278 0.0358069775838523
0.270081144945802 -0.265579723718167
0.0469963179943945 0.181899947224187
-0.186519440035737 0.0587482323524978
0.0367856652770744 -0.136063617191234
0.548391740832532 -0.0163527767083623
0.188242643585072 -0.307436532850574
-0.0991912203193892 0.575970668164227
0.16748847161668 0.0442021232437108
0.552079596832261 -0.666550919593894
0.284062685679722 0.781941624036297
0.0666329818858148 0.0781588506749924
-0.793498127126344 -0.087041336688664
-0.0715391363688112 -0.34638418648691
-0.169532652665601 0.146154053119437
0.112733459864757 -0.0132736638200392
-0.0785491478034282 -0.079445930993751
-0.220121592697398 0.112889584534964
0.00169800258402036 0.0301587517460385
0.0170138915130463 0.28190883679396
-0.346327963273416 -0.191033027450638
-0.0534269181726137 0.539125828038786
-0.338680929730956 0.298044980448036
0.0249927887747577 -0.194189041006075
-0.121418783510973 0.230861493931979
0.159562428042344 0.0281117870491788
-0.0527742212457372 0.000566509948133244
0.0217931376007947 0.322998152712503
-0.3819288369091 -0.176134575189415
-0.202983414946244 0.508508578138847
-0.621966537445809 0.469121491919426
0.30082340498606 -0.0439923709037095
-0.736446608154955 -0.157014066163846
-0.37330971740655 -0.212652248329033
-0.570365866363837 -0.0930152974281882
-0.642856913320693 -0.24446722080909
-0.742437190427406 -0.280103867436389
-0.27103099597039 0.0443831139163174
-0.290762937385266 0.118059266480403
-0.348789796797179 0.106250267254787
-0.387401470641415 0.0928621993490585
-0.39175743913207 0.0282090592305984
-0.40068600934893 0.157197944578095
-0.611264891464188 -0.156641364851915
-0.192689100118745 -0.0468060111528213
-0.649764552496046 0.157721555246414
-0.56128668408121 -0.382294541796933
-0.192501526837694 -0.129129089299187
-0.0192066025067968 -0.132973017562435
-0.389934538117413 -0.444665986653294
-0.509470911122788 -0.526290582206702
-0.438660836011675 -0.626086002928263
-0.961093524680859 -0.448221659838344
0.00633271872531527 0.702446065620845
0.641676335806384 0.102036675650106
-0.496046650443397 -0.485046480571064
-0.619470713003603 0.830510761571977
0.809911518558563 -0.00612937732886315
0.543654063921817 -0.001216455393237
0.362039619832714 0.679155988245535
-0.156602923069266 -0.724325317837032
-0.110236305167885 -0.352834640482802
-0.0606159346462794 0.791267440865897
0.420149025318345 0.4652014944702
-0.198500741561689 0.820050598846538
0.309868294094336 0.871224376212608
0.152935120034126 -0.863460200469272
-0.404415456475185 0.583292075166997
-0.75826244718308 -0.539298964456836
-0.885392982343962 0.544773371921396
-0.32404727415009 0.400661323337274
-0.758446005727601 0.0846863903359239
-0.817213781615803 0.128337458927378
-0.526268725885807 0.215284232645778
-0.0198854170802976 -0.0269741074269851
-0.769930047846366 -0.000231792058347351
-0.89035034793682 0.0988487484530838
-0.382251676611301 -0.0405328563452901
-0.741369609056491 -0.0514927633342128
-0.602675289712537 -0.213242836228787
-1.0394826936114 0.309414130121995
-0.406183046455671 0.0759938822534769
-0.729311263809209 0.105299770685101
-0.810399744827176 -0.0874191490717651
-0.77148486244637 0.00614028333836248
-0.730533566598382 0.097135079474312
-1.06809481658828 0.0156422767498479
-0.713061395722672 0.194602410530439
-0.860884609497335 -0.0689058904971882
-1.03693892063373 0.0888120744643063
-0.475373454249161 0.275037288742444
-1.07933840135204 0.0173807911697423
-0.447093747228125 0.0548485892422161
-0.579168299270466 -0.544398476064452
-0.708627171448896 0.313636313381532
-0.468654505635302 -0.39413823720672
0.29953184369742 -0.0647193725093798
0.0964875360538298 0.0523941428847184
-0.00632122575694319 0.593768008870211
0.198279470741742 -0.018396000904238
0.272625959412312 0.113439444457648
0.397870039344627 -0.232685143395743
0.261287688892432 -0.348172413168916
-0.206480349324645 -0.0412532333118833
0.406937108780716 0.320518299380315
0.144502306285542 -0.476580674696897
0.573679958682538 -0.329032829044969
0.250652886818275 -0.530886800060935
0.408658691419394 -0.0035330123358274
0.800465621514025 0.250093248082447
0.526243581604977 0.064104508974675
1.18868470268515 -0.262528077488777
1.20508735526467 0.475250794479492
0.63135904370978 -0.0250009994142677
0.0336831136571464 0.0272641615475329
0.532840557873148 0.435440209149905
0.699041953565722 0.541417830851036
0.900059650681948 -0.376204611123448
0.578105803151637 0.351393507472582
0.124625759480622 -0.425854955379728
0.379966246010736 -0.73167721262852
0.962662366842094 -0.296412972321129
0.272977467027762 -0.176795655790714
1.42827391989108 -0.0910362069175425
0.0426679671344794 -0.693828967221578
0.784810169780804 -0.415332053727731
0.918372549774117 -0.55399719622618
-0.687659837418815 0.670583705190423
0.79671185787438 -0.0262582954043085
0.408217543951831 0.812122895943953
0.499670618825097 0.978516994423674
0.882771243238444 0.14071364815241
0.908822634041754 -0.0425709841063705
0.525573502627343 0.786426329959193
1.12571306960006 -0.0190166839049185
1.05365065124598 0.0271933809699528
0.491846359459341 -0.840744082756848
1.34933761671018 0.00181084179657338
0.691190129677283 -1.23043676222796
0.444699582369723 1.15250032507909
0.563886186479121 0.00765337390920796
1.05563041622549 -1.05898650655245
0.999899813292238 1.34789899090119
0.443017051028213 0.0151732099686906
-1.15281306931251 -0.0179948234388381
0.382050143586688 -1.38557529679936
