0.00417899990805728 0.0261552362485085
-0.40593304170945 -0.000563730288315995
-0.0538070158222192 -0.360691218102177
-0.385207087177194 -0.285932212864101
0.0213962648984454 0.212242941273323
0.0124768346767288 -0.519137967983532
-0.161419866979008 0.218712919826376
-0.0847350585497492 -0.394279229811803
-0.0114814408267285 0.569241555157224
-0.479249568098833 -0.447171765555637
0.246278761219674 -0.0769601871069338
0.227884456531898 0.0834351148160028
0.279214809115389 -0.0473276019042489
-0.481545759490707 0.65754955566469
-0.105842802018387 0.380969336223834
-0.451485414123852 -0.286010444771437
-0.036475111774186 0.41220822544379
-0.0153445627650896 -0.468995614716285
-0.291678224133953 0.465189252277407
-0.0386269756412183 0.157093386181399
-0.529790171185437 0.0114653229953071
0.419282289791351 -0.0276161270040316
0.157042517037949 0.389409529268508
-0.0191120760433898 0.367086259384899
0.0713933446779253 -0.605971126654655
-0.612612418882985 0.0755381406488932
0.142742560439699 -0.473856556845855
-0.0791788317740545 0.656535843836836
0.589558589606897 0.118989903351094
0.702102853291467 0.0778578474808204
-0.0757162212610688 -0.488244708685174
-0.120890303094465 -0.452822863781023
0.118142922188872 -0.50728011053438
-0.101457433894866 -0.401920567417784
0.987708477645011 -0.072450593502669
0.199371882635959 0.68661525418219
-0.37262341829348 -0.00985400911681261
0.49814998231047 0.196925346078625
0.901640297128475 0.267219670802112
0.478685392978493 0.697289468657968
1.1598856319752 0.155081947407734
0.372804668856042 0.0611651136694311
0.324806877826453 -0.0154639547425842
0.29480768187619 -0.0326547387358935
0.816407479133546 0.36220390392361
0.605511651497293 0.271052237104427
0.917585632256784 -0.222063747555797
0.462108516009141 0.00857386376994286
0.544112684093413 -0.219455804709034
0.603225209686864 -0.0991665630604161
0.501323020078434 0.0295120480813426
0.594288548205546 -0.147301020072683
0.582550847966623 -0.0666811568303572
0.517971196402738 0.00579870561785898
0.465049758442492 -0.0197513066332516
0.324104174467106 0.0099821197092401
0.333023390268334 0.0484862127356681
0.470580146892149 -0.0322715106740401
0.354777732645764 0.0173303019202463
0.0884717288211235 -0.0174318457963852
0.275269400781739 -0.209185518743272
0.354105873623557 0.30341111396803
0.403562290713683 0.364763096498538
0.824031221665557 0.0997679589242824
-0.0447549186879721 -0.0127001091949248
0.345932016417555 -0.564851590672191
0.96419447262755 0.219547982189298
0.269865502910736 -0.596031919082336
0.271618504166492 0.749203184907232
0.386102369924682 0.792610382938584
-0.289385128154075 -0.0581762173841087
0.163802690590733 -0.951418015664778
0.556694222056733 -0.804632969024201
-0.343086954924736 0.171104583002746
-0.183288887072402 -0.0322521042121706
0.00846305331093806 -1.11482182750265
0.732069946075573 -0.671458719727252
1.1326288694843 1.0516137236725
-0.707567237037599 -0.185837955795484
1.83511833019024 -0.136205215075194
0.272671439560164 -1.1410760622147
1.1153852616623 -0.872383942611759
-0.277726674754462 1.35029702001857
0.91970430427993 1.24581735803145
0.845858057057422 1.30213761181913
-0.0266975606157269 1.24865196553139
0.540701158434519 -1.50905082435195
-1.2451124680966 -0.343085377499158
-0.808792484219768 0.609930166103843
0.159874185775287 0.723094135294187
-0.835087108727031 0.59970604960043
-0.749816451355906 -0.947462373625539
0.82205899351733 0.306014397770423
0.303791972023696 1.21874634876417
-1.15290232534963 -0.933265330136798
0.175728321440833 1.13960641125844
0.0447837978743176 -0.419592689873101
-0.075655675265056 -1.03554750123938
-0.388188111856877 0.790959125907155
-0.344579584252902 -0.83887609554349
-0.159425380696382 0.862584894832715
-0.13722822058124 -0.0111133680406138
-0.219954698808968 -0.737039310445215
-0.547637770978907 0.806782872442704
-0.650773634344642 0.551960556061391
0.308758819959082 -0.14219156926221
0.522150068114086 0.197544560997652
-0.293153873219281 -0.349718373990672
0.105527016750884 0.552212568878958
0.396032236274135 0.65541290785327
0.052744156933949 -0.58520931665223
0.495684815502944 0.583302198911201
0.013234786534324 -0.503492650553428
0.0190694414796123 0.0619981305944859
0.573161993782483 0.130647185802774
0.624547859148669 0.0694751875168385
-0.0843972410233124 0.124948246767345
0.293713111007411 -0.600334633385284
0.101931625949432 0.48635459359201
0.189495296437592 -0.588520283070313
-0.0833059559195698 0.467516146234422
-0.165393531700642 -0.356737524198322
0.503138298826948 -0.0317165676718245
0.375117862575143 0.091826666300338
0.418248901189936 -0.0447153772839435
-0.318570768326138 0.0105960372267885
0.0815392098254454 0.0169411709419015
-0.152210082201741 -0.258517727883958
0.319638543248738 0.25752569675421
0.14553688379782 -0.232787361205682
0.29800816478994 -0.0670376785854896
0.247968204711962 0.0794025971482952
0.34553066153108 -0.0387181461485037
0.125580452667271 -0.230241138179638
-0.145262739511059 0.00737043043090411
0.00327403269033824 -0.0603592917286663
0.166244009276264 -0.0372975865249198
0.135628036700206 0.00621869873863214
0.08512851282538 0.0923581986809944
0.116683700480454 0.00135566675308498
0.0463835256122078 0.113096910622478
0.0164685500987624 0.0841405522511807
-0.164834946440212 0.0232872748470813
-0.036375492581245 -0.147652041691229
-0.199474948775977 -0.073856217817921
0.0164034279181405 -0.0515249778147083
-0.00403335601758703 -0.215031292685623
-0.00655785681195767 -0.164309041390056
0.0421551630117143 -0.207348379606265
0.0190537111614171 0.29931606710499
-0.114654306994736 -0.269861114048122
0.0377047436647522 -0.138162816184437
0.0776785054074767 0.128818019271028
0.179067435894536 -0.0334790908068138
-0.257074798993982 0.24532837580421
-0.0887402840534165 0.0830572508794192
-0.225000349767801 -0.141257824929393
-0.00480014973364931 0.1551570793657
0.0109635712762807 -0.175492093542827
-0.183749202663005 0.0197283773767545
-0.135738359451525 0.00800604643875571
0.0255930975511024 0.00739572137840524
-0.231143355705603 0.00835781946194213
-0.119756613119907 0.0581763113012213
-0.117727103068443 -0.114236187196685
-0.00624898862195145 -0.0173953165534292
0.0880311176256624 -0.058074334290325
-0.0220495911394608 -0.0201866792334185
-0.2228569359964 -0.110650646878373
-0.0196220612193033 -0.278161585786244
0.0040896436538183 -0.32552366160377
0.0593065541609046 -0.0628771064821766
-0.0204775895374219 -0.0524741144304547
-0.0114493707640745 -0.0943735766058474
-0.229817368122836 0.254960458196571
-0.111252648783818 0.151098261508461
0.0715419920843918 0.0886525397860602
-0.0814456764480349 0.0272382355534949
-0.486223919673294 -0.081524286278438
-0.272922022974378 0.422685382715107
0.062295690830835 0.282167937229132
0.186304830807237 0.0501554944966949
-0.348125273268805 -0.00120631892309302
-0.283346160484762 -0.00651826720107458
-0.369128748103066 0.0926299580831622
-0.0939750340426596 0.280460057907715
-0.0319680784089265 0.21330552617997
0.242920190253952 -0.310361886708356
-0.368263102737673 -0.0193313924063566
-0.187235760055215 -0.187966954252678
-0.216613230669654 -0.0255327255954788
-0.172590045947941 0.0722766705876615
0.294809781299726 -0.273473051209301
0.0711484729457139 0.178199895865155
-0.0441562387160251 0.0531477957744497
-0.119553543794749 0.107369671673493
0.236680875115226 0.337343655682392
0.102257777959387 0.219973878451123
0.281915742717872 0.0371605773217974
0.131688243396878 0.226958311682791
-0.215947143616604 -0.195099630416349
0.00947415672889796 -0.290407703671429
0.357828103039493 0.0570319321281225
0.219411872990337 0.161567427622156
0.369651964563139 -0.054395753903406
-0.62168122814695 0.0400113117615039
0.0249008326820969 -0.518274103723243
-0.0214285855874387 0.351138558212111
-0.0349603579074933 -0.445244934444608
0.332451851779517 -0.0991354493545216
0.33549078546886 -0.0543073618881453
0.025326332584752 0.438803689441199
-0.0243763054009217 -0.374072191545006
-0.00756271893599565 0.500801083349799
-0.519155959787616 -0.371182667274567
-0.670043178624437 0.0414443906864953
0.190212398766524 0.135579376241778
-0.607218753997206 -0.130242367354087
0.0957841559652622 -0.203703391643512
-0.0346448454434238 0.429563984976916
-0.220445496735078 0.00497041487031322
-0.264740517257552 0.306027521272595
-0.382085732491844 -0.176914803649687
-0.041911868051393 -0.0371392971205323
-0.0360225873856711 0.0482807642141976
-0.0359395602770035 -0.0299856410024265
-0.187396531807069 0.166343488431048
-0.010736494778593 -0.134974149249379
-0.292880287370423 -0.0132178912889625
-0.309918070501345 0.093433257908382
-0.117554669809338 0.0983143747328778
-0.450084035163868 0.0170505033396698
-0.300743457975995 -0.180211980390424
-0.102392857017937 0.113141602049493
-0.133837650599551 0.228197219202335
-0.499845786377781 -0.0905238907527734
-0.319115592677532 0.163381949133652
-0.455930347796274 -0.0223069502557449
-0.423553907490867 -0.192001082741622
-0.510972820421642 0.0775360040729193
-0.446952771892863 -0.0337993762208393
-0.479370093534554 0.0506485072557675
-0.396492716786535 0.0110619417767969
-0.380265049411467 0.0582031379780078
-0.373889510777456 -0.0922651788181138
-0.308238007415313 -0.105534308803949
-0.573308462208528 0.0265752932847666
-0.555778755913319 0.112977703592214
-0.38441697913094 0.26017514131314
-0.47657656113805 -0.168722086419446
-0.439718347381462 -0.266868323405364
-0.407919027040514 0.420101767078844
-0.526919257030703 -0.341597416931392
-0.418900936685644 0.41736627963572
-0.37795777609331 0.0258150762017064
-0.743045032946932 -0.140916924656687
-0.737379875727776 -0.0640018157164665
-0.21788844700883 0.00550633953960128
-0.545738740576767 0.312627843594681
-0.468042968705603 -0.215480947825572
-0.625643707809125 0.264539466143524
-0.536413686253314 -0.200380751315737
-0.605584958103516 0.1388289532612
-0.896710436480458 0.0799901424008138
-0.482366968699478 -0.268521858957101
-0.463228275077936 0.195385949576959
-0.86020223374493 0.0370846765996333
-0.657715698715774 0.295101542930235
-0.744507403152824 -0.250054302414371
-1.07222705628442 0.0902068553640528
-0.943831918185029 -0.0461028452752035
-0.772426719748979 0.166620834292108
-1.01887625521122 -0.169402855221799
-1.07868368422775 0.305250515127563
-0.960163923803799 -0.00698209710470348
-1.14020606270745 0.144249544277685
-1.11174089354055 0.110821262658257
-1.11480754279914 0.10963322733892
-1.03163274313748 0.167959493808082
-1.17528748459217 0.0304516695518739
-1.26830097020875 0.100367174772184
-1.17240114355155 -0.110773435427068
-1.21776460147273 -0.115913274704257
-1.58266839884785 0.148663969677527
-1.27451074802347 -0.259379788772692
-1.5736849771777 -0.0385961432324509
-1.18300699770905 -0.180947530832069
-1.11602446788359 -0.504637794038388
-1.11739243749356 -0.149209248066695
-0.922351779320377 -0.576060820014782
-0.918237822008385 0.646845247046891
-1.34766818780835 -0.401301112140046
-0.343194072737175 0.0152060715920951
-0.353146945984715 -0.00467015238003717
-0.382076685473215 0.032159325687949
-1.06311773967979 0.546588950404393
-0.728737787045664 0.367750215195364
-0.936831887867943 -0.234826862008158
-0.512887894303397 0.402462990839189
-0.422479193482248 -0.375687934215842
-0.730674661029481 0.320796216237179
-0.574332590434852 0.125973431520496
-0.767948410362876 0.0652576373296044
-0.488772703473218 0.0570111736068904
-0.286752931109585 0.386323257020072
-0.37468309373917 -0.332871793324382
-0.327689663122932 -0.36624440892722
-0.651795132475899 0.0252028923733527
0.11568588185068 -0.574715837882493
-0.665412506250694 0.119914129637542
0.342518764950348 -0.66078538309704
0.383859092998583 -0.714353439429991
-0.464162076428638 -0.795292944449476
-0.613292495749309 -0.815616868615235
-0.495718668989876 -0.976105587943739
-0.946132671370815 -0.175697957892655
0.794198160018463 0.302177604161514
-0.51581569075012 1.15786966209171
-1.4028440731442 0.165339544890358
-0.631541096106209 0.438530173390095
0.474853236896101 0.695216285415241
-0.37258665627037 1.31885228627956
1.34546975463019 0.672350775549142
-0.426242327446 0.490639934540156
-0.276452767787695 0.5567014664531
-0.140494579180091 -0.584826303119673
0.492888670247603 1.035040901737
-0.0433927915522299 1.19327319616633
1.42471610928017 -0.515095374998959
-0.817956213321151 0.0628215703638965
-0.185952553275737 -1.12863303333
0.36276096006369 -0.897116820237755
0.610105266755139 0.873051121619002
1.37332494598362 -0.200761029904653
1.37218439902419 -0.0855206648031275
1.07654539563264 0.507540665406175
0.795373123252146 0.955306020506393
0.361287504355313 0.725669361022164
0.45148513512919 0.980965353295946
0.570839763586795 -0.0737741181323949
0.287269547362547 1.0141194934867
-0.365402429886385 -1.08470556478481
0.275572676239522 -1.01052503209493
1.08694989855484 -0.639176447774805
0.408514578434348 -0.968657807941272
0.715825825827166 -0.619189491108423
-0.730149730030082 0.0519462868518257
0.465291012482306 -0.921487657500603
-0.319560294462258 0.0542807535007577
0.615823784551552 -0.737376138309513
0.974655908893045 -0.897745128966359
1.02450750304449 -0.840250565796448
1.07472408374211 0.587502889635992
0.692065584061922 -0.564906664575541
0.478045220041162 0.730701913224561
0.635020002914321 -0.436381714740413
0.225878130691378 0.00235531644005802
0.975467453420749 0.614780039207458
0.138197496955882 0.0839036191559501
0.25923262034306 -0.59415164161323
0.919008945617569 0.165912963329535
-0.0440002084833865 -0.00207175373023283
0.442176095958673 0.308450661278232
0.116010728230119 0.0274140423393522
0.656330601277448 -0.326316227404109
0.452627997563106 -0.229604059050993
0.422483196658833 -0.159645312222332
0.424179084629456 -0.235783179040583
0.452182409961314 0.184825252234182
0.519646679875923 0.32002393948141
-0.00638237641933366 -0.365830507959012
-0.0590121081784487 0.252326395343422
-0.125589039801353 -0.436834570279377
0.166822219855182 -0.345901870934401
0.177919225459484 0.142451494717886
0.396536514982031 -0.0478991455586979
0.427425637396244 -0.0326806041085582
0.487742720368988 0.0235977275829269
-0.312417634726065 -0.354632678377192
0.531945386497323 -0.182168975983473
0.20072718667338 0.517448052947296
0.257442077094476 0.41015096384549
0.678172307356307 0.0533425607947334
-0.590008555157683 0.0276879374301733
0.469433541092765 0.488521995529067
0.643314744760029 0.141953283460563
0.232028210791742 -0.605516896225577
-0.111010567127704 -0.618920016980026
0.47399059851752 0.511428843231485
-0.0342745702684752 0.499212572800134
0.437970410176408 -0.486903173174955
0.864852672779151 -0.00165580994664197
0.62645226435126 0.0597724540308586
0.809013740821462 0.035504937640303
0.560209496332845 -0.106141953370287
-0.30463634669372 -0.0257542919029037
0.72380621695677 0.46400082141477
0.758777367429604 0.165386541163105
0.09690128389513 -0.0878309856251332
0.826788721973274 -0.298911743247733
0.506390334793777 0.449207491032603
0.852877372312137 -0.372420351101153
0.62460727515778 0.323516966321078
0.560263143971294 -0.281580386417448
1.06979278104519 -0.0761159948517807
0.300031238067986 0.411318939019834
0.368085701068905 -0.274194682198923
0.44625543205213 -0.0570585150824658
0.448401005090806 -0.282125563120145
0.354692763668713 0.141078163292573
0.762807841175719 -0.038610550293546
0.435481415472497 -0.0819697276592695
0.206088396399572 -0.37101677055932
0.361367994530002 0.375438852026853
0.342787222603402 -0.511049034751599
-0.175989478669844 0.316478132805583
0.399519196598753 -0.0272858509502201
0.519091793345838 -0.209773865061754
0.674029541214695 -0.157017896272603
0.857675401159652 0.137221048732823
0.284404334818785 -0.555333012676502
0.0745902945934948 -0.687932250465932
0.346627407021067 -0.529556891521103
