-0.0289343633450794 -0.646617348808523
-0.108608469960087 0.616017187235376
-0.549035104076335 -0.186885252194004
0.46592610925851 -0.415400353163402
0.470389290830942 -0.362675914441708
0.205423627168354 0.655290963168704
0.0559036073795411 0.292752436994396
-0.635384245503566 -0.028219373312964
0.0470961307760551 0.254717306494478
-0.190002155105775 0.450254398344657
-0.449936435008185 0.0509707602755671
0.440892214337617 -0.0129996068041523
-0.127378651266979 0.330562089171627
0.23148680192907 0.42542366074965
-0.45789795736155 -0.00916284005262015
-0.138816477138266 0.140233728628961
-0.396571761151273 -0.0646982702874539
0.0264805278180608 -0.111193241463516
-0.297535546736816 0.079761320860919
-0.164747256444285 0.193309766941221
-0.371926888041502 0.148902227272952
0.18919539394384 -0.000806797087444572
0.0682164450245368 -0.262658104404544
-0.300012649121081 -0.441053611026464
-0.380482425434765 -0.38698711668594
-0.153617442507839 -0.250720216982132
0.0831398994894992 0.048673930554504
-0.0769432308829688 -0.175953017098004
-0.0232247355285749 -0.392278276710844
-0.109207502508818 0.33865344775836
-0.378900203331838 0.28217513264935
-0.714011365408579 -0.0264762522789149
0.348555219835753 -0.0430708561558096
-0.0788603482582834 -0.525348752522961
-0.467469893180035 0.618975707812813
0.332969667895123 -0.0457727195775037
-0.00633523151391283 -0.629916632908049
0.0169040185827522 -0.600141150489993
-0.530673109826532 -0.686077187464668
-0.383154876485055 -0.408337385249482
-0.530968348270612 -0.49813049462555
0.00141479699483049 0.0781159089322219
-0.451368525383543 -0.285338384994233
-0.557426889739539 -0.310446231144926
-0.211713751007026 0.395690311295204
-0.41225407950375 0.172519201511261
-0.28857711588393 0.442869232465256
-0.235322764777107 -0.340424078302566
-0.731507413398196 -0.0375254316740255
-0.16351807108623 -0.395431814139296
-0.125154070464218 0.391796664468323
-0.611583181607618 0.0191238213421933
-0.524648503795736 0.0654193853386997
-0.0688345534718982 0.232419731344323
-0.81944494340577 -0.0341605408553332
-0.272846959775854 -0.0261307943986912
-0.186026587085486 -0.315215976559524
-0.54224588390974 0.412265953300033
0.215359456783554 0.22755797071045
0.259097417210083 -0.228721324692843
-0.208894524198629 -0.575366279860003
-0.245363580753551 0.477503655859712
-0.455437244108842 -0.24364806906875
0.0664943915702619 0.166968185859669
-0.129688012963116 0.529203852226958
-0.130798434659444 0.438173599845249
-0.389127991371462 0.59582586955742
-0.058301194548334 0.568873917368717
0.00229829345983593 0.578889094588816
0.499677286505711 -0.0238552044112637
-0.410311155966448 -0.589658653002312
-0.270063354882498 -0.171049742411959
0.207104634685219 -0.232476706270839
-0.458373715997354 -0.355304702904035
0.449970427956863 -0.0246091341972144
0.168419711690252 -0.413390044717797
-0.177261644018282 0.448427227008801
0.142925862649748 -0.36721279145256
0.24395270694096 -0.105316132520716
0.0149122341007197 -0.3682805043219
-0.186636284033922 0.340713815547515
-0.124250173181088 -0.0763611804459381
-0.143029860225688 0.27589138685091
0.106680783929791 0.0977073113440904
0.0684565807503829 -0.304917608415816
0.250501179844087 0.357701928120793
0.0427582308659067 0.245912545921211
0.368915696789758 0.302687246890392
0.593143870598284 -0.0102251167160348
0.0718092748102599 -0.437607628062811
0.0487688606226069 -0.46753490127281
-0.367835763970614 -0.110398650262704
-0.147432661964977 -0.59361338572182
0.23946158337149 -0.341319207020071
-0.0689393585198331 -0.612673999235358
0.487141036872065 0.385364989100552
0.0346465299308605 0.518680277030564
0.825752673382699 -0.0363080055698946
0.174620841580896 0.511649321836763
0.478102999059078 -0.665594248226864
-0.392006579087055 -0.131853849158362
0.591001073620672 0.369797336250699
-0.257692727111253 0.318047706974143
0.24771448349166 -0.573404896226407
0.658287451776467 0.506460324087444
0.629862899522035 0.43932917997034
0.80116416230509 -0.300719145244007
0.133477834619682 0.669722618205591
0.198900537406329 0.817690630634752
0.909460042123752 0.509539838561156
-0.964525877730632 -0.0432031025587308
-0.543440094709191 -0.44982613292251
-0.571079339075422 -0.54894020506693
0.343333689696001 -1.00015437158646
-0.659714779908918 0.455237474066973
-0.492015930840604 0.632229918689145
0.117816600405723 -0.71392776255083
1.08260407447935 -0.148994757850216
1.13768319241721 -0.0400187866859314
-0.212865531161473 0.869759941765742
-0.230710733687343 0.802885945394477
0.367686718961483 -0.753076828595422
0.929379321822782 -0.0650613097570356
0.401790369763616 -0.65087752245661
-0.0525300392789219 0.701581604186716
0.071516372844404 0.625083679813206
0.570774138133927 -0.575337978593235
0.116483817177386 0.458724139523716
0.600205144049998 -0.378797430489052
0.242662832100189 0.383628246714357
0.633457306013846 -0.379455276337395
0.677668689264047 -0.370183779201868
0.413676638551086 0.31836974352463
0.699838939578369 -0.28444366158515
0.764718507553961 -0.133379384197854
0.802464032777147 -0.316611485719806
1.03910821893443 0.0794213419211365
1.0063672341729 -0.138783231975657
0.978208640125836 0.224213691315215
0.770637641776176 0.0991292873339471
1.14609690519773 -0.0662411896300538
0.55386527998595 -0.0197440142465193
0.346825959951097 0.0416760417853152
0.241413571933535 0.0849415307969284
0.465847075074349 -0.299088136789954
0.534806764936615 0.0309852050492389
0.745497916111651 -0.0467116081857401
0.373617259485129 -0.0762269593201094
0.742306744202657 -0.041351346510589
0.652059596793481 0.0418369269017032
0.345604274393639 -0.382459177280429
-0.212048410263241 0.327938612719925
0.309991112870587 0.588440414106093
0.777274045689355 -0.104603910146353
0.850454928690344 -0.0608032992469248
-0.301282090971099 0.725484156479976
0.448497615325944 -0.830897303926846
0.351102769576632 0.839532615156194
0.704074150074111 -0.0289569519776523
0.175209964640152 0.733338126925573
0.975970271275177 0.268287449411323
-0.3013600353578 0.999971734296395
0.344741099275634 0.817768361551913
0.621861339267957 0.959088626496972
0.716172772925543 0.297221146164936
-0.652635970008064 0.311605497013998
0.444474985448579 -0.485841596249245
0.417769782497575 0.372550196193982
-0.0214367233388112 -0.871290936944217
-0.11256821910892 -0.828619712365705
-0.131041150025754 -0.921443693353013
-0.889685770679515 0.290116772213016
0.236446792265935 0.601685760246438
1.1017314432628 -0.052554724600318
1.11274579900582 -0.060064668482398
-1.0512173070822 0.065603058887541
0.420517679375676 -0.93048349350892
-0.928090643268566 0.0499690833238307
0.439310514203978 0.869227026543111
-0.924807537851415 -0.0111024917558526
-0.320642610135566 -0.897461561425518
0.49399988601151 -0.740125878942919
0.543178557281778 0.672299200976426
-0.670472553790692 -0.177003666370067
-0.930823272582107 0.18809761977651
-0.517918924332619 1.02067859642092
-0.131769188990285 0.84688128863583
-0.00262266443166924 -0.0139081723687478
-0.400226044758265 -0.585148811405008
0.251223102740686 -0.0241589079185282
0.806178853908702 -0.270488296110526
0.65561913895868 0.169719265072984
0.694682290593281 -0.276718363011599
-1.01038976174396 -5.5906134884362e-05
0.793710859449278 -0.0875427787305025
-0.318195042341605 -0.702883323551676
0.150384475122084 -0.474378753600977
0.304229013191367 0.598247398497006
0.616965357124324 0.120002951313653
0.625018421436032 -0.0821820537382312
0.288184480760999 -0.351017152839715
0.596938050760316 0.0172097380606534
0.666573174000773 0.00271288265109309
0.364848551669093 -0.339895242883998
0.643232879771065 -0.000811020591825256
0.464770263672628 -0.405767358145542
0.784780633745167 -0.0291650152956331
0.570631355021132 0.359498801099144
0.336546150391353 0.206626704838738
0.691172037893852 -0.320425992989905
0.790979257768412 0.407778749710319
0.886143668991522 0.0431433735848125
0.506634523644058 -0.134974025557378
0.687257870046068 -0.360235826211968
0.838183244851869 0.335181238422258
0.555211569853008 0.251757921026703
0.52569621055995 0.268435857109911
0.418120982288648 0.229283860207441
0.588352927287654 -0.290602647432266
0.0653246313666866 0.0388662092234724
0.346959207631878 0.160676279167409
0.26065985416781 0.0769512822549218
0.434263007721424 0.131437372687901
0.165265554395937 -0.0208114077471844
0.364819921767429 -0.0610276592932377
0.0458980274835483 0.075331577881523
0.199908972155665 0.105600252893571
0.220709933855842 -0.0857694326253922
0.124071169664636 0.0161609918636261
0.00274618043858157 0.0354495488610928
0.154454836646133 -0.235785052196983
0.395036434626774 -0.147339430248926
0.212539552166056 0.156134184960053
-0.0816144228920061 0.00244264435865375
-0.190934050090282 -0.0250081385791373
0.0741571423893317 0.203995695164922
0.0323229815265882 -0.316368508898964
-0.310631271226299 0.0187640645462311
0.312265795569092 -0.161765674120525
0.0586448965713485 -0.392917128457626
0.413125729244248 0.177742795163175
-0.14234027814038 -0.229055262834743
0.368470293920191 -0.118379137368311
-0.0904168609219128 -0.382670185433114
-0.385245002000884 -0.623727002998725
0.0750875242269112 0.563455268510627
0.0567680057973882 0.530803233790994
-0.0744765020767904 0.498385701342555
0.298892327584697 -0.0321553863319905
-0.440153059889608 0.421059352106335
0.171999546274268 0.0735957199896999
0.14222993887502 0.0554624966420777
-0.579536464996009 0.191254146626093
-0.213433607020737 0.242693357994376
-0.196365449382037 -0.137216509603624
-0.590100062449871 -0.2616466972009
-0.32604057790322 0.212479215109281
-0.347864594110284 -0.1430350156272
-0.310118330272546 -0.259836730129643
-0.528392806347611 0.188840231806352
-0.136549774608238 0.0683392172372476
-0.431829064726901 0.172177236396218
-0.222955098602921 0.0548952515143894
-0.385697262326041 -0.239063593004592
-0.469840910669098 -0.301452855774193
-0.593399121656929 0.0309901254040197
-0.285057371872614 -0.183713215046785
-0.728250474976315 -0.0603111441289669
-0.460784271546629 -0.138601260968397
-0.769437467667409 -0.0696692520375921
-0.669275908017199 -0.160319533989985
-0.76499975602161 -0.058723841632244
-0.71766416057419 0.0219201734700643
-0.760000586717717 0.0488033981898642
-0.898259133235085 -0.0507089709459381
-0.776092598303587 -0.0609557800876012
-0.915712242353538 -0.0860531666293814
-1.06333329980232 0.0138091050756306
-0.770068277467472 0.0320745962160742
-1.02126555993532 0.153146444643416
-0.619818162228135 -0.035311479000857
-1.51395864903555 -0.0730276831182876
-1.27403225885187 -0.413642187841753
-1.23395742944081 -0.463721768240769
-1.03521220389676 -0.279628989393594
-0.894192108444326 -0.374742759372566
-0.358401992141424 -0.0800627680616943
-0.88684970866955 -0.461567904552361
-1.59885490511917 -0.0531492930327881
-0.70369929679575 0.668217547856767
-0.654879420055221 0.707938716512962
-0.0787748650379591 -0.0165100604967733
-1.05270491199325 0.617691473580427
-0.992883100047669 -0.714520070521996
-0.350460048227815 0.733723025219224
-0.37196898447398 -0.727438336413549
-1.36058618459967 -0.086087237091349
-0.857406357991689 0.700990148028498
-0.306077871870493 -0.736679790268556
0.418179855025906 -0.0421856215225227
-0.141323896916702 -0.809242056969251
-0.0495185879011718 0.827431538290147
0.47939543875733 -0.144992733338842
0.50782722008685 -0.208164439601788
0.223518882500564 0.961770473644971
-0.994049420694376 0.416222106703915
0.240747456287202 1.06525466024092
-0.301327808562023 -0.60485584995417
1.05655013327228 -0.0505453265598023
-0.448181973812947 1.04533666124317
0.497722435696094 1.01303945058004
0.586643419165379 -1.03572527824794
0.56161842106276 0.41355316944504
0.00322295201456502 -0.0208311789519343
0.6454334130942 -0.911525952029829
0.421473666423865 0.458621086147539
0.406648232957458 -0.478353452052631
0.697432458427341 -0.724928405310921
-0.28850183345666 0.066557303196593
-0.211843817219526 -0.233187370711334
-0.152311869034588 -0.268970384503292
0.434852139844084 0.52902473942656
0.682563864091922 0.291696759242061
0.483589780526456 0.550036388485062
0.535238185477236 0.63643704179225
0.861712460706055 0.107340869086949
0.186361419914213 0.833232955856884
0.837789701093926 0.820359870777191
0.686093022251011 0.748786148844037
0.0455206335362242 0.464277327523481
0.209840390311771 -0.949860191605954
1.19530222497708 0.1836068038859
0.967444720074989 0.47440355352356
1.18540111200233 -0.32075713603916
0.519546762280796 0.704486109536882
-0.0404905378691542 -0.00413913870028701
0.904512208579785 0.59982740689591
0.426994264227513 0.522302194201148
0.395871153272537 0.458759386443145
0.685900994893138 -0.422106101923172
0.635755077472737 0.396585445563352
1.08074903136203 -0.105655272152794
0.553493504477408 0.425888283761139
0.752632367861799 0.443915369858278
0.852188843606673 -0.352635225957629
0.750710882692563 0.424062437180393
0.454082992127497 0.195566041807515
0.919998657554432 0.531336078268641
0.279269136467948 -0.0236340634505544
0.638146026125841 -0.564043316900977
0.905504569085469 -0.44541850148513
1.10522752539262 -0.00130215346775134
0.821127299640822 -0.193819936322132
1.00610413691555 -0.431235909286658
1.11534028756309 0.0138036155509738
1.11702565121083 0.284496706708254
0.790657587201362 0.0359324168677916
1.0638286021894 0.252857380552565
1.09105417544164 -0.367529190786096
0.877351421364493 -0.124771432647874
1.37678775869229 -0.30109600813025
1.14899455392559 0.12418629592318
1.14991822858591 -0.308621633082515
1.38206576214719 0.208803516813851
1.286107866559 0.0342419366703175
1.21935442071566 -0.000383534050532122
1.27787966962236 -0.0494991678920058
1.43303257542585 0.0853058753827997
1.08982365245933 -0.389543049477792
1.33128152642959 0.0253624770557502
1.04345702094289 -0.00990939387107666
1.2363859926369 0.14947931778415
1.16824207407489 0.131165427742762
0.883537198658896 -0.0189890963351867
1.08244219720134 0.22164938613917
1.40135646377946 -0.266027337083785
1.38920092191163 -0.360645529535147
0.865003248873784 -0.148555822460183
1.17662784021962 0.137658043340956
0.705273115105255 0.152679130224135
0.81837792529774 -0.152953817459161
0.673135538227758 0.106356951196778
1.34035309229845 -0.0856011456467607
1.2596071260957 -0.147003614178853
0.850971413683315 -0.449028027176028
0.661074609259514 -0.0378716281262456
1.25010223983677 0.350650643432364
1.3773492352569 -0.275142571706518
1.24053672524346 -0.454683916889665
0.705239080198811 -0.0656406353024155
1.31106485460662 0.423022164907078
1.3866854238498 0.450712408389544
1.2625292136959 -0.134938269045404
0.983267096572184 0.214473247041674
1.5109898865016 -0.0343084831404502
0.839618201607375 0.156830737234985
1.47263092520317 0.0665833282083744
1.4077149518162 -0.171521207438267
1.28788731200802 -0.0034712532730098
0.723988429293204 0.263813502857354
1.04697099741505 -0.0693881457020917
0.736598182292625 0.170836426878421
0.94119034050265 0.338330864936286
1.32061166121512 0.428148625224817
1.34912768783566 -0.262163034538575
0.545050114234571 0.00225066277252861
0.852527133303538 -0.0307465448835081
0.675598050662862 0.0533476989519848
0.644811237860428 -0.0653660440745152
0.626564166325759 -0.10400561631593
0.663138963224284 -0.0969029989804634
1.43987432410324 -0.0442699938642753
0.917473888071153 0.270568310709789
0.672603121695901 -0.0334981234234313
0.564730007347315 -0.101929729906749
0.839851649650738 0.186955177710776
1.08282769160279 -0.33364413059832
0.721383870635806 0.123365167943801
0.519700425920041 -0.0175650424158339
0.838238426400852 0.219103128333931
0.431980231285522 0.0524869240647852
0.664122005917309 0.0995429855834257
0.882710625353504 0.302481697261972
0.749317957130129 0.0764892721273716
0.364639077620276 -0.0369743921901877
0.84907367370986 -0.26495779036387
0.40959012275479 0.0153737977927004
0.268247948242857 -0.0615700323163332
0.282828904501956 -0.0372485224628631
0.540882988008045 0.195959836519502
0.546526436037308 0.228562265375422
0.775554342523214 0.350679414205843
0.455971837303268 0.206262037464604
0.337982727097991 -0.0596004228867894
0.457243123501866 -0.0584260730994095
0.687031311439554 -0.193444797609944
0.188785831834719 -0.00939401261817175
0.525136963477523 0.281482038881806
0.42066018657352 -0.022711078953837
0.346041073430088 -0.23823923468202
0.351365284599602 -0.245662193464169
0.330921324302935 -0.248316703530524
0.36357728061068 0.045012996625426
0.323507135311577 0.130531593191413
0.360265792182487 -0.133772240593402
-0.19250112387405 -0.0126722982737816
0.32829242040173 0.0373078838431524
0.272689109257878 -0.189813151737637
0.442833316708091 -0.0316501830599598
0.220820527456606 -0.256009360626129
0.352758368894141 -0.0215600374150452
0.315155130714376 -0.00120603766663174
0.332618900025892 -0.0309238656915034
-0.0915636180450321 0.252502959905477
0.073483710123823 -0.159577668450642
0.0824277809647622 0.198336168680406
0.148290521203124 -0.341184505784158
-0.251255411000299 -0.253726771041304
0.150957383060206 -0.0481478181837217
0.204306135181915 0.0276800281562526
0.222003821922751 -0.0910706850740145
0.0119012844172206 -0.295539572625365
0.102945029648926 -0.0450790655180325
0.129912234549846 -0.0989897378398561
-0.000549143335032545 -0.228026051319906
-0.0502138153365696 0.390488074437276
0.0523518123284721 -0.0223492720608698
-0.175100276608861 -0.0876303271731187
-0.459738459467546 0.179662746939711
0.218250057061464 -0.0157476455307946
-0.52019184381355 -0.260789878111601
0.122698413223189 -0.031820149240421
-0.183586906639623 0.377167414412929
0.201144374183426 -0.11469395451379
-0.611065900455318 -0.345149162577394
0.0274565059656982 0.100915097309316
-0.328726141731504 0.188940348446126
-0.638372972194665 -0.25867261297827
0.0845916618536244 -0.147324169484674
0.0915765244676518 -0.239175247137267
-0.710911152528853 -0.26255026958017
-0.808951444161887 -0.283526488540566
-0.425475800538125 0.309699130097562
-0.835569442650777 0.105719711522837
-0.646738089185058 -0.22288564498376
-0.779469845512949 0.37888584760301
-0.0800011061465622 0.569281880061887
-0.284177340592439 -0.467392094186009
0.121812542133516 -0.326427487444979
0.068508469669003 -0.339837903458881
-0.519948158994727 -0.627485373036142
-0.50676573673808 0.551232081718364
-0.896071273691334 0.406955325447581
0.329115212799506 0.015873622349611
-0.780979390343498 -0.0248692762176771
-0.490771698069351 0.683531799460992
-0.602275279060184 0.582292445047749
-0.492219182886604 0.501016485417093
-0.612049950463356 -0.738430338334646
-0.755014927193415 -0.84632858243676
-0.798375943814304 0.499256076647521
-0.0846567028034801 -0.838395415939812
-0.701172474724794 -0.80159773500147
-0.20247923529282 -0.903944856199253
-1.17604221703087 -0.0724899113592193
-0.629286321577327 -0.786761431231367
-1.32751346349378 -0.0124338830860454
-1.28942508886645 -0.0569741979374321
-0.0266558540544833 -0.96139358875576
-0.0388300425290396 -0.890846415004007
-0.807649673792961 -0.903844273116988
-0.006378730939624 -0.851054983429113
-0.768518954387201 0.898878011004668
-0.786019132225455 0.908389045573221
-0.776570209938441 -0.93467898642183
-1.49485466726784 -0.0723530168875979
-1.52436756633122 -0.0684594311160482
-1.5487808843615 -0.0748379392533422
-1.21601499076203 0.63703647828602
-1.61655060497118 -0.0412358486041477
-0.988167537029552 1.08311395581094
-0.805796078391178 0.981815738996593
-0.890786268195559 1.02717778134994
-0.0547016164262989 1.06485336474244
-1.10480988353506 0.58865731868176
-1.38883327826084 -0.0818116222815232
-1.2292867699697 0.415764305498727
-0.851429610308818 0.889555883889115
-1.30117223016187 0.57731270748491
-0.683764918012423 0.797457706251674
-1.22620786092095 0.529982427413143
-1.51355747050284 0.0325026606760325
-1.11681235805848 -0.0438755940360758
-0.00705352835311618 -0.792073116973392
-1.43121169049208 -0.239403505398704
-1.24815255349463 0.455575069884511
-0.794278701099625 0.642966456010699
-0.733140610850635 0.70982223589135
-0.865465316204996 0.484186207034339
-0.659387096514515 -0.65586150893909
-0.780830279232207 0.654460932890394
-0.99245404031117 -0.11782548219478
-0.89315053594755 -0.115714949588238
-0.906898710026476 -0.109313767567298
-1.00123997562772 0.0662979742523365
-0.632918381170042 0.40042731501543
-0.612880526339859 0.380035637740967
-0.690816036018764 0.0347354174701779
-0.279092329474485 0.197689637475747
-0.71719788638521 0.161870837622579
-0.519642284534852 -0.397337103785521
-1.0519859174774 -0.0743120779516609
-0.857987207488706 0.0353772585481059
-0.64128950083144 -0.133230213197716
-0.269229776616404 -0.11447577726567
-0.713502449659967 0.219556390808916
-0.330851290367357 -0.0082262266188034
-0.507095972110916 0.161065181502041
-0.668882383086818 0.0575958883512771
-0.676796327726532 0.175503117005118
-0.306233836597946 -0.311175769910266
-0.416167991542918 0.124804832073785
-0.360474036737893 -0.16245594302152
-0.29794685819801 -0.173547338659337
-0.295773801368508 0.250931087538543
-0.379354073974587 -0.104964553126369
-0.324210202106611 0.206366060345572
-0.275428322819421 -0.143374950366746
-0.399040154679811 0.0828157822968653
-0.402526314145061 0.0316398725243288
-0.267868480878707 0.0916845007074578
-0.354626743466708 -0.126777310230423
-0.28995001248541 -0.0910914926336515
-0.138816960100231 -0.0983616071148998
-0.151287389476243 -0.00680805829620219
-0.277154072428755 0.0212808347004672
-0.211187743348809 -0.041390407455122
-0.130489417057097 -0.0772411566882635
-0.116491409066682 -0.053068638866229
-0.135951526849944 0.0181120126959384
-0.051868810713262 -0.07424249059155
-0.0399027732649119 0.109835570417913
-0.0296435535898082 0.0132373630488884
-0.0684846532069144 -0.0373787003202055
-0.0432240604988412 0.0350674688298758
-0.0899707546317824 -0.0148046192705328
0.0861103947503174 -0.0826182874941741
0.014622025647651 -0.022344132328529
-0.00656471669772527 0.0982955019048091
0.0380862223795794 0.128786861031826
0.191780305522498 -0.0509971954129176
0.00973778265120463 -0.0516331343381174
-0.149354486299663 -0.235378764829533
0.0873075824684854 0.232085187196551
0.0261301547800282 -0.166068631079566
0.217059536750354 -0.0255680739539529
0.2390051335122 -0.0584604918872991
0.247853802341259 -0.0679815252031525
0.165365815185655 -0.127143429007532
-0.394289740125705 0.138682528619173
0.112370308775137 -0.130410922757253
-0.040039005973635 -0.403630062424327
-0.23509534682192 -0.408369759069697
0.0742051943860267 -0.134567330263413
-0.841605271796454 -0.0738938483244881
-0.4841775795792 0.258037959326149
-0.0881425274135862 0.22899282348801
-0.28414010630909 0.411668660749865
-0.515218929244334 -0.203825062836198
-0.603214578837251 -0.184182722431923
-0.480184045486051 -0.367564957024324
-0.0335707532182659 -0.0377385330724406
-0.349164548954353 -0.438988586201634
-0.39966455550566 -0.461450655525205
-0.268013333979369 0.435299032323771
0.070550889885748 -0.152987257006992
-0.341875233175204 -0.411928487423004
-0.189312411475171 0.588198613862759
-0.276220421088871 -0.36646197882515
0.202852606701301 0.112832001026465
-0.249006655908589 -0.250504509102614
-0.219747679032656 -0.427675060549107
-0.620827225774449 -0.398227425371739
-0.294254150304862 0.435416282556085
-0.455810893085258 -0.437179757662204
-0.458684272896712 -0.305958725881441
-0.546784517559463 -0.362980310689249
-0.529323781011652 0.408489279191029
-0.839798272725034 -0.523537770492063
-0.107750022406008 0.0348183780443439
-0.600096597497439 -0.461831849961713
0.0419637932078694 -0.0098535559220285
-0.434633341064641 -0.503057415606108
-0.315097915400434 -0.55593109481527
-0.357357984634335 0.514957143938156
-0.665644567270174 0.533858921654643
-0.239688944906218 -0.472875408811564
-0.47634358345246 -0.453398200207207
-0.607972005133628 0.145251168282229
-0.26863291464057 0.0855370400400148
-0.170011850971579 0.117121243086709
0.0709057053101395 -0.0335707959147036
-0.776250494413323 0.121606896660437
-0.582477859364921 -0.0989367430911088
-0.617947193641192 -0.35585290165628
-0.0589067221939363 -0.019463372394701
-0.239253627995893 0.376087890863338
-0.767016424131072 -0.00544468599429959
-0.128314126620174 -0.274959486177695
0.191610739733824 -0.170133073230941
0.0749340459010627 0.400843612944392
-0.250582826583122 0.181382168258084
-0.415895954298309 0.0297384329255829
0.381266825490945 -0.0264584309247804
-0.300167428784261 -0.0166598969286421
0.109982175961316 -0.214956896711172
-0.074623152144013 0.0593781894336229
-0.325596413700805 -0.135081276935712
0.108532754695987 -0.0285671027560753
-0.074349184357706 -0.177450758135017
0.0372231689054116 0.0373164984891146
0.141872513769851 -0.034019726940686
0.0615360976624732 -0.0175820659711584
-0.553094149217408 0.125478586640141
-0.720221985576193 -0.0461261488548806
-0.0276128430626878 0.100789783193602
0.00194281385513759 -0.101213944441851
-0.0131251629604138 -0.0640872223211836
-0.115998351668144 -0.0128048425287284
0.0433881788344514 -0.0243813106781568
-0.108040173133451 -0.0204629743029325
-0.436141626297773 0.139657026032004
-0.182521207622958 -0.280405054828775
-0.354982993232533 -0.0903601467719543
-0.20856527051073 -0.224511562041494
0.0205987515954392 -0.200786874401441
-0.577481797789153 -0.0564869442435426
0.0532041546617339 -0.00754841633009276
-0.570097251095237 -0.104495302142875
-0.548594479354771 -0.0118646518593747
-0.524503758954659 -0.0410541760471273
-0.282630416650831 -0.105367433015919
-0.582170692626477 0.0372112319562251
-0.318728077560272 -0.105416528089449
-0.328176669977617 -0.15421428197813
-0.278975088218752 -0.123083156610418
-0.442464316536195 -0.0177106583779567
-0.22876744665965 0.106933528750166
-0.397987218567772 -0.0338649303889192
-0.309717708599711 0.165408893404588
-0.218933968253138 0.1549918086134
-0.215853315710256 0.121911633555541
-0.354616403756183 0.0609441065053179
-0.135135793925465 -0.0277051274141786
-0.17415682810981 0.00148174923770179
-0.396208020590073 -0.0817126390195652
-0.376868266180165 -0.23071206115064
-0.34094694191043 0.208472997813891
-0.32869947519805 -0.305473427535203
-0.576213061954484 -0.154619115383254
-0.146021831731086 -0.155942635890737
-0.316549112477626 -0.214367635918065
-0.230922455587866 -0.022624774751835
-0.329080807994708 -0.0429349130982101
-0.450746080152374 -0.0133138150705809
-0.214585083288512 0.0132072754262098
-0.300907651567158 -0.0303691272933982
-0.357099883821009 -0.0446226727351959
-0.405044046287689 -0.0331634342466828
-0.286795700637624 -0.148304653767042
-0.460004447327979 -0.0341224747032985
-0.283225417253207 0.00785372449216515
-0.457292560520532 -0.0149073788085683
-0.119360152340463 0.208825035658088
0.131164435183967 -0.127519488155458
-0.137091684702867 0.268548088879494
-0.211606356367029 -0.299520641074566
-0.16155103638149 -0.35626866650436
0.120806465537654 0.0951458826889643
-0.392361045833175 -0.338914532489935
-0.193892427638053 0.224479153286139
-0.115057174184677 -0.18993665220754
-0.31728148878082 0.156271120117255
-0.173090027614658 0.0991998975197317
-0.0773422613638232 -0.0722183812923383
-0.196653154862917 -0.00861745476894332
-0.104051050335562 0.171683246742779
-0.0725041177069892 -0.231768831478738
-0.113674399124095 -0.0254181440206517
0.0380614968975645 -0.0854605769786449
-0.228670545474412 -0.0741655363484297
-0.168470177774497 0.122921893784316
-0.113515549157629 0.167967925063393
-0.00966332103408887 -0.0120018807209607
-0.202990468223 -0.234821689191871
-0.271566385398408 0.170346442987408
-0.240417758181956 -0.0943987372103439
0.00972118109540897 -0.280594255550245
0.0886805342720587 0.109296235507198
-0.304219249569605 0.0505762675197492
-0.0642998547255628 -0.215367037740134
-0.0146556221731782 -0.0703018348540993
-0.16849737618958 -0.00816930715029983
-0.130503088732757 0.127839234035144
-0.163665538475533 -0.0169658676037423
-0.153101594978472 -0.0786515262647206
-0.0796866014882411 -0.02036318658683
-0.0644244321825827 0.0586680088879356
-0.100577506037716 0.0184048418168987
-0.00169968547812514 0.123367531133189
0.0110789785527898 0.169788877611186
-0.130586416510881 -0.201400351668367
-0.358629719191736 -0.02273148005878
0.235107356424647 0.00251893868878274
-0.327134421725748 0.267807655703717
-0.190452309817573 -0.323534882067563
-0.382753724087212 -0.386355858361432
-0.324062890989171 -0.260683929828747
-0.518475923071941 0.114365072241443
-0.0820018685065755 0.0184313213677007
-0.326534490209059 0.322391262152715
-0.147047097771072 -0.0749474473207987
-0.484388301671926 0.377540959693889
-0.112216963277645 -0.0850673783371788
-0.825404839715437 0.199691814097631
-0.378283315628631 0.39328983464605
-0.324390570082779 -0.410578192775059
-0.248806164732245 -0.392039913067407
-0.316956411123535 -0.419169922626049
0.0207644359461848 -0.0127135227585669
-0.587695489792845 0.180259000261122
0.151045296204961 -0.0257893007426585
-0.139722081865357 -0.320024389020031
-0.0648004489531986 -0.390453855362567
-0.0403410784633159 -0.367166662081913
-0.268125958585449 0.266327441218822
0.0547016742234287 0.331303256911666
-0.336389152743236 -0.330830977211617
-0.0631824613641239 -0.305873561668717
0.124980838747397 0.143529115473762
-0.00218735883277479 -0.496139471999239
