0.258850148629615 0.771690392621731
0.117079378837882 -0.45136037658285
0.332389682850524 0.734669307617132
0.611415326961805 0.0905850362312445
0.245502123285641 0.552727117411916
-0.185265371217426 -0.515710965082146
0.585389232981573 0.030785047100672
0.278525381512349 -0.349272388493634
0.270918978185832 -0.379374172097501
0.130812562978236 -0.234588738120657
0.452451332811986 0.0249587227698168
0.570850931323258 0.0378150191993922
0.017985794820401 -0.373886854962667
0.395290197772846 -0.0878455359550883
0.457815205204931 -0.104404015575673
0.112240598310195 -0.05902430211814
0.326650953661168 -0.202600662609803
0.145743968490044 -0.29794094599671
0.236437347798702 0.325671900521205
0.517973016409237 -0.257039539983368
0.440604387892148 -0.177030967577424
0.398927923347492 -0.190250928040543
0.490175491198857 -0.0721476159892955
0.535130075985722 0.375312492205422
0.777063391045295 0.0843472400005875
0.154906389631316 0.273332595913339
0.420260077666847 0.373636921141315
0.380495260997245 0.329917147322883
0.59949818044508 -0.315516606831459
0.200932478370657 0.298080269993593
0.85800244786897 -0.390782136628234
0.780070283723092 0.0694629158326953
0.76325796076088 -0.39196439123863
0.230261567731996 0.0459213009721568
0.81489024322163 0.414725827837729
0.918144762873004 0.263116945579045
0.870612874884198 0.361370673884268
0.831354000669434 0.386755255387673
0.781785397791958 0.330865692948322
0.324941504501343 0.00727946352313608
1.30436724661897 -0.296366672015771
0.240000092659928 -0.0187174738665967
1.14370581657453 0.591799750988615
0.273540790195408 0.020623872893661
1.13604526701232 0.613640625308412
0.530240654573727 0.679016699463284
0.117043393989733 -0.203240357647853
0.750136166194378 -0.472462390549802
0.497964769339778 -0.592378354819664
1.0348220244305 -0.061030393667857
0.903616557489228 -0.0814721851898002
0.761663121022935 0.196176232618677
0.162612774474305 0.250328250759442
0.665447349850698 0.0498187843968337
0.903513999211773 -0.0482161295751149
0.0903715211726693 0.0220998968809391
0.873921734890526 0.0143085408134511
0.682490838806621 -0.202512055642456
0.619916160125315 -0.0451524802624186
0.781423579722125 -0.23450475896428
0.827533623991365 -0.259777573117237
0.777318668228976 -0.0794764503807239
0.84280761251095 0.184519683472018
1.05239181899761 -0.1482126730698
1.08040140884234 0.208628556427737
1.13944988013096 0.184095324526199
1.01074225235082 0.0953119917632875
0.999263858907318 -0.0817237414256458
1.13948505959481 0.0662738758065058
1.0984842869602 0.133121364411449
1.22646529887176 -0.147652858379654
0.719311989955981 0.0107680679621804
1.1799384653753 0.378848395886744
1.20841875551183 0.0647764211758145
1.41432741226658 0.0998278588162203
1.39952719213172 0.0302561090553787
1.51259323995112 0.0865537989049178
1.08251654642244 -0.441824268378816
0.576025160923858 0.539988775442846
1.4386502552537 -0.121055026567783
0.753335011156648 -0.207021452199317
0.463198531799182 -0.744122018521587
0.54693556487559 -0.30196515257895
0.506020005234876 0.576605749029396
0.135174882819368 0.272190534181157
0.32787024879752 -0.573492255888295
-0.0552149342131512 0.0233966169014172
0.367812776007909 -0.0560910403445457
0.418061415047274 0.368488628016963
0.460257675635614 -0.358991993891357
0.181572319501207 0.0947248522970848
0.660154096055683 0.339590447779238
0.577002139195646 0.182022239218436
0.648014481021602 0.272525586356937
0.388764245483867 -0.253673242226019
0.135327375307247 0.00822943431773962
0.211638933796134 0.00444977839307496
0.447892761577646 0.151140532350304
0.44539328237885 0.280888508306354
-0.0235683629340533 -0.0653308924868452
0.0193643769233934 0.0151741538691891
-0.16158984502574 -0.0945037526629015
-0.0876661646628931 -0.0115370677385247
0.288299429877257 0.531216588370187
-0.253563254346173 0.026294445541045
0.248830479211919 0.601685345435788
0.133186120070233 -0.693399988772716
-0.509677175165672 -0.157748835633888
0.207533672390557 -0.715254181240899
0.199760840497294 -0.63736830380852
0.202587643633668 -0.662519614609423
-0.864731056668679 -0.392961542799024
0.704051847024441 -0.473919052859322
-0.500753482416468 0.571489947694011
0.6675538888627 -0.338777910565738
-0.728722693270197 -0.987857309637869
0.276641321124616 -0.23334602684243
-0.199405249348427 -0.870734555748992
-0.372919074653971 -0.601667004275613
0.390535949888837 -0.0102062635179277
-0.132487890394403 0.730846236626004
0.333149322766977 0.0697910870030806
-0.0533970063410607 -0.542349633090785
0.0359773009577539 -0.554450454295931
-0.442464071664942 0.549139329003964
-0.0260209074102774 -0.411035591994531
0.451778912232373 0.0132931370369481
-0.273194441829452 0.425857324738371
0.528336550042427 0.0192438762294559
0.325660290482668 -0.321815844655796
0.409296529337315 -0.352086044832942
0.38153414199752 0.475138155994416
0.270225705376966 -0.164885339391397
0.218467985883966 -0.126679873071543
0.326807731626085 -0.150287529749351
0.475979742518497 -0.014476652785285
0.353504359573144 0.0513269358244499
0.159837473276194 -0.169032087009207
-0.0126819119436248 0.239759470361468
0.159398877820756 -0.0983308503628408
0.10964417716138 -0.162336881277965
0.133834525773644 -0.0112147867138617
-0.118811107614017 0.0924207484944716
-0.312740976192647 0.0920267267150973
-0.254758246716294 0.124204891246222
-0.268342433014003 0.0870573845394966
0.0338259595950353 0.040359709791377
-0.155824065672739 0.107734535039705
-0.179498940821993 -0.0140404468539365
-0.117945835013953 0.0312940898576894
-0.226231666886337 -0.00384599661623728
-0.0568175205189926 0.0085139557754268
-0.121610400311714 0.00320375049281342
-0.197912554167069 0.0206921161934984
-0.166100878015422 0.00937962669075048
-0.21101334031829 -0.0343379539398555
-0.100831772178098 0.00854854586614382
-0.18158860106142 -0.0318890518964143
-0.028864227884303 0.0455928131005377
-0.148288438773954 -0.0350073370797626
-0.0366507350183654 0.0294623076603622
-0.0427284971614213 0.131314171914784
-0.11925572352215 0.10928134575085
0.047074701656012 -0.0211169889047259
0.0602309525596304 0.0774899307691605
-0.0101830441477103 0.0589768142444087
1.24134567360268e-05 0.232635800327604
-0.0866142117368094 -0.0419472382881749
-0.103110573961599 0.0527204060411823
-0.139098563066531 -0.0357495243881964
-0.10783488372814 0.179790302318015
-0.0715007434737733 0.108277204250872
0.00509999523166907 -0.160110941704929
-0.0844363082043051 0.147256433476022
-0.277426055175078 -0.0199399671004778
-0.230589037307625 0.00268989490168318
-0.260574502319906 -0.0665570067677824
0.0522025898649264 0.162445954400323
-0.309532664462484 0.0143658341405435
-0.209094483839756 0.101117995814793
0.209357639761837 0.1473753731079
0.0601257305956969 -0.131345911010662
0.0228277655658458 0.0576605823829048
0.147749334584729 -0.0842137434839148
0.0340539607686768 -0.0982463434824556
0.0351203340110508 -0.0308923074433325
0.0879271362896412 -0.0533024159778532
0.0846135797592958 -0.0126501647517676
-0.021625896535664 -0.0224837491252714
0.0158345926469736 -0.0115262253669189
0.0916664167203563 0.0760409726111699
0.0220712689925502 -0.0134623108326178
-0.0497037775024705 -0.0808346158811356
-0.0480994368024914 0.049579956450922
0.161014490476945 0.0728923275790512
0.0931279488202084 0.0306725184234551
0.0497078728420469 0.0390228673293054
0.0707016704298464 -0.0736564324290198
-0.140424578532064 -0.0659199523194162
-0.126736441327149 0.14820908753088
0.00947348684193103 -0.182201550137534
-0.334593247035457 0.0083278522539572
-0.239801480649963 0.0763853388063501
0.316943920730468 -0.0250752712366324
-0.328682124495853 -0.20789873204156
0.116755397979157 0.159332594110727
-0.0610233660587245 0.167150034143469
0.209537623819259 -0.0801926906051021
-0.062682700547033 -0.338693930128252
0.311204849847141 0.0270660666007028
-0.235844926923439 -0.271061926775366
0.29061094250674 -0.00763376156942422
0.123734633163714 0.0364465900540543
-0.0996108860308838 -0.255969826738088
-0.25166918918334 -0.140988104955614
-0.0661406598408588 0.0206720147325527
-0.11577558243856 -0.191870716569032
-0.220570769872256 0.279053186304519
-0.00216556258017844 -0.202431689102679
-0.368117096773942 0.0317993030450274
0.178897515902439 -0.241572209156098
0.213718173914193 -0.300184375612567
-0.563220467323557 -0.0475352588488257
-0.326535662988918 -0.461902091127028
-0.281988920611965 0.252532160522715
-0.0687679085495295 -0.305719038223033
-0.42787749892218 0.354646610577754
-0.167998228372266 -0.200105129484783
-0.54702630284018 0.123313576460472
-0.100543455496631 0.34998396714006
-0.518124354208878 0.361986958879819
-0.586389208670823 0.29858340206815
-0.578083453956706 0.209802459625717
-0.639200439538391 -0.394169981118341
-0.921620228192279 -0.0158833426931894
-0.929925860371014 0.0420484189206635
-0.678899020002973 0.241331093443667
-0.757188748876862 -0.406986365666659
-0.771702712152949 0.348691903992472
-0.948094282310399 0.0645494807501657
-0.839810584354646 0.261257764042067
-0.82099748562517 -0.422387170965687
-0.847527287002102 0.366149811946307
-1.22841742675375 -0.227441891439634
-0.703608363977869 -0.253053089714189
-0.89397273371877 0.44951528829836
-1.31226700225272 0.147021459667644
-0.980662578982667 -0.19867499611444
-0.799113476143107 -0.368213410798464
-0.775968806638776 -0.318019852186654
-0.483477140523215 0.0438932405321398
-0.994980577398911 -0.488482526898349
-0.956789694348584 0.188742401306258
-0.770995078026406 -0.254477811983562
-0.846649195284824 -0.260718725011372
-0.584288752062158 0.0737375237757662
-0.925691343214798 0.0882578101451747
-1.03382769632922 0.0331060220426554
-1.04877193275405 0.0557945415619367
-0.973951217707534 0.124211562474045
-1.04616654855259 0.174102191313232
-0.859889994014047 0.0621569204162873
-0.782894154708103 0.00285693932776124
-1.04832210911268 0.134038147686683
-0.849389144044795 -0.056117772238741
-1.04295565181386 -0.283078982340284
-1.07137262779417 0.130358495849435
-1.01806287320863 0.3458938880493
-1.08977415808398 -0.0461137230908461
-0.515477179816208 -0.187496730232668
-0.874429382107342 -0.551392483241264
-0.354725637888451 0.548753848154412
-1.27048034894107 0.0563156462769527
-0.656194702943101 0.489641801189378
-0.505362948355095 -0.640473141566872
-1.19260117870634 0.161857136122257
-0.417555146255687 0.479541392246403
0.087987747520732 -0.449804778349679
-0.0300699494459169 -0.670122388519856
-0.257581594775808 0.580111436449114
-0.380605334383402 -0.707435378272086
-0.400988190536851 0.768725069164369
0.358907441983109 -0.783596763081953
-0.162385073845953 -0.756810527039638
-0.715224695336614 -0.0470362216412148
0.486895960659187 0.978654310784629
0.587219928213605 -0.922963496679123
-0.800443999986295 0.0349477190248542
-0.201630164204584 0.956826418453687
-0.183528199340751 1.01445351941725
-0.257163121966368 -0.93999140137029
-0.308122430332856 -0.955815159291725
-0.36574924975407 -1.01781449298401
-0.722810598847441 -0.147701074391488
-1.14410605729004 0.00395168638326693
0.111411130714017 0.671612144268551
-0.901795433023101 0.230012546437601
-0.123357840401515 0.921422513969647
-0.931897889349968 0.369291718554606
-0.119858679842309 -0.977160312405365
-0.39320749176183 0.679207874473833
-0.917688697540783 0.613073317781233
0.168786186352523 1.08701608954848
-0.568864965951665 -1.18776632955816
-0.899570888028921 0.861614843566038
0.202101995698681 1.14379771428501
0.527409760445193 -1.0406594088879
-0.514833719054556 0.994115956390816
0.9904860135658 0.0649918762341925
0.448698742613465 -0.794403625688903
0.494968144762596 -0.732830206908724
1.02300967375384 0.00484454109125818
0.821112485676717 -0.150226343415021
0.755129518358464 -0.702208336093144
0.729555253175035 -0.300894226320077
0.424255216508954 0.821514556908738
-0.547307892822792 0.298087898069658
-0.478748877581324 -0.418891170052364
0.0175681206032918 -0.0137225227514629
-0.273023292424541 -0.189479964170794
0.697606380494723 0.994426310817096
0.0715167431185863 -0.884402031367449
-0.485084882990831 0.0679645655375582
0.91022650095247 -0.653541825269649
-0.349779382324243 -0.0064008502017443
1.27676909374778 0.047297982359395
-0.426393945916413 0.0205306480145706
0.0917930040583112 0.827796923359971
-0.229429274797134 0.250950977350145
0.356168428507732 0.54487029321
0.594781446289611 0.88133801385956
0.288784705260223 -0.662228688451087
0.384353550708949 0.416925021713102
0.384862118776987 -0.42530856150408
-0.311832068389018 0.555582460440401
-0.0254562542743523 -0.844568651384582
-0.11918611673405 0.0156971241954312
0.159331977835588 0.374863698447288
0.0728822247065774 0.422747257203615
-1.0330625123328 0.248993403701725
-0.509418262823473 -0.0176421807445304
-0.199180950537285 0.487257863060039
-0.745387989193652 0.712071326925882
-0.00186630431922757 0.863337619898031
-1.17180545051959 -0.0105602470631021
-0.0101911252426328 0.689710189662232
-0.025855444144587 0.697238571003815
-1.13240954823672 -0.00481770956153371
-0.640823412282639 0.473009626343632
-1.01221518893718 -0.19129811868178
-0.251419266417802 -0.648230358802129
-0.658207543490684 -0.55861350748192
-0.219246762965799 -0.570995229511224
-0.423002206277863 -0.447546659882485
-0.613727858672737 0.0113742168802206
-0.657587005008542 -0.55929736930996
-0.19153134711827 -0.154266749755962
-0.692032746286168 -0.518160593182111
0.0789939329591472 -0.061250740807128
-0.732039429954317 0.25541256798288
-0.663894994423399 0.207755339137011
-0.975844031850924 -0.00878517699080161
0.0188257606176435 0.00125228963014609
-0.391198815444452 -0.224593188915531
-0.67272426435795 0.26654707609232
-0.400594919295692 -0.291574492162202
-0.00351049258564012 0.106461695573923
-0.580604619975862 0.349918650516261
-0.21406936586863 -0.30125963463009
-0.288294322825417 0.479280336667202
-0.277874038112442 -0.334516486899409
0.0128537381890442 -0.461441087995996
-0.294779351201217 0.550737769335288
0.288772694876367 -0.121481626674493
-0.449628178882501 0.128587059569578
-0.0948224074241785 0.537655281350177
