-1.41214493504155 0.29282082825596
-0.778222463873056 0.535369116073186
-1.21622691338124 0.433155709701211
-0.779428600535162 -0.295059521843049
-1.07111875280016 -0.43468759110527
-0.733910801987978 -0.303266788159794
-0.236107299727131 0.00879581325502876
-0.603620534519115 -0.165717475302429
-0.462049400411289 0.372736069195087
-0.699776291215765 0.23673127765989
-0.361351302684268 0.285178662454487
-0.118747057093753 0.0641309373770156
-0.458914953378868 0.0868740530232019
-0.461228637612097 -0.202610449233506
-0.451833524725757 -0.285136263503879
-0.197185386695658 -0.263339003437342
-0.341148034237654 -0.168564591289835
-0.123336311696668 0.485436876926505
0.0553182739189999 -0.120278690032289
0.119374409471314 -0.0342222843970727
-0.225149923006234 0.250307253966307
-0.430939073641098 -0.188692258008214
0.0667498253891117 -0.300698492808219
0.316427724267558 -0.493445097161518
-0.1540793131501 -0.496656308515864
0.365247240667201 -0.438919820305103
-0.118796824284101 0.389722465394653
-0.456453064430896 -0.0749743299315107
-0.197723066973509 0.478523220167987
0.213183024086522 -0.528986860746898
0.174181406869911 0.425897631101355
0.087463861323906 0.473022440877605
-0.239472831010549 -0.38814837548138
0.0931022046132561 -0.506365264135931
-0.500619058335338 0.501239064888682
-0.784986795607604 -0.18148566536638
-0.443701852538854 0.0913344444621106
-0.431849360644778 -0.680374388475534
-0.0312690712266948 -0.344518223067223
0.00290595898252984 -0.358955077579994
-0.271664189840942 0.615737497142897
-0.479917905818476 0.399516924762033
-0.13892202735129 0.00434962595582495
-1.04956568322703 0.0035135076335091
-0.635782075326427 0.343775505067971
-0.329255559839132 0.395078160394283
-0.184297286492888 0.434191144315863
-0.221312207983689 0.384416055863119
-0.188659119512489 0.274333299488984
-0.256623510664914 -0.377996084240954
0.160722387526777 0.379938712181341
-0.219591595279746 -0.383805483584845
-0.313696326831581 0.01052295843348
-0.0467612883626314 0.168208133679561
-0.0249013799424918 -0.325694034203316
0.0153736651665663 0.116945346560559
-0.125135707158351 -0.288913314743194
0.0521257881964433 0.213732660654058
-0.0917550393061497 0.271713308531869
-0.0928820361760247 -0.311762310610109
-0.467715720355833 0.0203329050278004
0.186202546808011 -0.295371229049958
-0.589967314869876 0.0336016645298456
-0.397122183934204 0.097247260125001
-0.260144047104214 -0.448440035023179
-0.271581230708445 -0.345539173409054
0.000809544583652108 0.0660315470242475
-0.712555440855957 -0.345908540167477
0.0346923862116983 0.0610865316079669
-0.208203509058926 0.560141994164068
-0.0689645103608298 0.551998732017684
-0.626320887883566 -0.624015052705822
0.323365301002419 0.177698492703129
-0.0422097982238777 0.613755129599196
-0.573915277736696 0.65128424573694
-0.523562720694474 -0.361867046494865
-0.488048850130552 0.605938461895855
0.0684520392841956 -0.683833422828948
0.00926281818211235 0.69332990971329
-0.321234375658678 -0.285414597722679
0.900266212422065 0.00828835837611281
0.463317692511712 -0.26664831612062
-0.423882984013558 0.268125576537061
-0.464525816237503 0.153670002793425
0.378456869072872 0.538229069362106
0.43851474811315 0.548786185546755
-0.188902303952732 -0.663523040624905
-0.133484475722775 -0.63437966609835
0.482169989080574 0.417779776479622
0.106104267340371 -0.385439676936736
-0.040787383500757 -0.532093232327883
-0.107629447435996 -0.0569748293989435
-0.0550830013662158 -0.0959037676649134
0.0629608575020516 -0.242283353594045
0.167591251811369 -0.162555750470203
0.00211319384979283 0.335898106014667
-0.0127003639351329 -0.309166175844179
-0.024851372124158 0.291759050938124
-0.0731977713926425 -0.165436051552727
0.0978636553533314 0.00982962511386077
0.0767310078851837 -0.183581551502938
-0.117590789596957 -0.0772932257296821
0.00152152586204819 -0.0574872163137795
-0.0228091926001276 0.11631256354104
-0.078634388725202 0.0456855768283651
-0.076432185427045 0.0225510028696765
0.163488748534124 -0.0063308798493092
-0.00699971929812424 -0.155871559693115
0.0245909541439577 0.183735363704542
-0.0436440865705885 0.111424998670621
0.00954433266020742 0.0111507286108085
-0.0858040481806347 0.352028422908236
0.13029908355049 0.0456283489839453
0.333869061183044 -0.0547766111005197
-0.284758322499637 -0.223219024539702
0.167083215134723 0.00261794903385809
-0.00146821116535034 -0.101469829940164
-0.020293298256221 0.317239499850607
0.230675173427432 0.155073660532944
-0.341225181157188 -0.486141092061917
0.0338945047223309 -0.496917172814773
-0.319354130067385 -0.255307319547399
0.248402795135952 -0.225311820608356
-0.000636221824185081 0.530919109334466
-0.154398300271803 -0.423798829592513
-0.0430978049722317 -0.458791075882246
-0.499279323766958 -0.565815435466263
0.290050986493851 0.0463292524998821
-0.154937916270742 -0.350629430228165
0.0652752920506675 0.554957602386202
0.270952974398194 0.111180910289706
-0.547077838682825 0.286593880928795
-0.529687920063018 -0.333130020147967
0.294356328039624 0.0384945007936755
0.286594714771012 -0.103104754372318
0.13325318146693 -0.0913775627904177
-0.727850646677928 0.0184003800347766
-0.407303058751508 -0.470931382451928
-0.147217081382502 -0.136941505232854
-0.145512222977168 0.358882222140052
-0.326037017835207 0.176606592485822
0.187418910977459 0.485238473873936
-0.315394128984414 -0.438478650213311
0.0851841099452474 0.430808379591178
0.166721034973982 -0.382077940495744
0.508373546947334 0.117947887269001
0.50658156706936 0.136037767330098
-0.597533597136677 -0.0094687782992169
-0.221832707379214 0.180195996636284
0.717730174981068 -0.167653763988023
0.604115362916044 0.303667954816985
0.372530568666347 -0.573958143365387
0.0128930921606288 -0.569348100228247
0.185367562667843 0.540877384438477
0.405436017891287 -0.148471915634541
0.290151546719797 -0.202193534825502
-0.348557361915466 -0.272695369396475
-0.218978152202292 0.209591318295501
0.0188435236381868 -0.280843198668658
-0.145764166173808 0.154162220707474
-0.0198121084876642 0.30189586682258
-0.263443103013274 0.288153560532062
-0.327601748203045 0.264508890917451
-0.164340635596857 0.483736178746765
0.282939531709356 -0.181217033085967
0.122049273251319 -0.301042977056373
-0.172112821356808 0.1254216195951
-0.203042513970835 -0.016251808515061
0.0466897302950908 0.0343463850970118
0.0250560678605216 0.233825131100429
0.0184510818578692 -0.145284003612
0.0800160759014589 0.0923646174127113
-0.177856318635226 -0.112783386090776
0.0319098237129361 0.0354429896311556
-0.208367064709936 -0.106670590528545
-0.0356743264386191 0.044584568216233
-0.159949951301058 0.0199844149436799
0.0160172878910161 0.0430650729620745
0.0558404460182814 0.0341460359393084
-0.282964538690677 -0.253925988702705
0.151381843624714 0.0768821628378768
-0.105385096643212 0.0286345127054082
0.162236466391032 -0.120040391444212
-0.317076577930226 -0.112329172096823
-0.332035414826369 -0.160053914565268
0.0873372634368001 0.0756376468447821
0.00291119988528808 0.254962101682044
-0.35847152819382 0.216098265215183
-0.259845657782614 -0.0913561547146194
-0.247714648527178 -0.0767414625045942
0.110717358702827 -0.0653833444481479
0.252373027185981 0.028322923491053
0.334715038669565 -0.0139099080291155
0.223714543596935 -0.154163690882199
0.288215750761984 0.18909091787508
0.265979579736193 0.00114825571962178
0.0107279480208916 0.0708831734915223
0.420558069301383 -0.0446045371373999
0.311095812271365 0.0582946990781001
0.283242333456228 -0.196448365483581
0.348452477699525 0.232024759093695
0.624098571115236 -0.223938884389153
0.783636461272165 -0.285618114075654
0.314166549791963 0.0339791456847158
0.606157288394323 0.15622105610177
0.790775824777659 -0.116721790699936
0.686577362411286 -0.280461884000922
0.642585059312101 -0.000104387321803197
0.662172743504962 0.159516669361557
0.736662652423214 -0.0261460428836956
0.744461061563504 -0.0173541594362586
0.610989384948251 0.0648744830230591
0.588864982400835 0.0562539853916364
0.579513726377214 0.0932670721372886
0.798776257542431 0.183875963406449
0.49580454898406 -0.310484536622371
0.882379499712679 -0.122079379287529
0.234071887471096 -0.186894703102936
0.70042652345363 0.292663119735812
0.825181460802288 0.176382853566185
0.469569047638255 0.0910546206369092
1.19147648709499 -0.225202817071282
0.975818584320574 0.209449340562213
0.929556913751847 -0.332062592439173
1.14247015722067 -0.16146886122058
0.919555227112195 0.248080406766036
0.889271753471 -0.00395240645776357
1.18623981298079 -0.0478861013919282
0.925555036142422 0.372544993114205
1.19077705816439 -0.0210585690529519
0.740197719684086 0.162115703089103
0.628972900077852 0.361294905958595
0.851708362763008 -0.278836901571926
0.357269485234718 -0.366827367692833
1.02227800058559 0.116219566800477
0.381843250537572 -0.682135591642132
0.486495823111969 -0.232900900775478
0.626701117080215 -0.580307067206983
0.853628611438057 -0.0846072616672666
0.570741634703906 0.596147346893405
0.202126655088034 -0.837123576045756
0.399750495431581 -0.648178708415563
0.549086337504287 -0.472557308826987
-0.0811104721447051 -0.213555175651407
0.528116707848595 0.710287083087227
0.394898639352308 0.261797605458828
0.391726572937466 0.189251273757688
-0.233170343314758 -0.600700802222382
-0.326973623395304 0.581553133078016
0.0171625262209786 0.411649477139
0.4226034974027 0.0457577157698366
-0.488371310994706 0.511260007196632
0.453812022651001 0.019430960363955
0.142295078577746 -0.568475353370247
0.13017377017219 -0.640928709225088
0.153394118040401 -0.76335299852314
0.684169103661458 -0.108345744332819
0.383579621226734 0.0138258951497991
0.719219462669964 0.238582069056142
-0.761833771728795 -0.649207927269199
-0.961321359203874 0.549162728739693
0.462428427364874 0.171995161233047
0.409562892394562 -0.256286819794231
-0.355761937248488 -0.931481940131207
-0.425497072824974 -0.960155915205715
-1.20136107118731 -0.606612780454315
-1.16574992440975 0.780953438482937
-0.510463985322521 0.957177672596846
-0.154060250799166 0.402070388058927
-0.277179439469449 0.477985547280339
-1.57714880608721 0.0816719559449443
-0.707914771858868 0.7540968247461
-0.952356518423734 0.651794928812009
-1.2226640668945 -0.2011608292584
-0.801040613899294 -0.49054355190357
-0.675874475901262 -0.394125065554392
-0.799246410608072 -0.365822497576999
-0.528559628619304 0.0863873790800023
-0.834077319029727 -0.234775487359594
-0.788701641636177 -0.146264362955138
-0.751866868397141 -0.1406148465545
-0.778351318930549 0.290997077713481
-0.639397074643355 -0.0694922457881631
-0.520944764275763 0.039261777690801
-0.983924477120579 0.105357804956402
-1.05242115859562 -0.174061904539059
-1.09358262083012 -0.136894729123757
-0.933134976410708 -0.0124447115646184
-1.00225493659008 -0.042188127992407
-0.798998365026131 -0.269845771926792
-0.842805893945645 0.510731258065243
-1.01385263522282 -0.613700383015734
-0.39835292744007 0.70305772493512
-1.25745636907234 -0.259177991719351
-1.37886401212366 0.00819394001327702
-0.0997208933172908 0.630620228327744
-0.267802038284296 -0.80322393100105
-0.86888601005253 0.931634314351885
-0.76088039398084 -0.894763328912223
-0.580372142902974 -0.843937342542176
-0.618247091746994 1.02467671068333
-1.16903473403496 0.0144830809407652
-0.417798949618022 1.08147975185873
-0.286591387347427 1.01660791867826
-0.836054632441639 -0.0384831582042945
-0.140337315706192 1.02722600495705
-0.04507240935419 0.970546836559925
-0.187569675063945 -0.972117978093082
-0.736916481230513 -0.136032937093997
-0.742985724306252 0.110397004991116
0.210665445865417 0.943376225718624
0.238632741549031 0.991748880061584
1.06778840809363 0.749905994125252
0.171796060702474 -1.00564246033702
1.25752908975508 -0.520698222099617
-0.161289201609598 -0.352285883274001
1.01507190937161 -0.181625934103537
0.0336138348665124 -0.264980799719741
1.75375561485213 -0.0630702838292208
0.205516630006374 0.301176439370232
0.948293601096192 0.325802277475877
1.2679684562533 -0.793833270264201
1.17944442673058 0.746726342046548
0.796775145817274 0.49128126346096
0.019709472739398 -0.0126808692346544
0.640194601415245 -0.648776223373984
1.18698764761945 -0.46160554344914
0.949874987445278 0.781194056706861
0.30356323605963 0.826427369792033
0.481838136578195 -0.777940506846776
1.07228817046164 0.302418425881388
0.821168439455802 0.241122835088192
0.54902639594631 -0.771831120916749
0.550651060426006 -0.719349105925407
0.540177040358675 -0.737367471362094
0.607387661578327 -0.621058858882027
0.673952882487538 -0.534187864599272
1.07636045774924 -0.0390536844643897
-0.1396821427669 -0.601663802558477
0.913002740236094 -0.292738848216628
0.503977796094399 -0.781624029666313
0.612754301545529 0.761546257699944
0.837678942841735 0.936644254176151
0.112823946843901 0.527923876505051
0.793419822138428 -0.468428080479227
1.11091926163353 -0.463553535017672
0.0174550361229737 -1.00404549059969
0.629083565918756 0.506731507142134
0.896037080143896 0.633055115423906
-0.427658039426261 -0.150141659100582
0.89366649637836 -0.557811542411701
-0.819636086412815 0.0337094285668685
-0.571342962791237 -0.0779402534933601
-0.219187640023897 0.820265858659399
0.353971776919313 0.777917896480403
-0.336322199079308 0.453243311692495
-0.146296219480192 0.65076769890413
0.257346551130224 0.669144091841185
-0.75742125022043 0.0482771235032248
0.151644591470906 0.58309311147081
-0.699887780089436 0.0273744268690311
-0.846077443605191 0.0146770248325616
