-0.804024233211883 0.145776926055808
-0.929403762663684 0.331613733017001
-0.165759939029502 0.0180006446771364
-0.764124885439182 -0.18636743011457
-0.147257836202437 -0.162354067554234
-0.814942419880297 -0.249091447688616
-0.3667241776971 0.357257984169501
0.0339639163025695 -0.0700877524427403
-0.386860418568568 -0.544824167375129
0.162372719502513 0.545839054971863
-0.036837409832037 -0.465379250405398
0.558025444407416 0.0978645840504251
-0.356236980127261 0.498930950436524
0.261316608436428 0.541297282354557
0.599029378669678 -0.28654365288377
0.775134967807895 0.0353543151312335
-0.0311921989476818 0.75921230559862
0.180280984812411 -0.608744497285698
0.417854091114984 0.382976834617086
1.01482421814541 -0.130661208006815
0.1445080243011 0.162457223575106
0.280541298333985 -0.381218224894639
0.559777999016571 -0.112580207334831
0.237370322805432 0.323693442484826
0.372428198274245 0.121441112742296
-0.0518018490425333 -0.00588765813691009
0.342516369752938 0.0474359055956659
0.179548917020499 -0.299874415640876
0.0665807499150152 -0.291766532408199
0.0531888479494791 -0.203681321164202
0.547954541024505 -0.285031016678135
0.284426133857086 0.482231322198656
0.0353347132848133 -0.694982513684801
0.116516149638017 0.802897259849714
0.15718419117321 0.587808471209752
0.114655778939001 -0.703582497390151
0.634131067139955 0.583187265748963
-0.738897430908422 0.082220300795622
-0.281577881880307 -0.19084651345523
-0.0163665487282889 0.749234494386749
0.23252444318021 -0.343573766402269
0.160061920388523 0.368851474116285
-0.044774887017651 0.23280467511141
0.468531529648662 -0.170434512929251
0.226757359254763 0.14876056694431
0.541487912172338 0.0214930864282937
0.298588130131487 0.208901101070936
0.408469020733299 0.216098443932269
0.102226700036288 -0.440213364219542
0.774881625286338 0.0112069670589143
0.317981247963168 0.550177657163843
0.217664517278776 0.608252709261927
0.423340408620447 -0.161606433141305
-0.57178786141258 -0.0334110815205202
0.00911942790078864 0.611043521936688
-0.232996451796721 -0.347094103625131
0.24379888229303 -0.156133126009243
0.0697681257447561 0.452516747382882
-0.665428056643644 -0.363745656008215
-0.470519973230073 -0.155958920508241
0.193203593953321 0.000541110041649158
0.252874596834482 0.00223174808607819
-0.161689032822351 -0.383400213305632
-0.172739028565163 0.420640106016266
-0.291375440796784 0.262085963956519
-0.18840364014707 0.310298451737553
-0.522815804311787 -0.204216079292222
0.100678577241783 -0.087066443710642
-0.196220689199358 0.252318269212535
0.0101062586974134 0.301680693649512
-0.198637841884774 0.204569364044096
-0.302632989099488 0.0525457752239588
-0.519327585152593 0.220959100790594
-0.373384550528495 0.0688291640247125
-0.38550342472898 0.0780807335011201
0.292450604019304 0.00679598953796863
0.128967991098728 0.0713248768639553
-0.0111421318178701 0.295645976081558
0.13377737592457 -0.439597094040675
-0.135171496183742 0.251299477466778
-0.521398065487269 -0.129876316461715
0.234405564903309 -0.113254905147279
-0.272426642890136 0.62195720584279
0.00324806653383961 -0.561971064638014
0.49511376586271 -0.0114278768297946
0.494702126664605 -0.00263884319842636
0.242526085164192 -0.63642314524319
0.236444092270169 0.575266337663895
0.234494188413236 0.489190952022268
0.0881353938164755 0.218367949146462
0.303783166580239 -0.123080387799926
-0.362235877195596 -0.0662435250477353
0.221331832787564 -0.456296031886861
0.320252638289638 -0.446146395102958
0.178211216899454 -0.210141520286502
0.130419879148136 -0.300462998901225
-0.146934800216987 0.00010611602071015
0.135189305586712 -0.318063831653853
-0.084891275036778 0.110110431215726
0.234189962861434 -0.036632029137531
0.333506324578237 -0.0545164964989877
0.0939824186756451 -0.128435481134712
0.237259108274882 0.0261867069552716
0.522796935778747 -0.072278421862307
0.489853703162431 -0.0378399153758004
0.406893201441538 -0.0793692895369608
0.519894724544943 -0.126891937584554
0.230102680577425 0.346040010185562
0.457563096763471 0.118672343335014
0.661414000533023 -0.181686890452397
0.0433311743482836 -0.427903604071025
0.29736241533652 0.406628928835981
0.679791099674031 -0.0781726682253593
0.264930835114442 -0.564878234024542
0.542993632181281 -0.0552499111596626
0.506281608679684 -0.0608238603572524
0.559859285620936 -0.05829424240871
0.345746686402109 0.000418021565635405
0.416429337903045 0.0261645613467099
-0.350885602422893 -0.12316199880803
0.0799877792205011 0.334116307778292
-0.316862629360987 0.467668311565567
-0.391863288756059 -0.301719622460557
0.00334256337048836 0.447897032492131
0.345917234015973 0.00577779795479814
-0.273960630054484 -0.266970230381943
0.134886079511191 0.00694639083257566
-0.159825710556857 -0.272125472286804
0.0712329990647185 0.00765441516955689
-0.331962885077817 -0.184535916466336
-0.0427923467532833 0.156306804646946
-0.236356464120554 0.147427356956004
-0.355515979442733 0.205828714684626
-0.17242489171546 0.0979817428748228
-0.252342230325992 -0.0738094571614048
-0.213049335851671 0.0463234923175642
-0.278562862679318 0.0357750895801392
-0.379058854654709 0.0416850845291958
-0.340510697379106 0.0405307971353199
-0.33795191298457 0.122272821170757
-0.464477881409106 0.217305139448617
-0.418024251642802 0.156902585337837
-0.35478342124028 -0.0386080605154785
-0.175902301021172 0.0175870533286932
-0.111550652927311 0.0411051504373316
-0.0600023073920166 -0.0028953270181825
-0.118733348075754 0.0259448988796529
0.0846846268885104 0.00107788388074641
-0.0580909226150826 -0.0657592645326635
0.136042882943842 -0.0216550081362923
0.150886575556043 -0.189074177816571
0.171002355113494 -0.0437151359306239
0.167838296064524 0.0323815539970749
0.0460980375789638 -0.153793185519267
-0.0279859269756084 -0.107866993184432
0.0932143565751343 0.370649176614936
0.148779979766846 0.446634770623898
-0.285251998729807 -0.0651670416483451
0.328501048849309 -0.305134056656703
-0.118272962842564 0.166811686897775
0.170657277843862 0.415970374472814
0.125231356329562 -0.129617461453384
-0.207702473161231 -0.0602983875815669
0.0872152338178007 0.294482945431622
-0.0123318738548888 -0.141902867948405
-0.138326246735432 -0.0195847942069768
0.0233125923067528 0.0110388219877855
0.00808143272848132 0.135242825491011
-0.182996523558316 0.204151415837729
-0.212896633170156 -0.0719665051308057
-0.0164599412608108 0.396369223136814
-0.199885015474226 -0.21327311826119
0.133208431153181 0.153819868575284
-0.0728715819587098 -0.124982522591308
-0.00256891210267407 -0.240805289943162
0.407347923435764 0.209030597441227
-0.0779152502262404 -0.427137397656367
0.141513655312984 -0.271942932037259
-0.0658777444677759 -0.347673548038176
0.282038127526446 -0.012880690466026
0.34073228427428 0.38179496980505
0.563699153305803 0.495126204143817
0.195637692617594 0.027861638530112
0.565952789081796 -0.449496221870453
0.470907527746234 0.191973741699354
0.117346212356117 0.0310359572163127
0.314365729339437 0.155210040591877
0.349016267525026 0.0298637702820622
0.192070871757368 0.0649730082408676
0.150322836601129 -0.0198342680800692
0.14343131445143 0.0696013941970809
0.0389004512632583 -0.139754479297838
0.29559582272126 -0.14787955842156
0.0629859548722189 -0.083952647178008
0.00995374482190789 0.128864951735983
-0.169570830838052 -0.0824832542618539
0.023820673271365 -0.326486431857356
-0.0927516946933887 0.154715576294998
0.000525362177498892 0.208283214824042
-0.355239611659071 0.0145529619220666
0.255822880241703 0.069222266548449
0.0455340449881816 0.279188449286286
0.192391112317533 0.231293568775907
-0.222527865648102 -0.325037018999689
-0.199161564577078 -0.302523556434669
-0.118846731521135 0.0139407213553305
-0.483986827647662 0.305165336722113
-0.117046482605611 -0.0503130441352587
-0.162530271205481 0.099620437118693
-0.199417130436724 -0.0511006902644635
-0.273404960558553 0.122626377240309
-0.112418076564104 -0.0787368391822715
-0.0952367832777514 0.0359046999246226
-0.020322520733139 -0.139584338756134
-0.0695376646670336 -0.103177587223649
0.086240342833349 0.166968438680759
-0.00756459140699473 -0.0130914835082071
0.214029242578754 -0.0565779712300372
0.0462435385518766 0.205321193117166
0.185096409248193 -0.0554430720997093
0.0444806382219146 -0.339560390909353
0.155484140257413 -0.30872341717457
-0.0288592653758121 -0.225201733497282
-0.00295906364911255 -0.248154490153287
0.238712995038239 -0.016867251952632
-0.128897389774053 0.222111703615026
0.247966313930624 -0.413730768848628
0.248108996500603 0.107921837014801
0.340697393570932 0.14709146997187
0.0421427048705192 -0.0227095209559708
0.332574600554234 -0.19375139506889
0.265572464433896 -0.24523959405126
0.246154759150499 0.0313031402371617
0.642114883368438 0.143533530763368
0.37500561795194 -0.0696999958563352
0.24681730873119 0.294628238671908
0.11003693046151 -0.152062930967083
0.241985128807242 -0.380825075171805
0.62146816045423 -0.0183459378291435
0.47690081049253 0.246886221078851
-0.230989462186778 0.0172335674836593
-0.0795933325257149 0.299186191802745
0.294405062424763 0.324202339938372
0.210061945770766 -0.279425850276549
0.173734678478828 -0.44086906514055
0.350284641851115 -0.114756388557782
0.467530656013139 0.241629693495111
-0.356160508308816 0.0676369984038337
0.0854848685536539 -0.306452492280565
-0.0657258040361283 -0.349898218492264
0.150609339760718 -0.202235477479491
-0.262231327405822 0.0417949801293564
0.38424794689903 -0.558453660492098
0.708805354688074 0.263603074580109
0.668621021958159 0.428210363080434
0.112965731945926 0.00209196468624078
0.31745977692705 -0.209632838621769
0.327370618391587 -0.358569966959735
0.399401474341948 0.355254408984522
0.00333971035266153 -0.570072064758923
0.353377875385982 0.629988139938182
-0.4018482453819 -0.326035264882087
0.347987089142797 -0.225570188863211
-0.112146495630043 0.494003838776699
-0.0218434052270591 0.0330259966190178
-0.343905249129669 0.139312540388817
-0.394790269781196 0.601526197221895
-0.150343515719961 -0.37595267784524
-0.0721627083406178 -0.392140557887219
-0.203901967870212 -0.150623977073744
-0.435772974635463 -0.0804084894382769
0.278183253284639 0.204327194414904
-0.00399872011112823 0.450834638277064
-0.336798451987002 0.0280577918329535
-0.0261291058671243 -0.250869435282237
0.232663024068495 0.427785850778297
0.0111891014668344 -0.120926167072387
-0.18929516464259 0.27995793618741
-0.101156708119825 0.185240468636041
0.0894534458755628 0.0184323117830063
-0.311892023297876 0.452635073642306
-0.193146369615748 -0.189578737702834
0.0613939320409788 0.0859685815529505
-0.306452071304309 0.0150805730817618
-0.0699505845632013 0.0143547670417047
-0.137824500227804 -0.0355688898903246
-0.164704352820594 0.0340882542178602
-0.52158146425586 0.161561827865942
-0.158952183116786 0.215543279309443
-0.0495216524411756 0.0342973694983719
-0.634627438003138 -0.0111745714643292
-0.340810810117006 0.216125473967294
0.07235785382897 0.0737543893918848
-0.314048946317158 -0.356939822806798
0.0496803108840537 0.0202208473378307
0.226502032795888 -0.0541484697667543
0.19304676669823 -0.00194935172119732
0.144855344145348 0.0132720907246332
0.192250054547709 -0.00437725879559125
-0.715673322384197 -0.345968975388863
-0.00824425427379339 0.537241207864152
-0.605669814760262 0.678228207831247
-0.668496372593836 -0.371504680391067
-0.109818288997907 0.688153357662023
0.505480541488924 0.0239998042847728
-0.50133367068539 -0.368002395650936
0.45778655130834 -0.105175472197163
0.0617075409861894 -0.636194165107361
0.489876506607899 0.115558543508567
-0.190117915757973 -0.532060557066692
0.51712358317243 0.239651817706599
0.214456427709477 0.602351665778576
-0.000883934558468972 0.57832788737639
0.702171525277271 0.33814414673555
0.261669608385111 -0.567955402171467
-0.101627351175732 -0.714972338442728
-0.0899815370706666 -0.200295459529939
0.365338302094632 0.30644901807046
-0.327864624819189 0.0235770907043787
0.411097034837434 0.606556739999033
0.283918909125756 -0.287243182192483
0.205123660258057 -0.220118552430528
0.281992184639649 0.0680259655236279
0.632805252149759 0.448940642238384
0.704978898648957 0.386042250256525
0.509221708369577 -0.510833505845737
0.699869704738207 -0.38046260307157
1.25641567942366 -0.17984902991014
0.261835877739504 -0.0940799924142344
1.16193117976156 -0.469459452629298
1.05753079006247 -0.5804776621108
0.707898946824499 -0.272132524093276
1.30336089785506 -0.000121203967333798
0.85441560784917 -0.553936283229315
0.920619305496183 -0.476046116194472
1.02130096103493 0.338332602492228
1.04223068968136 0.441185884826223
0.606838789230645 -0.163255908799284
1.13983655282869 -0.480583685377677
0.692623815515085 -0.148582605564803
1.28065927572511 0.392319208134484
1.27853264367276 -0.406274562018103
0.875127762262209 0.0191723277424999
1.45418059745148 0.442993861579251
1.47285784375879 -0.565382778994876
0.723489019171333 -0.230240090538924
1.173248765659 -0.0997793452290962
2.0724521396083 0.0834616434322185
1.01031129147979 1.05227960043606
0.836677639791313 -1.12333299435483
1.32346001156531 0.923552316630007
0.499918604936143 -1.23590614435603
1.92446425247558 0.291182486243168
0.11032755091405 -1.01907696386127
0.93684247467148 -1.32515678814536
1.16305629013668 0.626408818327106
-0.00466293791706082 -1.2020894446041
0.777464158146245 -1.27173718897545
-0.235435734580873 -1.21386525725748
1.36086908238616 -0.141219853625788
0.825882250195402 1.15711658905379
0.986176013059488 1.21306128305878
1.0466013940231 -0.0566682209910465
0.850189722133338 -1.29666111751261
1.30089806089919 0.401836835989369
-0.11611191071476 -0.561447849960147
0.798784025049018 0.834889641053633
1.33956255740155 -0.0223598518341502
0.237822773175163 -0.435148689867942
0.656603900294679 0.195163928645349
0.907412115538767 0.274335375061034
1.12698071418514 -0.106127045698502
0.515225656184052 0.407983276369115
0.799871228457897 0.217108707914116
0.910996796822623 -0.109027983210739
0.928266601871131 -0.040752926764991
0.533081944669128 0.195991251994907
0.700064355186007 -0.242277157203958
0.654194058380768 0.0481218209791413
0.711760757965245 -0.0742784937511959
0.611850378621534 -0.125746781369268
0.633191384213411 -0.0620745088659965
0.455758324774899 -0.0771579789814289
0.662893183362513 -0.285041174890985
0.727747491327397 0.0194858759046184
1.08728702385311 -0.092019509732088
0.362073908311984 -0.235608541840682
0.666099506737033 0.390462824298563
1.12006175898117 0.219512783501582
1.19208309660261 0.042217080325766
0.423286654735662 -0.367808058400725
0.91625142055435 -0.348610969186806
1.39913974208878 0.100068002371741
1.38268160421856 -0.440900719147075
0.756611418603501 0.817164108393397
0.864334398424726 0.634036659846276
1.23396973019392 -0.195884328375587
1.46841992822064 -0.138319406307802
-0.0953345490939513 1.14837819825867
1.25035411151211 -0.3218561126886
0.215872704760676 -1.14623132633302
0.10878776560464 -1.16311540543034
-0.870979503009492 -1.14972207890863
-0.198260340933573 -1.12205203607441
0.707952164834815 -0.098858578259787
-0.90553983926804 1.17650715005124
-0.331306360749412 -1.09630339607219
-0.302429994026145 1.09772283864257
0.40621993076957 -0.0321056349898483
-1.30953499431042 -0.811200260832203
-0.525008927121402 -0.986006597066726
-0.693637315162769 -0.95106635719772
-0.424666630606944 0.988592264009024
-0.0776957003743462 -0.064477546658949
-0.701042752555568 -0.73338096455939
-0.0997623180147427 -0.241832366656088
-0.423047786697267 0.822662236509882
-0.733984024189939 0.550339051865495
-0.96768752843434 0.2377813791582
-0.571186880840132 -0.0630568272061814
-0.39421721857467 0.0268369944593541
-0.731699812507044 -0.304442642583677
-0.881287909193191 0.205650486187319
-0.872128257788491 -0.0654314862286012
-0.653846623079174 0.0508424906199883
-0.809546915513295 0.0362184079446032
-0.479922128139461 0.174914797862311
-0.82884423934485 0.0748679153770017
-0.584472349875009 -0.0786835109215668
-0.697693935033187 -0.029943538387828
-0.730782775782724 -0.0745183926626061
-0.430256478041285 0.061376947625932
-0.569209976795481 0.21926639035947
-0.670143769036038 0.0108529939998252
-0.488705557142604 -0.0220769676482822
-1.13666804926591 0.100516498630009
-1.08730417495127 0.0254387081006558
-0.806855384512154 -0.291109064574308
-0.902402123919714 0.314128924185405
-0.629015532595297 0.394152810715964
-0.372598631021539 -0.150752488777749
-0.525869853115759 0.649895347831752
-0.714160290540414 -0.252948133108389
-0.700083366649897 0.403028493084669
-1.34039075541247 0.117486224244243
-0.982755814187113 -0.284729935639188
-0.0601222987247487 -0.38015856577484
-0.450466842347124 0.715818474691475
-0.550543084684472 0.743950014777613
-0.600405660970079 -0.575566329309977
-0.0660655577619717 0.769696971618917
-0.541977247509557 -0.467166067697201
-0.961295862221762 0.0926429075485796
-0.455964754638578 0.648310547371362
-0.416073710746917 0.655613401783873
-0.83512358922893 0.0959087111596865
-0.0542745126250039 0.594550690515593
-0.422364407490796 0.538080405586127
-0.170144677737012 -0.588359528076579
-0.981843367821665 0.0953267807831305
-0.675985598329115 -0.0419551510047173
-0.166606835482943 0.582084278398146
-0.786562073577516 -0.281319787908064
-0.591803202280515 -0.0309222646846128
-0.783664298804878 -0.0556771567825719
-0.669392151878758 0.148108581779889
-0.674658825679444 0.0429055803673639
-0.0801662992700163 -0.184082519239723
-0.472870247752178 -0.153750619945601
-0.521746792574917 0.0206321168911129
0.137320626733343 0.108795121104371
-0.235208379120092 -0.367218337082944
-0.630617890302224 -0.00781507789856139
-0.112719303441841 0.439592339922879
-0.564578517750071 0.0658193502908282
-0.64874707309218 0.0374920210077645
-0.606649391439858 0.0931082410449307
-0.510391201468798 0.0827829825875756
-0.697297078149146 -0.0482302995682947
0.525626250204304 0.214561426038262
-0.430647341178771 -0.701307896824377
0.172645653592742 -0.541855172666379
0.237752234387221 0.401049049487954
-0.434187456191255 -0.620378363341342
-0.769269449443288 -0.00582438259398802
0.139147637086229 0.470906316751367
-0.853011321994788 0.0438037018193955
-0.448353861084855 0.57326171584917
-0.638379327371301 -0.0690734919881088
-0.232038138560716 0.521217859430622
-0.667595870077349 -0.185804046694519
-0.407259320571635 -0.241185519397029
-0.305938487140898 -0.357837195528825
-0.639275006873124 -0.158232229664345
-0.51450054986566 0.31649257448505
-0.320377594177428 0.154472300329166
-0.312042754345808 0.16788462733528
-0.655818469500275 -0.0668214293318045
-0.245675127228921 0.0151682189524656
-0.594288653873752 -0.149201827915525
-0.487535486809237 0.367060086474758
-0.52097913625145 0.346514469135522
-0.734617309531057 -0.0930562506175416
-0.612806758468695 -0.329226647185529
-0.693722370005411 -0.209641826605949
-0.391027716471715 0.329058380416406
-0.829634357419346 -0.151420177954927
-0.979732304108546 0.056340852240884
-0.210222999287585 0.437959003897106
-1.15613813876209 0.134326373800234
-0.674849847842125 0.701855514921744
-0.0972361711105806 0.507475637433218
-1.20450746552545 0.116755862863275
-0.625032040064056 0.73180137525086
-0.593298868352987 0.714045187327486
-0.823169716323788 -0.618203501386766
-0.797781763357116 -0.513599925047624
-0.282688725166382 0.381166643740152
-1.17217753874722 0.291196868496705
-0.698043268463844 -0.342876335742827
-0.86393350218446 -0.311206691088248
-1.04787452826317 0.193933960852252
-0.804798967435695 0.371758499378551
-0.906240394553768 -0.15186851639302
-0.797743136247316 0.315098964206804
-0.991445148875565 -0.0388158975317904
-0.204016889689061 0.00408534207724932
-0.867457566970516 0.242857139460662
-1.03883831980754 0.55002421844961
-1.27992376615709 -0.26912136711142
-0.773535058775808 0.595551837054007
-1.44394603965488 -0.439925867792299
-0.984352722640511 0.532151772397863
-1.52093502438309 -0.656590044660676
-0.929997753612139 -0.844431560304034
-1.05238036030017 0.746298316118415
-1.70729544834743 -0.689483747107437
-0.912585924155627 -0.981433368108243
-1.89889219979695 -0.130954168788774
0.212651692792032 -0.060039650846043
