-0.564131685352151 0.105149825272296
-0.687310897683156 -0.0300408707896439
-0.532753888343548 -0.0869158791205366
-0.68987350069227 -0.152468178188436
-0.574390091318036 0.0367262741090692
-0.555519150384085 0.0581500758461514
-0.602309065183439 0.0253187123037432
-0.593816758657148 -0.085876883717086
-0.577750176606408 0.0789841234027154
-0.423278140179734 -0.0399591029050333
-0.492726722294655 -0.0286354097176877
-0.423015505398979 -0.000388453402978286
-0.47432199268322 -0.00314603987759792
-0.426341593663577 0.100517672918165
-0.477267424208905 -0.0146800588323296
-0.307052643991827 -0.130479548810896
-0.499627402788934 0.064047850432743
-0.188980196916582 0.0273889634754004
-0.421008559867645 0.0760077722184214
-0.337472693102722 0.0250756682985105
-0.339763165070318 0.0519055118015757
-0.277155493010608 -0.00163713078887964
-0.163266472821701 0.110431433929126
-0.192386135863101 -0.0866831592855082
-0.262931491692582 0.0353563196823622
-0.257419504248232 0.0124004258616224
0.122054891645088 0.126625546730965
-0.0552829389943464 -0.19590616767929
-0.10837229478759 0.199144758037396
-0.220385801532103 0.184703034576224
-0.35891817154491 -0.0174810010202081
-0.131530608463632 0.0992616188053336
-0.315790240023839 -0.0593010262271547
-0.322109135684129 -0.068695494277783
-0.292467752904017 0.027418910528265
-0.171330107576855 0.0176955528216554
-0.365418593185273 -0.0502392071347755
-0.128310771536267 -0.179061527559727
-0.087029635808378 0.180638122667555
-0.275613290762893 -0.212679101544167
-0.251835113384477 0.181346019380285
-0.215728594473503 0.134999620873385
-0.210858812613224 0.0639888406567631
-0.401558029639501 0.0995415456080234
-0.24912553757885 0.00957316660312446
-0.35377330999533 -0.151920810474264
-0.378477127277478 -0.0798246244430619
-0.593885806009166 0.0249909210425565
-0.166542184065832 0.00775921440745023
-0.580061437152195 -0.148262276621851
-0.439745367213552 -0.281441877772411
-0.424856940195249 0.184044956805592
-0.295096838606164 -0.208865440182055
-0.114118404056439 -0.049457872995874
-0.283657059516238 -0.231865658048169
-0.289507711539626 -0.0931055244266942
-0.21280425407961 0.130789194126143
-0.253676910910369 -0.184788467390309
-0.160103672828351 -0.0937732584507399
-0.292681596576698 -0.0491726418994861
-0.114323597940975 -0.143955694196563
0.0970885939889918 -0.103348772340246
-0.0961052766354023 0.0144900056440304
0.00895830113671582 0.212359280985275
-0.0998072815031676 0.0897802043801787
-0.0649736986500004 0.0959734967617461
-0.170261970903698 -0.0409491251278904
-0.0429481443979227 0.0636220917525072
-0.142202882945357 0.0295996949496432
-0.199005019487141 -0.0191652998928592
-0.14789525724268 -0.075933590691035
-0.22430424466481 -0.014226879109459
-0.151654816398975 -0.0106410078590256
-0.134946095608219 -0.0188546719556677
-0.142165069182019 0.0556413926046403
-0.0930889570569885 0.0514788588745537
-0.0224311074345037 -0.151772709021234
-0.232229647871775 -0.133464150877162
0.035721661828956 0.207140678076003
-0.106852925554646 0.213534306883703
0.170846650984803 0.193777278545287
0.0801887924677305 -0.0494681152475243
-0.283690322248665 0.0833901300142533
-0.198254258992866 -0.227435745132917
-0.29196037034551 0.2635060002169
-0.37594352962311 -0.0262936510197348
-0.195183991949472 -0.0514687503817563
-0.0806942787389479 0.136872089599195
-0.104386542172663 -0.166097437375065
-0.158660589320925 -0.0337469096542018
-0.177499788058994 -0.00290780043017316
-0.223386061684831 0.0844526553956374
-0.0740459442202714 0.0184441568319626
-0.122316800614184 -0.0761920121855993
-0.332616436447222 -0.0212102856992789
-0.212213971014127 -0.00763050913581343
-0.223097504266926 -0.0694786281365825
-0.242032437015497 -0.0863752878912377
-0.242863803910888 0.0487193008812355
-0.0649337592233569 0.0252697767577306
-0.125437992454031 -0.145916981998719
-0.295608099833161 -0.087135484534613
-0.230509973616583 0.155368135353248
-0.0656374281571202 -0.174776895989939
-0.284969476318386 0.206939505821908
-0.154779369613157 0.224179883613703
-0.208683661874737 0.185971933329903
0.237744253610103 0.0561146586376113
-0.401640969861993 0.14243152430963
0.0393698857292208 -0.316476953656547
-0.342403464399241 -0.0992877608002869
-0.203663477197541 0.0541485051087856
0.398718326930723 0.0399929310622055
-0.0114640154362017 0.191842133182144
0.0833072462075325 0.166153730516366
0.204542841625048 -0.194116405733557
-0.0812908633514179 -0.105749182238036
0.26087612529675 -0.00963558890492244
0.0162929497530101 -0.00657971279858754
0.0778784193978282 0.0855939861754275
0.2513428525425 -0.0737026634034231
0.1225069389044 0.050467985173191
0.24118078902847 0.142410304421749
0.340963094636815 0.00788856139328779
0.455699682348054 0.133987532569942
0.36106061489486 -0.000160060635948779
0.365982664639175 -0.066978764502118
0.578407389602025 0.161249649794676
0.163292874346276 -0.0576695628589781
0.478684303970979 0.407412555416555
0.874110704214399 -0.171667722581207
0.135922841662455 0.208654974205957
0.471816397173493 0.551908520735385
0.664506280470697 -0.21961064893125
0.767520733471356 -0.284878628454523
1.164164646199 -0.44415415120021
0.195364870942793 0.00983886650373638
1.23603997112335 -0.571548276500385
0.872788789111331 -0.347025627445986
1.38500924426907 0.582674083246887
0.679778945197134 -0.854830798348642
1.37755927287133 -0.789965364394588
0.0312211554587494 0.391336257785826
0.749534550179467 -0.890461991293829
1.66494420292521 0.438170757146594
1.66063149945035 0.366807468172353
0.800645016679941 -0.788865328549975
1.30590167492963 -0.854904459487471
1.35568143023428 -0.033495430061065
0.140133055538579 0.753497069232857
1.77462857398986 0.153045053554915
1.36952492206147 0.179769802970517
0.187992861950585 0.880404122127242
1.54275660151087 0.167704576782485
0.889502316513875 0.900121784507904
1.46477392210274 0.223918730346702
0.734156223872803 0.523104057401765
0.937766428280482 -0.720427991889405
1.19710143918347 0.00431399318941372
0.76432884751108 0.778825148112896
0.746052937673688 -0.613561555411041
1.14449027013383 -0.66038962996785
0.643434772478077 -0.762014359656093
0.0269173691227368 0.303129332972639
0.0270584121585378 0.230130411684883
-0.0933862937358766 0.029287711086242
-0.015629573124455 -0.0433913283103047
0.673392752811623 -0.425621922622094
0.56349963496389 -0.539532606226333
-0.0153684113113835 -0.00681763308493456
0.553124538415034 -0.439309050032343
0.860992468648652 0.757988267707612
0.102800097221187 -0.125451440976685
0.869877645870618 0.494025157781067
0.221041926129376 0.187858122349357
0.263079726662032 0.191464503073803
0.635539805340327 -0.476546968416604
0.888787319411489 -0.0506695462394089
0.874556809372189 0.160024029211983
0.643357824594618 0.12756861101848
0.646578536858351 0.110810412186572
0.070198757644072 -0.219815296486898
0.215377207720415 -0.204524473973585
0.332362097337238 0.0482750682079572
0.173817579733235 0.283352296581217
0.275119795645147 0.0743105969344917
0.0895738208253202 -0.00623644851266729
-0.0146624863027302 -0.135831804504706
0.0952806466290682 0.0736324934498008
-0.0070014798585648 -0.0284663895189171
-0.0532806075332056 0.018989609523801
-0.00561999707127153 0.0512035923789582
-0.0716686500060234 -0.0132991966701837
0.0457975761858166 -0.0646275105050757
-0.174147506037604 0.00439885917399009
0.037358608338798 -0.0883022292778957
0.076478982928703 -0.301707310832941
0.104247611127286 -0.294367371710927
0.095175595499883 -0.208897062756167
0.742346277346455 0.101473071997863
-0.215022505208248 -0.0285354832319545
0.490252470485373 -0.449486228449052
0.552053896810139 0.54298937309474
0.271642060618902 -0.502885305811479
0.0337075210951613 0.601566817469095
0.0969151331336103 0.685810401461451
0.440915453066767 0.817793098971048
0.106747858837373 0.58006685224901
0.500769721817593 -0.784163331704469
-0.188174904712662 0.658687347831748
-0.116052361028283 0.88256182390934
0.547139074042929 0.607995372482193
-1.12115053839682 -0.0270263491189178
0.204659057694357 -0.501821555268167
-0.744861139992682 0.296893434453371
0.506568261515149 0.537510499410689
-0.475280792022068 -0.838816166789926
0.122116105208856 -1.02463148709332
-0.526462477827057 -0.797387594689809
0.235280929005737 -0.148768893688265
-0.469355782738256 0.792466442809398
0.0861033561093027 -0.0896037153281474
0.163708682629143 -0.015905764134669
-0.57365017053223 0.554444932485831
-0.26125688291609 -0.758707232510432
-0.309520198659012 -0.644387694311772
-1.21346314161748 -0.126180508721917
-0.473898907572857 0.382546431166596
-0.254368397952301 -0.52592907441866
-0.67622321785732 0.561382089294107
-0.682238564438605 -0.52874604863009
0.299040155696453 -0.0416483847395046
-0.691474684001239 0.614597236184398
-0.0844704452553641 0.764618275056511
-0.705703497285342 0.711245461855581
0.530508260330454 0.169097326512232
0.421000429608654 0.256913258213225
0.190784588944192 -0.902062989322549
0.0436174965859328 -0.794939205483158
-0.598918582876628 0.838257148203856
-0.124609854811819 -0.636060517823503
-0.41444194825402 0.516927874015853
0.450278878944281 0.183092050489713
-0.804114651172483 -0.207197620659273
-0.0794774628219611 0.604435951507881
-0.0201390619884007 -0.557360277990788
-0.174059671092401 -0.448237277073387
-0.294436720842136 -0.254200919168962
-0.0465734314306687 0.187781706108402
-0.206975768917929 0.0119293559310214
-0.524387306042763 0.0965686631017973
-0.52106449901406 -0.376697709070882
-0.566814168035828 0.202272035331301
-0.443225932438941 0.21920315209275
-0.455811345404087 0.32018684163878
-0.113832776656175 0.00635509040712368
-0.174688114205796 0.00668246960746365
-0.469747828801438 -0.27466719085147
-0.78189832327534 -0.10666432424972
-0.511169693664575 0.109379261445523
-0.491479562039784 -0.325711960294046
-0.534868594214711 -0.332382860217808
-0.675498066108729 0.0197634479167877
-0.409147988355943 0.00204112960230788
-0.674759609802851 -0.4076716380183
-1.12550526315393 -0.0959380792963188
-0.889644830496715 0.130103849207641
-0.762240400146914 -0.503233216748682
-1.27998237783811 0.25219672668859
-1.01397445286477 0.40198172265945
-1.02448022841505 0.340671556007623
-0.669958380863059 -0.0166453963804669
-1.32472521252794 0.409642750525556
-1.05932914858902 -0.365526336986303
-0.673221810550886 -0.610853578035719
-0.0990445562978647 -0.00128162718746283
-0.787505147558701 -0.0173460455777998
-0.787599070698699 -0.406719956952362
-0.166303637642958 -0.38587357894646
-0.77934062582608 -0.262816239263241
-0.729995519193189 -0.548831296463562
-0.297716662171013 0.23357294661141
-0.788740164508209 -0.204082703602692
-0.646712072401524 0.464473797338034
-0.0598098308834076 -0.457817976599087
-0.807048575294294 -0.0309027741566647
-0.0621765448044459 0.459874770403022
-0.537432272214483 -0.0526236896214045
-0.154404751089872 -0.365619031223456
0.203802969484664 -0.470321715856071
-0.00274037554018015 -0.41534942089304
0.210585494179976 -0.179499244146008
-0.0652035245988305 -0.524036580077213
0.137157874245662 -0.466115076219736
0.0668265619882935 0.507395636774362
0.0862125610416113 0.586174869628677
-0.412590566791709 0.0361759520660192
0.0919594414587781 -0.48948312675376
-0.00643322723372675 -0.457708222675532
-0.524255152957163 0.212713216730666
0.226160501715453 -0.315386627047426
-0.41224732161576 0.579328266078238
-0.148633753308878 -0.36764067963765
-0.54092185871349 -0.375826959968793
-0.133732961276206 0.575609263032395
-0.487288076527139 0.444139052907323
0.150067326097955 -0.00970872835090639
-0.166344679531666 0.286008963030357
-0.38605463833677 -0.227110904365754
-0.414238975253864 -0.144883139319374
-0.127137688287756 0.238743712248888
-0.276798908403468 0.272527393292701
-0.0507817591062609 0.263926090347147
0.24118674961928 0.190644328216435
-0.335291114457624 -0.0416725626263308
0.300409759782757 0.0868110918684171
0.214520551946271 0.187183952186872
0.276949953699876 0.316250423756393
0.183833948056809 -0.0255955458801301
0.366862646208964 0.11829559021012
0.126668807859723 0.0610389695652776
0.256352339607981 -0.104800603608688
0.195034157580251 0.0748983934066411
0.176823446001785 0.114346741343916
0.0868633821385574 -0.129259446323971
0.33372225852898 -0.165553389198896
0.0563639625309076 -0.134970387807905
-0.0254002912224419 0.403112801239572
-0.0918524629626241 0.395483739594568
-0.347500799775871 -0.0444710656449506
-0.0267324191157922 -0.467949541295379
0.167098284477046 -0.415443240201957
0.113074556760059 -0.392395710912929
-0.268034869693413 0.591656553425436
0.52436355218545 0.214022227816852
0.23330502206741 -0.205082042506445
-0.357785432611443 0.619736271895879
0.151600189355088 -0.0852778558969172
-0.476626024958199 -0.500354702012449
-0.431686561974887 -0.634933098663299
-0.0694843286929374 0.422927935009978
-0.586633875268391 -0.238167055567548
-0.493054071535811 0.0149757175408109
-0.834119781972756 0.096180676077707
-0.792297943200858 -0.0831741100473334
0.448321518584572 0.928505521828188
-0.410287530403157 0.860168228065721
-1.0920550948698 -0.0313921485342306
-0.730787348195167 -1.05865416762591
-1.38260874456409 -0.137688457299614
-1.18396947882239 0.163840527373662
-0.703806427909975 0.865398780462084
-0.980839184720837 -1.10406417179955
-0.302844872775188 1.0899719116895
-0.0323733605996061 -0.357365988597458
-0.674825300417474 0.983778087641589
-1.52380816053156 0.580062572638885
-0.827305489073215 0.897832611385873
-2.02009094077693 -0.108450743852229
0.172079570448763 -0.136220412674016
-0.419550472421094 -1.20236283416596
-0.363353260960891 -1.30225690801397
-0.816430482860146 1.12096616091286
0.272618100011331 0.0231249908339843
-0.704692388610827 1.17831488943899
-0.468330774177093 -1.21798473751443
-0.898643705600077 0.907580300711824
-0.422370656684148 -1.2746781279313
-0.99747865662863 -0.903002993936129
-0.885687362240243 1.02556613058687
0.133915192222458 -0.381150963269947
-1.64574590715304 0.554144690407034
-0.0568799382532037 0.570058131709349
-0.389717909049446 -1.13928602462385
-0.657342211491022 -1.04429055420553
-1.00718704788642 0.412093507531862
0.986713682281702 0.140299809805136
-1.20543360088568 -0.545023691618434
-0.696189297373674 -1.19859208794401
-0.770581795687935 0.383680735062922
-0.0934645199936438 -0.963002471898312
0.157745356204024 0.654073247852987
-0.0638052682019548 -0.84383290321331
-0.91525129809202 -0.198888555653502
-0.176587947661491 -0.677991418478092
-0.886766302911143 -0.166911517223807
-0.871953784305139 -0.137921157494528
-0.582259188636939 -0.684005688578968
-0.333455896396581 0.581308710036797
0.0468517000822448 0.182782515682878
0.239584001763497 0.0365125209918436
-0.255956888824092 0.432024046723281
-0.642971930082458 0.460469498075262
-0.00100849301914757 -0.0686616023035344
-0.189951435660022 0.358940578303877
-0.351429765306323 -0.217249850347176
-0.0240558300286832 -0.189618371548048
-0.0168323507990534 -0.0657730133182861
0.0392908578958006 -0.123533201628045
-0.198697382064881 0.166106894126316
-0.251613748222404 0.176216103840739
0.0522849761138816 0.108426042529424
-0.0377170929823766 0.285295419829821
0.298820087737607 -0.125175713837709
0.055111866416888 -0.310969777752993
-0.16759846746603 -0.473653080871316
-0.106801648149338 0.104277830457808
0.318597783879308 0.406410525857937
0.357672942208479 -0.193182858993586
0.376029710707439 0.334253149273725
0.199465603630137 0.495761993197592
0.304128074150776 -0.312641828103921
-0.101995735239581 0.283712254137236
-0.20252685104255 0.0143411787578578
0.346506608176779 -0.269426576842495
0.554923801542304 0.421636965986945
0.653676732535925 -0.298124430814531
0.520890521610194 -0.284710636305329
0.526570508064334 -0.00896580910238937
0.32044255502142 -0.0506393498181535
0.234731506000915 0.0499408088092418
0.54258774679735 0.369619597911036
0.851673334432825 0.339979291022192
0.811596836827243 0.0779518149165738
0.85327622196725 0.308692231938983
0.80864921445117 0.239489207991026
0.803593491909239 0.0149323435654095
0.71585905238739 0.169992596450287
0.946995166968653 0.287004682617519
1.04354813882112 0.210531046924555
0.955797697869434 0.0374645995874875
0.899849707847017 0.274823488992531
1.16033137787733 0.173703876550015
1.07109367196128 -0.0829518680889528
1.04086929855577 -0.172808528238034
0.516656211268568 0.100849360817431
1.05385406200077 0.380959909061919
0.542031040703779 0.281797936690244
1.27307818232168 -0.21646410943375
1.53114502607386 0.18007380989766
0.379469356174046 0.0412468828138388
0.819377865233065 -0.26536680552496
1.00936989953566 -0.303860439697965
0.26872297396777 0.0566987928218644
0.616686026193927 -0.14847350952729
0.539511094998845 0.392006965985446
0.653789387370774 -0.0442426475065347
0.506366573528604 0.378461772417345
0.751324464516117 -0.0411559142494436
0.426498709164855 0.0654308398787881
0.684309904300753 0.202476237491
0.445866853919398 0.123192261081826
0.46832989968505 0.0708769461084934
0.491459782590932 0.101818373637642
0.501973055477639 0.128190231479755
0.43016356306698 0.100811447493476
0.514106523180451 0.143324442686388
0.509429680097494 0.258270657157377
0.670804117118828 -0.147223932072668
0.494579232849021 -0.0882682815325154
0.765963317327909 0.248131439273501
0.64279828488383 0.201401321510491
0.545637430112555 0.247570642772702
0.920879309742353 0.00553575115059268
0.393042711140359 0.192915052538203
0.668568370883305 -0.279619970358122
0.554545693305868 0.33013578006101
0.704968523047319 0.421543495698532
0.13903099579267 -0.420950815141499
0.660473063983626 -0.473012346729449
0.0746399771099122 0.537515297089431
0.210320739616638 -0.578847262808952
0.993758961652735 0.192347059544715
1.01585446283268 0.266225690486174
0.340923885870862 -0.642471892789049
0.806877719517995 -0.716111358273101
0.615907220813498 -0.517552148937868
-0.268796225834285 0.342436315283361
1.26406638471623 0.174209145165619
0.180426997904962 0.0505696698830735
-0.377217371129452 0.241691500967351
0.63988088331368 -0.116236838748986
0.0496967166609737 0.766619990326823
0.497695377248139 -0.21919233761939
0.519449411591141 0.80878931343571
0.226746890536038 -0.734192794932584
0.231785120146273 0.772859801913032
0.359853599877632 -0.770925905460961
-0.70794908551266 -0.358223156339331
-0.0722346825021505 -0.673882044066765
-0.724581732496124 -0.595856182129932
-0.446622950779203 1.24063746889695
