-0.220740385044619 0.382723918086853
-0.131545950791719 0.769332916824025
-0.479140163600989 -0.0605645179378333
-0.452926140339615 0.000837291121264273
0.259880642151267 0.477188877996921
0.294624287683429 0.439662748989311
-0.127522618574928 -0.48546738533681
-0.396057957339263 0.197090002388695
0.489139697346295 -0.139407557051583
-0.20862538307306 0.478186083175262
0.0612295714595845 0.331958356291421
-0.585857615184438 0.0133586227156075
0.638283873708458 0.152421115916964
-0.0282314940563407 -0.376072521908936
-0.202361268697667 0.487183957214401
0.0443297060758814 0.468188343779105
0.43970151522895 -0.452472988953431
-0.108184083384206 -0.348570795256715
0.467783394018008 0.108580662070906
0.600690348743549 0.116809661962722
-0.645041125446055 0.145745895628316
-0.10095424739636 -0.558679754781716
-0.758229686220546 0.0883204550995383
-0.874086556044437 0.110805376459875
-0.18280261331306 -0.589000779147257
-0.0994172027753063 -0.76304434642108
-0.375018023849626 0.97972211816138
-0.983652632216157 0.0390287651865837
-1.09615989435579 0.163591982248713
-0.455168738760736 -0.931070675760517
0.680923470822482 -0.896589302767551
-0.419310198782831 1.4065603249507
1.55587351090471 0.331822219286522
-1.08412605190437 0.41726545155116
-1.34431136408214 0.222832673440321
0.941626289437095 0.747915697643165
1.19507755697011 -0.498747081251611
-0.370867775723142 1.58073409132422
1.09099454882962 -0.803804652710938
-0.913044561557537 0.69772849920275
1.01390665830172 0.546801641356009
0.181543041772406 1.33891320465575
1.33950990468203 0.509178106710401
-0.338491626597182 0.0160269066636501
1.29733462146689 0.364952113147067
0.885762340213958 0.302065425299732
0.245962643398869 0.594565428725593
0.35588308859765 0.756744340131083
0.361428549083305 0.817102864137632
0.824422949959627 0.0328622979204601
-0.730033450547459 0.463846836873613
-0.264823319332208 0.698676326213023
0.261343341416623 0.75328357051674
0.617365705294602 -1.008933131038
-0.481217643579861 0.755201757819969
0.162498011610169 0.622220772359153
0.106900684338192 -1.27528448161087
-0.697416951800616 0.856947867914764
1.07720376475661 -0.30030838914942
-1.01734410164414 -0.436863288053988
-1.38503839576173 -0.349657459925052
0.157605690118884 0.66559268740023
-1.13937855413566 -0.461810991483104
-0.870691168677491 -0.831165050983602
0.819490659231171 -0.562399784070332
-1.0069446279873 0.501159843498593
1.29852230498866 -0.0826547999088385
0.63041441938663 -1.20044436522181
0.0328022072457196 0.829503852956477
-0.334467030850416 -1.14408650778593
-0.775201378166384 -0.108682427898687
0.469093089780893 -0.90671288349177
-0.369442840900541 0.855170198435284
0.351375150665769 0.706090478427082
-0.41239964442182 -1.00352225072708
0.157811555207713 -0.713360379637141
0.385469557607797 0.75382923409764
0.415572633667162 0.127164980712028
0.00303233583846919 -0.727424852857218
-0.546966809531885 0.312679729397314
-0.552939049831465 0.350832667897653
-0.036688635383595 -0.131829787137647
-0.169344090839442 -0.212735876725136
-0.409889768993737 0.0578379020656929
0.231384241486509 0.580127447918681
-0.0623230059835222 -0.160773986527597
-0.242742558650645 -0.301060856803729
0.228119864659288 -0.267467663824829
0.238223636841793 -0.236147754620907
0.244008784702858 -0.186364810630881
0.225777783018286 -0.000783658958443179
0.262168820268204 -0.209406622966306
-0.25585882722669 0.0788432029214922
0.151639448174466 -0.0808654570612892
-0.137628196778367 0.108906674100941
0.237173690826722 0.139396221822036
0.10173377938423 -0.053436747858534
-0.022041188658614 -0.0520556475233967
0.0602632968273617 -0.117708586101181
0.0846621319056402 0.205957573751746
-0.029249414188845 -0.00237680394657279
0.102259465107881 0.101322455124036
-0.0264132926133785 0.0907496821890627
-0.119498831536806 0.0745559467760482
0.132940208339487 0.000994561429171879
0.201683503040432 -0.043228571279914
0.0321851798716271 -0.158073326430196
0.15299847551471 0.0644803436090389
0.168746310243219 0.176272967319642
0.0993778633082718 0.190389435241516
0.128541026496463 0.20905644044537
0.0568828196699401 0.14057682049997
0.126578537600009 0.146751507395245
0.092503491647794 0.145216121976961
0.0732771733426746 -0.0733111458274128
0.0198397104095249 0.0828216418591554
-0.00319497126685161 0.0376756988049006
0.0226202669348289 -0.0232317804213945
0.00322064152444738 -0.00900848907481826
0.0630535787409902 -0.0558224895177368
0.0791589528126927 -0.126713046208652
-0.0391516398327172 -0.115069119842784
0.0317644552998489 0.0911075364721791
0.05589854064515 -0.170850676167214
-0.0839962527523915 -0.136299687690954
-0.0892419528037139 0.173666555410756
-0.102929615082947 0.111628164941296
-0.0423008294801761 -0.314322533540274
0.285664060125069 -0.0159803443402574
0.0296337473831416 -0.262506746642103
-0.134358039238557 0.223171882264347
-0.0925173047770584 -0.400447602011356
0.052909006007675 0.277373613081606
0.40357396004045 0.0134956715988004
-0.0759051944045539 -0.390094123295214
-0.44615871670708 -0.124761295693528
0.531001564546788 -0.0623163072471946
0.248228619180523 -0.455849027878747
-0.190982178170736 -0.516410794065478
-0.23571833945044 0.57616466240153
0.459095471698356 0.0567449135541261
-0.0817061278041101 -0.65184646766964
-0.0428665067599282 -0.611194651249236
-0.102959326970895 0.414575683143924
0.563742051594734 -0.00455103178839863
-0.255772652352586 -0.344510093591587
-0.342747802864605 -0.0561370041005197
-0.319671189094304 0.0227595238748515
0.0804925228899092 -0.335921740684924
0.356245274097694 -0.0601785364092645
0.0668868966687761 0.164994255523506
0.0056222930127055 0.058612370015642
-0.0428402838515147 0.262744951541075
0.131362819990975 0.0203166605053454
0.14189180929895 0.320966519624115
0.214465120914083 0.21883680998693
0.167604540892284 -0.160552253296546
0.437883086216181 -0.0176028640099732
-0.302680049464368 -0.168916426209277
0.121889330751307 0.258233026007717
-0.301469720942654 0.0426152828823319
0.134378111697499 0.297139282464499
0.0299685593047004 -0.659917212277148
0.0210057926225044 0.12024305926482
-0.485347479761022 -0.111268856282977
-0.196534745027193 -0.416165864330538
-0.195369282636948 -0.10093502446389
-0.283258417670311 -0.116930544346693
-0.489262785042049 -0.229798998064433
-0.117207439700637 -0.78233531145623
-0.205932418460604 -0.739943705059578
-0.407882187951774 -0.164132268848534
-0.236923293236652 -0.742344424040983
-0.200811503830817 -0.800198380383434
0.120610758312557 0.311039756036087
-0.738090126835631 -0.232896010387818
0.0127676165258515 -0.959497308040273
0.88252926184436 -0.290053286642548
0.543095235087345 -0.313429033204036
