0.582159635020963 0.379513223829048
0.128646927962533 -0.837040444861473
0.700941499977379 0.223421395871815
0.772911120893055 0.0365660712373037
0.31497500654846 0.309970290899194
-0.178270947285925 -0.146740715222805
0.567758705633378 -0.17134266623542
-0.439548065864283 -0.353856196501473
0.420313983969468 0.333423753121087
-0.158991004520847 0.459378563107096
0.0104504957138171 0.107991002178643
-0.0164017710697465 -0.426820527287686
-0.479665338092715 0.123625415223972
-0.606022439631065 -0.203824402573212
0.333002748319807 0.0522044117604771
-0.910080422283371 0.546033542610496
-0.97548984255939 -0.132180806773898
-1.02058736564059 -0.45707449911572
-0.292707461200011 0.862602750508255
-0.720547230143016 0.445470261623345
-0.560076615501808 -0.368494331815428
0.0314928865044202 -0.583791845639524
0.43678184043315 0.366317275762255
-0.3597308368394 -0.104602750131069
0.325907391238621 0.223459962096035
-0.0869921240430363 -0.52510397973115
-0.387053002272936 0.253298020000585
0.690299857982378 0.2994753989989
-0.0237614880917737 -0.15833491012933
0.535396203371708 -0.0259481080511823
-0.029164974571417 0.0785031089099318
0.896575634125568 0.125424136998634
0.511864861027938 -0.831452905403625
-0.350714001792071 -0.650465546000886
0.617569377545527 0.229671617558017
-0.451422820921173 -0.726202308035931
-0.555262665487179 -0.697952667420508
1.09290361617221 -0.7154969264123
0.769256767784825 -0.138306918819959
-0.755752989039512 0.440547604133745
0.464813931614853 0.716864775848601
-0.728617695524534 -0.669332709219266
-0.0896016160975013 1.18461745616092
-0.736578690589306 -0.737257488555583
0.184087290266521 0.58116683556606
0.722814803678336 -0.534966101532698
0.71917954075414 -0.71862086509417
0.658972439939512 -0.478831863802061
0.268398720466742 0.738139643945054
1.02860633864972 0.438236012546868
-0.416628997163285 0.145120546287838
0.458568958583453 -1.11116477572849
-0.496329194228188 -0.832550493809506
-0.125033337629419 -0.0234387627470928
0.787511250010718 -0.0879440259800854
1.05228447579365 0.118518847287721
0.630310802379447 -0.120982966926786
1.06724432177582 0.00685691727782847
0.685702832361616 -0.257480721548658
0.767229491753382 -0.24859566897442
0.727339294233885 0.423264467461278
0.55884849815618 -0.9140905535611
0.909848874920189 -0.012767201468999
-0.281633108519283 0.0293362954892508
-0.237599404261647 -0.836065478534529
0.989865016996204 0.190788910453888
-0.258470596962313 -0.00561980010342267
-0.148354808438091 0.12631536238089
0.467441717093449 -0.876328122238091
-0.385971522556571 -0.690350400677142
1.01049863506875 0.141655223326586
0.972026040003589 0.515783456287592
0.332669520914674 0.788576283826321
0.35534426033523 0.891290798314881
-0.522698295608099 -0.743208419943706
0.0769006631289102 0.710328360516922
-0.433906270191253 0.590754540218511
-0.855534941843431 0.703732112320074
-0.415339215267378 0.222850634589044
0.10499925374706 0.608021679823633
0.764104275124194 0.702804958060027
0.191602299984587 0.853319984991206
-0.548461903591898 -0.0347884542406109
0.612022632178402 0.495178798972619
-0.525843475767632 0.444241933960738
0.284847986518462 -0.833331484477582
-0.451479051302089 0.157270059073387
0.40014093125805 -0.872937366377621
-0.398894285775732 -0.712983232348214
0.486456377846285 -0.948621803632785
0.868397399787841 0.0190425203751809
0.875735984384406 -0.0150161694593292
0.842178417161344 0.0633784984530064
-0.149660336713669 -0.267909878014605
0.534656628500985 -0.90919712263682
-0.406535398237842 0.554994629429238
-0.674173940678454 0.440604303592691
-0.28437139753378 -0.70416147985871
-0.140764990700594 0.707104824772869
0.166138043796252 0.344882557965855
-0.286643404026217 -0.525528485044454
0.270442121266756 -0.544886032813515
0.463066068507081 -0.0365546575144144
0.297748665097098 -0.0770644719470133
0.28091687818453 -0.729447140164393
0.239801707618985 0.369374776261505
0.0727463580300749 -0.486196812603818
0.487451607067018 -0.505931136757397
0.367795859726272 0.34418506197038
0.509351989334451 -0.468820197995185
-0.243259736693079 -0.5628010824851
-0.0164935522837039 0.452697441840689
0.43945531123401 -0.328088742956462
0.159104999799554 -0.643871394373466
0.0664014639921576 -0.419591356143699
0.326708080486049 0.214348115609283
0.0904528451599251 -0.340226109602207
-0.52161524539361 -0.345253998537927
0.0028261734751325 0.449076153734826
-0.36900630319484 0.120206493476786
-0.371474838326623 0.287946138272376
0.415109133731802 -0.00221095181750469
0.426382586040573 0.0210511409576437
-0.0998524609675616 0.500844891077482
0.22573766131293 -0.967566258530476
0.398492181956097 -0.863206907028448
-0.505382241383986 -0.645141052201626
0.712802186245205 -0.377217776186813
-0.534399377795898 0.111076198425456
1.1396799926943 -0.809921363513961
0.131837271386211 0.76658282851746
-0.39421914254667 0.210569186212384
-0.439874778942324 0.239057228685807
-0.385052862963427 0.202068498243626
-0.0878639408069975 0.671915772606108
-0.560940461953705 -0.523958120985536
-0.0806060996620125 0.737188783506364
0.470310099696849 -0.166321807410453
0.647904804894003 0.107226366862641
-0.44575483711619 0.512677834435348
0.110301585611051 0.153093967447597
-0.377837359139911 -0.282672847285889
0.0265863547577398 0.0352820005402547
-0.689842111367948 0.0400756727100591
-0.237371949875188 -0.4175378381877
0.20023546911312 -0.597850292128185
0.224648298003342 0.440633755601722
0.0390667545014355 -0.889855614255632
-0.717912486039979 -0.090382987194486
-0.291822777102073 0.854455722358093
0.281114477803564 0.464464682347817
0.206540977075202 -0.233634943191483
0.209229317991107 -0.810797860124154
0.408971863179343 0.47313634026549
-0.487055006625907 -0.752012859842506
-0.697606927218527 0.420925017772956
0.912061408772945 -0.703605089094244
0.640151690618242 -0.750315747077251
-0.242532989701355 0.473557530176862
0.882571696694045 -0.0771790793440076
0.282554083250575 0.408308703484597
0.162974408054104 0.473537197325902
0.356101609154291 -0.700797560433382
0.33706526990464 -0.126998004021912
-0.120850327620417 0.0228268375485974
0.79424086953427 0.273019583012202
-0.302693177473701 0.0143687458476309
0.831119164485995 -0.139884572160604
-0.392016270246857 -0.0942555061623094
-0.610713275251425 0.378221406268102
0.0202059978380191 -0.70170323734631
0.0708512131670453 -0.696964716090383
0.110216129501016 -0.744934580119531
0.453255342720112 0.662318084610303
0.172185877226393 -0.777403155269171
-0.690207025067392 -0.363781334411218
0.573985277864833 -0.210012855055387
-0.87317386076431 -0.659121833086823
0.841084330002781 0.514654057164827
-0.642006397205613 -0.0519655363180289
-0.429275892527484 0.0572678884226447
0.745124131398722 0.179814123259866
-0.00586591118817943 0.506216160491026
0.420963158752928 0.0289413190713299
-0.424342998317022 0.213404389241154
-0.59485013204886 -0.420700203070102
0.476722229023569 0.186324615514162
0.59185466247734 0.347305627181934
0.140669185552796 -0.288718485631783
-0.346529946634699 -0.330241375888578
-0.203286350487631 0.692519957987542
0.236776823264847 -0.0914409139009702
-0.648163448113464 0.0820418296894763
-0.58794494932026 0.687692264578012
-0.135168541610983 0.0707475648325205
-0.430491586347385 0.890339109834547
-0.360907151125679 0.850651227673285
-0.52065752994522 0.569771031546308
-1.11160976183162 0.0775285110040052
0.346250059959333 -0.0700706786126498
-0.663593852186853 0.625877826575092
0.151340933071716 0.269983337747373
0.120088040057081 -0.390675830249033
0.121829778947538 -0.107105679462625
-0.921293061552075 0.0963455942706219
-0.6546586662804 0.875126872742839
-0.853581857696613 0.0259380973561348
-0.0141023426539644 -0.137617524639459
0.205177942702264 0.875575053579829
-0.649513009633357 -0.568728995406171
0.316644746012147 0.887510884251585
-0.397576593576065 -0.533820553651511
-0.308048824487769 1.08660217820961
-0.262449191326803 -0.646444013382022
0.424824484210394 0.56275415906834
0.512160970305748 0.524218614469749
0.50655361378363 0.470703348852333
0.546746190216292 0.50182320412298
-0.141535275321488 -0.675587460067166
0.461523254186223 0.385854823462689
0.273093250187713 -0.2026958826768
-0.0959570763528624 -0.368986009071761
0.381004427409897 -0.330823276901833
-0.585479404576704 -0.154218241121355
-0.836854380983639 -0.258928881009868
-0.108868493176545 -0.638135767073908
0.554766322785977 0.501936004145514
0.483009731996646 0.547433226604109
0.0299201034896827 0.957100129269119
0.496884354563364 0.600309641368184
-0.801214252752469 -0.394780681097124
0.0484701220028912 -0.811920334101483
-0.915805533638566 -0.381138070065492
-1.06843390313366 -0.474483927819173
-1.20104352878896 -0.45280814107792
-0.94954726908733 -0.0472372119707816
-1.09984196021292 -0.305642727076565
-1.24487913913386 -0.361538611480154
-0.0966773053578287 1.26484036627526
0.479858451307139 -0.248419894657778
-0.418147395302803 1.09004006372105
-1.28407546660289 -0.269436978043248
0.261589669319033 -0.17227734745611
-0.824666799639168 -0.0760663155221869
0.264504040246933 -0.156950747285569
0.253410770287375 -0.192425505998248
0.336472576812143 0.712430972688636
0.0464955541520923 0.563323037768989
-0.978492537259154 -0.220721166834251
-0.496250615205463 0.743969611418996
-0.523293308822235 0.799490727963329
0.011432851226417 0.0659425977692532
0.117699288455483 0.493187634581733
-0.283471856533545 -0.471191148676474
-0.579152922074066 0.683111343625991
-0.58550127046981 0.0469136219527811
0.0194942730836354 -0.120586901477303
0.0816761598880246 0.0096001518885964
-0.111020209819257 -0.19728687898151
-0.632347273374189 -0.187599790393379
0.260570892816059 -0.194011262448155
-0.548038614482943 0.0162855095594046
0.341195684430215 0.502817675598883
-0.236826755390559 0.591481371454764
-0.264381109883664 -0.205212572314327
-0.458574514691745 0.120160318152556
0.0316362057008368 0.0806267201897562
-0.189562410468053 0.144495449296735
-0.0748740521236825 -0.0348476081784443
-0.187027543365938 0.083382089708363
-0.179126374143006 0.383321676093834
-0.23649008998529 -0.172185912145652
-0.00507311591896264 0.38539682445008
0.0667951322633949 0.0925591496892087
-0.534146038209128 0.211800111769308
0.069999003646451 -0.0859238386911637
-0.0783695130617353 -0.480479104989557
0.08632472693836 0.440666013637563
0.0268449874051294 -0.424367346983296
0.274478646263752 -0.0661850293308483
-0.181185175489289 -0.312347362673234
-0.872289281755232 0.469216297668925
-0.39349398748451 -0.155423418210226
0.159078617362173 -0.164270375504441
-0.154998882441512 0.333229658247408
-0.16944801151974 0.033810256056687
-0.510955864363921 -0.187673472859485
0.209569965530912 0.301804619308467
0.0913631409196959 0.252399866779999
0.00454672286115553 -0.0869446447669065
-0.306023057164198 0.32593918920093
-0.0592798752928811 -0.102128948675826
-0.163281226218174 0.199389134214577
-0.104005780150219 0.031031527686013
-0.0825560319532833 -0.165914777891443
-0.14714530178112 0.106513293246244
-0.0506761645050689 0.0866038886204996
0.0904669495992586 0.210274859871031
-0.499840266840948 0.200354993803064
-0.264023494742082 0.418298906538441
-0.405042044224323 -0.146415970815263
-0.375849410878356 0.268313989217389
0.273385218379352 -0.273472387767386
-0.506852016544186 0.320898701213537
-0.0102001038329038 -0.311520290530943
0.220309753485139 0.00643189794675763
-0.378976391663899 0.121534567846341
-0.415020398096111 0.284931993251316
0.124893142357783 -0.050501592546162
0.25164898773201 -0.522963935342324
-0.584047658427101 0.348915718398373
0.00621821358568787 -0.31656496100714
0.125857776434221 0.12145676196953
-0.26095851996756 0.061763786697486
0.104374938992815 -0.430792624454184
0.0953351623699833 0.137043744146885
0.315296540195483 0.130632776822558
-0.271966862037362 -0.257284886709082
0.0308994353189931 -0.173194071851592
0.0945472635053764 -0.234903813364491
-0.235856298114796 0.124825882088172
-0.124339791582551 0.18217922777351
-0.129628011186281 0.0979692185650554
-0.0713553300964868 0.101331132363178
0.339090034529459 0.322346153587532
-0.179197948037162 0.402974180303333
-0.533249731732408 -0.240351356953505
0.177449275542308 -0.117993155113362
0.144776165437341 -0.068369864018473
-0.551684256278992 0.178558541527156
-0.481774091808084 0.289084410045257
0.314931029104969 0.160711707453447
-0.567534238451305 0.540776537703796
-0.898041810410422 0.555842461379402
-0.422039615040098 -0.248444969766806
0.390578108424667 0.464091154889976
-0.291958559269511 0.407579386177217
-0.479417155884519 0.356027452899839
-0.473080590470581 -0.366733432798536
0.410085194008343 0.230919739387283
0.29946534424236 0.196326181491718
0.505350650416533 0.213841013876697
-0.572250526348412 0.389496583225108
-0.521665715516322 -0.437002862938913
0.637270790461608 0.299566767329778
0.710254334893157 0.330052970429725
-0.457025034078332 -0.489248107936915
0.551769850905645 -0.44956619551508
-0.557666269747457 0.11981491643035
-0.202937474965517 0.0191056802425473
-0.239199359960638 -0.454383546299074
0.378377780982592 0.159117061909745
0.514527351407118 0.159393981859566
0.00611866342474664 0.34831929028552
0.693610757036301 0.159442859113758
0.223309631157557 0.0297405718239901
0.34648915798989 -0.331707453899438
-0.0468429488492872 0.138318042954463
0.375277731050162 -0.127133999165549
0.0274015300110297 -0.309047240494747
-0.38967223956211 -0.250907012130281
0.561097022594791 -0.328918234386318
0.437569039025979 -0.435342783248844
0.625187912698923 0.411448104282987
-0.334541654220344 -0.79900346032594
0.871221733197068 -0.770611040281485
0.122956556309095 -0.673483782625881
1.25723693396278 0.427963472112041
-0.423286791058135 -0.423589771170613
1.38213012094742 -0.928261195303412
1.14826970594175 0.427924408021847
-0.406137738504366 -1.16366819975188
0.245221925183044 1.19286254841409
0.849729390311937 -0.519355177087702
