-1.33339401205618 0.259521619741366
-0.795602641205672 -0.728598471665505
-1.1762765801807 -0.640475769743841
-0.950131006624436 0.129437477819807
-0.707721188095285 0.636574696539527
-0.930235477602062 -0.715294406978558
-0.179844354385814 -0.81986826165235
-1.00535294561662 -0.563295606657963
-0.162758982796234 -0.807810505307071
-1.01073763328444 -0.482713385553704
-0.458288909892859 0.605885811899904
-0.737153500127565 -0.709840491639658
0.0204337264739451 -0.811205129871664
-0.223464641261932 0.677310063583154
0.519527113942859 0.0276668971384412
0.31017712911652 0.56399280824105
0.619058430322816 0.0122121385549145
0.299602836343274 -0.567781712662119
0.335325410253679 0.340925996060251
0.443110417090775 -0.546813265512866
0.696620606811469 0.0978581659064088
0.23862891931736 0.425067660673825
0.316329749096695 0.337527858761666
0.383833056050069 -0.291282461587463
0.168519990882565 -0.149706962944567
0.387437264300612 0.193349364578827
0.244887200213054 -0.178038039371741
0.287978371666113 -0.033682892985541
0.182660819310999 -0.0603158321895696
-0.0176828201320148 0.146666459518796
0.0134124211774503 -0.0126563441863961
-0.0483701322795203 -0.0557134058029958
-0.147831703701351 0.00300937289129918
-0.16840562919948 0.0395293634110683
-0.0265480316169929 -0.014926434166373
-0.254974075983238 0.0868979905787172
-0.235512267763746 -0.0246763767018233
-0.304076602338106 -0.0600858853094407
-0.300407078727107 -0.0544418361841105
-0.312764751843806 0.0169903505663751
-0.249165719721305 -0.0748243333308794
-0.252822430520433 0.0259158884564444
-0.297387482207082 -0.147674051951267
-0.295451424205478 -0.164850654641569
-0.25752872759655 0.184772491147161
-0.535632507764375 -0.0672522841525997
-0.450562780754248 0.0580529501837085
-0.457683294801152 -0.217485830640094
-0.353308215476473 0.172315596743789
-0.302636494369842 0.0968223050848944
-0.350699525542673 0.129676285493525
-0.23053940501853 0.126447871114323
-0.165826553880587 0.110805309743401
-0.338552748823118 0.196531466094755
-0.23566296973921 -0.0782342890521434
-0.578052051452162 0.0800179819357906
-0.385984693699074 -0.281793399048158
-0.197781583390799 0.255295245770511
-0.244230447677076 -0.285853163188413
-0.377785569484449 -0.235494262685998
-0.380793155116089 -0.298613820884301
-0.296240118944572 0.330872872083237
-0.358104822646445 -0.359279549026378
-0.466297236914663 0.0714625388343144
-0.284355401465128 -0.352678174613573
-0.137051248223927 0.109796981109996
-0.966965227267111 -0.0290907195446745
-0.87074521570881 -0.189038618655888
-0.817409393866966 0.144422273180384
-0.84108332731625 0.125679087262947
-0.321171151564211 0.458687907888734
0.305557041659672 0.0195606930966362
-0.653735716148603 -0.193703972046176
0.0182293554773806 -0.433589524915145
-0.808318477638657 -0.106385332637475
-0.154043033462321 0.249325700214978
-0.287207881531098 0.276049345302352
-0.771145601932305 -0.0923214264820654
-0.570018007657775 0.387038034257786
-0.429004790609326 -0.313010675135448
-0.171580605824526 0.119490710156266
-0.374328393765385 -0.266930684362996
-0.699625273820604 0.10250776664335
-0.69981578482339 -0.344964918252572
-0.229260854484164 0.163192831385236
-0.645093794552658 0.105424378811171
-0.0223691454775168 -0.142632480692296
-1.04680845849308 0.344332137849292
-0.242469752191854 -0.141842789430595
-0.79186287615904 0.273455841273477
-0.925426232995463 0.141873343362974
-1.00757803859177 0.119628219702215
-0.685165740022 -0.148502794077181
-1.23912835918452 -0.113646261990057
-0.678971407831263 0.182958372536158
-0.661007478076636 0.217613648964901
-0.703531485664702 0.219035719385394
-0.94762269912486 -0.174427461592967
-1.23244523433882 -0.191147099681774
-0.614166532813226 -0.195747123409467
-0.714020451671575 -0.604952622232955
-1.03670893034977 0.126245519989534
-0.14117043043138 -0.335313755254328
-0.911837532296079 0.162058180786197
-0.739956949600642 0.516321451928337
-0.53890235229429 0.577922546875762
-0.756701889717943 0.585790227706236
-0.469678538921527 -0.857696688781485
-0.867114229371897 0.342569503953216
0.0114164481921618 -0.0999098609825287
-0.615015829285832 0.75817532071989
-1.23474634704104 -0.65043719287329
-0.970080324216036 0.478588014571987
-0.371558329380435 -0.879558884633674
0.298384612855965 0.186882509043564
-1.20393516355993 -0.757893225720498
-1.26119084743681 -0.718119912488096
0.434788424850314 -0.158429712027919
0.643462148705315 0.042886331977207
-1.14378075450955 1.09789277976359
0.330910870032888 0.0142883137244589
-1.04682874663381 1.18345965332566
0.273323518713184 -1.28875481201211
0.61849786251084 -0.15184567026685
0.048629976777613 -1.21358825648386
0.13657069245077 -1.21523772282462
0.74833991296255 -0.308095432650212
-0.235241514419709 1.21165417636826
-1.50283999637993 -0.0486775695095125
-0.54847527590162 -0.680913331413489
0.747319237280577 -1.25322123811459
-0.14091683279968 1.2096815548386
-0.414027296316146 -0.0222465720792178
0.0947621017256721 -0.873614027487497
-0.370221459202862 -1.34225761606394
-0.149907303255516 -0.833996341459964
0.631703842113453 -0.826604081573194
0.183548161582823 1.08795537136884
-0.879841014234877 0.0232689139546911
-0.792484421455439 -0.37633179608707
0.547789373739862 -0.573655689364093
-0.68775756966301 -0.695602524702478
-0.908864370177149 -0.185388552280426
-0.625490092879859 -0.708994842034485
0.0720241302389793 0.695771378796635
0.273516111777968 0.387286944365557
-0.310968597630256 -0.178019311077067
-0.758988515037253 -0.245293718549394
0.372988775068325 0.036381978723125
-0.212160840595871 -0.565822299590599
-0.360446465040186 0.535421032171759
-0.318602131532983 0.425066244673207
-0.702381413060833 -0.288947315512648
-0.337430699340998 0.32659841826213
-0.162182842236854 0.335440992204384
-0.300434464172532 0.261444111248544
-0.603157551938642 -0.533152453816619
0.0552531448929725 0.414959011465482
-0.556573058482288 -0.396540702448653
-0.519746151555779 -0.30473680557082
-0.15578230176915 0.303545713882636
0.20316176680797 0.053351166374828
0.00089117719272017 -0.0292713339206693
0.0630871023755056 0.0332278406893055
-0.169754713168169 0.0104225605079619
0.029387508026186 -0.0266912374540689
-0.0216879571191305 -0.184873928070341
0.0865545821157923 -0.0284315955129978
0.133875307938153 0.0203942287746052
-0.118065602524329 -0.0647123430932031
0.18898016874997 0.00836758105714029
-0.14796624757906 -0.0658433504311514
0.195341204626953 -0.0131323280704368
-0.117885137410179 -0.158762679691515
0.101813575980592 -0.281655016469943
0.0700232395222127 0.247924765876003
-0.00558676716780414 -0.156928762451154
0.110352571225843 -0.349317638736173
0.00461111056807665 0.250960234140348
0.361334696578147 0.0732200742266066
0.438698372973314 0.134182999591889
0.057646777046454 0.335899363038715
-0.183548215951739 0.141035369744213
-0.329814449117553 0.381703616102447
0.1703070611276 0.415340346186046
-0.316040241284183 0.288057068673063
-0.41807933746221 0.395318214432342
0.460767558676706 -0.0735561578799032
0.154708957780982 -0.516812015429395
-0.0780405673118467 0.338657636077854
-0.0867074220854872 0.27858502866921
0.180256243472464 -0.00268350412629611
-0.600937895176219 -0.0838592406236318
0.0950340252452987 0.309607947348167
0.214565515392442 -0.105551559758934
-0.809674609570006 -0.0282995511353147
-0.23114045946628 0.430022334632797
-0.219256149093006 -0.38956993512389
-0.467369972854668 0.231071214106335
0.0702422030050873 0.00276493518592805
-0.729226796099689 -0.0516034668461276
0.0110227168956755 0.0703238022550808
0.0326779581265346 -0.000454960096878995
-0.212785313688214 0.155611872648383
-0.478450384704261 -0.0433093377560893
-0.213159252665943 0.084904811167794
-0.158970326018865 0.0316263441423129
-0.102470024822957 0.0443801269057285
-0.265311289920181 0.0766646750982255
-0.149415517729012 -0.10952914853336
-0.197440718806598 -0.147230615109953
-0.158585212784263 0.185331802309234
-0.22133869495551 -0.0119237718692733
-0.431138848312333 0.375517984208028
-0.416406756166093 0.101482815823451
-0.395494583402814 0.103315333934761
-0.573935611663588 0.440521299776404
0.113553432570343 -0.0164783794647822
-0.307723206977154 0.28205279477546
-0.41750255273188 0.269781951919593
-0.757125906193178 -0.277097592120806
-0.243705875043189 0.164511520382212
-0.468517195989164 0.356352570957494
-0.159614341004687 0.20544281421242
-0.037166263647992 0.110408540302272
-0.0476849971768982 0.134060609721635
-0.244969127553705 -0.0206762963786061
-0.148843288912929 -0.0379107081957514
-0.186318714006341 -0.0347582373645879
0.0223043634988753 0.120520178945439
-0.131462941707423 -0.0530895979556665
-0.0795093778156853 -0.0146773752037438
0.11252252320605 -0.24982189302926
0.276538739827312 -0.187876015284055
-0.117113486502381 -0.0340202823050788
0.0357888350260446 -0.214656698078117
0.0388844869182774 -0.316484708024087
0.118147277079789 0.157383953321654
-0.0388575810945838 -0.282495452584288
-0.0313221683880773 0.315722673647687
0.23035697869337 0.09790602830668
0.0633743625709613 0.313199826146511
-0.109253878179121 -0.415713401539675
0.264667326536255 0.163492739822516
-0.687522176178286 -0.0344992309771143
-0.606967314435206 -0.148552626953589
-0.223953958037499 -0.191787179101545
-0.440044360120846 -0.393493235728429
0.303738646148975 0.28552164335201
0.421827215986711 -0.380533810688613
-0.456777194284916 -0.0282576447415087
0.60981603050718 0.026517933393703
-0.0277193917336873 -0.528062650970408
-0.725453331767904 0.0779220297340311
-0.56202693910176 -0.191030588531975
0.500983800356387 0.474912418787983
0.784594797751564 0.078553249104459
-0.201538213324262 -0.634505132383638
-0.690849628695941 -0.0195605650828779
-0.567829513089123 0.0498105956388836
0.260938447149662 0.626800926299578
-0.217307448825367 0.678345985365035
0.384989346224315 0.467975583031864
0.38435132843403 -0.413480749247045
-0.478178052477202 -0.109750694792213
0.397803633823175 0.325217289360409
-0.288611222501034 -0.0154616034517596
-0.0386514837509196 -0.268919743460253
-0.470589037749883 -0.338891906450107
-0.431280819255728 -0.185670953973256
-0.368834660442955 0.409607209551684
-0.284345596497093 -0.405879110332778
-0.541070283998234 0.00279898996175143
-0.40683893537523 -0.293400051894739
0.1462234225241 0.275396033972416
-0.604816359531513 -0.0332135925646616
0.190300907576003 0.380741916929582
-0.337947725863498 -0.556357295844674
-0.193006709377789 -0.532409031295925
-0.558092824474607 -0.530092608389858
0.559522589439361 0.0408240560290168
-0.43278398771919 0.571487828978652
-0.226440417199994 -0.592275317853067
-0.508418389427547 -0.307107919371704
0.0324168676404994 0.375882993106184
0.461864300935709 -0.39220259515201
0.158443622606273 0.415347588680639
-0.51992364699634 0.191392365612378
0.434012460540375 -0.748348591019771
-0.577713806875749 0.191657275603023
-0.141996999854174 -0.45673821825638
0.185323786145413 -0.39240754318566
0.568895967947087 0.337913495923322
0.582328980015047 0.470533334026543
0.285843165403867 -0.250201800618862
-0.52719188121154 -0.0427814727674479
0.376912418680304 -0.303454042400482
-0.427494354985913 -0.133420457437541
-0.300657477995642 -0.0299092160574267
-0.121270421940818 -0.350893874536217
-0.434931510942037 -0.0654026512997286
0.0895593041100615 -0.263194082465747
-0.406829030251263 0.12764005425394
0.115475466791916 -0.195025143236408
-0.133487113664652 -0.325040532769208
-0.482856521373166 -0.0799882135257266
-0.17763156550891 0.451929680663727
-0.493045975085521 0.0907747929736511
-0.272712747027946 -0.253156610959873
0.0447185777816185 -0.446322545678089
0.304632453189164 -0.140562172992703
-0.553578012634885 -0.201112147876857
-0.515949895587432 -0.082896372733224
-0.36577834634112 -0.0167783551840418
0.250719169039214 0.518045927555078
-0.18967003411666 -0.611357475325225
0.0660627498293666 -0.520551584051053
0.274303152188557 -0.558093959865081
0.0433973795674821 -0.741331790195081
0.752197747631994 -0.661170136007771
-0.429341622860601 -0.0754135825503328
0.0719591619925252 -0.768581758193132
0.380918337363132 -0.616294907560094
0.0425583367717998 0.67371504037746
0.00746070248041985 -0.558991840253645
0.665282464756537 0.383202266803412
0.320635479845021 -0.403777892422261
0.131941729221914 -0.36915542048168
-0.297038953463628 0.0368998385847448
0.173306199170936 -0.284365707747328
0.00106481505023897 -0.246764399329593
0.479563848975892 0.194375326193076
0.514764172412427 -0.279092182449482
-0.490315325262024 -0.0513386619573667
0.0963502665915504 -0.218999231771152
0.612905448187682 -0.36646887134755
0.0340329417390013 -0.526390802222651
-0.183107900246109 0.198563963471538
-0.223019496552681 -0.369755990066957
-0.387633456352964 0.635076980222476
-0.436819004059321 0.624263418319703
0.379659447839937 0.274200724041599
0.245174762174416 -0.694510700562507
-0.568864388141962 -0.518021375319142
-0.480389510063707 0.625103770297815
-0.00334764360147938 0.548866564186129
-0.66903122286334 0.400512933834318
-0.571739624751884 0.460197485595479
0.624507881740841 0.091016051762795
-0.456254042100488 -0.651153386933793
-0.394007668339677 0.481747197017302
0.428622980403759 0.020863456864862
0.554327738307925 0.0399750721565442
0.267489060923524 -0.419871484138297
0.557258015193347 0.0328051950252327
0.189699520390951 0.303721204420389
0.37861958536568 -0.446126146554552
0.369592994531349 0.385800335223761
0.480247989740464 0.496309574704543
0.421284132882465 0.468898296279989
0.773055022982894 -0.00234060409846385
0.237040918626363 0.703048937232333
-0.430455776085761 -0.589747002375048
0.593736882240613 -0.747765929644354
0.386168476292683 0.826294551909512
0.856766132382144 -0.0419420119522098
0.772239995077842 0.174685548681564
0.447078593670391 -0.900593872728161
0.313260787018141 -0.865823218268381
0.124751441087655 -0.789957558503152
-0.736680355200628 0.71020940723166
0.815024661858349 0.170830216390114
0.482267521384859 0.726010283237719
0.192265370332245 -0.749688837956431
0.548728844459779 0.0017169888716963
-0.0506064187648872 0.619594663928898
0.074043754749341 0.517653612789974
-0.378142983697105 0.545982376163897
-0.18294612975219 -0.475654467033367
0.0203182319208937 0.436622236873472
-0.041491236937966 -0.338424163026003
0.381407835022126 -0.0387494129991837
0.229567267675088 0.399200315593976
0.414233373312742 -0.0519224177818135
0.446340850197475 -0.0509456743942558
0.192713414417097 -0.476131564508982
-0.27508467590584 0.427294720634182
0.808134369499965 -0.113581259421266
0.839503311545472 -0.0771315705783007
0.594176588956028 0.515814298607174
0.410393578944664 -0.718936800438681
0.541532217998204 -0.71196395258347
-0.358868342766576 -0.671646755701005
0.201766322187353 0.787142327073457
0.440292837406089 -0.834516496307657
0.863437745571212 0.0568882537283201
0.346629297635286 -0.924749345295559
0.908005619726879 0.0319338127222328
0.154729862254283 1.03041465508832
0.795059066907931 0.00970347019345087
0.244552649716609 0.878435949699202
-0.0192575125010412 0.88287370731461
-0.794216777387085 -0.92315538347135
0.764658379830939 0.0155322966572466
0.850554496201674 0.038373466800919
0.351452223588997 -0.858617208188
-0.0595539652856095 0.75419581170919
-0.0133160447787813 0.633523056818284
0.708933727171789 0.0533467388965453
0.448257843614892 0.590881865569108
0.168796223595207 -0.6167406844832
-0.504977157132389 0.730605072323096
-0.0271019938841721 0.338094599817447
0.449530367215382 0.0580352339507699
0.420915398355192 0.0275428731281639
-0.533296254015372 -0.532621725443197
0.0802773288363701 -0.662901842498975
-0.212690346827454 0.560992101028087
0.445941060368529 -0.0849709914741983
-0.685540957318995 0.542466110338469
0.109455206623176 -0.691768214503627
-0.681417337240957 -0.507604938940219
0.728568361217856 -0.0992837323087428
0.201220499115837 -0.806568898009598
0.394960942090292 0.701623203123282
0.309462802121235 -0.771048559399635
0.490705497541141 0.688975187246642
0.720506746788075 0.768483264913412
0.742444829163976 0.0190992276917788
0.443946194190121 -0.724243138764534
0.324286672801769 0.468673501530643
0.217608615602266 0.710702719774729
0.556216695612192 -0.684237585437176
0.79139167422554 -0.13033918105043
0.582290186248346 -0.0937734750799219
0.0133722847649756 0.57474021129454
0.154904250161814 -0.487917091811937
-0.284340881038015 -0.461694534253821
0.087063237480249 -0.431750816192933
-0.387809489413697 -0.496701590646217
-0.0233097543016384 0.559698156815019
-0.513757826252458 0.671100160990352
0.645222908574985 0.013876842198797
0.323892706831136 0.582690841947143
0.677671875779372 0.113446215086121
0.265048093940992 -0.829213433287197
-0.681937532773822 0.708593842845444
-0.683017158917935 0.76942914701138
0.922875890373751 0.115261404023455
0.982347067369886 -0.0926951780644018
0.0706795010485669 0.934803879712322
-0.347824437996422 -1.03238206580358
0.890325159604437 0.0251754145503462
0.997549260616015 -0.0535543524014951
0.967118726028246 -0.0183832641974018
0.172677584873533 0.716731622032457
0.785175717351981 0.0729432009234835
0.502441980999042 0.429043535153586
-0.249703520737086 -0.453355422916202
0.704848171459675 -0.0164261366862713
0.705726469014099 0.0125916142942484
-0.357990638127938 -0.00135243746289442
0.727858426180249 0.159373914083531
0.346090449095293 -0.41548757089072
-0.242403171878563 -0.128592473198545
0.322795157103473 -0.484283068788021
-0.172698817397598 0.0616509851520044
0.120154079604131 -0.604646362395112
-0.00426186376120622 0.516894721406693
0.120654910473956 -0.248822811014538
-0.587182953065211 -0.0090912341310658
0.113836437264495 0.44765902582186
-0.0893186960525711 0.0900616477336556
0.263260403177425 0.365646585613234
0.0808447786976844 0.250111786892946
0.519092448411292 0.0984666975164498
-0.236747887587127 -0.0306489117199433
0.187039610694719 -0.247422264775598
0.121038467338697 0.181583798984024
0.354785405931251 0.0282467496194672
0.237571146316646 -0.289834061021024
0.407553803608829 0.0106214906021967
0.403472945517971 0.14576496741612
0.565053617587629 0.0697301143160243
0.280746927527797 0.325322628282226
0.463600380524752 -0.253847924888117
0.769042330288151 0.0413844789279608
0.245553851369739 -0.167107160069035
0.673352936961163 0.293960115873799
0.407546811523592 -0.146715672120135
0.112915743068635 -0.0218139607343329
0.383464307124024 0.386182095025921
-0.0891428649856303 0.0345651047651671
0.480859597149355 0.481342863527952
0.259467469477983 -0.367066974991142
0.331536028303778 -0.377295396865761
0.0313223752535899 0.549094179371827
-0.0309028461036484 0.669534747370664
-0.168764236997943 -0.52728931655038
0.253420140549268 0.543650764095721
0.514018617457997 0.315883187649226
0.494273187117892 0.299232956951676
0.133076882479413 -0.252218981857352
-0.214685069292856 0.00163217817266291
0.0233009495928116 0.228612470618455
0.292797637790156 -0.219101132601099
0.241264682849811 0.0850195149425664
-0.00817123608956686 -0.033077131084233
0.354376060217097 -0.170068236032303
0.119381789581241 0.0419012555201951
0.373430505169273 0.171177827455531
0.364271538845556 -0.003724421293172
0.145616136553985 0.110305999962667
0.60331142376979 0.0338551608951001
0.301578080387446 -0.114219049091833
0.171622974326929 0.188012936924837
0.567042418100765 0.125649683019583
0.450368890671756 -0.0765255765134202
0.43888997763876 -0.126243464804785
0.390836952867476 -0.0606449394098357
0.118138878644441 0.0150767909299936
0.119398232031778 0.0352304901466931
0.306521681621713 -0.123157281180855
-0.0471811037761749 0.0196386325341715
0.196950028789871 -0.252969767459184
0.639194176803147 0.346002496963492
0.162713857161249 0.55220669490172
0.126676226948863 0.507771426260254
0.667132638665109 0.542732804937093
0.845975640184055 0.31110507413123
0.0402511417240852 0.0307606243814147
-0.0514797270670623 -0.0126165101425416
0.41266503066338 -0.331996742801608
-0.26433609763502 -0.02482329234471
0.359832339437721 -0.127929593285207
0.0810023624978655 0.456274895789994
0.766788979264451 0.0356323321608404
0.634593863754546 0.244445486563483
0.172355222121715 -0.189376462141611
0.116904065226096 0.0290289723778594
0.218078137041299 -0.0498140850855446
0.129381892341748 0.130902471367375
-0.0495833841716342 -0.0021624073953672
0.282966647698433 0.118159507523942
-0.0666495258632642 -0.0590773873138697
0.221606698854895 -0.110338749751447
0.295358888901632 -0.359758229187628
0.0571971362175968 0.307464477981948
-0.00197319770675456 0.40206774567299
0.189213159024632 -0.237733964803232
-0.229850448168747 -0.00594060343541933
0.183378771637798 -0.460662435630707
-0.321875915361979 -0.0208814279933407
-0.344504618366877 -0.0331503461739253
0.628179584623234 -0.455907722793674
-0.231427601467059 -0.0154207469096393
0.456142226031973 -0.233380995987238
0.615362895586601 0.2285520541116
0.311634865307542 -0.238686547326893
0.439378830958145 -0.0843972777011033
0.420385520210939 -0.0627983971742917
0.743644748967079 0.0513918551336353
0.575364916180992 -0.0575784388623679
0.591215589199408 0.0605136238831655
0.268546304444293 -0.0263389866816239
0.0535372441460901 0.0138339210814627
0.0480259904355678 -0.000722547816761794
0.215337963693437 -0.157492282119543
-0.0465691541453688 -0.0792504337095147
-0.0441675057372033 -0.0703117694954989
0.321657110409624 0.120868892146535
-0.079915285436716 0.38471628042028
-0.0615153342147366 -0.360987089565986
0.054767236936239 -0.395306975643766
-0.350698321298207 -0.0248851013130192
0.646316499907955 0.0357043617719828
-0.388483606559527 0.00253215602970849
0.668390862934542 0.0346617475854612
0.394951622711105 -0.446329794267402
0.246280259944512 -0.568085899552364
-0.487547772012514 0.0455368256939014
0.400136804115108 0.511774457480393
-0.748966646120362 0.0264721424911236
-0.507342324389513 -0.419654620357105
-0.756070214021376 -0.0975640840494248
0.00453519186212418 0.584691651486196
0.257009132102761 -0.441743859390769
-0.246387278937952 0.375755792588384
-0.207581126899804 -0.213943993723937
0.342726813860822 0.0532563501228936
-0.796780912092005 0.244502760870363
-0.387175737674162 -0.354086372058248
-0.379080203466286 -0.272341311075874
0.278457535809012 -0.308319783677069
0.499466238506414 0.0240621056016774
-0.463768978877002 -0.0120592014243026
-0.419594186219128 -0.0209084947261465
-0.52976824129307 -0.0654693220819982
0.177582317672132 0.257929387769367
0.089604616355545 -0.464512011459586
0.18824962763381 -0.208080496928928
-0.560897251330192 0.48884745644968
-0.694836939629146 -0.464644810571441
-0.64229539526503 -0.592048558380223
-0.800385708495122 -0.392914585147983
-0.836772113635098 -0.284547169884676
-0.150596006922275 0.135465038079853
-0.518313283916733 0.266700185456126
-0.549497817245595 -0.416354745172239
-0.479896745332801 0.26163626857874
-0.73076052412923 -0.146196737849571
-0.108344246692298 0.168050327965833
-0.222597551716996 -0.207959227907015
-0.339209296907024 -0.18380586316702
-0.206858703583943 -0.588871417960803
-0.786345262039943 -0.331795617837894
-0.84807820346034 0.333397674227406
-0.526058920233866 0.291533594414226
0.104287548511649 0.0508819038669921
-0.137621404293025 -0.723188668717551
-0.50941578431245 0.486027205506273
-0.523800615336518 0.509137068287386
0.216282116908007 0.0234860254622754
0.243525608004695 0.00151610586477382
-0.341943541797286 0.699104747610594
0.226467120471682 0.0899759730024704
-0.88085386933514 0.474963906252944
-0.773709720760776 -0.521175727088625
-0.0429404845015152 -0.0669717595815227
-0.0314150293156969 0.0694615240943929
-0.159709930542496 0.067813312224999
-0.59282320782226 -0.45647136491488
-0.388897719688591 0.511362882017496
-0.998610706514806 -0.26559982893958
-0.679158134336992 0.160489478748282
-0.486220063297264 0.258505744108918
-0.39190322094006 0.220525032550519
-0.491773611425521 0.102110434105753
-0.785971058243969 -0.165511923370607
-0.667628777702689 -0.174995411773762
-0.40337072082381 0.11439920402868
-0.69816752400859 -0.278867901700779
-0.439981752221227 0.223815505027428
-0.00352271941867809 -0.00951574943389964
-0.218412387393535 -0.538751022845504
-1.05719837862979 -0.0560315839048465
-0.690025375643379 -0.41822740156233
0.276989269744594 0.0433776300542179
-0.868171719519535 -0.48393135934116
-0.128606963745324 -0.761110227338685
-0.762965087277242 -0.702521722957801
-0.881495990134468 -0.62331738488085
0.430462000649653 0.0137448620737129
0.427016839989289 0.025489067534673
0.489846739613353 0.112852127192907
-0.698998035585497 0.607255159418796
0.252687377027469 -0.0214059055419
0.294179879409454 -0.132078499900254
-0.709479197667475 0.637688658933575
0.0933481092774728 -0.143641649881856
-0.144621447907243 0.572769199495453
0.136739479169876 0.205231884025288
-0.0359947855721037 -0.133249275373593
-0.517514003435734 -0.293963226126915
-0.676634079279674 -0.20494524701718
-0.6307102919121 0.435129298817776
-0.291854383313491 -0.380628508029605
-0.492665307104109 0.304130225389644
-0.0970237213685612 -0.115086629627184
-0.115140457916383 0.165747628186481
-0.0433738750274168 -0.11241986628604
-0.579815434345235 -0.0451146249797255
-0.086864400794098 -0.0555261739042492
-0.0582858182760406 -0.122478172507851
-0.216840797385062 0.010188765584529
-0.171473957142279 -0.349643437105099
-0.485768433161023 0.313185094407549
-0.607822759421516 -0.252227342173883
-0.140577661726343 -0.370614162963028
0.202289714871328 0.0675368975258086
-0.521766114790956 0.422729475131001
-0.47112250225979 0.372575097825561
-0.525124956457597 -0.477990049215889
-0.0477806260286725 0.562612851488667
-0.48068132329655 -0.33458191635722
-0.0891478892027532 -0.36596551065168
0.180121895730973 0.439428929851249
-0.476142287122096 0.463916478666145
0.122386483918707 -0.508408923927695
0.268902679751845 0.0700972680803991
0.329791719134668 0.0936125027269344
-0.209660509533455 0.325491015734517
-0.324748295522822 0.145498011525547
-0.0763839659811824 0.0461781360777113
-0.495354748630567 0.409902352095595
0.18813118311958 -0.270378786175443
-0.192838961155559 -0.423288586335198
-0.261792069388374 -0.550402889510874
-0.128339447697018 0.20186561702812
-0.127585312037273 0.41211910718178
-0.272902807814986 0.56870474974238
-0.664199263655753 0.506603199150682
0.400707510455268 -0.0254733612630051
0.454625055720981 -0.0105113165275197
0.450649497065277 -0.00062913850685269
-0.11772266798628 0.553861306228006
-0.238874857516481 0.653235206278935
-0.672052009290947 0.564347065855076
-0.0884554220582977 -0.619499361453243
0.234455050343034 -0.00465823731244606
-0.11066604167689 -0.545497026657112
-0.346767969892806 0.377089047587412
-0.240130599187094 0.317993346629601
-0.353349988075225 0.132854531188695
-0.266567078303873 0.229511199937361
-0.332844602272004 -0.261693680204643
-0.698851492265142 -0.00205702824432633
-0.203622862419325 -0.0537461472034293
-0.639274533889791 -0.0997856632665133
-0.463183098153559 0.23170594222678
-0.105428343504155 0.0978518372432465
-0.111891992806996 0.139346958208232
-0.405302821552038 -0.0915299104256967
-0.705634975324462 0.483405478136673
-0.294508282589475 -0.586514946055948
0.0920774883269753 0.132520908396957
0.207666679942143 0.116158526290365
-0.315779539620871 -0.632781939810238
-0.491248005813554 0.492899037616119
-0.774414860447165 0.708948933427438
-0.855642335507896 0.636424182911631
0.383856106827578 0.121686549804766
-0.278510524831508 0.747620388655593
0.580651931795255 0.089817908092156
-0.144013406249958 0.722580112230667
0.008103789014023 0.649523865506288
0.667578453174528 0.0146233293775644
0.706862729344386 0.0707251009439411
-0.463252972581387 -0.94720819745442
0.698487851181684 0.149548664176334
-0.700365633048134 -0.869626346771344
0.784873819203867 -0.0312664269137475
0.614870833094611 0.0258279345815201
-0.506048916344544 0.66628651855575
0.0755399855162689 0.576348079835396
0.560739439569472 -0.0944868592302113
0.808957218403052 0.0409751976994594
0.029634451316193 -0.795425436108124
-0.724516738525724 0.853174122165183
-0.0140750202550267 -0.85677630968157
0.0517238629967108 -0.933663730294182
0.714133661448219 -0.162145141262467
0.610385658068003 -0.0205297702032664
-0.643899692222207 -0.874390656956551
-0.488305880393145 0.912529404517224
0.852049325922126 0.192205412248465
0.369301340010643 0.730826094657703
0.228494318567713 -0.624683499973816
-0.273158445218596 0.869777409427907
0.29733438899775 0.84116572383464
0.687306154605921 0.409999848354266
0.0397923708108447 0.998280980611602
0.420407382592555 -0.979232293274094
-0.00384055297558715 1.03778012968912
0.265348567511963 -1.04233847672163
0.309081099326409 -0.946116155536478
0.471650883578314 0.0892533222475065
0.0494801820968636 1.08075662499066
-0.504119563044703 -0.68775282737086
1.16423688776073 0.243201992041879
0.593748670849212 1.11825183562951
1.21916159841061 0.257614026592209
-0.0482008218820231 0.488832310657558
0.857746357118769 -0.221103086784918
-0.198738983690838 1.12639666732978
0.0520658949999945 0.878957573077565
-0.573157522263553 0.322627268910939
-0.250371097972113 0.91249043713281
0.565780203206906 -0.47529393527037
0.61223052447235 -0.764225585957697
0.685756439623353 0.426168671330824
0.198357491456994 -0.653219103704005
0.495301468904061 0.388194383535626
-0.328738462798366 0.341656328689593
0.332814037980787 -0.715561442487213
0.809941167997296 -0.806785300435318
0.50273452046403 -0.0114579503033954
0.789261547785545 0.336396051774151
0.9696122435205 0.208809747587313
0.0601167770059171 -0.710780397951954
0.851697600544214 -0.0479264571071708
0.8688780126898 -0.0738252008233825
0.957161429380251 0.616796154061455
1.4318015293451 0.0524845288798346
1.22179788311661 -0.300569866738948
-0.135862115660314 -0.412025760372886
1.00351181691096 -0.296614729092003
0.981930323031089 0.615068000659243
1.11655378440093 0.734512754876634
-0.385079488057609 -0.310717886322985
1.18481809516178 0.389262502840147
-0.145780736409865 0.989350880640072
0.63933495232433 -0.475669883749623
-0.281745862496953 0.188154155804051
-0.226635828967163 -0.276741953516113
0.0449392417620261 0.83894777604244
0.71389295217848 -0.788416538383391
-0.585861948464864 -0.142892365008852
-0.640487565985142 -0.0221287123183147
0.837552252177601 0.470044263254982
-0.308895639972963 -0.0874848802447943
0.878624139706689 0.590198473223774
0.8328501242583 -0.479386515034087
0.594154329911379 -0.29060001889306
-0.170048789532299 -0.129064386585838
0.0927235947402896 0.792265836165021
0.665625364068449 -0.151987275802378
0.72037477786384 -0.113626245415819
0.102984271035099 0.162867709023195
1.11340851442333 -0.316859441719027
0.914869847616592 -0.676742525298208
0.873836617602129 -0.0422619507249272
0.997862369258148 -0.223917800750591
1.15881810730213 0.649857173869511
1.38202256722237 0.418260230585458
0.926488245201994 -0.351485602218567
1.26444813025078 -0.739570230696696
0.166851735854146 -0.192314409288805
0.221701155591573 0.194534238181103
1.27321506771134 0.571980183501802
0.303320736249098 0.177411541423467
1.22599830047779 0.362945686843392
1.22185919534718 0.504819444010143
0.175458905657561 0.0165981302266602
0.797343649153885 -0.329822325820147
0.758258916931135 -0.462534032406592
0.0843878728779222 1.03956432079465
1.51066262900613 0.05796991903105
0.915226967161271 -0.935125626294924
1.16453487823234 -0.694096503739078
-0.549263299743367 -0.00597017493286895
-0.396029519062216 -0.113413847295621
1.0848159079523 -0.880883269599002
0.996378431960025 0.88374238795966
0.784156354041364 -0.424816867230206
0.448421609251553 -0.74584714743882
0.411372456967257 0.815401289332344
-0.044807268597309 -0.125506076141507
1.14161981163912 0.337406063356735
0.728948288712146 0.454447130979136
0.67150758423583 -0.199920638865185
1.02891627468893 0.288448536858419
0.538503968725272 0.429480964172263
-0.0728501890537764 0.120216282812082
0.928123233349253 0.425425138403876
0.809435148237763 0.577432361198203
0.301892862008527 -0.663567146171194
-0.312390123773654 -0.0668643391197816
-0.328563575413432 -0.00862999480757636
0.13932491078423 -0.79261416153526
-0.401504083889151 0.129950431074341
-0.285116108332854 0.107776361987999
0.180049758523775 0.807325938868799
1.15850256500146 0.446491049972958
0.834474327196545 -0.417482425531244
0.762943206609785 -0.299832225133049
1.6101479192376 0.0279873824781833
0.896653234591482 -0.205597751700781
-0.128044840244118 -0.277637651108445
0.696956127771682 -0.75699823866235
0.255504038758107 0.337425511125462
0.458011583341993 0.290309545401241
0.535877389809771 0.812803456993675
1.24610929979871 -0.283922764857778
1.44654625427096 0.0342931155881752
0.943626201984805 -0.0976848483254827
0.531450872238161 0.531721980408183
0.155132792892732 -0.692837753197688
-0.207506149147549 0.310010611951688
0.671440495149312 -0.138696440776213
-0.012719749697228 0.13888962952849
0.72911311000865 0.501983694247708
0.262338156457765 -0.644083987515673
-0.115063930887484 -0.736821828197882
0.0418196009006003 0.699903061490148
0.377489387639634 -0.498107661737396
0.657368733315038 -0.647865879854062
-0.409434351109621 -0.0258515982970624
0.138628366180329 -0.859701790470187
-0.566904584973771 -0.0454672240174441
-0.57518606706182 -0.0567117560371005
-0.0355994328062417 -0.96674156978873
-0.171299528487741 1.03210414035229
-0.190325590308818 -0.998192601910763
-0.0877329376878962 -0.950436467811116
0.207937343066458 -0.899867915575382
0.560706712508892 1.00936303811822
-0.063022534873594 -0.728040405344494
-0.0864152636749196 -0.676183761566148
1.04653297083228 0.0526919138000317
-0.0196706138397333 -0.553249358094596
0.202621621970852 -0.458281583322349
-0.57438823975357 0.149859827648129
-0.748848130430568 -0.0205223089140364
-0.396853439338543 -0.672307115450452
-0.529149198939727 0.0587591520159713
-0.696706365640319 -0.231677466846931
-0.589203032357894 -0.182878426804566
0.409433164327356 0.474626353234877
-0.040585634920651 -0.507417799877285
-0.149397569392595 0.51278630732677
-0.115826351759887 0.508577133323635
0.0722781226728659 -0.361515413552604
0.588928243622952 0.414552450521031
0.0468913927770489 -0.556290732105556
1.03705694238517 0.0153504117420042
0.65428124411824 0.637111066058784
-0.0836500174250946 0.779966233293544
0.143625351263012 -0.741860372253109
0.229874325561656 -0.902736464261788
-0.683350201758116 -0.0575067718638419
0.0198692875658755 0.95254024099285
-0.861352101704653 -0.0341873729377493
1.59059156100686 0.0597269122126003
0.150846581610646 1.01363795079527
0.508722975640991 -0.813530597321195
0.689588554861104 0.897502981344904
0.838570587090377 0.780499017367223
-0.664661031034635 -0.12016594658069
-0.82046975585636 -0.0369880117184069
0.440623990814468 0.854535610533832
0.270801152719078 0.818114592035606
0.586109184173138 0.584569484886149
-0.700292944708853 -0.0379418277838838
-0.64815456808068 -0.000741301830880984
-0.335648166212118 -0.565308222992654
0.358739721682884 -0.618056660364252
0.198191161860496 0.502205391871503
-0.258777599493451 0.60945560189043
-0.230998236070127 -0.428445587624786
-0.0132630256179128 0.505710861503181
-0.755502387884613 -0.0443179501031646
-0.439353320467533 0.606499436386158
-0.481565388379329 -0.00374736184481978
-0.002737987601912 -0.277878391836085
0.338003502427999 -0.331463941050506
-0.491262822504439 -0.0302504753417595
-0.117722377568862 -0.570976512127316
-0.50746227256783 0.0168654860306353
0.883456332114661 0.057932974597611
-0.403971469156263 0.00994694996239391
0.617036281221387 0.613167513170933
-0.308533989735575 0.912681560280066
-0.329893114528527 0.965895361310028
-0.563770373103175 -0.173481054935396
1.15403450144405 0.0876322965602916
0.743155985700605 -0.493857874840669
-0.372082267554959 0.911852102018437
-0.542146380672547 0.150448395466865
0.170798044377763 -0.486139190284786
-0.0179428239648795 0.692638994583608
0.499606990461056 -0.501208148514665
-0.424348233281821 -0.225303420520833
-0.269549300050225 0.659252215887519
-0.0340372751509621 -0.654124893054988
-0.706189514900967 -0.0425802287801086
0.341468017302054 0.468837350137122
0.224034867307427 0.693521595413927
0.314720051198287 0.681549816296232
-0.394764817281322 0.741999408700913
-0.907230733336999 -0.0857839802343091
-0.309679456646913 0.859076600761525
-0.357846467891801 -0.923226713714448
-0.643030151947065 -0.108126051241667
-0.586873112600189 -0.248177125489907
-0.181461590910257 -1.02620785181192
-0.271418566844144 1.06906665389452
-0.686046409112748 0.116608967687844
-0.101032468256133 0.829775034600857
-0.102909469724771 0.760599903859047
-0.497046924221801 -0.130822006996815
0.0657940813133105 -0.429667633431209
-0.483248751717065 -0.0196758878486128
-0.434786599184987 -0.0925530276367755
-0.407914239854868 -0.055440559255274
0.463159569066363 0.307942701829314
-0.337427732519932 0.0028933748748635
-0.403404159266725 -0.0473890773652658
-0.381718698195168 -0.0408418554835246
-0.0968445347491944 -0.40610379822854
-0.159544107728928 -0.502239880635588
0.401998746178924 0.604646811528272
-0.261307881823823 0.636669250015372
-0.567760387636109 -0.0419347754038426
0.604902794554869 0.640643651942703
-0.0309944115762319 -0.749121014483655
-0.72739193927065 -0.00940037093009661
0.732146046428266 0.77587502962044
-0.329366255133746 -0.890593256455786
-0.66037143043711 -0.0438201748048381
1.28606529547076 0.0604311020107985
-0.272126207672128 1.02895296257963
-0.390920947649513 1.06821647045007
-0.819124567402899 -0.206962068466654
-0.43745712378305 1.17067642605295
-0.769418067657149 -0.244653340550009
1.45968927764042 0.039537349843413
-0.0729128811524503 1.09936300243574
-0.440703419863567 -1.38349823579459
-1.32817839467101 -0.259000565293909
1.07765693213668 0.74096201046629
-0.13420404100357 -1.37976094056028
0.467654050440974 -0.966279039603475
