-2.45838094410858 -0.739810366724651
0.145500809326502 -0.785811289461691
-1.81593813331449 -0.574217534433476
-1.75527699997454 -1.50043364428044
-0.368297453114602 0.57849044616495
-1.30421732455027 0.997503421442067
-1.10494158839432 -1.10792219732789
-1.86857897859638 0.778691591335409
-0.96552030052726 -0.972541560211516
0.247019805617419 -0.337342027808259
-1.20250642175936 -0.49012468959434
-1.24003474959662 0.386435356627845
-0.513428842208762 -1.07782154122486
-0.8114116361969 0.899506834800388
-0.0340221035633925 -0.377442397684459
-1.13637434408776 0.857623786704585
-1.06715190316455 -0.81295637608782
-1.57469133140234 0.0973636709716313
-0.530130523584302 0.166366011614411
-0.83763032963721 -0.270324563646208
-0.754076921915743 0.553749356356673
-1.21348158790899 0.065986722932181
-0.523498047954555 0.155912798092228
-0.258159217150972 -0.222280787119165
-0.603776002314313 0.293159237073915
-0.819322130619848 0.0798500845038525
-0.904464511167206 0.125314940209033
-0.370639443105074 0.388427898418624
-0.539422972692982 -0.319939730591128
-0.386557599505429 -0.219266758882025
-0.737209193256419 0.2601979170632
-0.343531618430503 -0.0191633880168103
-0.736646545693778 0.105230392284555
-0.730937567127907 -0.176401184690281
-0.489666086024642 0.160670093430356
-0.670349137222147 -0.0856054529215852
-0.62018374453903 0.0954470638958568
-0.604618809717156 -0.080364000822916
-0.622583812698429 0.019022536405048
-0.676603607289231 -4.00568141299858e-05
-0.632259621072102 -0.0135492534002724
-0.713816264250781 0.00921962324039919
-0.6094290824336 0.0285583602546427
-0.420126490138172 -0.0594326625905251
-0.254973357580109 0.0212820580385808
-0.475259906628854 0.135321851546072
-0.49106665880521 -0.0400010767422286
-0.514389773207352 0.251284097454696
-0.326687838513787 0.2412051672925
-0.715790363421843 0.0460917882820717
-0.839530652542068 0.0908909672100348
-0.443718957011239 -0.247101375336232
-0.70637755927323 0.263994034690695
-0.823729464168569 0.183327445457119
-0.292561683538084 -0.254552292944575
-0.0314871594062535 -0.0222253281389559
-0.494423411306394 0.289079768104383
-0.461987447819621 0.375566982541656
-0.139412712324712 -0.28913825508725
-0.406220126379787 -0.31527294894057
-0.296357198742705 -0.182143190643678
-0.233525201931036 -0.205918429117869
-0.422678642521624 0.234674905166258
-0.382681611869921 0.0653079991861008
-0.6947036450592 0.0727156291489419
-0.82501668150463 0.0638327278638167
-0.381669338874425 0.297356618899013
-0.773874443280861 0.1046832845206
-0.51356904605778 -0.171914813315662
-0.284410945121536 0.383694299796198
-0.441677148267154 -0.25280620397164
-0.389918283654328 -0.320168844859988
-0.634488104392989 0.403182683113943
-0.112376672715975 0.0296144179178816
-0.810069057852096 0.301756275696707
-0.415119410018978 0.405520098785781
-0.588982413677535 -0.352721072280976
-1.10868602901204 0.0405170857652118
-0.576124217115184 0.558624046460166
-0.330393316333528 0.518877536574345
0.145291993200353 -0.246393240883475
-0.527405639874771 -0.259983759802012
-0.22481855645624 -0.427205136831582
-0.32206118497651 -0.360300810802384
0.155885067480508 0.486924429839356
0.0681555197857383 0.35883276115225
-0.485745762946811 0.491965453899944
-0.987552893181965 0.0559694996031081
-0.452549628094074 -0.491819941265702
-0.562080883658016 0.565300524445034
-0.897294072254945 0.0192041160204614
-0.885036323150488 0.0265419659210267
-0.564176560353098 0.437580919978575
-0.515564353549083 0.450566800929097
-0.973112335585352 -0.0124353018681
-0.760192002588198 0.446206166937322
-0.9422783368413 0.0327975522141357
-0.708362023279453 0.525388862660111
0.196721025808893 0.0783392850714023
-0.383586630745371 0.52948776269854
-0.716073541835076 0.449365739771547
-0.701183611865878 -0.47208952736515
-0.67597152676657 0.0198593781517786
-0.37086207840186 -0.190194482368139
-1.24035785000915 0.0343519647142503
-0.775239386081944 0.312285210429657
-1.02990400681151 -0.158570742057421
-0.674849439843997 0.357756825075597
-0.892738316621644 -0.193648636163741
-0.679192516882048 -0.0254309194724064
-0.794368377555807 0.122730526308883
-0.783336460341184 0.144534290382009
-0.678302929265973 0.0524452814139745
-0.810539807055776 0.268921161146189
-0.490661846837109 -0.0667293660028637
-0.396829471649469 0.0134653740352892
-0.518518246150851 0.0458172699585038
-0.789814534592952 -0.242758728470472
-0.958493117281351 -0.425309531890344
-0.762043711433525 -0.528092859112748
-1.11825431981054 0.376451679422203
-1.02816725852722 -0.37215212699547
-0.868806193165718 -0.357688287655411
-0.144972959400102 -0.0185132394782988
-0.25073752956626 0.0126296270421279
-0.710974614367703 -0.366989293294009
-1.01076982666191 -0.497434538055653
-0.0460276466144046 -0.114712018194919
-0.673397852170972 -0.522911374248703
0.0724752268362425 -0.121507007009666
-0.939909586482569 -0.631434328790716
-0.365081841155978 -0.635409938390066
-0.426228090793734 -0.706533087923485
-0.28744149843208 0.740997607320167
-0.939130212483695 0.452984543355154
0.295975979068854 -0.0115540569439581
0.4045361231111 0.00316538229880746
-0.0853284637388931 0.786424330283295
-0.861239891185184 0.682393988289074
-0.0958322533398948 -0.792049215835455
-0.166810124386268 -0.712074774480122
0.576601560414608 -0.0072996562456525
0.618009337547644 -0.0475104419412526
0.539717747682316 -0.0704315848818915
-0.0608970054369006 -0.808671847747633
0.735144751747644 -0.00515304023058636
-0.547448272559546 0.951143788738278
0.168898042795882 0.84645314187369
0.065542699451761 -0.780165412754579
0.202849013468764 0.790054580790251
-1.01523425987227 0.0524830221062486
0.809215588575458 -0.167727836164728
-0.305134795648276 -0.781911505840955
1.14708123572669 -0.129666267024737
-0.0876886153349558 0.895646138575612
-0.236194019057773 0.654196704156117
1.25391668819083 0.353943040156869
0.859973989135389 -0.4903531207331
1.04057276066754 -0.780807232504706
0.649030442941881 -0.800504474394751
1.35435252892823 0.432709914028056
0.454609421880184 -0.0215733076058547
0.102473507952624 -0.341427613452729
0.250661626128354 -1.05907391985459
0.710535120828661 -0.823827276209718
0.579625161522757 -0.896595625961646
0.024549010060049 -0.231483986206601
1.44344964415972 -0.733057424808451
0.534787033244339 1.00390345834756
0.786379420983776 0.788047044730748
-0.113137812569099 0.0028082556489507
-0.105657484469663 0.0442481998991685
1.91070010822715 -0.0229116128504543
0.703341841780514 0.732457103648592
0.571710773623954 -0.816499571803243
1.25423167959654 0.740006148154584
1.1343158979426 -0.717988157979424
1.2027905484336 -0.432110696119908
0.0731863015437617 0.0591862395587013
1.46477833901843 -0.0363067929433086
0.119417572078575 0.0811548732992833
1.12127405774981 0.469222547140824
0.533328105149906 -0.599002384830121
0.556596676419579 0.468350166338711
0.588254106779201 0.482952781660866
0.400997591394335 -0.0525270288447304
0.640847713312459 -0.280180505479288
0.209690168540439 -0.227464869006067
0.349674034207243 0.283968495560116
0.205974922686364 0.051194468305101
0.124130166981321 -0.017159178342906
0.551264259403544 0.197349589469336
0.155631947695942 -0.0696007861468991
0.0456557655501036 0.0965418021460501
0.553108981866381 0.151364216156053
0.50438509045748 0.234915983101195
0.693930263214308 -0.273536483271
0.781541397398433 0.4356625763826
0.384662941514086 -0.50489803018859
-0.0254264227224081 0.153225252939806
0.599668643191719 0.163528933252503
0.456663751349674 0.411231166437907
0.0450724649994888 0.230783258406508
0.574409886081441 0.305048581548817
0.755541594764836 -0.147732877918279
0.0918189101469218 0.262317043725998
-0.222190735667809 0.193514439291495
0.281614607288215 0.427814905820287
0.224302811574401 -0.2351261178426
0.0100723881749902 -0.385132093693918
-0.29470679846885 0.00539753417534273
0.120407625121181 -0.291900655728145
0.118147423586412 -0.204581486201989
0.0102720452144357 0.102254440664322
0.381496130255729 0.101984680599609
0.241843460293542 0.125718904641682
0.134586268389505 0.16506000511614
0.391863144846454 0.319850649695071
0.306983684923544 -0.327119378223567
0.0752339174810875 -0.373686170188555
0.613621136125406 -0.041398318188523
0.139858438489609 -0.343410893391114
-0.117336518231639 -0.0192914453779086
0.223568609602831 0.402675270939817
0.729806615198332 -0.0548034752459213
0.626306092847591 -0.145847658706951
0.505004206641613 0.047274019961318
0.48280413934448 0.0672340621368153
0.329006918858401 -0.0301607118281486
0.505791356849058 -0.117845308726215
0.44686766295594 -0.125177674012962
-0.020776040348359 0.297844012743268
0.0637898690216026 0.403439963153084
-0.0958968465288034 0.0375570840120532
0.12265950127079 0.434995562321252
-0.214768184100383 -0.041762339432263
-0.251635808766186 -0.00545539940294918
0.0807095834283944 0.457732149826006
0.185874938393619 0.560616781508746
-0.0988409575895235 0.0162124765573019
0.173362040587424 -0.55747207311246
-0.208432651800518 0.039782854932798
0.458577219966643 0.529039817136858
0.572066307697227 -0.403224136197214
0.380599396928967 -0.385161198743205
0.414649198834319 0.240782543326569
0.00078359273934922 0.211353807221663
0.380690179021292 0.117888539008368
0.145463888175828 -0.31361630826529
-0.218257256082083 -0.00353870104560406
0.348767393817435 -0.138160351384956
-0.0520333945892011 -0.0873723275810771
0.371507015844971 0.00132617673916971
0.119939562687554 0.30971327738264
0.277554834850817 -0.147097544301267
0.103128536037519 -0.264880957141982
0.517834065679157 0.0216525118812932
0.195094789592972 -0.155095606912948
0.414073894279472 0.0177789855054976
0.405054253765721 -0.0918154323829846
0.369115722698008 -0.132155960792066
0.359662959032879 0.133850090814396
0.505045075693779 -0.195522822412811
0.128604187843191 0.191136487526024
0.0948979819533211 -0.441827879757616
0.31882243939169 0.271618500938644
-0.0429105296853675 0.00139466911531521
0.234107385289041 0.417543390320926
0.655881867497195 -0.241523462410991
-0.198831515956512 -0.0171035175474284
-0.238296047434593 -0.10461370709094
0.346343980802163 0.45115218673386
-0.303823684842458 -0.0805932961459711
0.261430596937223 0.553441120115329
-0.475287431341604 0.000568154453583083
0.358370819849767 0.510294411530107
0.778256243560224 0.417930917658219
-0.211583455087251 0.231892566897637
0.0819809085576461 -0.712003949060976
-0.465066214962252 0.0911772294012185
0.147326344709623 0.938433940179917
-0.427272919611296 0.140117979593795
0.213811908753776 0.716098003642332
0.336386951713778 0.680874566744125
0.424024551408741 0.683034672578734
-0.210622240325685 0.0479385450260156
0.908782862478013 -0.479484103025046
0.730108607094026 -0.659142203828317
1.3033876613929 0.0146116185170951
0.951708563031561 -0.470475939880737
0.344251263121907 -0.594918943299375
-0.00209208180767537 0.0850322955749855
0.895050479678074 -0.353953136422705
0.509881499670122 -0.565936230511459
0.525000443142611 0.469665471459176
0.0146337744003867 -0.0549248030871353
1.0876341935178 0.0131384419872146
0.252878255066046 -0.0730852901127146
0.45450023754452 -0.519883852036277
0.140745211651242 -0.0204908114240741
0.746381150741169 -0.189940429955504
0.099161261405042 0.0268784290581599
0.811949601263898 -0.237957556984911
0.315635299433843 0.0529460911016607
0.696292021424943 0.255982134809749
0.525234285014228 0.137220470955374
0.921209130056245 0.0821896043679713
0.595172085140136 -0.23534998508311
0.386134940412109 -0.0584061386496148
1.03814764555567 -0.275194808197237
1.03025090870333 0.340938082495893
0.549418348219928 -0.493322682257636
0.369141408480476 -0.0524974538767258
0.723222453361099 0.524646040643365
1.02925696425596 0.667595415118343
1.05165433084674 0.412792640455967
0.63737970823853 0.415854259640909
-0.166476918272542 0.221812213912089
-0.184707791539161 -0.315979756775937
0.960727417538486 0.305005754861269
-0.260026928220067 0.0169716354670493
-0.178876218180724 0.11525442304809
0.0167218095049648 -0.26485666145197
0.644363150178412 -0.523031208874275
0.0101486238392405 0.134981442196141
0.749176751928299 -0.213650123761472
-0.239902963791388 0.0824585886404168
0.453102821084934 -0.313381587797758
0.070304074016625 -0.0558977305236956
0.494275420778656 -0.302668636905111
0.369910930734484 -0.419025078344224
0.691049323989021 -0.0303041549985704
0.381515277153112 -0.307083751979907
0.105386306416749 0.0602487589656422
0.349744643848747 0.0705168506261511
0.480604716544625 0.0161493225716006
0.412012992568937 -0.073618059164989
0.20863754777084 0.00391334608971799
0.311615006384947 0.0441554714624564
0.3051549630428 -0.0684249485149077
0.176783021829 -0.0051784900926912
0.0967852346525594 -0.04077395642258
0.16120615434833 0.0105108131433262
0.228148762725558 -0.0144059623335183
0.124234884063544 -0.0647392711326053
0.165634242224174 -0.00877680439172927
0.203692126445127 -0.0469212149302433
0.0241023153752824 -0.00853394266261505
0.210051431969185 0.00782576217587715
0.117674993416464 -0.19260583313144
-0.100584896064408 -0.0576039977101171
-0.195442426285151 -0.0522558808387639
0.0139743983349265 0.073012839371628
-0.0563676800773782 -0.0361314484597941
-0.115311326131979 -0.0157182707769702
-0.0224941667618272 -0.00680925787305862
-0.0304162605308393 -0.0488279723141729
-0.0397706675693331 0.0656157528669693
0.00856352586318029 0.026675000241279
0.0246582935200225 0.0151505158872921
0.0737096583763405 0.0909059716969001
0.0400271421578403 0.118569120114093
-0.0856689197254128 0.0156425336804054
0.211510407923078 0.0405699209730863
0.161350544533134 -0.00325908343916807
0.110952741035104 -0.0169001276352025
0.316528708778099 0.0262674030067231
0.384319107098092 -0.0314772369039549
-0.0747229908375459 0.104143319560305
-0.167310746610798 -0.183551934565201
0.164665115589558 0.048572840281476
0.244635200868349 -0.197301975247981
-0.0260970455458667 -0.235453686387903
0.000888839382386986 -0.214533174628219
-0.150839820033087 0.280011282171981
0.248249352315218 0.517303591826411
0.419386921187772 0.593565873524429
0.364155020036167 -0.549588785128186
0.556650980370257 0.181141961061594
-0.0670868521382088 0.295140255866303
0.992912416032461 0.0334477939060824
0.584458067626344 0.258113750550873
-0.17510855869399 0.336027618703444
0.353054944975635 0.547195977499733
-0.0253150240361888 -0.538549702380342
-0.0341300345531257 0.0238068858354838
0.196042812697309 -0.285235684059431
-0.508570487775455 -0.00146089301505708
-0.358493737317931 0.141244496860642
0.00752152681876975 0.430930424996466
-0.274323049065608 0.0477346139376206
0.381848853540011 -0.050380568268186
-0.104260990204645 -0.338354488905089
0.108933980929639 -0.225213339443296
-0.199352329383332 -0.0374452694702827
0.141868386321401 -0.152588389810907
-0.105743511275919 -0.0184378403462627
-0.127491239034649 -0.0707406162944415
0.148695855733605 -0.0909074202417845
0.0161001938769074 0.0555286771709936
0.0259431300746476 -0.0291166903760564
0.168860334142574 -0.122572417761163
-0.0926641954415517 -0.0762225102135221
0.15651842108653 -0.0286670162904001
0.23301510757361 -0.021063711070367
0.194824440387381 0.026267530968394
0.111928593661786 -0.0343217425880818
-0.241198500245783 0.0419290914486274
-0.0671961821143562 0.138321195212051
-0.439399590007535 -0.00603941578703624
-0.062180202790319 -0.118687287051069
0.212603264928679 0.401104072303832
-0.241351903461822 0.0898145416726488
0.294593503137921 -0.234423012178166
0.269934212750802 -0.180747078211158
0.26024154140764 -0.183974386973443
0.178857864656984 0.163866797072332
0.472272117391183 -0.0113981440999899
0.250289967352043 0.131075267718097
0.47995684906453 -0.141545601836177
0.0953055344632458 -0.0629000512893595
0.389268086227046 0.256795400197627
0.157208065884181 -0.0249383990257036
0.889228900474978 -0.159194093553168
0.963072129710682 0.401336248360025
0.968861851135802 -0.40598323063151
1.1053384667106 -0.219221884694309
0.719877512245894 0.627280224020558
0.391001668684994 -0.244107874552291
1.15772884607084 -0.494597929636416
1.02674017098081 0.00272214422142063
0.290878155064686 -0.887584749935108
0.42240660796807 0.92203422150824
-0.332826253962759 0.0181081552564762
