-2.53929359095911 -0.205292839653626
-2.24411606488948 -0.0577329705159629
-2.58099109602806 0.6229908324388
-1.80427267284435 1.83435284185188
-1.32707666946683 -1.66804458099722
-1.41759200779961 -1.61627358679869
0.12075550350722 2.10412269790843
-0.84951485744424 1.83578748477804
0.467011897836121 -0.932505173131838
-1.26917307741136 -1.48706366854011
-2.29823936735628 1.06983677963798
-1.86757873663576 -0.482185348453124
-2.23552525570644 -0.866746671040202
-0.947674380612778 -1.44037566573429
0.178911877333424 1.81456656854132
-1.86407883816266 -0.793674075537393
-1.89260003889264 0.744270137503426
-2.29935408053595 0.249310896212274
0.85092188991608 0.707114699212629
0.997632485549125 0.624706827073483
0.492130611817559 0.538480695064571
-0.585239179830253 0.862348252189829
-1.02884034059763 1.14750366013872
-1.14270219921751 -0.575386035012572
0.931834373711797 -0.0791496819127722
-0.619450235573624 -0.454386542430725
0.464085847136125 -0.185779345800892
0.338031538606949 -0.0118770629181973
-0.24677495437224 0.721921335117859
0.101162280236385 0.921344215695638
-0.839888676751116 0.560002189668129
0.292230339867701 -0.893468372982989
-0.427768000611014 -0.675175552298356
-0.217434678445423 -0.607806673803586
0.265155385439632 0.103183321575631
-0.248372406029186 -0.599097881076841
0.070897447412845 0.705124553389083
-0.0149843049028677 0.55279353489926
-0.589716553478774 -0.41834012523964
0.535344532964512 -0.0665350287105808
0.371787873095615 -0.0575630171032957
0.354813071914828 -0.0366109858464714
-0.607793260762843 0.075573425483453
0.127137805160744 0.519672845645528
0.36095144123574 -0.066440225467032
0.30941866310308 0.0433606967101523
0.337050218932131 0.44168816398449
0.439507004883545 0.176896384734482
0.422064964519767 -0.259252517482694
0.184136214709542 -0.330230566396887
0.0989004752520701 0.313094065394497
-0.01644935618299 0.277335029913659
-0.061167356607621 0.2437227787278
0.345662784724317 -0.282570759763736
0.479395641692437 0.42309566369069
0.373408372618545 0.478934567139143
-0.000846554678514473 0.109566063286618
0.364189799396363 -0.562001214539908
0.742363804217655 -0.484292381854928
0.766821004103153 0.229784813163476
0.757384130989412 -0.212494147002464
0.292905443847693 0.657531424813176
0.0329221878218052 -0.611262428926848
0.589805298016342 0.147523193642104
0.358403879140735 -0.755720798730676
0.380902009110399 0.69650654518025
0.723102916427618 -0.0553440076977278
-0.364226301620909 0.632362886725641
0.593827437240901 -0.509043834454311
-0.288162359865735 -0.499320964193757
-0.133161029882851 0.536210779067638
0.0857074559622682 -0.513521497977725
-0.372377560432084 0.432451000062558
0.259272508183517 -0.644689073439075
0.56712671722886 0.124154473231486
-0.00948671907757545 0.349493623229117
0.349477257229654 0.649382263796616
-0.0396692240914041 -0.238084318256265
0.0631687233573381 0.573656877004428
-0.291029261206675 0.0841708157868926
-0.185111121485824 -0.105611857875407
0.390362208081213 -0.511672744303757
-0.342841940372567 -0.821565091360632
-0.783670628231118 0.14414590041187
-0.391614251447337 -0.900527025215461
-0.170232573918095 -0.571713164963543
-0.0659706232106713 0.679967789762504
-0.453947548650445 0.832148827315691
-0.672141590134577 0.389565096582427
0.017486595688884 0.814933497700202
-0.0417370840611863 0.70452361754739
0.0756235670010674 -0.833916843996167
0.589016788701058 -0.262752180027121
-0.0958508633338254 -0.679442391529787
0.148053709123981 0.520923302138619
-0.284700394212476 -0.358327534109076
0.232878984349137 0.187205472517286
0.425984644905245 -0.284952276704208
-0.509906434208669 -0.0614206405025283
0.621221880139638 -0.053729307499572
0.36795130166176 -0.255569737570535
-0.034897388531149 0.259866063893958
0.244566896849668 0.107644629467935
-0.246751471267487 0.0335726805048067
0.167733194217323 -0.425308489444911
0.607386605226239 -0.19103955861182
0.407771593178832 0.207618492556886
0.389697269114713 0.185408630355603
0.187454386848712 -0.193204527292424
0.31123317103492 -0.0790195221892408
0.295585176466998 0.0348446011820218
0.376787542911989 -0.0286429453320377
0.393526412190287 -0.132561154327085
0.462923398219914 0.0740760826120189
0.372291479374446 0.0116146999716217
0.186756828777223 0.0900527868737705
0.293926362556515 -0.152817079717414
0.112249252064015 0.114936696510525
0.292196580086322 0.163995559585242
0.196720177701297 -0.0315045371885529
0.453501609099746 0.348630333883166
0.234491877019244 -0.317160150160607
0.105134562986215 -0.294574971714584
0.1230042558192 -0.225884716320481
0.104188528540241 0.359888124807462
0.206121892099366 0.020857776491968
-0.357251349678871 0.0684182117643687
-0.291161937480634 -0.238732173699819
-0.0480662006822433 0.00425248829195108
-0.00869017464333963 0.00456583744678293
-0.414610608529321 -0.252792059544803
-0.321200319753486 0.224638778257796
-0.576583935819069 0.0861299811739445
-0.203208859736203 0.472898690988799
-0.0307597413595314 -0.0829652407876472
-0.441246867908986 -0.22136262940072
-0.175242432371929 -0.375195096561779
0.150385652384575 0.228565539774784
0.196428537252953 -0.0581633899076249
-0.553159717972259 -0.5198031813968
0.18163912272576 0.0884248531906552
-0.458801966158501 -0.510966510135971
-0.124189056980735 0.392059607717664
-0.344415116179546 0.256814858693622
-0.616934918739381 0.00257845681743439
-0.110321358091264 0.445177377489335
-0.0878870005027576 0.53633378689074
0.36325981331752 -0.430558253264495
0.158835031241888 -0.355381370430525
0.344057366455422 -0.603305566882004
-0.213158835389552 -0.335005432494712
0.661236959548056 0.0990502502191044
-0.00548722948280131 0.485551977053324
0.158819280558442 -0.39288678070905
-0.444317853983568 0.0841491968965079
-0.298825522087379 -0.429656327105942
-0.461529240028169 0.279046286716461
-0.0853955723244649 0.296735788478981
-0.311809481814316 -0.445516052614209
-0.56285692610913 0.159783255378997
0.302036180627207 -0.160018377271145
0.245356064378901 0.24161402634974
-0.0149582227275645 0.195161886696281
0.163553997943603 -0.155615832713731
0.251548949200734 -0.0091810560910926
0.0547286267070135 -0.0993534605645341
-0.0917404842024012 -0.178853162521518
0.0667390507211661 0.0678751896949324
-0.258703200442909 0.0219297260584958
0.0225020277908713 -0.116292630472801
-0.137836874270321 -0.100053774027986
-0.369879892050012 0.0583104378089467
-0.1725105069486 -0.0317698018698143
-0.186604798345849 -0.0751333326536614
-0.0176875809909079 0.0446780104345973
0.0379055106350137 0.0922028727358987
-0.154364511523822 -0.203498647979396
-0.180683255418745 0.036637624369645
-0.472679883094554 0.0258180497889312
0.117686331025687 0.150486891498754
0.177721550030353 0.112428497847271
-0.116563501146432 0.122566326182481
-0.415676365554357 0.220719032212212
-0.487164756387911 0.490852792647634
-0.390818182690663 -0.0839273665603493
0.409391627752483 -0.0136152621961579
-0.234387787007353 0.01992335065447
0.185756687213228 -0.135388143586927
0.136000562323008 0.125886882600863
0.0841316737848414 -0.0278557622752876
0.386668556539958 0.132256192612516
0.236728142923726 -0.10031620631678
0.284207446902777 -0.0340570311684862
0.189171714634739 -0.0448164460268714
0.117026629110493 -0.0337856958845943
0.0526101862303471 0.0248054865001388
0.0864024589813145 -0.141521989689306
-0.00710204768461118 0.0143371638291764
-0.0524095961059303 0.0864061210808358
-0.0943388168350623 -0.175610888036951
0.225415822714586 -0.099264537196311
-0.254362408683012 0.124869689591695
-0.178361993727644 -0.0991989462781872
-0.546287994907924 0.0345195583155526
-0.490157513527218 0.271123396114123
-0.326384209600981 -0.337754625393192
0.140116694918394 0.397008693970692
0.209870684672747 0.381741067263049
0.153632999945114 0.640555835806576
-0.229908550328697 0.612088705284603
-0.398269687225037 -0.594499237327253
-0.270919762497677 0.440959212526263
-0.551423171665647 -0.00977932703970179
-0.116573708584352 0.418622639100288
-0.133446404544273 -0.462946206580409
-0.53138530406005 -0.144575252759774
-0.174095308660598 0.246722100016992
0.442677352656539 0.369611165003501
-0.308552908887603 0.107944855850222
-0.288454907004822 0.163426143849907
-0.0464269085866689 -0.423741658793143
0.0151753235567284 0.211587349423812
0.172531677873134 0.221381542495236
0.112786813330349 0.310182444014987
0.450675510617264 -0.284213852443004
0.259120617984813 0.178243261829628
-0.0685363024398977 -0.148467540388859
0.485239929635754 -0.302075370464947
0.372600968268184 0.0825018675801217
0.387620896659561 0.231946658998816
-0.132910530732164 -0.0715833447687804
0.238343984457684 0.471746567427606
0.241664686050187 -0.582818397617763
-0.236058348229854 0.0523697610864994
0.0643135864588237 -0.668393529250684
0.19168780418502 0.570627233012308
-0.308431182160196 -0.0268631683171081
0.388209984153435 0.269467044936292
-0.195180902538632 0.0146274174472743
0.0631016905598162 0.522254139044486
-0.319909690032364 0.125588874556856
-0.295989054343803 -0.0881783397435202
-0.0935302121807274 -0.528886855092336
-0.176166071844419 -0.469334419065726
-0.466845870578273 0.0528638938803803
-0.0900041333449683 -0.512641471835941
-0.448931969124449 0.160209660799584
-0.668681382210679 -0.188143172314346
0.218727209053317 0.282574554122666
-0.495744507262842 -0.161951989108141
-0.313567664871787 0.284446768869408
0.1027730823191 0.621215213799282
0.704730696906318 -0.290333736482853
0.730122281283097 -0.596583133360501
0.120330625063585 -0.64903943619038
0.702408246882356 0.284449917869472
0.489600958320027 0.608153053602185
0.467100076932855 0.377209329222734
0.776755593533384 -0.422659396970807
0.0377417820388554 0.237452849341742
1.2472482352825 -0.0702951605875393
0.647651563060727 -0.522797376265886
0.568623459895321 0.147542124592953
0.601109018495695 0.444338254096096
0.413627531004382 -0.00311780151853748
0.509777443136632 -0.322637457058168
0.434804320015707 -0.380585941822859
0.626664605896801 -0.150387424631601
0.26036354437948 -0.550714446395971
0.551229917167701 0.656937037520899
0.752692712847902 -0.705631185919734
0.415892195448776 -0.6296104964134
1.02766118444283 -0.117259426566276
0.965381545324297 -0.23550021801499
0.775739373986012 -0.0657528735252652
0.0955543456698484 -0.699654120243391
-0.386195930518755 0.721051066972244
0.00893995284156548 -0.657720031099567
-0.562450423273909 0.460777254131886
-0.585698082845441 0.634994770993556
-0.636705141280774 0.482046980647085
0.0021071601889784 0.679711571635185
-0.394466975581975 -0.395119670355302
-0.46799741996528 -0.205880826282255
-0.358814932530168 -0.498490629191972
-0.075887214287726 0.478633591501487
-0.0812210027793721 0.0547639183674039
-0.456852548974984 0.170235228960528
-0.544318842445867 -0.121909409443256
-0.0293670929585234 -0.195753294596214
-0.322978672944237 0.242022627550922
-0.454795834763183 -0.451398814972258
-0.202475204499494 0.437710264625127
-0.255575287588679 0.400416637392342
-0.17890530542776 0.262752453539179
0.166701198740402 0.382636888408967
0.340827424446355 -0.193100421491868
-0.425875996410355 0.157237566861359
-0.376005322246806 -0.45168204864036
-0.789590621573503 0.0577394673349305
0.0785370823646957 0.52735538421133
-0.450019518447327 -0.336127803906211
-0.0909211981671634 0.507566775522432
0.236697619169459 0.0615693454894773
0.0842711537805471 0.010390757300578
-0.109153422128714 -0.00733155284676559
0.163042446778184 0.162176049285656
-0.205105355898732 -0.154274035305545
-0.264961571754755 0.0426356544820784
-0.116195200857641 -0.23278971723137
-0.153183036756642 0.0254647257509582
-0.022071291370954 -0.150275406929475
-0.0745524790032361 -0.11168950543163
-0.264252713718306 -0.172888085139895
-0.0412710614648272 -0.0790570022449017
0.055296471484758 0.0540501057127417
-0.0172029407758964 0.0265265075051512
-0.0692347761419948 0.0603963955682187
-0.739554663771954 -0.327491625464196
0.0213347908190729 -0.079420384792818
-0.0373864944630346 0.0259069791018142
-0.521631680111261 -0.257000371115278
0.021386494975447 0.0729128760373098
-0.114761618860334 0.160391918359774
-0.170412624804382 -0.000254358485176544
-0.391545874906764 -0.107986435741358
-0.36759981008392 0.31339640560366
-0.392133547093865 0.170879886214596
-0.328177512520912 -0.121685440517086
-0.158605646110008 -0.045794316039608
-0.165095673431564 0.0768348493564404
0.0700549074783284 0.176180706306639
0.0743925912623307 0.00372749312573101
-0.126978719752191 -0.141031602573617
0.169123269105697 -0.061375622601969
0.02814712307152 0.303451689202806
-0.0216585924672046 -0.0786204556352897
0.326191417205853 -0.136823295078939
0.225089263139171 -0.0127173543285257
0.377067371662677 0.00235306148211211
-0.177322186968296 -0.0434006430727421
-0.22637224304331 -0.107639663563625
-0.00836703849757051 -0.0274153712180057
0.293183872401908 -0.17350085755506
0.0853642905503243 -0.426623996132516
0.528816960188802 0.0349455191745669
-0.768341076531298 0.0793422442262289
0.490368099911358 -0.0829713056648884
-0.483317968271605 0.696377587316147
0.114925341088393 -0.554859480365694
0.660210884156301 -0.0141478768364975
-0.407974286720778 -0.350675198769266
0.429457955749649 -0.00192329986906407
-0.19298450772382 0.343621861772855
-0.0851720700159074 0.384560112922257
-0.0814304530197277 0.342592258771935
0.101077772575837 -0.111907239823426
0.189125483727994 0.351547772064343
0.238951942165893 -0.212858724105302
0.248960154903245 -0.331812457823825
0.447502611620683 0.260999518254939
-0.260773819752995 0.0205969969589393
0.224149709385225 -0.231156551041196
0.192603794255358 0.191405252900204
0.311577763969663 -0.0114590496861155
0.0296533095853886 -0.281345194550888
0.465253293539756 0.593689048658379
-0.256187884280113 -0.445878716263158
-0.40548725897919 -0.204580322473798
-0.153628820334156 -0.382158104349042
0.133048293303433 -0.368182535743144
0.238158296112601 0.321429377205851
0.062838410759816 -0.0521051425561147
0.44231717077738 0.0393193548471136
0.26229139216449 -0.133616975691452
0.432365933407459 0.293307701613711
0.549027428640892 -0.0388719912773685
0.35408714271047 -0.321337707026853
0.0606275059292885 -0.434140915909529
0.642035928075639 0.0283264413587958
0.758664477762775 -0.00224052372562276
0.318583638927359 0.3564363390713
0.311435975652464 -0.268805377749822
0.31510661728652 -0.541193696858361
0.75677552779631 0.0524136995144537
0.0983157724173895 0.205972872089289
0.651592215209889 0.0231866861705267
0.479442033101257 -0.447782856994299
0.0170265350097612 0.0807385815031103
0.717403084739206 -0.429546987160247
0.408434186381777 0.116854327943062
0.617566175829604 0.236399174661196
0.565502995346661 -0.391471678893394
0.215284370758828 0.466969917830665
0.580627638569696 -0.218570010851863
0.204061885769162 0.531361466713884
-0.112000213012376 -0.500744778881902
0.505641148592573 -0.100477668086814
-0.166670762864808 -0.759587676062189
0.498501038717827 -0.0512304093799385
0.310188190785802 -0.874552948945764
0.765083319412278 -0.090452661552603
0.63879338269421 0.0649273715549379
0.217678987900365 0.662258413182657
0.510776786426771 0.793971521540818
0.885638922046932 0.00485490633453748
0.458560096126765 0.73183383877785
0.50981197586419 0.0356334094912452
0.31309784416605 -0.446100315215962
0.782561574405271 -0.443544633097364
0.895678337178424 -0.415195603295933
0.252206972743089 -0.769928090399587
0.66333693934933 0.207447405422769
0.112400829582151 0.890345428668366
-0.240434982107347 0.315806929184959
0.463154468428897 0.537971009735225
0.158666413940892 -0.728500320798354
0.64032413508643 -0.392760761861727
0.143904627600465 -0.600398071582488
-0.306458929212696 0.514768284647533
0.866288688747208 -0.0310947142778255
-0.892788700315079 0.156915932294229
-0.26144663181437 0.688978893948206
0.527465616494711 -0.48861801967867
0.450257430674814 -0.645108715107968
1.16926338184364 -0.0492943717386724
0.576109924902558 0.633954445290437
-0.471826361154622 0.454352118269935
0.452846068115704 -0.831687142458647
0.430341439891599 -0.780914238568735
0.886904502380242 0.00197943126853189
-0.356452135405262 0.151408528558296
0.180903164064338 -0.851735415328784
0.205433328042204 0.803461991266789
0.74626321797086 0.804747004181128
0.912294396906999 -0.66568276530759
0.169913535899758 -0.913183205437536
0.611444289737916 0.360271695212908
-0.0370434879314119 -0.828974388478479
-0.4912530050967 -0.278168799071978
0.479574889161538 0.398725742126361
-0.487844437606968 -0.0998792460669779
-0.0265281470137703 0.640005870470457
0.0748458178614036 0.53811792918173
-0.402601283125901 0.125662959880646
0.481239046267856 -0.301098488435184
0.445262478402473 0.283356040167131
-0.501063305442085 0.574316955328731
-0.342912437531471 -0.368697345693699
-0.20350124863053 0.579905086634341
-0.135689758846959 -0.821123339691083
-0.685421835697728 0.756729454902415
0.145360120349331 -0.318184400347513
-0.270332951712491 -0.318709824208137
0.119396039375071 0.173302931109608
-0.222931376656896 0.406171206422971
0.329948899697426 0.718273052738672
0.528210464409275 -0.221604015902855
-0.547876375787248 0.105807999768456
-0.382024071828056 -0.56337815392472
-0.779023801417646 0.0467527844942814
-0.423122865126169 0.316389177248056
0.0629819591709097 -0.905879007194769
-0.397153374639117 0.514043248896333
0.681467209959597 0.412434339279214
0.479115052297473 0.236810671249181
0.106420302422152 -0.000652380533432464
0.762881848001238 0.360463876621077
-0.651087639768113 -0.289006651003452
-0.92171167580095 0.509174371112597
-0.166649222085049 -0.997035105293339
-0.934326683585046 0.269734843078069
0.0279198541648281 -0.530993807162338
-0.00825536807518087 -0.816458919738211
-0.674736860569939 -0.0164463221668199
0.135058310895376 -0.39680782298606
-0.596177554359687 0.0741096395886239
-0.262681712187857 -0.376078702117988
-0.1906675497288 0.181121387561985
-0.703805341632235 -0.183369928156453
-0.0643645335649768 -0.306788178601823
-0.337447955695758 0.0500914182128802
-0.193377760826922 -0.299132544886638
