0.249585901300211 -1.08443269693781
0.158510767625002 -1.12083376891156
-1.05215419645041 0.529474349549476
0.239536149067806 -1.20699387281627
0.89608709290014 0.439922384686175
1.00096587636712 0.447121683588684
-0.619852899698578 -1.1050698759279
-0.140252561947755 -1.12008313581564
0.674287460182145 -0.602006857838272
0.835772690359812 -0.554083867324583
-0.77443915763036 0.800721860356627
-0.888961582048598 0.717552461323104
-0.658676906596884 0.80218117089363
-0.331531979153893 -0.929297377362752
-0.328867101234418 -1.0591710182958
-0.957956425943266 -0.193670643621326
0.635307020946386 -0.497383876229366
0.333051506342951 -0.767581982058313
0.724915971227951 0.28149414765829
-0.17013372041837 -0.720410830509509
0.661382452275406 0.243254105790031
-0.539319063749516 0.474963421131898
0.410154557342392 -0.291739974651187
-0.491874283796805 0.521183648653041
0.510674549415906 -0.216094516869199
-0.341737906531667 -0.62252738376544
-0.0438023098744157 0.625125541270807
-0.0220961310283016 0.590586376059785
0.510126819640759 -0.155584756995978
0.112652152390556 0.616168861419937
-0.21117512469448 0.502075839610156
-0.18877229974186 0.36032184098051
0.281455874482563 0.376402157118067
-0.150790753242642 0.417395586307352
0.36929642646033 -0.191539563706948
-0.337880622700372 0.423829467919474
-0.472264381785681 -0.292430819350235
0.297059258538479 -0.403193377061494
-0.526011816240191 -0.0136166540166527
-0.39785025229176 -0.115845080723097
-0.457340900332584 -0.181297756981865
-0.00636935467910224 0.389778139432451
-0.511609167185239 -0.0725814705307904
-0.287209558569242 -0.0431428601922662
-0.0271612701436697 0.450186716084232
-0.154735653554255 0.239116885773974
0.0511093776957239 -0.299475991400498
-0.249248268467617 -0.12266857932843
0.0435391546150722 0.21428051858534
0.144366348104982 0.375211340563594
0.148911231144261 0.27452133410873
-0.242436829964635 -0.28561529739443
0.37732337878935 0.0880609033504656
0.0248680340960642 -0.0518806521775251
-0.280222887324407 0.150630837566024
-0.493122338877328 -0.0931598683036619
0.17852839103543 0.00241975600866775
-0.0787466720336024 -0.162607654647533
-0.120421170008013 -0.0139993245792045
-0.199114145307424 -0.212683208842892
-0.481194265450375 -0.0435885479878703
-0.238494283825475 -0.0717285664375242
-0.204202150232387 0.0899637030124862
-0.133109311706657 0.00294343364897152
-0.0804280136786277 0.209741980043477
-0.170375050841768 0.0619651015130563
0.000679330646580531 -0.102019453461659
-0.309884152673724 -0.0548322339659285
-0.0896373162136688 0.154360585043386
-0.367177178070666 -0.0421876229991015
0.128320409903064 0.00397672980510444
0.00228296237253396 0.164871992072
0.243693598799472 0.0525383311993399
0.0137837100964569 -0.12277185721628
0.0205389896824072 -0.0212899017069586
-0.71993595955796 0.0415198420619294
-0.220572017894996 -0.435142581655507
-0.0636234215259346 -0.0551659564820801
0.0242061665947804 -0.592272556611673
0.435300204440687 0.228237041143643
0.464059780006371 0.167658909518583
-0.214302900550181 -0.496362039270162
-0.000540823456943816 -0.478526504309338
0.072111854045587 -0.0945272518937725
0.0541717423657659 -0.0118858619863791
0.184257704267227 -0.0900488481117878
-0.476952361431044 -0.13212782790232
0.276209699247926 0.164452846798296
0.236367415306677 0.178032601755575
0.0362415480393676 0.362448365439778
-0.257803698303521 -0.0809111905041205
0.452803537860111 -0.069270959786694
0.151529553053353 0.204280022147229
-0.200623274900077 0.0880373656430504
0.128898146410575 -0.167684982104515
-0.36320491954177 0.0219774912239761
-0.0940175001047495 0.00672068860239964
-0.127566450968096 0.0875279510349126
0.00881076182019334 -0.193251613429106
0.0276371423578575 -0.372727322491928
0.18050113146969 -0.238730502885541
-0.443799865954385 -0.140231902151466
0.151565183371105 -0.080484710059814
0.114974732772091 0.175717746351833
0.227485851495517 0.0798057062446403
-0.356146324058761 -0.0459879166376413
-0.0701332369897215 -0.112370554260605
-0.0323515233525297 0.0423882873668887
0.0715778988782412 0.106620357793602
0.00165799314631375 0.0981422748491733
-0.0263355265484702 0.0956347856408748
-0.187096989779376 -0.197182048799728
-0.406219447125596 -0.0156075644214661
-0.0825622249069119 0.223646205821592
-0.306587545286747 0.109666395604735
0.216655876911814 0.11121354021178
-0.0899934451214132 -0.59886415829419
0.302615804062758 -0.306085852458552
-0.62779560992357 -0.227209452558964
0.655078234901416 0.146121976836922
0.22714496148959 -0.12918116339317
0.108168373157616 0.616554786405193
-0.0573704934134299 -0.406796018896168
0.275343578999764 0.368039957786818
-0.597458955395513 0.67608744477498
0.747189874631632 -0.110061113776651
-0.05609149099667 -0.776823058510315
0.662621247624631 0.484033004045366
0.990646738271706 0.275576308949828
0.56978971594154 0.597101184168417
0.564947669609911 0.41845114198454
1.10170177968378 0.343264792025494
-0.0580107497406748 -1.02950707062902
0.0355338685090245 1.07406926779975
0.0607425984594317 1.10260191805188
-1.3749227692915 -0.364826513759286
0.981464309815375 -0.237924710686599
-0.69164261744229 0.555740097213599
-0.984884534086591 1.17101481329487
-1.2031580768318 0.349830014838158
1.21986008727611 0.146207855224415
-0.525562980328446 1.18718020348507
-1.26648810608359 0.442850190570818
1.46372116330244 0.43085112363861
-0.923510084091803 -1.0587402866221
1.23324283608376 -0.766375622389442
1.29545570013022 -0.271568293039703
1.64484743126653 0.571939091236474
