0.328598159660687 1.30768920046698
-0.871336131657565 0.960405925197798
0.0170368476085542 -1.01034268178055
-1.03395945258208 0.113758325341633
1.04634952400502 -0.601746609874047
-0.104835961297643 -0.897548237324803
-0.804980961929481 0.281826317966245
-0.659551821088662 0.946833178641086
-1.03783088566572 0.122452221712673
-0.738419580840448 0.0523034858222319
-0.228230482535621 -0.882823987834764
0.69798810412945 0.687029773563503
-0.190762631535167 -0.701784985553765
-0.253724096478305 -0.658734512873092
-0.589211072120466 0.100494347355169
-0.518068498077222 -0.0410897257483864
-0.653481806359324 0.223587680624959
-0.310411049051076 0.444093391752501
0.395069203300175 -0.449944115213218
0.319462153195834 -0.339818236328859
-0.537121394726349 0.11515351809475
-0.125181683583357 -0.339814304833098
-0.166493487465684 0.23638922536825
-0.0582300074443477 0.435247843111876
0.287685867385665 -0.00959876639571373
-0.303117887532687 0.183039176290658
-0.315667775811128 0.0142726058462026
0.0451605148274856 0.00235797334456443
-0.0665236672986351 -0.0511445324620951
-0.198772159923474 0.0224226228646239
-0.187710692273451 0.0262882405308338
-0.317152137929173 -0.0452233490629806
-0.081033791695703 0.0592157052341266
-0.144998997619785 0.0204251267416919
-0.221797501119024 -0.176463222040694
0.275966646947838 0.00247661454692334
-0.125137091472933 0.174671982502657
-0.178506859499718 -0.191392767472135
-0.246254355666079 0.162899683616062
-0.0714265195633572 0.110881442191172
0.18514317835996 0.068449582344426
-0.181061529351339 -0.145096748101296
-0.515406215945568 0.412033088866335
0.290750405138476 0.140120835997914
-0.102799513917912 -0.474622582059583
-0.546926218450885 -0.312042322732556
0.416804576605865 0.183396559520885
0.612149740222863 -0.21034894415842
0.385132069091404 0.685994721957613
0.53005204242475 -0.134780733061928
-0.491662484746093 -0.427294515931223
0.859808656636654 0.127194129621368
-1.13358710576503 0.141034072173265
-0.742337342545354 -0.56133164561192
1.3138547855252 -0.192657499548433
0.78321035561038 0.188798276042676
0.873337586503622 -0.416736873095755
0.587760704435295 0.467086642794377
-0.724332568977913 0.812453953515669
-0.48454754846751 -0.918492962201185
-0.291571584068535 -0.959769498843355
-0.617285250801945 -0.0140101447703895
0.575956127804857 -0.410676097713575
0.0383029076494826 0.746469340605561
-1.05946423086577 0.152737628792728
-0.971018738755407 0.154186881746617
-0.123226497512181 -0.676106524332378
-0.545828689235824 0.671019634899746
-0.948652466347175 0.0929207653271994
0.279461814708608 0.977260424302896
1.24266615098505 -0.150478542824978
-0.904863916063927 0.104608704397443
0.0681771463972224 0.0429456107804232
-0.136280614128583 0.0102742786096284
0.801009200544923 0.366287851807896
0.214701879680904 0.763353127549505
0.456929495596914 -0.780633326899782
0.203128929659177 0.531181387645891
-0.173806625607836 0.310579135877242
0.0916102571016564 -0.545407710905203
0.113016814188233 -0.395600151985429
0.433237846296982 -0.213674075771819
-0.27515221572283 0.0645908510765593
0.149002507739983 -0.329156271171111
0.499000251127917 0.228798493540058
0.0805894480247197 -0.272072321876719
0.0839868157252775 0.0685645981724295
0.439667268109159 0.26593575947438
0.0673759259180737 0.158146649086549
0.29557152458998 -0.13112383446223
0.129903314770937 -0.0999316811400636
0.109751086975827 -0.258001090918797
0.260153569384608 -0.120336740146081
0.114604788747808 0.00344966298139692
0.205850636635189 0.0412634560442881
0.00473736805805289 -0.169557875131475
-0.176576371399279 -0.0957635697266338
-0.0856403661237946 0.0280234029994557
0.325943473212302 0.13696911539566
0.204781088247671 0.182159196672964
0.231871000896795 -0.283971463608764
0.143920285779785 -0.239362682067356
0.144432959368495 0.189043548796728
0.426010350414275 0.156311923347379
0.233999764050943 0.474576325872553
0.814173381783076 -0.0938028670480758
-0.0150602433823117 -0.494084445579828
-0.121743417815968 -0.045846259065689
0.51186068326731 0.593265807067028
0.996119293207634 -0.148402683135479
-0.390007063246363 -0.122227658438731
0.138602062356138 0.908373764702194
0.78302773615335 -0.563744485061384
0.10685275698229 -0.0256708212981113
-0.0649319136273135 -0.0671700612077327
0.105859195997793 1.03928351720624
-0.284727010050268 -1.01942541490096
1.08901278625121 0.923880646830474
0.505407004660996 0.920672817163008
-0.582037301177872 -0.390808029266524
-0.0179813088839884 -0.881889571815766
0.0768587741622668 -1.15033101792091
