0.106569489994534 -0.977783969274883
-0.0156438482472563 -0.545148881422159
-0.767883062057162 0.147976894710078
-0.610841916063157 0.11858083189274
1.15808768585713 -0.197716793810476
-0.258032904276912 -0.40262040482118
1.12881310073651 -0.187672854176266
0.154474286119011 0.105306604469577
0.762202689302897 -0.241534791351663
0.500346025063736 -0.494308789306205
0.628857100486779 0.346307580472695
0.186170091994913 0.388912039860886
0.596869554351897 -0.001040488456206
0.92693531456145 -0.0584175302826523
0.20293658104232 0.232999856414582
0.769203456415309 -0.104349019061059
0.973759705871609 -0.118745754239564
0.454360960138072 0.378809923610268
0.618393863001559 0.2200859948647
0.611099519330436 -0.122864554752312
0.538968158511534 0.295386017425674
0.715159418944125 -0.465134498658855
0.606892787166918 -0.0541639668716785
0.238912416746001 -0.458802084366069
-0.00815763838865832 -0.0798444479690265
0.669904255512447 -0.359402979737492
0.321408898669677 0.46846550242437
-0.0675459402912657 0.0837330619807349
-0.121732987074965 -0.134792837833029
0.00838349899385209 -0.514106347068376
0.644479055934762 -0.129882239945142
0.421250947104445 0.150880782408999
0.656781247643628 -0.0342193601645986
-0.121986745920868 -0.007883566689079
-0.0938328415668371 -0.315757143102655
-0.193724670157643 0.311824220728607
-0.217861548895497 -0.263469596314626
-0.159920413340884 0.283929884992255
-0.483670204982178 0.0570226600740555
-0.453148081420257 0.0403008604732918
-0.317466620442859 -0.258551313590268
0.0590281892142456 0.359423303000032
-0.100522182749416 -0.387125546084028
-0.36806096173777 0.528946510769112
-0.397159648020281 0.575011080388189
0.530037082655401 -0.0605388201984993
-0.814273787429119 0.0695249921819106
0.440100471362114 0.690463433776701
0.475822652693968 0.68565766045473
-1.04429787914309 0.163287902729081
-0.257322776713665 0.874826187566542
-0.639576411936235 -0.73852251225266
-0.689000563920992 -0.660524527646799
-1.14086294027337 -0.0638451967392532
-0.663714413005657 -0.843847800275492
-0.90414395487929 -0.993133017874097
-0.115980626692152 1.07806695261801
-1.51489405746785 0.278963145714846
0.89474898471766 0.53031412269012
1.30187557476595 -0.215427661345585
-1.23883760354156 -0.416867895307636
0.586634918587192 0.435563138626915
0.670335613698779 0.37592989644072
0.273540581028809 -1.24610230246528
0.545691126947957 -0.356965341922289
0.689633532126739 -0.412886662059663
0.455933324311971 1.02329458468371
0.636430941547638 -0.294478349315103
-1.0048806461557 -0.782356139160485
0.661088341281729 -0.11173409148912
-1.16399035128667 0.384777126924658
-0.364711590337063 0.779713401588248
-0.0315877697305578 0.0182098011466458
0.17566882999395 0.327724004261876
-0.080245534170775 -0.905357401886887
0.0701779355784227 0.341128565465956
0.251042757187729 -0.367542772734637
-0.124395718371182 0.691363786046499
0.36360348174482 0.218573734709725
-0.193304244232411 0.531749377304349
-0.597399471698104 0.489103982177557
-0.727996490207308 -0.247629708075454
-0.258604124560835 0.618882981218766
-0.705387029671766 0.623951081671368
0.561553462567521 0.15499539805891
-0.550947593154056 0.369591881122506
-0.572637770476631 0.476873135578606
-0.468443400280084 0.259058265509078
0.173211037622612 -0.837266501155682
0.558175557433353 0.685411907886618
-0.649080174419938 -0.367407839489306
0.2079957753157 0.591719270975645
-0.694908482959534 0.156827481652171
0.506399764966171 -0.0920070127988356
-0.0637876569078458 -0.704777608741995
0.0774050541954239 0.634307832083225
-0.228832887748041 0.383214943890831
0.287954826851073 -0.0438121304809887
-0.0768897975385282 -0.549591086769968
-0.121162830246248 -0.529684182024932
-0.589444523322189 0.58336713879284
-0.803419175635584 0.128008722119239
-0.464069447568809 0.545610854174297
-0.194872542761384 -0.387539403081588
0.180276535489627 0.0581875980957354
-0.499428657993261 -0.420776465997527
0.115933818643221 -0.131260052588784
-0.347904428267403 0.192506860335543
0.132257353488851 -0.0707376046674006
-0.226740042362471 -0.246423122253362
-0.119036457554841 0.0567011898794866
-0.613313038214708 0.109017584808402
-0.00711470054180899 0.212890150810602
-0.19251031471897 0.196368852200083
-0.394464431905894 -0.00103600153337728
-0.172135202053478 0.299233583411
0.0562904626965396 -0.248146801713713
-0.40161962153249 0.14355943816186
-0.352129777678205 0.0829795716668474
0.164697165736751 0.0242373972484542
-0.252907778776833 0.00665188352258645
-0.27869627855401 -0.20146793936111
-0.194118623461806 -0.00742429890731685
0.0649761007576032 -0.1151662110725
-0.248639408513586 -0.164545532615096
0.119367437315108 -0.0272660694737785
-0.102416646393227 0.227366667576201
-0.0705359419182197 -0.12960273854385
-0.0394384347965197 -0.00735956966411027
-0.252483618107877 -0.208741735593085
-0.107613395238438 -0.179715005525833
-0.338899232386133 -0.0809020434582206
-0.0630719659150335 0.359369064357029
0.0903149717950002 0.0535079353357337
-0.351967116249514 0.422831556886244
-0.147694966232065 -0.0422838585411191
0.270966772841679 -0.0161251980752178
-0.220196471849919 0.16593944983096
0.0730971334442744 0.110825500256997
0.219500057235411 -0.150923407576762
-0.00146099996989177 0.419388243647828
-0.868430654666006 0.130927434786466
-0.85048456493367 0.12790498330923
0.285366297583529 0.583238836898915
-0.122763196491991 -0.567315856710679
0.275660229813403 0.691211909493555
-0.358980739802076 -0.460944079005258
-0.737117026689988 -0.154349017160266
0.386082058548795 -0.40321693442947
-0.666268232826394 0.455066441675513
-0.676806864492497 -0.187788473023158
-0.42892796957964 -0.266659125017069
0.392097420226671 -0.205833727402588
-0.783996803825376 -0.25077477962595
0.549664379529285 -0.538559893225827
0.112754107818349 -0.49240803732791
-0.891290901615063 -0.237384120056141
-0.20770370832568 0.865055644837817
0.49733559734756 0.192411559441392
0.387935142433051 -1.05724896483178
-0.227747878784909 0.0842725527588731
-0.490654487900672 -0.811854298101496
-0.0190451740590865 1.03884990460663
1.09678330742476 -0.195738404458851
-0.156476157453376 -0.743956788387565
0.012395857907276 0.815827009204941
0.269721003497603 -0.593786313962627
-0.752991814762522 0.120962676946048
-0.273271668874816 -0.723318170738595
-0.187374986939916 -0.577342160225587
-0.480012021585132 0.0117144448869772
-0.489476136220252 0.104479678237458
-0.549091408971843 0.0645195769332057
-0.438962211843843 0.0716688027729928
-0.120974364842964 0.479449298087053
-0.407423085601964 0.0829914092789318
0.447634795753427 -0.0762891288062171
-0.27584774722613 0.0486521452075104
0.299267664629983 0.218352804305869
0.109812333382053 -0.0840842904561628
0.248646006154753 -0.244245771237181
-0.0211962901601073 0.0341103714570601
0.323238661440285 0.174415212998526
0.115068302415471 0.0485844189593637
0.243944299388938 -0.040692097773728
0.0320012749662037 -0.186649778895918
0.366826975302034 0.173251584910242
0.517235688167953 -0.069520923915668
0.247771284913424 -0.360201252220462
-0.030453480057584 0.277461172966228
0.459899088122252 -0.519375978438225
0.59684289473959 0.200381682986173
-0.135953095001018 -0.0899421874608468
0.366421210232112 0.332436694572224
0.417156616347198 -0.4754555625773
-0.34782300231705 0.22724104803927
-0.269962185549204 -0.852531362866523
0.274970605678689 0.854518318869531
1.45527997847862 -0.214892576843294
-0.136184962623909 -0.958735868033268
-0.601959993172001 0.06063280176771
-0.35820780371651 -1.03372893180355
1.49506515729491 -0.249355873523194
0.411570207936048 -0.883173207628865
0.897447349067597 0.959178778965389
-0.0138654434560929 1.10257322777989
1.31660333439532 -0.229456574943641
0.387393127518455 1.04979500960206
1.04648010384288 0.514239624540019
