-1.5866967567511 -0.0375897900471424
0.41288036522465 1.04326894175551
-0.699064967377867 -0.96282564664543
-0.801967934150374 -1.02477536760664
-0.842772918611758 -0.772611337561895
-1.23543217082008 0.514217739978521
-1.16626097134322 -0.12820174620627
0.121273533481104 0.929751859890129
0.0636391768116677 -0.399777201077186
-0.334520078206146 0.824272647519912
-0.845687476751513 -0.241064901997361
0.45622552480821 -0.87075815677324
-0.00309629572865315 1.01250485684802
-0.712087715300338 -0.257496547409615
0.223362920403047 -0.752354819314721
-0.121170970333916 0.926734192120084
-0.908455858421568 -0.449972622691463
-0.90286222337801 -0.282112610718202
-1.18911111066627 0.740299945008633
-0.239358989941189 1.04097255352638
-0.14295572997721 1.56161504193997
0.277934465300888 0.988133133517059
-0.144466839021425 1.04546441403137
0.826660667752647 -1.07738064927418
0.0950084209211883 0.366202233235987
0.175754912223773 0.272414829095801
-0.647028051904569 -1.04438599950695
0.217541746497151 -0.9858689617885
-0.536344946801786 -1.02922775413543
-0.955685350464837 0.880457548649722
-0.368905490805158 0.913644770283225
-0.508427692557324 0.660000272954396
0.0771438231779624 -0.646235334764514
-0.404445808376668 -0.761141936869416
-1.10205355808025 -0.24453633342188
-0.370059852449829 -0.978202264178488
-0.322055610482178 0.246049668074995
-0.30914905951008 -0.387708411371668
-0.986341566227147 0.225118911192446
0.475265618785171 -0.412876674825179
-0.337811438522088 -0.527367614589624
0.5071534487222 0.384346590878952
0.347965269785654 0.167791102633902
-0.129672471685149 0.704604222541681
-0.354261037500255 -0.442859468116703
-0.663475443358607 0.407154031649165
-0.257781110520501 0.877506637905522
-0.0669707581763654 0.619088624201211
-0.361047249847196 -0.334318354133874
0.0893258351869218 -0.132637503768678
-0.534792589762115 -0.290831613261663
0.00942200188697771 0.724660544466335
-0.589776203371787 -0.307111238039594
0.474226610285654 -0.0184741534127177
0.356533755545385 -0.252953477133039
-0.406483447430767 -0.447268369919183
-0.751063261700471 0.567008357386495
-0.802308323273385 0.51425072039327
0.521916631425618 0.0929232623406186
-0.377998557104219 -0.646213837645474
0.4579930912186 0.841841444710171
1.01215098668729 -0.264140701184834
0.890901519475913 -0.445562425945384
0.811744695267394 -0.318522108202571
-0.730819172653796 0.211410893867395
-0.437130406043621 -0.154289904216003
0.164591893370788 -0.481645492262653
-0.379152892704591 -0.298620166945332
-0.295905867493559 0.151386728868654
-0.242978098006931 0.102919669775876
-0.373194472162493 0.114886468865832
-0.289454637034755 0.342530327724505
0.293547348180817 -0.208413561757838
-0.36449134125527 -0.0762711485194026
0.328659087150494 -0.0284882786032277
-0.25815780873821 -0.36045337715382
0.0290238738275082 0.359459403551247
0.193436805600249 -0.10481290992442
-0.156417060706944 0.239326709910922
-0.0429876253281311 0.356822274554089
-0.568645539664415 0.130154503757574
-0.192138586351896 -0.264083804847904
-0.346664347617247 0.355463601474729
0.160838154241221 0.0436029406081347
0.203962607547638 -0.658130321050862
0.770662855309365 -0.126751138806245
-0.618540653428217 0.409362423880397
0.352460292137043 -0.496904088665234
0.485331757198814 -0.0409298368175863
-0.433069937829407 0.437942429727019
0.493188375093491 -0.515764204003148
0.449894977104879 -0.0795133099214199
0.311137823193934 0.404972574606923
0.537513335992231 0.509036750682045
0.455116245771728 0.597074540106895
-0.0118499088529781 -0.283926697722462
0.369907578041345 -0.441991867028676
0.433463457715432 -0.228715165464904
0.0502047631588672 -0.131327045903656
0.36420033128348 -0.276377988079492
0.123323870725141 0.083864956054893
-0.254955720448825 0.0375471434949514
0.093743290841471 0.187822327962746
-0.273255860642432 0.0579974528296557
0.0815678697005684 -0.0599457578546173
0.0977250494155087 0.00426172712505534
0.213952675084675 -0.149458272109714
0.304827915348064 -0.111559854553534
0.195230267283254 -0.269859685154792
-0.0476019203447673 -0.0701595631992732
-0.167445387127054 0.0877197414218602
-0.0629160302637662 0.078353444008837
-0.0783840816219858 -0.373105509619997
-0.158870671857541 -0.228266538372238
0.238481038264757 0.35452009125479
0.388738120384328 0.310030565843707
-0.405173857557308 0.112495958597832
0.561083626694343 0.342610670790632
-0.106335939280013 0.119751993148436
0.685209660444838 -0.380058336097316
-0.0122807510931695 0.186558598957168
-0.0849506412722987 0.00911656446522386
0.241194259878672 -0.135283666974104
0.611103550189758 -0.285441477848667
0.402006154243864 0.275569337026493
0.670243754530134 -0.262934666662934
0.204208611709832 0.0723348247837545
0.592548792995968 -0.163641061490528
0.207162947037063 0.0522441709426639
0.404363040842419 -0.044160128643148
0.366426332182693 -0.147990632781534
0.201015387882825 -0.150956140018595
0.188872386001008 -0.217998792828273
0.0310351444032216 -0.190040188065226
-0.206593487410814 0.0556922697190261
0.0017426388642081 -0.0948098551909212
-0.143988411349307 0.0117633652593706
-0.0241714403098791 0.0116705185620551
0.155647738968126 0.0151504994485273
0.0966416158693104 0.132059480531495
0.312794614973968 -0.0313585248027999
-0.0971227024420739 -0.333000500957661
0.0979993291799839 -0.0633215907729535
0.0818556627757615 -0.0547734768604353
-0.305470468107263 -0.150690265019357
-0.273317649177208 -0.279275958689291
-0.247196002279244 -0.324097456127552
-0.223079095710511 -0.0939341902067921
-0.129836562301808 0.409518682655998
0.685163336059164 -0.0571922906505392
0.571003512043092 0.419300077520585
0.342300259715279 0.0917884448209297
-0.119628707695739 -0.511145038223577
-0.0396966019645356 -0.459768720856865
-0.0493117044799422 -0.113216373019526
0.313735170118233 -0.441848162187193
0.544081975487869 0.0963218721051106
0.343700169572404 -0.101955479310839
0.0988402520036029 -0.0301545228623936
0.469546750495911 0.139107733528493
0.783482618737426 0.239010875413633
0.375248471378693 -0.366818823541627
0.472778534687326 -0.278073241561228
0.25215164812167 0.137467263225491
0.540306218720238 -0.0158251592271014
0.570437101634587 -0.524040784772543
0.0361033924677075 -0.0199021645687056
0.173485702941533 0.231270083726955
0.328635062567111 0.311459838960855
0.355749840020156 0.36938328085204
0.426043517153196 0.485946731253206
0.517042402481558 -0.471705498733088
0.493800171018166 0.203030693383514
0.131042218981192 0.324618393263277
0.330221094478012 -0.559497201960356
-0.0112527968959096 0.435173294150226
-0.543005621465775 0.251115198401361
-0.374484982007257 -0.179419836759713
-0.617415139857264 0.375895140077437
0.289429534685419 -0.0398504467984658
-0.0763307935000344 0.613601357435997
-0.00818304671240587 0.521568787825085
-0.644242804744179 -0.425093163919666
-0.401595866261439 -0.400847135594936
0.453234280150864 -0.143661115361229
-0.377396401701542 -0.372415862662482
0.666579853500901 0.00542580091138816
-0.534689289385288 0.420313225894369
0.212582245746876 0.65257500681586
-0.548982074838072 -0.491397995453711
-0.162510014289683 -0.736397533267229
0.679467121754668 -0.18813604057679
0.744900938638444 -0.607960087965643
0.624130280621445 -0.663705398074757
-0.295302791078594 0.407975822790414
0.909920057531875 -0.0653747112796799
0.612658911816984 0.6868559644407
0.86547716768626 -0.704296833978755
-0.499152397891079 0.27472342794565
-0.233025507040263 -0.613034813312145
-0.280073150000526 -0.185343520402447
0.821794165540812 0.42127596855198
-0.455666199484031 0.174693791598575
-0.205939231482351 0.338274527085439
-0.873316411351804 0.144726668851787
-0.508499270053172 -0.0593272620978655
0.662632321138062 0.331218548078708
0.566635928322704 0.833653238712928
0.393791818376059 0.0761021831951951
-0.71319764397038 0.40734088432564
0.797008033116242 0.272127242290399
-1.13849230073237 0.182441974151481
-0.893388074552349 -0.639239953882102
-0.0463434585843617 0.795895543119358
0.55492932626567 -0.922093711841847
0.604190683685114 -0.16397134162392
-0.652406518180617 -0.680991442142945
0.224094997104576 0.906231414583293
0.779342773774 -0.0489140313902391
0.817827976852753 -0.0308831702454602
0.334748363129059 0.865061224732538
0.374595844654382 0.898011724847921
-0.778605949537387 0.860770253497593
0.720521404005311 -0.674902002057681
-0.289846980445537 -1.12955059981911
-0.62887072514615 -0.852209423822458
