-0.473596434996882 1.01883089480582
-0.412001217261945 -1.07512853086952
-0.292522535995687 -1.11654445001551
-0.940442038016568 -1.22040822488063
-0.983092122675407 1.12992024887527
-0.0123705056956024 1.20324589398624
0.256663390249752 -1.21945140106062
-1.03388712228808 1.04424303578291
0.265430301555896 -1.19558674820397
-0.801889986188008 -1.15290779205177
-0.758755916178587 1.1498154105794
0.391606130632354 -1.24602692915072
1.26831374427483 0.0739275602906486
0.453079235314951 1.23340726082886
1.28244871452651 0.0708050691408975
0.643047779336378 -1.09837148554635
0.74831540540475 -1.07844778378301
-0.192775250928987 -1.11359357745761
-0.269992536277651 -0.905799809734969
0.571476660555608 -1.01517510890316
0.83334523901079 -0.990681766549053
1.23360668791921 0.394992536270079
-0.0414325025930823 1.06608367718778
-0.0051358731652715 -1.06766932901851
0.425455377770251 0.931474588961396
1.07982458696068 -0.892442185508291
-0.187798026345869 0.196154939311047
1.25075577692456 0.705843773756135
1.10132286040343 0.894033568048712
0.0598192383893095 0.105182047483426
0.105839321410155 0.0953286086286643
0.138742691930134 0.0104963909898419
0.144988005011128 0.003439643254998
0.67173252561604 0.341792638797369
0.0293067994004041 -0.0648313729497452
0.482926522044222 0.612178638978371
0.385896132406891 -0.754635178816384
0.201980705881806 -0.664738517919501
0.380879466329244 0.590292571839658
-0.245890972076371 -0.0304555721955989
0.203356734799406 0.829306026616332
0.473046158495682 0.745344862942347
0.112651160334232 1.05432913050381
-0.382351744390989 -0.0966692509947568
0.664418275157928 0.833047205412579
-0.294520400881251 -0.102046133275688
0.521086891016453 1.02900383779067
1.52251926556883 -0.672928956430173
0.496940411863582 1.07968875137963
-0.0340377760242646 -0.076759744748892
1.39428174395734 -0.460313869408847
0.583094753767112 0.79082773148352
1.01247114868424 1.03595440497901
0.0279583085078059 0.381580518274914
-0.00712421294654074 -0.389613728816525
0.734073761189261 0.306116513485499
-0.301300625782453 -0.502621058200204
0.0311069411359927 0.498322910396008
0.348694442002432 0.706829919290463
0.861304925359593 -0.0750739360073317
0.675998157899978 0.131552149774685
0.462836923175533 -0.00814355740092427
0.69869219503819 0.177075020347586
0.169105428963689 0.602107933225748
0.818563642298191 0.305696539431196
0.00583923509952115 -0.323757438446955
0.966738133783138 -0.183321493067707
0.335139423269154 -0.735847380901225
-0.214287100469683 0.306234531331688
0.764716555943494 -0.372527158596434
0.598893649512309 0.718760891266579
0.240288631663621 -0.20912798462003
0.226608966498256 -0.178519071940316
0.58873736372349 -0.587024182509607
-0.0609842876720641 0.322698602584077
1.16678167108939 -0.128753233487203
0.942653126690308 0.15853415208332
0.827698692781678 -0.653063612801142
1.04930724276406 -0.103801775100544
1.15255390069345 0.0558043871929605
0.566594854724036 -0.448307902932523
1.13653114435397 0.0722051213629845
-0.463787478238132 -0.0376289479885043
0.868357328899245 -0.0226717823200278
0.623084052083143 -0.232312627865749
0.805520065959453 -0.116135343266745
0.464891546300856 -0.215077046919121
0.663113855632774 -0.0599134029932956
0.499835322973098 -0.219119792892186
0.0720618675453696 0.37563058324968
0.276532590429315 -0.431803363606797
0.250668566351842 -0.388115480815003
0.546284227922342 0.0630436966251986
0.421532622579876 -0.290637462234972
0.00911382530968737 0.3378609797062
-0.328997297816557 0.0269813371539792
0.29180946027662 0.336042647657257
0.0505373168315771 -0.54169407143703
0.666794734643016 -0.309099446133471
0.796219092280786 0.116651237950554
0.897137774283576 0.0302428181738595
0.0477149078576331 -0.572247310654125
0.436223646447485 0.647518122614746
0.976096687714367 0.171060524879827
0.248514305452343 -0.621725687451588
-0.264613075972414 0.682394665123969
0.297008162315303 -0.798378907072759
-0.210975901398827 1.0527528559229
0.295249052844826 0.839445426364107
0.200960168753055 -0.728533609667987
1.07348841467838 0.309015437817369
1.11033987002587 -0.00928526630302557
-0.432599114420497 1.14493825652783
1.13676972237816 -0.0118538337848352
0.622373882761403 -0.826056549685282
0.614893013425668 -0.796092989770574
0.586296879555171 -0.69426224001297
0.91321399680099 -0.11736284546706
0.425523656629879 -0.691506380207565
0.534245838323288 0.863621817446416
1.27162084847152 0.0658100186037843
-0.00104761092438865 0.61227674512429
1.21568146979549 -0.122822909087921
0.929392808258909 -0.325501794787941
0.777020635752138 -0.53271535804842
0.106774383654413 0.959423424226914
0.182594278512896 -0.497611912350908
0.811312564239175 -0.511777412632022
1.16618820760704 -0.252108802411145
0.700276491107365 -0.970269595418442
0.588881683208345 -0.941495832574091
0.101454786012422 0.672088787472806
0.355418717983703 0.744745225961074
0.337657953146731 -0.644974965197531
0.539941353553192 -0.559791421187871
0.39905462361784 -0.547533281093385
0.455133672658075 0.690103391727093
0.953139002071765 0.129339742435683
0.94097811793912 -0.0453278648503478
0.785878540081939 -0.0795332616227028
0.352800742821166 -0.292584774754558
0.448312969780036 -0.476185721783497
0.522076430591017 0.534607435912748
0.419091613372484 0.468780577836126
0.368800065845237 0.384833187876522
0.579720565212568 -0.0439458287770336
0.346189572342844 -0.147167666657049
0.609683011621235 0.0399049098092157
0.365697281279411 -0.16917278781199
0.273054710194974 0.126086930801812
0.460251397581685 -0.00499792731685453
0.259762301250113 0.0252759106400368
0.211081156623419 -0.0792476788674866
0.195304123575407 0.0305839746370844
0.166191536400946 -0.010377565356696
0.156946358034781 -0.00709518124210655
0.147647556553978 0.0524177273556908
0.0589346394828749 0.0548460807618958
-0.024728104191813 -0.00562679674937918
-0.077703974318565 -0.00920814531810246
0.0248049121113097 -0.0831502684630413
0.082739515073918 0.0188455717386754
0.114259661275055 -0.123701236887062
0.0158859361910241 -0.0871146169766811
-0.16321721194751 0.0501063682984742
-0.137147180721335 0.0312674297081057
0.0864456789362066 -0.0817234771446097
-0.0581772932057894 -0.0162073139456957
-0.0461228911948658 0.0341162124218204
0.110421371380257 0.042798669008349
-0.000716765598617955 0.017909813357985
0.0112999201778375 0.126034763361694
0.124933493656493 0.122862031580296
0.20642251766724 0.0991724242591221
0.150123844141259 -0.122299560509423
0.144879538213118 0.0439161458486705
0.145569319574104 0.076892155910789
0.109848381869677 0.0142358225099556
0.2343034222697 -0.0572274374024624
0.257714290299959 0.140802869814189
0.173277415136511 0.121517289867669
0.289873951462521 -0.0677797407197932
0.227454228038375 0.175267437597299
0.160131565621051 0.13303144194002
0.131987350258152 0.198719741183582
0.00460384272924313 0.0640340244089419
-0.0189081892654112 -0.0687398204190619
0.175691038492576 -0.0438448446501186
0.370921638984374 0.0312986828197978
0.149291907656085 0.116487414288596
-0.0570350867556367 -0.0185264158359727
0.425390936024373 0.0698641173126622
0.253865750461588 0.223561112294761
0.263852718019912 0.196002947582647
0.341307967181631 0.371384493193993
0.272098605594816 0.214149107835277
0.374124730453267 0.124955650291709
0.298475270443455 0.0197632038569792
0.543797849831461 -0.0749589402493106
0.314309101688393 -0.193783735149773
0.47399349146972 -0.00448089437081768
0.037728113298195 -0.22466315851144
0.345417095629171 0.0428576240720878
0.261693329509716 -0.224399930846908
0.403036850426751 -0.292038866675897
0.316431281137438 -0.0218322129134197
0.304797808185494 -0.0229653450715908
0.701615709906254 -0.205646725561359
0.538631437221898 -0.13078064643483
0.790391819742477 -0.0536641129850246
0.666691002540303 0.23887207960021
0.498043594713261 0.0912487001369423
0.803804304206078 0.11833423057202
1.04709402092101 -0.0727708939148017
0.676969650431804 0.0160538013301733
1.19325284523956 -0.0624176787951275
1.25111484669349 -0.0421075111664588
1.31145118389274 0.408463922756255
1.46442906360971 -0.13657243172046
1.15698716105709 0.369529867311805
1.0693620146434 0.324619714316464
0.729076124729965 -0.142198077222725
0.441828771424731 -0.0194025508627566
1.16323067756619 0.562099209925376
1.6924607024258 -0.0454659164889436
1.07123165195462 0.505727209207713
0.887508125437493 0.560571004901301
1.2265576035699 -0.333792578919773
1.26353542403795 -0.33059693070507
1.3120911478578 -0.338979108535701
1.73458918044156 0.0501502927174759
1.19054164325383 -0.497743606390332
1.3248468691268 0.879037188700963
0.825652856438821 0.427623134650167
0.471767748741904 0.252707086232528
1.09495199090183 0.627602613484184
0.490718183342061 0.131821961573223
0.640045403383468 -0.118842137937081
0.968163443751004 0.494971564742311
0.94970506257423 -0.580649343094551
1.10157359228884 0.332523328151873
0.926206299924228 -0.427955979414512
1.33896374558937 -0.232781897731987
1.60663173619494 0.0351218258439834
0.752507258954306 0.375031643535722
0.681080947187121 -0.54590468370207
0.636389907418232 -0.549423374035728
0.723052788341253 0.483252005313446
0.957785991418677 0.527217433799561
0.52806264569824 0.413010417998882
0.576971483810487 0.363496700097472
0.512947160704065 -0.458534947633787
0.558371324476788 0.297573351560275
0.861701952143688 0.470791509922418
0.486531569726965 0.241440390440191
0.130159602745077 0.160491635054069
0.109059062928598 0.0386805538142355
0.526580169746518 0.107330160024962
0.307560306948731 0.401867285689499
0.529229229178002 0.196745513280704
0.435317442378152 -0.387449027935772
0.228843159547858 -0.382066538372009
0.320364211570164 0.191603115680066
0.340551941886596 0.237585061440289
0.317546900125737 0.124374427678356
0.282108364666612 0.14332620730313
0.41953676601241 -0.0941726969739088
0.120907401524692 0.0812413022729259
0.305069213723522 -0.0831231183284153
0.358086377410689 -0.065609659048337
0.332535576050277 -0.182854404655347
0.600560518966938 0.0279082839711529
0.332832826472206 -0.393663852284453
0.381027819564537 0.507848328610823
0.520997332095759 -0.381357369680159
0.816500237186116 0.000632026587633229
0.545384397960675 -0.322884916039205
0.762029422699914 -0.0948481480837324
-0.129025662865836 0.0133858099855425
0.585690922384818 -0.0918483581146369
0.491143632228961 -0.03478851974042
0.709937157909106 -0.0338813669634799
0.579280578869725 -0.228929834249043
0.388719317232618 -0.196563535175246
0.367775571325463 0.305161787564935
0.828292806175565 0.0392077607843383
0.497091272232273 0.453264963982314
0.48464442761338 0.451470039932998
0.858740316621036 0.0193047252265439
0.323319921944653 -0.477199922503485
0.643015211599045 0.0569303092598927
-0.0340680100812961 -0.262919517325851
0.455990612856995 -0.270525902705837
0.40074827692426 -0.138057895959122
0.0379148941057938 0.174758066208702
0.453283242745363 -0.129005589232666
0.213603558663824 -0.078842869783424
0.0818609522039519 -0.0862631783479472
0.38301212988747 -0.101616314259437
0.146804017885831 -0.39853403242016
0.76337601503036 0.0558652994101387
0.619408412079016 -0.179337327830709
0.090956663752563 0.196417112536993
0.528358924531379 -0.197616054155671
0.236152543286785 0.238478198566837
0.763426800187548 0.0181928494121267
0.546774253608694 0.017340407987209
0.283249368835364 -0.193806590737457
0.789261508841087 -0.0425216138459177
0.498469530175034 -0.107211004364498
0.472470699450424 -0.0486982855880739
0.458197330558754 -0.0508877344642674
0.417002962153954 0.103157599200582
0.413282560648377 0.149126811533632
0.596165145741652 -0.139697952960117
0.488952417341171 -0.0530309358360115
0.414908081751422 0.170213486691389
0.337987081344419 0.174396365608164
0.304490949826155 0.205854044968984
0.167468929823978 0.293120266723326
0.816668568634251 0.102073813753153
-0.134309843951308 -0.0300817280054137
0.584259607731424 0.560748487287985
0.263759040774639 -0.502450687245342
0.162660040530667 0.45346618151976
0.248048592034849 0.582337955004626
0.777570897581579 0.564614150948463
0.961510398955199 -0.378836996567909
1.37321867474001 0.0909088421959334
1.0222615389685 0.599043361392564
1.06127604738835 -0.507505563155671
0.827941928299855 0.306153239739583
-0.129659537891466 -0.428526596637533
0.51757375350322 -0.735974755928613
1.23267620762065 -0.09971296987048
0.875105103655905 -0.484602121671599
1.33132469136466 -0.0923237141083104
0.86623648530611 1.11723007569825
0.436219503147995 -0.660279547132345
0.938116499820056 -0.692498637739674
1.49319386149619 -0.0906796964486576
1.12044035808369 -1.04444130822355
1.39252476796713 0.533122151116527
-0.894244787271559 0.632170506218624
0.284981159289323 1.25000185201071
0.256414343645052 1.1854081917951
0.11781132927121 -1.23015573938721
0.0480236624333605 1.23792975999462
-0.0827351716669479 -1.24012382945503
-1.16211098382765 0.657804393388678
1.08697439342231 0.0624278777510849
0.801422790059399 -0.13897753664288
-0.0179297168475502 1.27040450666531
0.492697274314068 0.0195159157713417
0.65224428077301 -0.0115635668083755
-1.28114409162314 0.703380083791625
-0.324574408169676 -1.09959598860102
-0.343765368271849 -1.05027183964562
0.484270078440175 0.00942329788639474
-1.04472612078721 1.16319841391251
-0.295729379109752 0.967590115102743
-1.17445715486702 0.673447467371654
-0.0195608083237566 -1.16125481614068
-1.13749824254837 0.440486427934251
1.00835116710098 0.548773778798517
0.00753970786501001 -1.13533054684744
0.611315338229574 0.470116053245096
-0.4867585628024 0.58062378256005
0.386756572968065 -0.681469914524157
0.0537091772491852 -1.1031591540716
1.17580624132426 -0.457948454368588
0.0760700924859626 -1.14425618251624
-0.513380530784138 -0.211604863789033
-0.613982228935442 -0.248178707207797
0.0909964427223871 1.10285131642968
-0.42497129123289 -0.193568750138655
-0.479746744969538 -0.0190668690290212
0.387183671020661 -0.900195275481689
0.502273368538265 0.857184034157914
1.12087651480979 -0.738882501658207
-0.205489269926301 -0.0565855544941845
-0.065142016315816 -0.0360669314548922
-0.0163753168795493 -0.0418127685835574
0.206683373879826 -0.632641818322565
-0.190977121049283 0.0845362927535158
0.383633219228991 0.296460136696388
-0.121350765585847 -0.116510779053437
0.130182124428069 -0.417558819555973
0.241953016114693 0.157135884976675
-0.454473254563343 -0.00968184264368954
0.202975503744107 -0.230886141495876
0.275350575181147 0.153195860262517
0.30307020678983 -0.0645863961144426
-0.0320568046086124 -0.20062777591325
0.170023874954044 -0.0737052380839038
0.105555192355754 -0.244560252900912
-0.098452235927716 -0.0386977162203364
-0.0509862176959243 -0.00344063397629872
0.0489385364677131 -0.0803010975252013
-0.175595896030495 -0.0815792107629195
-0.105175060163916 -0.106539700578574
-0.0369977765642664 0.127457476646533
0.0352672009013916 -0.0923761800944658
-0.168206627568328 0.106618692910647
0.106360250866034 -0.134168082918612
-0.239594146542699 0.182308088394879
-0.212445989960648 -0.0239695731422492
0.433381737992093 0.066586763958674
-0.101752944443889 0.241025285431908
0.225639730720789 -0.237291025513589
-0.0152978971086344 0.293972716574131
-0.108369723227604 0.368053502621542
-0.0906268302443149 0.447301808034646
0.302143770431823 0.609475259738476
-0.409656627711338 -0.0323384437659235
-0.638917920904439 0.0427097132809329
0.504176420371013 -0.489964312135674
0.154566152869391 -0.742400117213825
-0.308899777826408 0.684134104691694
-0.268997506799766 -0.623597238976377
-0.466151268059968 0.643675083663573
-0.593697224517914 0.579905567648102
-0.576522299535682 0.555848355367394
-0.988398350348677 -0.0352837936990025
0.102664870710933 0.760251757857599
0.281763524825719 -0.594457600578427
0.241208965431433 -0.707799377545494
-0.448167544852056 -0.833957103663532
-0.876486978050472 -0.127062166774073
0.405560553626823 -0.523780116623446
-0.227836860829022 0.750063705287413
-0.687965753956862 0.00263350173126714
-0.697709659942236 -0.0287726369129388
0.369055850671757 0.63563020622364
-0.504788410052424 -0.0234673135226742
-0.156577868854212 0.473445393728971
0.631302041873143 0.0323907965512071
-0.101387611670925 0.323360820832326
-0.145310719347974 -0.426630764896881
-0.37982837442047 -0.0540525009784515
-0.236379719758148 -0.359081398737373
0.066898450398527 -0.365427818314387
0.125886095147662 -0.459677910293814
-0.343439794015572 0.517778113280342
-0.608829211002319 0.00493018224577644
-0.640778199870267 -0.0615164647104938
0.359211744223822 -0.717035509976253
-0.0267454709790424 0.574149230496351
0.901136556656122 0.018259989253257
0.727756728080008 -0.00145647906156282
-0.447190166725589 0.649851562751161
-0.765043181898855 0.101929343751861
-0.299289370322788 -0.579258094702036
-0.72404145005795 -0.0920772958658666
-0.39352555649345 0.461801978214565
-0.29090729873009 -0.450987674778445
-0.578070894100349 -0.0931859847325666
-0.641309816566089 -0.0714235532304197
0.0376350002182058 -0.227400396175221
-0.332165152031528 0.116872569912821
-0.46413669078937 0.28122672576531
-0.476737479656572 -0.474405143736628
-0.413744818668449 -0.437233727595907
-0.530650980208639 0.343512633136622
-0.233907911234766 0.580411990502493
-0.0331370787818086 -0.515811604064703
-0.974762417134045 0.097667247752455
0.225470031770714 -0.26407079804565
-0.416650552651425 0.714193245361813
-0.847357163395146 -0.266467421766768
-1.29255587439717 -0.0650667577754517
0.536583777577345 0.0720149420714015
-0.697926315143126 0.555876372257983
-0.549413595659963 -0.754060695281925
-0.497335062687294 -0.78316415591504
-0.703372436128679 -0.907385083404002
0.0454743107079224 -1.02768915849735
-1.06361769996848 0.196544177243176
-0.6431656579211 -0.99125614267421
-0.899127108651917 -0.200998711168135
-0.840620116502326 -0.227256528066487
0.0654348124204119 -0.8443192032746
0.0109195799316787 0.809545011987443
-0.689236794685847 0.679845978558268
0.21820744431116 -0.324394097517616
-0.770713055869128 -0.216681876427504
-0.486248250563036 0.394755112681844
-0.41362313326525 -0.554071246892597
-0.706428684152666 -0.109172240068965
-0.522325136638105 -0.454774706012259
-0.863046412203224 -0.0241485904728895
-0.458618024422135 0.428463257221439
0.0838177786184844 -0.415150546355066
0.0925234663610858 0.538457825161544
-0.78259273835362 0.0195129334304359
-0.289540633888569 -0.59496630186692
0.125621280788989 -0.67745084358584
-0.10925951285118 0.480122696481654
-0.91974932802386 0.133065522677757
0.178230962521681 0.949800139673859
-0.279965221092434 0.779746154847546
-0.614120585352386 0.435387089367183
-0.132847347106233 0.00685753980498375
-0.0382880836121565 0.752337805892607
0.405373555845854 0.382319538593984
0.0103304133271689 0.780120201073855
-0.0182053137937516 -0.801241287647742
-0.134950547403393 0.743985731309793
-0.54500454255832 -0.155305022416403
0.400072740221887 0.840701597884429
-0.16739731986889 -0.76959339456582
-0.158757830534138 0.775980557120149
0.545084918501335 -0.340305845319356
-0.254358900990028 0.585944764367321
0.76604149611761 0.00636127630643164
-0.3496402785368 0.549037403192194
-0.262830576072006 -0.671280528228273
-0.213204071186519 0.552438599256061
-0.805772092410285 -0.0255132999584638
-0.830291190305069 -0.125680182604037
0.27955012124294 -0.206063290504707
-0.126313046418583 -0.449617450049935
-0.458890234965203 -0.171646591786233
-0.255159810234424 -0.491357319516388
-0.269116433908514 0.217636179760814
-0.208019409751748 0.440986405631001
-0.235458525387184 0.311852734780696
-0.0122091275376956 -0.172394452806745
-0.392789761622467 0.263184617002411
-0.230321025180039 -0.171177878354364
-0.0261492257424027 -0.275229715720425
-0.381306004903209 0.231778987076464
-0.0900224030110938 -0.35227186629621
0.00125344379027577 0.483629926067386
-0.514604016746396 0.497032442805831
-0.0518341596299423 0.553521652418865
-0.661246037405514 0.569422217456783
0.390575076676203 0.0396087771367625
-0.0933282835331454 0.795748524584715
-0.187199691029232 0.794097195779979
-0.373528388019369 -0.666092927682387
0.172494819922428 -0.0345814254128817
-0.451374035950748 -0.662130881833472
-0.257820678668178 -0.569832071901021
-0.472334154865106 -0.558230184778987
0.0235132184912756 0.0375114765481382
-0.707172011437843 -0.483969630060999
-0.419283138282138 0.488431283879338
-0.486937041545377 0.343300511852401
-0.518754596458692 -0.319212391078832
-0.228060577429166 -0.0995885083917639
-0.729792594047529 0.152472924367401
-0.583559870348407 -0.0828770899104585
-0.625721908374805 0.118612783044612
-0.741525926376648 0.041207903250227
-0.669033187517645 -0.191210191099931
-0.291631289312665 -0.0415160290256653
-0.59061794735577 0.330226429187658
-0.927188362642245 0.192842530889665
-0.559619076440793 -0.350503772842594
-0.498481566193117 -0.28411581613818
-0.382445270196107 0.368090935426672
-0.171200202224165 0.0282364390019295
-0.633189322043107 0.289372344124666
-0.563004342288084 -0.44341090070631
-0.3810954079468 -0.256663540983017
-0.417073868440195 -0.249040063945275
-0.310946041812129 -0.27798436657269
-0.354719259907815 0.129995211383222
-0.0889031312640417 0.247652668525658
-0.21985467889481 0.00371363287534865
-0.124838405279835 -0.240297449489718
-0.343319737265345 -0.02163403762742
-0.14272786717999 0.0411274426093561
-0.23122742183784 0.0505621962165131
-0.176790409776991 -0.0287825162727595
-0.1036689041253 0.0800408254864325
0.0354108442909545 0.157655445042584
-0.312658124105248 0.0760229186915535
-0.287262327857696 0.0370197261052728
-0.123488591115695 0.164140792684736
-0.177171035911063 -0.0564377495185436
-0.370444546053662 0.129083382592325
-0.363324808348834 0.0699362869373077
-0.605575230433816 -0.086302306149498
-0.731972223144766 -0.111487554732739
-0.478702059089183 0.127954016448404
-0.68260872777822 0.0077853317572993
-0.259918101162805 -0.167568616686174
-0.424677430137288 -0.130450513727676
-0.260808471182066 -0.0688368732689532
-0.293784910881254 0.107095123079231
-0.560943423162631 -0.0557018504944369
-0.25087829524772 -0.0815895964672265
-0.198922889757688 0.139697456714386
-0.377326970537941 0.174721780207053
-0.0731693398464934 0.0696932012235692
0.198527448208727 0.00102494547204239
-0.0293347943215869 0.0470438340254071
-0.0629916278944179 0.36261535085567
0.0620578447694118 0.0715827931240458
0.220920104812991 -0.0106788706059774
-0.335941507156914 0.290521381264327
0.286357509688111 0.0387868647841488
-0.356418888993194 -0.138362926779009
-0.313002587742552 -0.497606483835757
-0.178192330481295 0.305302408390534
-0.478029015343618 0.053000460587775
-0.412591036909994 0.028921172239044
-0.161268779918561 -0.271491842045549
0.0182510372543515 -0.173008585833712
-0.0602395111499144 -0.281995699609459
-0.312793275652864 -0.301540922513151
-0.21457628378092 -0.228515501355686
-0.367577519523757 -0.320925301161071
-0.34767570781494 0.111413284822771
-0.197088309811669 -0.116424977965774
-0.247857240347381 -0.182668463089225
-0.627720539909598 -0.0391291593643084
-0.190457875492354 -0.0250007129876144
-0.660737137867667 0.00533645312538325
-0.517726302984234 0.0160283943892303
-0.529291381511491 0.0835562789848984
-0.301125234959388 -0.0910780506714511
-0.486250952719102 0.0938396641074594
-0.409590443282995 -0.0127930264212727
-0.486853839442331 0.0098195174193823
-0.475057277940131 0.0652073951561461
-0.396779923379133 -0.089236152237465
-0.424681015132801 0.00284877863845714
-0.476218152319556 0.0952666962411811
-0.684273746587189 0.0336053779544944
-0.205147382535404 0.0375777216512432
-0.364474850606532 -0.234035221849272
-0.453156979019051 -0.215658690264947
-0.624954786802282 -0.340226089996048
-0.0619980478401093 0.125076599677312
-0.173178124863081 0.484794299459206
-0.280073489589703 -0.326339946204026
0.0557708774576087 -0.029268098213637
-0.223464428796341 0.25769968921808
-0.284861793276448 -0.260272166811773
-0.301150507273784 0.25139999142062
-0.403287879696595 0.13401664694813
-0.440582151009235 -0.116366698396801
-0.341140587396089 -0.0742490857361873
-0.420793956661139 -0.0511357515944572
-0.471107959094597 -0.00798322789950243
-0.330053830232989 -0.0394929158065156
-0.365165389053282 0.0596859495456246
-0.201240064944905 -0.034386944708786
-0.230037456785969 0.00872803516127865
-0.290881540123267 0.00980335980528525
-0.324965103581459 -0.0359797412832925
-0.304138218351666 -0.0976834158999183
-0.425817824789132 -0.0221514529316749
-0.158770198349454 0.118138315806785
-0.247061473297801 0.0224253195536525
-0.358110566175283 -0.12808279313781
-0.064573583058703 -0.217602979918206
-0.404768278672406 0.0835269594631874
0.387904198547593 -0.0501991856040905
-0.276539820723598 -0.0111521474490767
-0.13353141208938 0.262295187803163
-0.183488128989047 0.207865629361203
-0.25430557707827 0.222222927199886
-0.309735136978152 0.309073163982725
-0.0326049470326614 0.332546049046854
-0.63024119513491 0.0325700084265252
-0.555037872361659 0.00586549936394312
-0.706443751548562 -0.0563806555212254
-0.384522032293549 -0.440206998527361
-0.653295647362596 -0.0085534105174882
-0.413598139306338 0.1946031152789
-0.630828078546114 -0.190079721721532
-0.326724874803472 0.312091818288196
-0.383157391471528 -0.132562410064462
-0.557229459349429 0.066880842293626
-0.522463500063765 -0.162556347759198
-0.545394546509795 0.160511615698076
-0.803099658345741 -0.0435643402004944
-0.549594914771491 -0.210507193114502
-0.368270353095599 0.0430786200781636
-0.525334607467912 -0.168359358826214
-0.428634835196224 -0.232824913564059
-0.494589240649926 -0.228170167188329
-0.867620386105454 0.0777264201862657
-0.574311352936432 0.179067349021936
-0.478200059120017 -0.0251183663369442
-0.46089272498197 -0.0119361204770064
-0.355262464435901 0.293227058869968
-0.226553197194189 0.0194195480733354
-0.159964862353649 0.279143209160137
-0.169360600796938 0.209858431915218
-0.072389443069275 -0.0266854844591853
-0.222300447155134 -0.101012002038244
-0.241831114031529 -0.0239895847354359
-0.221900913447765 0.0426469346082708
-0.191724804204499 0.00470880370879185
-0.388618721612351 -0.0881934507401452
-0.289390778946442 -0.0353306147827541
-0.238147008262261 -0.101841122212394
-0.363569248802283 -0.0156675520690454
-0.540066683878081 0.0634886393020892
-0.516311145699627 -0.125621468692133
-0.253814894195006 0.0749984504898474
-0.38598796585676 -0.298119467285176
-0.508585849251946 0.0868511148579546
-0.413291097584812 0.0102471039892809
-0.423237081235447 0.0294244389044574
-0.502570111411925 0.0177283080973762
-0.371804552265673 -0.00130320530987823
-0.425496054024114 -0.127111762167442
-0.338473232536334 -0.10560413641535
-0.384079257858892 -0.0192894316994765
-0.344905567161193 -0.237312979425959
-0.152615010950718 0.000718672328633301
-0.280939283721227 0.248462986461124
-0.520043425164272 0.0437291315961264
-0.36389783289713 0.330045820252575
-0.092432174209346 -0.158838770002584
-0.902986627205607 -0.0368171207843305
-0.694291033197528 -0.544218891540057
-0.882462662735014 -0.370773641934332
-0.219454698572615 0.15028322334027
-0.383184805557246 -0.462845333391848
-0.101453110326776 -0.553336583442236
-0.525314763466068 -0.135945132279091
0.34759758118484 0.0896001767907766
-0.0475291974641538 0.21432381893707
-0.33421437658462 0.384490424040463
0.299038755631198 -0.0549808073786148
-0.312594476775281 0.210517440680708
-0.291191364380631 0.115048357838324
-0.324951198884121 0.185139866227737
0.0260825566748844 -0.00164012982660418
-0.214481998445923 -0.186401629951619
-0.173289489423769 -0.35758351158707
-0.555989161770532 0.31466960512721
-0.220391433166456 0.460783141375437
0.050858480738781 0.490235655792214
0.319053963167744 -0.0847389407415238
-0.179305262045734 -0.410063570010685
0.0500334665830842 0.598955196533307
-0.443860043126153 -0.65088608647862
-0.807279253813699 -0.00605277457868351
-0.653457411512181 0.361400568467693
-0.294796298846023 0.405762358157816
-0.414654415596474 -0.264954992482583
-0.0817744492251374 -0.103689283936936
-0.150170251750158 0.0303047527501213
-0.658763042774435 0.146993151573931
0.0214000607762672 0.0142860585610793
0.122063946622432 0.0167579818708228
-0.258672897165269 -0.208939499522512
-0.341259226138033 0.236085439677416
-0.103394254987341 -0.229652096572327
-0.422204234974404 0.174497524404502
-0.164578317217633 -0.329523354457052
0.0226691130167844 -0.143576583584793
0.034496231429066 -0.337510696023114
-0.498188819872108 -0.0201026019167344
0.0550601189777201 -0.263904629100131
-0.179018231457692 0.175297273068478
-0.0977594855923165 0.121419064855162
-0.21917796551392 -0.0577111875981547
0.226535653762267 -0.103898881889858
-0.0998796939988871 -0.257918533872515
-0.356475223480426 0.235631114393991
-0.317518179539061 -0.389134830654774
0.081314344155287 -0.178318761595974
0.0884342207075663 -0.183691422841344
0.122012541991934 -0.208916552090591
0.182002988990325 0.285401797050831
0.0255960880149677 -0.278845514435869
0.341831628242852 0.0431760793509394
0.250826319262753 -0.0300961327671507
-0.0266148840683576 -0.335924601823221
-0.0151683749586395 0.43226514601347
-0.370598120601324 0.379115686838522
-0.352937321273476 -0.511598985494584
0.0384237052137772 0.442887746582314
0.320795902325128 -0.0605626001360415
-0.464117335462026 -0.522624647866456
0.230913224107832 -0.0550956577952215
-0.156548750175725 -0.331071663104745
0.382542664652758 0.219389857371908
0.124839781066041 0.148744321542829
-0.583248123472359 -0.320832980792394
-0.251608494069577 -0.108177202882129
-0.199747392137737 0.534248951228101
-0.316009459927227 -0.0790232668077366
-0.405116218689974 -0.0990939354304453
-0.0982828097782039 -0.45231914473265
-0.0577626500124402 0.486115454858617
0.50133453862025 -0.278810630975393
-0.602339178600331 0.0192715584267662
0.161807775661665 -0.402670994902524
-0.358024344216703 -0.0163926347044272
-0.39470046320491 -0.0492908860727682
-0.229580302050514 -0.430922769296712
-0.43944453672635 -0.228926838775412
-0.577107622173848 -0.604914620383166
-0.0888254748856839 0.0995480690455296
-0.229407896015107 0.443686495521915
0.168789820034715 -0.0971254332165101
-1.02981780249315 -0.0937661821102986
0.0816558659928374 0.062826143837392
-0.571421382280531 -0.407338003511086
-0.225603534912328 -0.48531586265732
-0.748352863768899 0.322651305702002
-0.779542481467569 0.41900190029882
-0.862744972091383 0.210485483546644
0.0829507888652444 -0.0417771945246719
-0.283467779486121 0.574828887780012
0.0940940810236179 -0.0891773767331871
-0.390160014046741 -0.388242248616955
-0.756299803022672 -0.460542712634164
-0.119984623598839 -0.00805806779055374
-0.553164372081977 -0.286166321210499
-0.224411479343025 -0.0247946078010433
-0.476257900887572 -0.45954561276585
-0.433856610294558 0.358850698147917
-0.884701380046186 0.0493807084730857
-0.19089230077817 0.150736206399098
-0.443490854298278 0.450989009701037
-0.472717715940594 0.162140687172032
-0.149261708986247 0.429832937258279
-0.668770896886663 0.282064017510964
-0.131278743985446 0.291140176688999
-0.709830466587103 0.39298993944319
-0.185920335841843 0.458844231043129
-0.623628217026776 0.34791508722329
-0.425770406297962 -0.42933741507011
-0.481065327575133 0.282614548913701
-0.598253857295713 0.302815858541672
-0.810574751275701 -0.0670603757649813
-0.557922389567362 0.233510804997799
-0.734863490012018 -0.0579389023758273
-0.49361776190648 -0.307799071757821
-0.66604687585984 -0.340907131850333
-0.67960688513142 0.1819197454195
-0.798332142498726 0.0483859836754822
-0.239532853314142 -0.0217481920972968
-0.579216029047944 0.116964258664289
-0.753422958436949 -0.0998749280933017
-0.517624681878843 -0.216891641879438
-0.58225106310071 0.0899750133571504
-0.694640259010129 0.0759040435043642
-0.496256329489647 0.118360808410474
-0.738455189723926 0.113929423737328
-0.584953729744155 0.0962554969123517
-0.641689714218924 -0.235787159105912
-0.466234206625384 0.0705608902934233
-0.609052650975716 0.199397145608851
-0.85296049911028 -0.408157306429857
-0.794025076426936 -0.0024894852672099
-0.298764085952769 0.248965103533806
-0.870585490484835 -0.183424724577012
-0.693085150339545 0.337319561513478
-0.782074278049563 -0.565201063737673
-0.405248888456728 -0.392507214381592
-0.719468165093228 0.202570603617502
-0.823857069950755 0.19421842207461
-0.289179405065354 0.503130688780111
-0.626308048406066 0.388113070338763
-1.04999938510923 -0.0471410374833802
-1.1379489176272 -0.108557967112579
-1.04415532811658 0.0126901647255
-0.109782843681532 -0.484760620529493
-0.726031062075 0.562637508975263
-0.584806167956117 -0.571082961708524
-0.708588245550065 0.283603696378712
-0.824874457220321 0.296950269567609
-0.816098724242503 0.27611461408653
-0.599024494156011 -0.369615254498388
-0.318067036219612 0.277210464133603
-0.867874199805535 -0.0698513397601138
-0.515204576231263 0.180824571672135
-0.768011868698552 -0.312033505755485
-0.727205185017764 -0.32402934090192
-0.813346667043074 0.0192564776379605
-0.71343921122406 -0.130043273527222
-0.960092626405228 0.10705289632224
-1.02547870368872 -0.0712367031313178
-0.961854775240864 0.00665068905445367
-1.02367162097001 -0.0966188138733646
-0.945327309911584 -0.0761190615657894
-0.973986101368442 -0.0295751335020099
-1.03379257991517 -0.0414506886823875
