-0.758227127958012 0.29039628657148
-0.925728511971787 0.434133307107852
-0.564679161127665 0.0123309794354779
-0.30549779654248 -0.0970858118051686
-0.573454434561331 -0.358303925037166
-0.342265173608605 0.00382160756420176
-0.990340525505695 -0.037837318103768
-0.689242974968904 -0.2316280980691
-1.10247139312986 0.00157571046374002
-0.289389779259625 0.0364848206735758
-0.614261728732649 0.250921509257184
-0.533751340376333 0.310402246296613
-0.806573950781729 -0.0319515771832154
-0.572829812442405 -0.000450134710281108
-0.614087461331622 0.0888873791131702
-0.239193693628558 0.0403209632851185
-0.597815258551936 -0.0582551123925947
-0.412071273444782 -0.126913362744067
-0.0313204365291189 -0.00268183450161798
-0.439224057516648 -0.0634018196967965
-0.665408862629185 0.0481004014834963
-0.382217328218292 -0.0913943758431584
-0.471047061286924 -0.0071092967451087
-0.376444016022477 0.362594524779181
-0.577675431879047 0.110734698281394
0.0801707310809699 0.0142335544405239
-0.159956412712761 0.380324193345286
0.201486734467378 -0.0251275967803599
-0.132125486615852 0.116323582702434
-0.286554903996331 -0.0218644156995731
-0.267630634680569 0.285274498677497
-0.456235207606922 -0.061984275550398
-0.593013041181263 0.149781199031976
-0.265208252545914 -0.0515555969268168
-0.646826301140147 0.440990471341417
-0.0278819916465218 -0.199102182924843
-0.759574855318349 -0.20078129137988
-0.479752234317585 -0.3328472080422
-0.371824699796805 -0.392315162179776
-0.509175562433647 0.328759122609159
-0.0956780866283941 -0.0789138402730669
-0.317954908446599 -0.404769361837687
-0.0220857517150117 -0.036963641395805
-0.332105018857867 0.335471693193292
-0.577924205442683 -0.144980236682543
-0.342590123090064 0.204857691107107
-0.0202123368590893 -0.0289021250621714
-0.141102131592352 0.0427106674727487
-0.587834593005332 0.3064466252424
-0.366902361254394 0.198872130460082
-0.620869880666163 -0.0499370961324736
-0.41988679389086 -0.285986211146261
-0.169202290266522 -0.021251951803403
-0.47111595121259 -0.223273483888355
-0.53858893124714 0.223703121605409
-0.492489257667466 0.268640320450975
-0.769627876092435 -0.155795657148276
-0.5490090823889 0.192613105494386
-0.401355796367861 0.0440136521397898
-0.507794635238469 0.185532531198572
-0.696181409792285 0.110258294485532
-0.659429450480862 0.126506801477756
-0.623625531709769 0.222039454394106
-0.390569801979488 0.0129301202320029
-0.324248711773346 -0.0146525923396634
-0.670134995742522 0.0580424377664296
-0.498552391450917 0.102151924695864
-0.561994113036527 0.123318495070155
-0.313393820303315 0.0327538498490967
-0.521792086091097 0.0124386300643078
-0.351204461168194 -0.162531449186072
-0.319682826406155 0.124579003928984
-0.403876025749662 -0.0349556638508054
-0.194782813695534 0.0353116172141538
-0.447474275407697 0.0734215735127734
-0.337713685212851 -0.14304093971812
-0.297249330476905 0.135988822072186
-0.296181793920171 0.250562974696419
0.0646538985937601 0.000328607054117645
-0.338084248062475 0.0456076889174033
-0.279364740097011 -0.165857776527653
-0.369234736003356 -0.082271323276148
-0.325272446252128 -0.241697143640254
-0.27310593924589 -0.260130436879182
-0.0767945570197038 -0.354594925296911
-0.0907564730687538 -0.327377019202184
0.000519017425312136 -0.108051812117219
0.154312924186383 0.0656728486918371
-0.138988821300454 0.195658616269653
-0.163598564528413 0.324870201368148
0.105281099084682 -0.0183290380976845
-0.150088423114112 0.168531064595044
-0.0839577278415472 0.0749406178358607
-0.416657319054632 0.0162422431090166
-0.0217389845392897 0.0762284815380366
-0.264171478343958 -0.0369143042112782
-0.136423129185147 0.0633521178655498
0.00115791463218308 0.0158848405845079
-0.324288875938694 -0.0303541095433494
-0.0525666264320194 -0.0127892236324275
-0.0947072315660585 0.012575201449964
-0.153481931337852 0.00495888285843421
-0.283132352365215 0.0879094427794224
-0.0595577133232767 0.0497977981980317
-0.220599744145075 0.119241286833912
-0.286113765910894 -0.00954360811238246
-0.263409560663091 0.27262751350007
-0.288777159292547 0.188679744726683
0.0675814844039754 0.00152787309416172
-0.447353728802717 -0.176787036676579
-0.227281611749061 -0.211845906946794
-0.192828712800902 0.191803903600576
0.226240304806335 -0.0134500636053332
-0.317074202723055 -0.0827804020891394
-0.0769512948992472 0.273750924303309
0.0657040945511723 0.168980532262135
-0.471315654689026 0.100450492434166
-0.448293643277377 0.0573639054254516
-0.263518187439609 -0.110155911568386
-0.17202638980049 -0.128343443126347
0.00966835173184513 0.181973907210977
-0.38929865675249 0.0786131181752036
-0.299328194938744 -0.0807999559802475
-0.229516178220039 0.0227571760755305
-0.360580621647304 -0.138394313353301
-0.127778050602158 0.0325864647806467
-0.222986626659841 0.0711315906260196
-0.25890471032387 0.0192903399414188
-0.258261477235217 -0.0205964623626601
-0.238870786303733 0.0330330018143047
-0.242541473175501 -0.0327922146690925
-0.194755110399362 0.0217326121490542
-0.281674264097334 0.0140439586343961
-0.299481231147486 -0.0167465389827173
-0.346647325147971 0.0376569138963795
-0.305762649009743 0.0474720650536567
-0.327971230792285 -0.0367905641188731
-0.33272961905035 0.0267198181999106
-0.320656439094651 -0.00775764180025715
-0.380868756337888 0.0409003772335008
-0.277175842631433 0.0315391399661089
-0.501266988301425 0.027594775405072
-0.498825920809582 0.0503258297542565
-0.330898080177804 0.0368920748681645
-0.373522965275554 -0.105319105331138
-0.25920558741268 0.0957334275288297
-0.302882726967023 -0.165809766589549
-0.394829928825807 0.0213606255379912
-0.447766793662927 -0.0758829687570096
-0.39458173729457 0.037523282021114
-0.407248545574106 0.116150117317114
-0.34250574319251 0.142516059528919
-0.216207783957163 -0.00860866678388814
-0.268484183880915 -0.123445226783308
-0.249703095737594 0.104708676279883
-0.136880461133348 0.0140456526650047
-0.413787847820292 -0.0294539295066526
-0.398146865803215 0.019273331935104
-0.245400347622067 0.216878549898142
-0.203203078979084 0.17146729380965
-0.242199348220572 0.129270653053444
-0.105414732087421 -0.229518745434679
-0.155076579298667 -0.14911001067435
-0.20822945159073 -0.157458396035516
-0.33418320899518 0.195716638621763
-0.07106731793566 0.0784755970062494
-0.240649095796368 0.170190719296377
-0.474509903285785 0.156473655666058
-0.336470952507483 0.171753877846623
-0.411248226835875 0.0747116351622846
-0.315616206216642 0.177607295639193
-0.677744158781369 0.0762523335022672
-0.268939196186273 0.191694026475641
0.120543190937656 -0.0148109498977049
-0.491006622099239 -0.0714374247755574
-0.123168919649784 -0.00858774197425948
-0.348474534488087 0.104284604065861
0.0538088953627314 -0.422998860623951
-0.0996542911555792 0.305101455353419
-0.0372669409965571 -0.133116085281669
-0.284087658086786 -0.0888543243815659
0.126151103422024 0.287608464412987
-0.0601132659151633 0.168919503441297
0.0393196892985415 0.205106163912654
0.0592495136502471 -0.314736534665417
-0.235173998292294 -0.269949871909894
0.335904923872376 -0.0039448927252262
0.0984936268336355 0.378819098650851
0.153119305602685 0.449804605421072
0.109388812170094 -0.535226148176523
0.0476593853337627 0.316337968167422
0.494978685246388 -0.106813827113066
-0.426418521393784 0.549033554486828
0.037267207341834 0.544350389850359
-0.021834541996463 0.375514954817659
0.350882517528706 0.0473486109415562
-0.412457512557602 -0.266820415608918
0.0191946837654109 0.272941920839387
0.065965500544562 0.236919834139408
-0.326859193247966 -0.263925741910405
0.117379776036004 0.353245321343647
-0.26795903654925 -0.360454208574613
-0.369083023737017 -0.120752837919509
0.111174722767464 -0.0633121855864893
0.17086028429282 0.425327385131144
-0.443616827342927 -0.184081402938323
0.15964332448228 -0.177912381778753
-0.508161395556621 -0.135917012497068
0.212600326804382 0.0472833912491129
-0.140711103394418 -0.360661823963872
0.0283311996518584 0.436964659935997
0.1855643794331 -0.0346418212804957
0.120690600237638 0.0425655100865345
-0.105525823190387 0.260255897587919
-0.0671743345390821 0.261194192508369
0.137899896587263 -0.00274135761865691
0.121152811171271 0.0644145771568794
-0.0594689685350201 -0.262827518453004
-0.0664097353256226 0.144137868033633
-0.237068264822079 -0.0813199193431312
0.0186042538079158 -0.079133442004638
-0.196471994506483 0.013163330740886
-0.142921104707893 -0.00682915675111517
0.0558044202401474 -0.0196374359026385
0.0350396245302622 -0.0963837298011495
0.147066436833262 -0.138589605299856
-0.0186144829781526 -0.201804647589833
0.197472246926122 -0.000271200629868265
0.149868708641218 0.0964091451148164
0.0505009442520844 0.118315381620268
0.0462375971370602 -0.174366937400268
0.167164041190069 0.041610096180075
-0.0161030562051813 0.0049328158032913
-0.0430797330056049 -0.041891354576385
0.0594847113502835 -0.0518365517787621
0.109788079115676 -0.0108848065282219
0.0674410439384461 0.0613225701195749
0.131850895938226 -0.017725418784858
0.288475247419767 -0.0653588837273343
0.153013132817057 0.193845221652067
0.271005667200443 -0.0548484715513469
0.103676139241933 -0.280113208946583
0.155894236748407 -0.0021371743728953
0.189398891952735 0.000974876062466817
-0.136246451702823 -0.233858855399677
-0.0705577191475429 -0.332478974341683
0.0488249695242945 0.11683120185162
-0.308399398965524 -0.161148428249224
0.0643397847884419 0.00143383679070897
-0.347039993038502 0.313146130769605
-0.788183943966742 0.0225518139959013
-0.648803884106556 -0.0998271148368002
-0.413110767254954 0.293454561941242
-0.0729171733666338 0.0256457034703555
-0.639626321355528 0.405977934627764
-0.263853132262412 0.00430615057196052
-0.415322041331992 -0.356368701545353
-0.614890630546498 0.341924828822269
-0.177630108014175 -0.0108508095450317
-0.657165949120107 0.35813920702358
-0.605826626116648 0.297668773351403
-0.360455726677522 0.270246747346429
-0.277424663515952 0.222284236695042
-0.25352399790027 0.151239719848202
-0.00119225560893891 -0.0934112510593465
0.00893074090968614 0.0681504599738083
0.0105831368342052 0.0797255790267795
0.0909635268085786 -0.114751982764589
0.0327055215544898 0.280882614924372
-0.100551026127244 -0.269427355421045
-0.252149746261402 -0.140922420227687
-0.18906617499379 0.1786690869434
-0.428671587453926 -0.110805751248365
0.0859143740963594 0.17784714995424
-0.135745477276998 0.385834334907701
-0.513113019166005 -0.125682193726438
-0.40756881973753 -0.266858278044078
-0.14039396529019 0.36418828022048
-0.146218248271169 0.393063841925341
-0.129334345310951 -0.464539578622838
-0.135140045492802 0.342011685620516
0.375964131168047 -0.00189627076519345
0.1217683239014 -0.0189261727645226
-0.165022536986143 0.379967209014478
-0.523483793039855 -0.380095829269467
-0.0824675315085167 0.333686663981072
0.000789798188107576 0.321842985316093
0.157970264428398 -0.0350793702515751
-0.2892089764469 0.273357871501109
0.100190981770746 -0.0160409474643322
-0.150849407947049 0.22937425913517
-0.211136973565198 0.109199326275788
-0.29377735369906 0.239461677833796
-0.279049552869473 0.137699775406788
-0.287002865841606 0.185622833258259
-0.396594794107895 0.207224049452933
-0.34166569953558 -0.184439881585435
-0.21870837657703 -0.0854511758097959
-0.163079868184972 -0.0717613694715244
-0.30572019482217 -0.285088806482736
-0.465621955505242 -0.141770818589598
0.0312105848860859 0.0152506895584927
-0.233944385178394 -0.212001893522934
0.0400777748607333 0.0170790923295191
-0.369904144511118 0.275599377179407
-0.399602635829405 -0.25251723410054
-0.0748736444712349 0.254506717867454
0.262015922231284 -0.0256859152248323
0.2428824962661 0.0211412557068975
-0.471323615016345 0.0297948116729663
-0.551085478483695 0.0221490128041395
0.256845618619276 -0.0140090209732946
0.264135701102473 -0.0486390522656553
-0.271434635283664 0.48771808790771
0.012885805413425 0.33486712034404
-0.0135749213561855 -0.49389456157667
-0.349639330590598 -0.390324403764668
0.026183617364739 -0.402120642751787
-0.217483520467887 0.501643985407706
-0.320741369403007 -0.206902867311335
0.1748163013582 -0.217908774024363
0.357713065288858 -0.0745274394052119
0.347179189696204 -0.0514874485672684
-0.0768586302222662 -0.334764173647851
0.0769390681564313 0.147950485622456
0.00435276287763357 -0.161347568907937
-0.0364332266568805 -0.284069926797159
-0.101033257177167 -0.0946534494222935
0.252132143230016 -0.420981781558088
0.111190506629511 0.321352706241161
-0.116309269763692 -0.36791569004364
0.060797371622405 -0.32637068364239
0.0672572415748837 -0.438741864327583
0.448602603715573 0.0926626640729368
0.379502906893502 0.170581295243474
0.0655564619770164 -0.00994900043074524
-0.255774813981607 -0.248065706621237
0.146533960780674 0.197501418363886
0.0851448479368996 -0.536092794924757
0.135970788313972 -0.102964448135289
-0.130793716149117 -0.385221226427045
0.179944872358687 0.103628084780709
-0.140754769852921 0.211248985727347
0.160095221384381 0.0714825301757657
-0.381908805712628 0.236193928850778
-0.178690514568833 0.407970032530136
-0.159928064168128 0.332941280464241
-0.615933097354633 -0.155685065963776
0.107509051183243 -0.0205061583099643
0.101346092383676 0.0516429239324802
0.0594786700533944 0.016084702650363
-0.285461125723363 0.356443775545233
0.0215141630009385 -0.00510373386436973
-0.317343303713617 0.374669242885231
-0.073452223535041 -0.0207991502618042
-0.0742312251867066 0.0785706966713846
-0.350072029885204 -0.395122044561681
-0.606669943837536 0.316178702407341
-0.568453746457454 -0.382803567684677
0.264521726046268 -0.0209905812093458
-0.145646666246532 -0.0688877497219614
-0.314934013547414 0.0206840005241977
-0.404063680774147 0.0757268580095046
-0.145847696827186 -0.250868600631525
-0.132306214633221 0.366380532432632
-0.312536662100945 -0.0168707915965757
-0.404208137537104 0.0892210138062574
-0.185363698485714 -0.345938674497023
-0.0273988103618091 0.342529218615766
-0.331951258444066 0.379986776205667
0.0436981142542753 -0.0923422152249715
-0.0493130839242364 0.121201808062191
-0.156573510318682 -0.235482131812804
-0.1602743753993 -0.179562378987288
-0.196482643794307 0.149492447617966
-0.0804418248563584 -0.155738817334734
0.232031065367198 0.00445132413927613
-0.0850397348967026 -0.10929601947561
0.0205708699397118 -0.109315091596403
0.0989436251784781 0.0291544938284727
0.279214072556443 -0.0234692584027629
0.0897883201953427 -0.0642864643852632
0.0875168734144663 0.00308382580395802
0.0743177357169616 -0.0440348837486963
0.1215821246819 0.038340296257109
-0.0469317764114321 -0.103643316834614
-0.128343333965361 -0.0602024070938879
0.0905507272969101 0.0781530148869221
-0.136754833229039 -0.157269484067311
0.282325637138355 0.0182092392839079
-0.424027966332948 0.0231549120860596
-0.159729697906281 -0.272978989113002
-0.155093861739428 -0.320987699086085
0.0359227992473747 0.304120035382266
0.241169300582661 -0.0737307438117774
-0.0541508317824353 0.338255054656878
0.319631515253452 -0.149895111424095
0.258710271111077 0.00487092587513761
-0.0135035427621203 -0.230538112346132
-0.158816552148918 0.207069020526515
0.0382367400758637 0.00225472718813047
-0.0492346788627757 0.0384551282826465
-0.0402931431321188 0.0117762610424126
-0.0677888172315887 0.128406306112256
-0.031937940164575 -0.0258310287659108
0.0707652516227442 0.0107240765549294
-0.0555360628870587 -0.0192073715995069
0.0361219842407463 -0.0771283136339222
-0.129809461515456 0.0451042143675078
-0.063419668102134 0.107716654402153
0.0339947734421376 0.0310707407365791
-0.0401637731709137 -0.217799020489822
0.00547430840749964 -0.0453076145511143
-0.106970618249558 0.0798676736660046
-0.00033005558711011 0.0648628446313159
-0.133843507743749 0.0073337681339463
-0.20061678382406 -0.00879900521657881
-0.0670674603783253 0.00466432070652524
-0.117440377410183 0.000993189636757654
-0.219563829166112 -0.0417883706381071
-0.19543277615684 -0.0106630200223589
-0.131964323901865 0.105378726948032
-0.210698054072472 0.0370986162532638
-0.104714960731715 -0.0889040477000115
-0.000912483475113895 0.0463329197896322
0.00863346815354639 -0.0598966627452773
0.0850486440646544 -0.0431405755390317
-0.303024756274779 0.0113165453962569
-0.09810502781257 -0.167764194741955
0.181486731812526 0.00971920020484086
-0.254297836353575 0.275918127221798
-0.0732782672770855 -0.102898141649042
-0.293397434865702 -0.000645351837967212
-0.196115442188958 -0.135672799762467
-0.082629071777531 0.140957256110614
-0.262671281608859 -0.136196169400976
0.286593467670821 -0.0394865432036571
0.0405395858886171 -0.357553202122756
-0.114907064849092 0.353857958609996
-0.0187098041214205 0.275391426080496
0.17490773692185 0.269871252069531
0.060777682799568 -0.0285645274450463
0.0143751101166661 0.268119255974714
-0.0281127457439628 0.227692269240314
-0.16004238818558 0.0725294354495243
-0.0792186168997744 0.059086783978953
-0.0625321811659989 -0.120348902582079
0.0321222109624548 -0.138312388441973
0.00979562587263424 -0.0237979965683962
0.114387493780239 -0.070051142106173
-0.0346999720125911 -0.0663812493978294
-0.0388718072159867 -0.0330381271252957
-0.0305135723267765 0.0423519364537296
0.0595396252597055 -0.0978793596297182
-0.0293965942634267 0.00756468298791167
-0.0430947636240301 0.0294509945516911
-0.06927254890602 0.0198184525922261
-0.110770368953027 0.097341278633102
0.0107689596525543 0.034906314550004
-0.0817669448123566 0.00362325715427771
-0.0723185072781646 0.0647296749962894
-0.14811042211263 -0.0724059050064243
-0.293114536315687 -0.0254099691572064
-0.264998752980418 -0.0311536041526093
-0.154254889305087 0.0483007321081035
-0.234088145594913 0.0932798056530642
-0.316579233303115 0.0848812629154295
-0.234299137009307 0.00909175413244586
-0.329248777451407 0.0916886238910245
-0.379988969695352 -0.039215454753141
-0.278624215564301 -0.129032494133876
-0.224793212923293 -0.0422182911784554
-0.355412879371563 -0.00185255556812679
-0.136187698277153 0.0916201509719176
-0.212474426605935 -0.082125101541415
0.078649303033 -0.0220343867647189
-0.162530376687314 0.148395351305285
-0.0240504984543138 0.0661209055513466
-0.229927269027277 -0.0230661255254856
-0.171512433757002 -0.0213760171210699
0.00488082012212775 -0.00477536543397671
-0.218421282380035 0.01997401565698
0.0694116069239952 -0.0182791843528278
0.0376787022152199 0.0219880967693662
-0.0866983977408844 0.123727441708707
-0.0402156037998001 0.181479372377397
0.142224185489873 0.185830451255206
0.302138765590522 0.00311388185229289
-0.0787445865329213 0.0216975295838342
0.132290643999868 -0.0907954762733575
0.157993570587149 -0.0541007264227884
-0.0725198063838835 -0.0373677572034512
-0.0367859266981412 -0.0318241159985757
0.267558842182472 0.0449801374244744
-0.0726252754755693 -0.0194597866921055
-0.0388931159104155 0.085572729416583
0.212501588655432 -0.0309114505603982
0.102831554956562 0.14063445696281
0.171281273855926 0.0508563659532541
-0.052267172494519 0.0828372070442508
0.278027503298644 -0.0458264010777078
-0.0524111625547081 0.320404689313259
0.280284772054194 0.152593051691672
0.501118507124661 0.0390870614583945
0.230492579706068 0.233174996134669
0.00856709737724222 0.257001839260167
0.255617134720787 -0.304093312470464
-0.0199814322294862 -0.151283356299781
0.333893067253306 0.251254314248277
0.544885710637962 0.0393727780066499
0.329058217812679 0.0624618346752944
0.471875060273565 0.0908399425704031
0.458242156924441 0.0071342111549746
0.434561623554655 0.0202665428017977
0.614640101619568 0.0536959895367558
0.422957438204873 0.304208587728461
0.588449231799688 -0.418346355028572
0.401510590013047 0.367705818742535
0.166790628472484 0.0952333025533571
0.496489250716184 0.2635126410232
0.225593232025169 0.0226820120661966
0.483041785094755 -0.191699557080098
0.387683477857491 0.33965142974854
-0.298129903891062 -0.230257804476928
-0.147960702744152 -0.645039960489965
0.180976066619841 0.605615277778795
-0.490421761030582 -0.238398502126245
0.264076558608955 -0.726243375863718
0.41246711109855 -0.121868214240339
0.67260045392694 -0.206120567859909
-0.466078677522298 -0.335057574971171
0.719050017337919 -0.0296407276345273
0.250361029884766 0.469578028290322
0.250776291545835 -0.638601560406844
0.609779591621889 -0.0164687544666218
-0.322171387962951 -0.458421683582823
0.2146065856164 0.597996066988002
0.253107140844713 0.512812682987544
-0.69962312745798 0.0391075101398344
0.132888681383321 0.553345940477756
0.129195837235413 -0.654371123814733
0.222481601995546 0.550032819293981
-0.68462296598627 0.0385574036613654
0.493766030866371 -0.0860034587600822
0.020690971684505 0.50873795356864
0.0297776388269016 -0.576687469018354
-0.369464686890958 0.450035344732084
0.296405507782289 -0.0117141735293379
0.284293921300602 0.712962115344388
-0.0925764783441149 -0.514159770889135
0.222153491417259 -0.565798844924566
0.520781181862885 0.748663798977376
0.604590398999487 -0.153190521804259
-0.707451875570795 0.0168397038341441
0.354392841022511 0.532389274029863
0.222653899730267 -0.639753162649375
0.738043344978877 -0.0509197183353133
0.364176002638358 0.610014633025294
0.642983815002919 -0.0054832134464741
0.393326967096121 0.731186654862687
0.257856738003816 -0.73903552780321
0.321141758256081 -0.845960030052439
0.354470369441409 -0.861637494102794
0.675034786301574 -0.13421373745473
0.736836234721975 0.0374155392301877
0.638238818322572 -0.109870829979711
-0.439123626347738 0.820208705574771
0.611835510359436 -0.132234846155967
-0.025689961398763 0.694479631536604
-0.151382750233426 0.58642363477891
-0.134797813817497 0.530862014181203
0.0148789532890446 -0.689231529968486
-0.0812810162825948 0.66954631590604
-0.00139433664385402 -0.630414826764084
-0.0614233691295123 -0.722790775054517
-0.022952365228972 -0.745534375847497
-0.0330788158350896 -0.779510507997789
-0.0192327059420137 -0.807338249548992
0.00857156278996179 0.841052218718776
0.647006225633438 -0.189796570773417
-0.0882635743682692 0.80625786332242
0.0462961148221634 -0.790091183073486
-0.494872465249154 -0.837035190506061
0.524950062584167 -0.272117673834562
0.9994026984416 -0.037171014040098
-1.04279034562728 0.0680864907744953
1.06464764145281 -0.0549794226405603
0.533662339671725 0.879290088211899
0.501632219551383 -0.0267576779780975
0.492129560336184 0.966943971099767
-0.389190901975059 1.00186664170263
0.773181501167743 -0.122717102839636
1.00467053617358 -0.0332622693817112
0.810341928182703 0.0450454267833262
0.166527600366413 -0.885549484399867
0.324709547687919 0.908873057376163
-0.690580345392014 -0.722022457769295
0.780412680395939 -0.0246673760710911
0.18400862371302 -0.861731664372239
0.725275446021422 0.0272248764030889
-0.663255297804128 -0.742794969118548
0.626769006413125 -0.0331532577617838
-0.829105720072514 -0.721706284603774
0.0158836795224029 0.862654309848594
-0.0193567225744965 -0.783791332990858
-0.64774348321495 0.770889372826655
0.123521293107992 -0.841800026542295
-0.587762171581392 0.78474317792902
0.175114680463127 -0.92505399939378
-0.653542691931866 -0.680076891181951
0.815799147168708 -0.0109564177438189
0.238572168600954 0.860008897372701
-0.607127053172808 -0.830902328362161
0.933108397779308 -0.0163946211518705
-0.557507843422507 -0.773872373564484
0.933008240827552 -0.149946530017909
0.271477782346901 -0.8366760807823
0.474854243072685 0.700709350059032
-0.291959741085593 -0.677660763166177
0.799284371365851 -0.0139463674279174
0.342213813435719 0.669805429717966
0.761726392766543 0.0323577578854997
0.652442545792983 -0.0281664030180877
0.232764012314337 -0.784734346199565
0.206661181369233 -0.761798640395334
0.656821765870367 0.0587930451633032
-0.502854432684142 -0.680979305223128
-0.995287390527258 0.0258473107373181
0.623382011846967 0.00444133167987874
0.076226763284548 0.673786702981906
0.647237649773138 0.0535617863033761
-0.41198320252623 0.709578733831096
-0.799484960922621 0.0230861856080744
-0.498866785569804 -0.66803794187324
0.519945912344527 0.00132979336518599
0.0075695376276898 -0.638693802698799
0.485061572955745 -0.0320148372569522
-0.570074661040632 -0.395985617956235
-0.0518573436133529 -0.594246295690134
0.39546542479538 -0.0285656496058622
0.0760168486876123 0.645693700298197
0.294917076119055 -0.121584825056886
0.439664782979522 -0.212096188377073
-0.890640507563039 0.0479795230548998
-0.0383918361817218 -0.582530331967435
-1.00016372265435 0.0633747577554385
0.391811612885488 -0.229102778116324
0.678566629509004 0.131436090561205
0.35560552507095 0.715124808647429
-0.469474877049703 0.870417372888329
-0.801859641060362 0.474079019228149
-0.408430622078892 -0.45865094191496
-0.288533244442881 0.838497928544464
-1.00396494130212 -0.314418781880234
0.446497195848812 -0.351733323140955
0.0156545297393936 0.979365708958637
-1.20619566916738 -0.215850535963162
-1.08877709926419 -0.581771908257975
-0.369953515747497 -0.785175482145852
0.135494902838749 -0.0939348914730089
0.221422135535401 0.113766314792586
-0.509924127921638 0.585027386816593
-0.944592958806787 -0.615168239329255
-0.407248502898108 0.610134268607642
0.349500824697032 -0.0300482727863065
-0.177565515766776 0.735660205730178
0.448326246577817 0.0383049038254711
-0.357324384985643 0.626091586754629
-0.109091883270739 -0.808502048988149
0.239190239047874 0.0132930192600102
-1.19381173454819 0.0595549282186228
0.00998654177436419 -0.855704588327935
0.264233452223439 -0.948289925672843
-0.268518355955566 0.678500852516276
0.514363233280662 0.267568962157521
-0.0770673330541248 -0.936893745695552
0.950802757509938 0.0741583356565418
-0.478489530061992 1.15127450072757
-1.26637721184111 0.0776385047454198
-0.455604880860954 1.28603344830012
-0.963323231182699 -0.439740383396105
-0.488488652090153 -0.52002374050394
-0.047771270415653 -1.15643172359189
-0.0224984053093781 -1.14430961952799
-0.591942229181996 -0.430637095282572
-0.00871172281265097 1.11682618315271
-0.0155210395466642 -1.08714481757139
0.102656952433381 1.09590041239568
-0.152120196126871 -1.16549573148196
0.962249949581723 1.01385347971037
0.555061137761129 0.827955167625974
-0.0918955699513045 -1.08974430509113
-0.347152641925899 0.276992051024585
0.412165590642465 -0.846513554081334
-0.476342027806166 -0.134500236983704
0.413033820317665 -0.747283758827408
0.324516261503458 -0.810844710284295
1.02626677713245 0.396996292834317
-0.0349930763544413 0.0876933086515715
-0.162179045068363 -0.0763115314854185
0.362994886092965 -0.623371191307356
0.400175658752896 0.59929102317614
0.897578792095912 0.500530784745707
0.870177176667192 0.547749273257606
-0.0408354097143286 0.028023617049502
0.57439649561648 0.358862838868428
-0.0680995779247256 -0.193024652632024
0.267575148343198 0.710583252457836
1.01702194475532 0.448703764813551
0.250181667303311 0.846811470648063
0.322414097895219 0.903362119459915
-0.616391598829233 -0.112346838953153
0.921023747429013 0.904683566251692
0.77271534241017 0.972342317529929
1.041391649756 0.302617882803718
0.0373609794106072 1.03332839739818
-0.403613225653253 -0.519644917537385
0.737224507837929 -0.508779999470234
0.321807842865624 1.06372196047564
-0.0301188237174171 -0.901793757525983
0.0215363639103478 0.902060567843161
-0.666815907977232 -0.825035205541573
0.341158647066737 0.811167476518158
-0.609284801718089 -0.538782331235065
0.262326310409672 0.594158862541692
0.110692462683031 0.56951945045334
0.171299491690242 -0.668525899502232
0.215192181836449 0.50060238593491
-0.0602302180199563 0.376394954197796
0.0246341866460642 0.380389247823424
-0.143822883274569 0.665385934535177
0.174978182858734 -0.579636682758259
0.535326241785537 -0.150189205568777
0.262223137143146 -0.516737916812467
-0.0816547103384306 -0.450675479316829
0.361166588541783 0.343710823526042
0.4469959159419 0.341729873399423
0.00242256236170826 -0.415975005248085
0.0571739977007401 -0.292584137385409
-0.367462679146947 0.000105809348856874
0.108146226176602 0.199650643607623
0.350236405444778 0.38105809682323
0.341702489220752 0.349530459068796
0.475999164915047 -0.293085329050422
0.0605447548716947 -0.159451637931243
1.09068590496469 -0.0707920677314388
0.531389762881843 0.450279534544081
0.68780578430515 -0.124519224148896
0.625874826757536 -0.42241839216586
0.296876006542559 -0.0250191657827177
0.96695839195888 -0.516415415737616
0.22857076200914 -0.0302217124713636
0.207285008987588 -0.0511497010490265
0.181064569444152 0.121582972821199
0.0162280710396898 0.0139793558319891
0.613147816281588 0.500484370730882
0.63299732318164 -0.536965892343784
0.711329986703476 -0.12614159880646
0.492051451899213 0.320708565952388
0.274489756018418 0.54097742647555
0.680830269310499 0.510264703313323
0.59162680253025 -0.573756048543755
0.980493441503002 -0.014707798125244
0.660248928503703 0.384359795946472
0.322156519582823 0.591970893481397
0.645763235276182 -0.532411701102054
0.672871738442653 0.432701280115403
0.701457517851055 0.410458875956379
0.390417206130032 -0.189709887083452
0.915056137000157 -0.210789787101294
0.899724963323151 -0.133224547722401
0.920920788376707 -0.220552143834683
0.483761972279629 -0.025211319212235
1.21911458281971 0.294530064481946
1.2788293323857 0.0835572964282626
0.94841590760651 -0.307233536114602
1.22559009594344 -0.34780319914849
0.614817381486957 0.17269377791098
0.64044886906275 -0.461157257394519
0.923139356382464 -0.0757957809757494
0.940063221875575 -0.578438038194533
0.745139211849649 0.394594436460147
0.761183401293493 0.445611526944689
0.992843986980557 0.332743733632131
0.88626035167875 0.563332014941994
1.2582963203993 -0.0811101222103967
0.361709822081001 -0.710924573412814
0.264741968338008 -0.539832532674536
0.996599627979292 0.305208798468482
1.21528405848939 -0.157031496060167
0.401478992352187 -0.797440119127582
0.851247301703656 0.642365860367606
1.13745817900955 -0.165222502498106
0.670262514066548 0.78488949264058
-0.685946770133369 0.0632074527222486
1.22953199120275 -0.357055105066771
0.7779358392986 -0.655181207786718
1.19933842608972 -0.389772612197424
0.384963237567472 -0.974532287960472
-0.313716879879572 1.14391648764343
0.0905505092361349 -0.799986332113361
0.166097017415078 1.01383173490166
-0.57399766349116 -1.08304957281396
-0.713599377574977 0.878059462590505
0.200629500533269 1.03916172027534
0.0050814601391519 -1.03992861786626
1.02265742956453 -0.0205929290397737
-0.145917680479377 1.0450585492944
-0.161951491253463 1.02825330454497
-0.55605661905702 0.591155487037488
-0.285704911417012 0.90706113172945
0.103534639106568 -1.0787504548892
0.153147865517596 -0.395082487136097
-0.788618302796577 -1.00123213727903
0.61717561472293 0.459266301949846
0.138383750473276 1.02271513685602
0.235560627058248 1.04916139174853
0.0671449663705992 -1.06763908399477
0.301256728309327 -0.670803898540245
-1.2034316510649 -0.04239479627672
-1.01881301248229 -0.640734637150215
-1.02518880479286 0.237406672015975
0.0628267636704821 -0.571910637551272
-1.48727538459604 0.0825044424693666
-0.759945392479042 -0.598624521321298
-0.469609340659907 -0.706775745949648
-0.842693220852443 0.593849583270526
-1.10244114348701 -0.204547135978295
-0.835916639346419 0.0542065667134704
-1.11040919385465 -0.37452885857731
-0.512082647819089 0.277284308979721
-1.27443190174559 0.0253055599119371
-0.89750384971837 0.454021868815504
-0.576070762526049 -0.401662568348116
-1.19084454304561 0.102818907249537
-0.973724602589255 -0.250361340270098
-1.16150223918869 0.146112528411677
-0.503392996531211 0.159395280461806
-0.873163228379913 -0.258399429454351
-1.0306428980049 -0.454555078809233
-0.919223110792123 -0.272567048994541
-0.953746474164122 0.172616155960414
-0.218230653879657 0.28931937138122
-1.01295317030083 -0.332685457784462
-0.739284966490785 -0.333984973494942
-0.732699156078162 -0.297666355795206
-0.87055904334205 0.146041678568375
-0.875846367927767 -0.48435953859699
-0.172259095601967 0.300405791000726
-0.691727807807443 -0.0434771999402792
-0.737334382577803 -0.11612762026943
-0.623660650072997 0.0460130447843966
-0.207961932155846 -0.659693282516071
-0.722410061029524 0.0682222503667609
-0.339374615438706 0.381610994547543
-0.683383935644847 -0.507129211999604
-0.086499847324733 -0.628114747432238
-0.660217924722661 0.0400745203837084
-0.896990876659276 0.0425071327950169
-0.428751566710116 0.589856477606098
-0.433611384154412 -0.224928365351471
0.00862156083003342 0.297127208630192
0.00450744302189903 -0.550778238384959
-0.733128029400587 0.123494878568455
0.102813392223934 0.449470887389046
-0.250738458775895 -0.411614034614807
0.125259787001653 -0.618561199917633
-0.64709395454674 0.0906243417352495
-0.310664440442424 -0.420544378514656
-0.261595035919403 0.473932771836369
-0.25919351827916 -0.323133181959661
-0.53687992024911 -0.0321940011052508
-0.534320702930651 0.0211571203729422
-0.115461244127983 0.548961582937851
-0.436956651849431 0.0636862817143513
-0.331963570777946 -0.52128008021889
-0.136340108000572 -0.457831335791168
-0.220031656220155 -0.434583836602843
-0.253422886912853 0.485364833400509
0.160483470558001 0.418218086203945
0.1368838407779 0.266008490915401
-0.537564416235621 -0.0343134039837696
-0.74069683516497 -0.0245555336290894
0.344011875292879 0.0120831013733315
-0.713409136894351 -0.0738911539218081
-0.713943676894955 0.010008373075804
-0.571222294191265 0.0313231425569676
-1.02409349728625 0.0786454669960052
-0.778552865642595 -0.487039454177871
0.0860376308988619 -0.386507681901957
-0.818970494830783 -0.571791623554786
-0.208873955752322 0.742852887578241
0.0992668843341246 -0.463535024813067
-0.538493343214788 -0.753671330440402
-0.827901376473383 0.919834659069284
-0.889831491267566 -0.875779619501792
-1.26659572179752 -0.110823223715177
-0.406578014386635 -0.939575339777052
0.797383955550404 0.0161742246711374
-1.27571903046779 -0.213541200988607
-1.17020925944382 -0.754751582904101
0.595761845709426 0.241058313237924
-0.490980945960628 -0.790667331833874
0.128139276668974 -0.0459654929647908
-0.229591093055426 -1.01260979537237
-0.0933177524751513 -1.05628267664136
0.473093462381543 0.0849562801884089
-0.961045576385355 0.875094647677099
-1.19617076245411 -0.484164789617193
0.439861813281198 -0.0421522377647198
-0.368671189024639 0.826848384006115
-0.97913319438457 -0.811470305371758
0.525352757517772 0.0144774875962559
-0.286443628390501 0.772801991195964
-0.267124093255938 0.753933849784474
-0.110948848654193 0.920459549460049
-0.527931221146454 0.523844332940385
-1.06953582440697 -0.366153992412413
-0.764603192908827 0.347294522471836
-0.325574824939615 0.0221352598615144
-0.88023382868118 -0.831860830671559
-0.540855320800862 -0.673694148291922
-0.593374408542338 -0.649620583172367
-0.905530000495918 0.214494416754369
0.0825162308464706 0.504023135624997
-0.592877816048619 0.679827776480431
-0.738939134689058 -0.409756449399567
-0.655724488116508 -0.251287327380985
-0.406793455929902 0.561131772222418
-0.519699394147878 0.421923916230866
-1.16221389093267 0.135171256840352
-0.527283875340041 0.412525152837464
-0.932770214969931 -0.285331957860795
-1.16342902973822 0.172643684493516
-1.07252372898331 0.00914728442681289
-1.01513415250883 0.0864722657577447
-0.429365014228324 0.020983220218858
-0.943076488295875 0.0168726272469
-0.788733736977081 0.166335631294581
-0.781045639242865 0.154499597258017
-0.733211320140766 0.00260579358869459
-0.770944112539019 0.0584375119659106
-0.676468133902341 0.00725850176605713
-0.742576408102604 0.0298013830504077
-0.699926488264409 0.062470936308555
-0.79269040521999 0.0066590934326778
-0.666591997963135 -0.019301977225614
-0.797635554781245 0.03419224098451
-0.700878420851375 -0.192759459169345
-0.763493140402431 0.0699730545705565
-0.591549742573016 0.212986502547005
-0.557262427096657 0.245639444937011
-0.477237138366823 0.185551639091842
-0.265623368832239 -0.244706877537886
-0.601066023401813 0.0422783383832538
-0.387903775218298 -0.106258527225737
-0.36474681192882 0.170765970343248
-0.463423911124697 0.00897574821175847
-0.337969328893449 -0.217289403701637
-0.0867107805086027 -0.156128425170796
-0.296960686886721 -0.13477763606858
-0.329286969698292 -0.0417776010346576
-0.207125718294226 -0.0136709047260176
-0.310033755981332 0.051992231420361
0.00891804698031375 0.130606160509366
-0.0969641594028599 -0.12512078567262
-0.206220567568746 -0.0201319315494154
-0.0286679158212493 0.234127506270266
0.0377100932161032 0.124347480912974
-0.00214933704890754 0.212150328577614
0.236414741016385 0.112982887743377
-0.13993384538705 0.0577104798559136
-0.0535735151666443 0.0279541058189618
-0.05419632695224 0.21710025054817
0.246957310310274 0.0872372800744501
-0.100920102721058 -0.108175701629988
0.0753965869126644 0.274997317215592
-0.144498757301977 -0.068869586019406
-0.0932829982156704 -0.141649541294427
0.378899780869165 0.223440801256443
0.194939914201477 -0.397895206243337
0.447023491975194 0.470469727568982
0.225995115085014 0.00219507972237602
0.780272232020848 0.0630373661980562
-0.279674127415427 -0.260945062127321
0.622480032238363 0.611836586760826
1.04810251036668 -0.0412709655784265
-0.464654830338038 0.0124323733150178
-0.0466039914149954 -0.447998863420302
0.158162391482686 -0.484611119938816
0.491902782837707 -0.542501346702904
0.188532109399259 0.506195814217673
0.893257068828809 0.0509499732113623
0.302982614768826 -0.32681578620028
0.247323875827429 -0.263750233639547
0.898573206169748 -0.0449389985425765
0.308104329029917 -0.240733935713816
0.445841911932985 -0.250996318315381
0.650083091270391 0.196465654446479
0.439819749482768 0.140090603068775
0.876681455630755 -0.264304238469111
0.378500044880094 -0.383003573759291
0.34064988376546 0.425434450919692
0.395001453566747 -0.443403731134442
0.588997510466415 -0.248014341314441
1.11122975210124 -0.0361896428516571
0.761125555531583 -0.448805026231151
0.822750348454775 0.415198673324397
0.420460722594931 -0.43024208630732
0.0880247032686577 -0.190732321047769
0.416383965926573 0.0504365628270468
0.86472081860184 -0.0278811245037461
0.612976583307989 0.243826796273306
0.0342300053773562 0.0227437102967715
0.0796653054778175 -0.0954084436190682
0.361275310793783 -0.361243956676673
0.442822524212156 -0.188950470893987
0.111837041466721 -0.0191460757280569
0.163855166108215 0.010482768922807
0.49634801448535 -0.324282844856257
0.543270140775581 -0.170812800881975
0.828985941710803 0.26699704312933
0.551974340081012 -0.3542498876441
0.420039699280644 -0.346099920790134
0.187236258323883 0.104836793591864
0.0568906383625664 0.00747286097309765
0.0297021299748839 -0.107574945069058
0.0905182450675298 0.0528318757689215
0.58344623853991 -0.425227687500899
0.0263645244136651 -0.112728993949883
0.375316232755489 -0.37633790468094
0.351224910421127 -0.372439857787864
0.711409115781481 -0.400062753214597
0.78247446590377 0.219958252826832
0.858372464276189 0.20130689849901
0.399364113602669 -0.461301479599021
-0.19907997116104 -0.0228221065850192
0.783043666449597 0.228047973380944
0.707747493356313 0.192544659183055
-0.0378222512550629 -0.00341135880219965
-0.0174295746999203 0.00686484527408169
0.576499313734778 -0.312935490691945
0.346643781710853 0.202531975231237
0.116550658739552 0.0726411543358175
0.175624631674333 0.0168563281560334
0.0318150668228224 -0.0843750222369485
0.970868963400129 -0.0616764376346045
0.020598505997048 -0.0885778292046027
0.823690672308901 0.352121138498216
-0.0350208419749332 0.0578648807434232
0.0611256338625427 -0.0453697061681977
0.486481199629791 0.554195845443335
0.618482412772223 -0.309960979126537
0.452691080298371 0.508339218935237
0.946582688302116 0.385409930292901
0.794115272805134 0.317956456293327
0.412291573296336 -0.416829353311972
0.825033762688552 -0.484516595738966
-0.176655986817864 0.0155472499346366
0.213000317268368 -0.034170786314136
0.319174724806926 0.497681729573781
0.495718671762807 -0.232195560353613
0.651727761312366 -0.623561247150484
0.491689785413361 -0.333629055214263
0.521782638957033 0.389270244664241
0.508498952122445 0.340212034447027
0.166150651686312 -0.0211299126428398
0.0811454465257128 0.220275223858032
0.342430423421269 0.603970841874906
0.519683234174784 -0.564291926549523
0.251518556479987 -0.767770608941471
0.403531534206634 -0.739917940071007
0.0116122169906264 0.193119752116655
-0.0894318730562958 0.249771460373877
1.00942918893614 -0.468753242230703
1.10350665440363 -0.48571316452076
0.182061925784795 -0.859372120690394
0.426901809881571 -0.760354606691013
-0.397724126661823 -0.0032376265552575
0.0930654371900556 -0.301588793853343
0.830900394480076 -0.438225322109363
-0.432385448854635 0.00434784367614555
-0.174705948939785 -0.268114455808878
1.21571927013384 -0.585457812147267
0.581029721262387 -0.712196138276279
1.32879591602003 0.177661016731589
1.11000202569874 0.78850311138853
0.0826706442696443 0.280234015812113
-0.094082336773331 0.350702796859112
-0.2538174837486 -0.282084848299341
-0.255036794467349 -0.344432955652245
0.13704656618621 0.192782816356276
0.314743976731329 1.08331036665639
0.953577865280818 0.586107159402639
0.841641716850231 -0.83541148394286
0.833250732726905 -0.859404781119327
1.13540681597451 -0.473530220389025
1.09221186260377 -0.50732279120992
0.906851278871318 0.837416954475164
-0.0542555758079277 -0.0591294185920897
0.845152503566865 -0.738309746265561
0.933882653549768 -0.639669962534836
-0.0367227143912272 0.0105867627042006
1.20289262756886 -0.869703794532437
1.2453178501864 0.719618437571276
1.24282747865983 0.738389347384865
-0.240602629602695 -0.0230998473290977
-0.33893623163297 0.0174213880583604
1.31673749386176 0.449420945998254
1.3061037599874 0.458710646716286
0.269922878913132 0.995145208586909
0.182625698593283 -0.94325785341211
-0.568375527691848 0.0439071533774458
-0.660030543354512 0.0329846182949628
0.197765238586937 -0.912067436996766
0.205830014986433 -0.965608342846305
0.941584544190458 0.870750231319024
-0.794071614415007 0.112112876950074
-0.161393104684932 0.949911648746768
-0.293633964097019 1.0050219609044
-0.347366942405642 -0.900794130157055
0.593199188022865 0.851701038162061
-0.222294881053489 -0.851542429168625
-0.890600199818647 -0.0620516937110406
0.396286952641694 -1.02603002850213
-0.485802980025018 1.05772345585279
-0.0312534817058571 -0.695280218393262
-1.26750966497083 0.0667456786125777
-1.11584842945723 -0.185303102031319
-0.33842354726851 0.953529374858435
-0.757030596774549 -0.378685089060754
-0.770421794978101 0.382084064983353
-1.07328729924592 0.536210520127837
-1.05403560678025 -0.741883992828613
-0.791778552919012 1.03000136978985
-1.54748919928981 0.0779544629984504
-0.715605044149989 -0.528563678824844
-0.837882303071568 -0.462015860486331
-1.17734727251096 0.6248514370208
-1.00410654054058 0.943062036690331
-0.550367485768814 -0.795686288960629
-0.741241133579811 0.544726357953582
-0.759226456778423 0.617848091662979
-0.0376184070865104 0.0144062042889896
-0.145652404853957 0.03753387302001
-0.717320461894051 0.412985580411143
-0.623270502171725 -0.496500140935661
-0.2377190520429 -0.0102326537235513
-0.671818176042661 0.436367772631313
-0.791701939040416 0.225042142121217
-0.607026205336812 0.232806762377529
-0.680162424499549 -0.396139082784827
-0.739166453149655 0.255234880678569
-0.686263876903083 0.125090347314081
-0.654604793621727 0.146640398051312
-1.0519967255781 0.0928330251353406
-0.729831904636866 -0.0770856545734724
-0.45722637841147 -0.0117452253054691
-0.646111248657088 0.151932707785397
-0.595226717731701 -0.137317595392897
-0.678206332547051 -0.172512004165341
-0.491749515309159 0.169679388926972
-0.691273333828538 -0.125237691311172
-0.300627055621321 -0.345201039728484
-0.286636125696416 -0.332280641966191
-0.257844967508586 -0.334049057584595
-0.409420872468192 -0.40666718162002
0.0155183774591082 0.315662652154096
-0.241407126601253 0.11069432976195
-0.370388092804717 -0.0451751557686236
0.54178186831974 -0.0429644423872128
0.0164254394011383 -0.27747680346638
0.616378472309645 -0.0331611559498205
0.347560730252943 0.404996331754612
0.495154125005429 0.328208332848671
0.14927502058618 0.466905117570752
0.118327315645683 0.510977741723547
0.138454532751018 -0.544814843003024
0.117225932976343 -0.604161863378132
-0.412094067980903 0.0113738702378588
0.324633031113547 -0.536103895865359
0.818612095608366 0.562149092491957
0.134577722433269 -0.780983745492511
-0.365266987336854 -0.164348963838699
0.358741559063939 -0.672547312910015
-0.174806344988639 -1.01996891033722
0.552208830735991 -0.520649125828655
0.0486633729039762 0.93543395460261
0.615140732656588 -1.10710852254855
-0.361014034592866 -1.13663160668428
-0.70823972784129 0.590941268376925
-0.361519219691572 -1.09208207573024
0.145538048505134 0.94700716997341
0.928963427484042 0.197542813714216
-1.04328559908622 0.0536662856923185
-0.0131738040517541 -0.69622050404971
0.201360466610165 0.786908142754463
0.0769384427393522 0.814404366035031
0.0665165036260307 0.713341791496789
0.0594294963462457 -0.835228308816322
0.173293694103123 0.85142036257496
0.0519178713550818 0.883109985643657
0.257520315189619 0.857797021320898
0.880742134399019 0.0211719950805356
0.296739536633673 -1.01171126032141
-0.471393057206732 0.97593389993518
0.383958879288116 -1.00806137334241
-0.501873630127827 -1.04601427550444
1.15820568691087 -0.0366561163503298
0.588469874419961 0.877894036306803
1.3715767259044 -0.0849046738871383
1.22156399077531 0.0633990788135345
-0.0405739559615568 -1.0353392890943
1.06294174526984 -0.225191571014456
0.702363240812881 0.532018526111144
1.40230019219557 -0.30790234742424
1.19524515441749 -0.211592630131317
1.41729817313353 -0.343255481562626
0.723408535910061 0.438520830752442
0.853053704645359 -0.620068979252594
0.821067131651712 0.364327167809496
1.06577841243155 0.470765164239939
1.39915250856109 -0.0082075352138862
0.614947122748772 -0.456544067926598
0.957101775448093 0.321761043020877
1.0665678553735 0.136907468339362
1.03323670565462 0.0944276428675134
1.06887094508678 0.0744369335214242
1.09088713005627 -0.00471546775747221
1.05065513174609 0.0488129331866194
1.13384511833079 -0.0854967394333897
0.979686067744033 -0.318820545410147
1.16630684668186 0.243039120284556
0.745339736643462 0.0424819434810798
0.879879809423356 0.322468337485599
0.935273118338617 0.282591857718056
1.43887918864128 -0.0701219058058866
0.981005818553851 0.339421333406662
1.21122598292973 -0.369995755832253
1.48778705928292 -0.0891531151648167
0.456673954109799 0.108007745818143
0.903146797934868 -0.397993468529985
1.26354602575222 0.151561324472968
0.383103277803465 0.276082168498435
1.37962736625092 -0.0569239975678835
1.03110265650387 0.523608617847916
0.646456514176237 0.523368421680471
1.29548680264406 -0.10174308737197
0.674996444335136 -0.0330535799976569
0.762979485232201 -0.589087320712385
0.993759617944255 0.0904204776132018
1.04226385212264 0.0045052591762995
0.826637653060299 0.0740343120165452
0.589117708175479 -0.624149959221948
0.872667556014806 0.0465232156731417
0.562214817645104 -0.690028324809522
0.52363539254883 0.483768104730868
0.066369140085265 -0.566370284971431
0.61279845354421 0.575024672250061
0.526471082667964 -0.667052576961144
0.593378839455206 0.640173862339108
0.491809188326075 -0.747352580454098
-0.0153259486545296 0.789489507476203
0.498946222212246 -0.744811740111331
0.659350193658837 -0.826776309347142
0.297806416126252 -0.577337429838422
0.77337545751708 -0.882394429857739
-0.191776453157863 -0.449750384621588
0.790169390634396 0.499000411089088
-0.248150525239461 -0.416274314221205
1.04704785858954 0.750398863001262
0.270515095975439 0.896972905425454
0.0280938622122446 -0.255602812201493
0.484180175096542 0.801085841412945
0.0557182373247751 0.0470498146493477
0.740046948063395 -0.506524499673481
0.646364427899344 -0.626656172467508
-0.275801321286345 -0.00707221667064861
0.977065661950899 -0.855532650863286
0.927404600245636 -0.8527019295745
0.231547580561178 0.93167530236123
-0.594731277064781 0.0346504440992575
0.221560418836621 0.813608079828658
-0.0300696107498452 -0.924521468475066
1.27651087769562 -0.0497206202831279
1.27999438316596 -0.067236562646712
-0.391141187831602 0.0246213748842723
-0.157961405727383 -0.909960757869611
-0.42972795302296 0.0295387554023612
0.0754425090851618 -0.586275028355654
0.585415485082058 0.537514149861386
-1.25249861885617 -0.313297552212748
-1.62205669995034 0.109033235718218
-0.00238895401605924 0.531043331274729
-1.44888566234856 -0.209280504288911
-0.190089138143416 -1.14999063115228
0.340376723453706 0.254096779918291
-0.345087933935168 -1.10111147527982
0.175748019832031 0.17489892995599
-1.40904976483406 -0.726108844619348
-1.87325114113351 0.0657519697473028
-0.847741396292595 0.714482591338947
-0.00823978222170512 -0.00867427225239783
-0.0352359977989652 -0.0627518365355279
-0.901961229015014 0.691334492667171
-0.153045688520518 0.12980903374468
-0.721526812226081 0.846929003948235
-1.85194765396067 0.0743399041784642
-0.341853863830764 -0.225779871338895
-1.06881407317009 0.459414401204105
-0.428180889262392 -0.276385897821153
-0.451691084038701 -0.949196466351566
-1.23079444888534 -0.785163322398668
-0.110426248548154 0.453410680078388
-1.19225077138053 -0.259932566225287
-0.777202884049744 0.752383255063557
-0.433632410187774 0.783065624178852
-1.1415216220402 -0.53947571041828
-0.877287182050466 0.302609911064489
-0.605992239666413 0.725665590301268
-0.590333198972173 -0.719692535491821
-1.15728187630036 0.0549301129700174
-1.04535192608931 -0.036861480909881
-1.0581725030096 0.111448705326286
0.0190385687450397 0.694744346731577
-0.502835352583393 0.777856254146072
-0.602634743787941 -0.621242591227819
-1.01456068149079 0.107797551683109
0.304515545675989 0.64282680998321
0.278153879737993 0.784401094518046
-0.950349111316954 0.0628097029951301
-0.384693632190568 -0.573729878402651
-0.708090930864849 0.0364579755947375
-0.620396081781094 0.0395023130349833
-0.583480020802097 -0.00690024425410352
-0.198819433417206 0.58605254968438
-0.168408683854519 0.579385281274787
-0.199851188291979 -0.506924776544529
-0.452697956461108 0.0121029233486519
0.318145322482756 0.379792123369769
0.0476565755707656 -0.357780811840067
0.365729773163202 -0.467580511047979
-0.0151986152826027 -0.332951155625671
-0.260387620094209 0.0111104772258658
0.119691280634485 0.391856497489527
0.0799542568054852 -0.37693283515431
-0.139525733312299 -0.0074050883354982
-0.102670949137257 -0.0186407257853325
0.598415163462341 0.123535065913105
0.275564786465651 -0.221683691270806
0.329060790174276 0.266155777832738
0.0867709908804138 -0.0308342392968514
0.0867904488611337 0.00379373419726048
0.52428673576179 0.207106245765608
0.536925671891614 -0.211155156139297
0.565539421560947 -0.2270328977757
0.22793194331933 -0.0352494266505433
0.576988552562743 -0.114915495955753
0.225642110134075 -0.153340485744904
0.570571869527596 0.150100442599748
0.891190306309466 -0.224611145605481
0.628079813534821 0.250567778275346
0.797002865140698 -0.107363103511673
0.0331283393514612 -0.205329426131833
0.405249656948372 -0.584528339100306
0.917488729995672 0.633225679826046
1.150995551101 0.319918386632128
1.16752101280429 0.346017544290074
-0.268887806994997 -0.195786061316466
0.652073630439784 -0.528084133708193
0.911343085106073 0.835487619042483
0.241253268271418 0.895835922892135
0.797925214940645 0.872476949348819
0.166219918733766 -0.857705584305998
0.651830742977046 -1.00460178503281
-0.883040317391916 0.0503046938053301
0.231471310797376 -0.805737020645018
-0.155114432024582 -1.00604628658127
-0.612097848669134 0.0568529697354006
1.07562730694435 0.630831775122906
-0.663807155105411 0.0200215724054495
-0.731515109885641 0.00326586671858156
-0.00339596779600832 -0.936943790659127
-0.726511404937589 0.148226249526092
-0.304548015508133 1.06175118341725
-0.110214885700837 0.994257510212033
0.746038641705905 0.561241658913568
-0.342699201729192 -0.790762891646562
-0.334191942054536 -0.759524742695339
-0.109583685443676 -0.62153569936837
-0.752994034793616 0.268949716874183
-0.750366161449813 -0.277934404692435
-0.997630387664208 0.368777290318859
0.11949617700287 -0.397444053725211
-0.252545183107745 -0.834757819115339
-1.3655089907149 0.069898331021518
0.227413553005573 0.343789470493675
0.201181580288248 -1.05832453957106
0.251993627590483 0.990359278769063
-0.28687151894433 -0.859912176779326
-0.32745848219148 0.662495503245158
-0.548956885843185 1.03620144647285
-0.608353091381873 -1.00631049256447
0.0898301116478592 0.936815109514103
-0.121120729917299 0.635739527450064
-0.706695156732582 -0.490483120698211
-0.964088944277084 0.0108023765943578
0.406257022666505 -0.931004158683564
-0.47939569239168 -0.584680296020636
0.450414911511 0.951385776961505
0.923044888348991 0.461207146125169
0.220149952133017 -1.08067936560029
0.562242341749512 -0.896291887495169
0.208081716650662 -1.09106170774188
1.42098188240707 0.185834266050367
0.0383506841354192 0.172377740268093
0.580911194903455 0.814451950665399
0.491317299626373 -0.834771923280283
0.116480804176273 0.0985122595106678
0.66686974342852 0.742688486298863
1.26840324449476 0.283023498876509
1.25173716099487 0.39672574101675
1.17529336178447 0.32791165248093
0.750183930393809 -0.423150911818159
0.652320840751389 -0.405475718719138
0.457629786438223 -0.191128343861715
1.08033285103152 0.0750745971518201
0.729241713600883 -0.151122556903596
0.582949913095313 0.0145265461603845
0.442093525509059 0.175993818510932
1.10966216141777 -0.0468850097199581
0.760663586339091 -0.0118745746500303
0.882496173743943 -0.107619188430681
0.587362765470508 0.153182480394342
0.620701708318938 0.174513580442788
0.839516222766956 -0.0197408751750341
0.80320317460187 0.053263472200947
0.830299383886111 -0.129013507563587
0.625301591228497 -0.0812849801755111
0.711433755686713 -0.176714021840129
0.773801111962461 -0.0792581226039171
0.776434832378626 -0.180133410684043
0.51887954817121 0.0225994155551414
0.746251903507363 -0.0711548318388484
0.675173081443477 -0.140850788578054
0.672259789566388 0.156142315540428
0.532854568517108 0.185051077032129
0.68948665818895 -0.181185283060209
0.638957899689031 0.0792359292562017
0.815221435307423 -0.0868848015756985
0.66463355586808 -0.0222826085364137
0.57717333745294 0.139610462619632
0.436122972371462 -0.172974523214103
0.691542061049624 0.112933500494589
0.462987828309781 0.175963674698858
0.686111507769803 0.212042825985497
0.713817969461844 -0.249755751722436
0.481477500814998 -0.0754889922417707
1.21395000713255 -0.0282844905383971
1.01227742113773 0.0661481709651623
0.804189759832705 -0.0775803568572556
0.639250886067777 0.0525524393206942
0.960518654424561 -0.09375406876044
1.08198296886495 -0.135822808683734
1.12393695699263 0.0202480892502459
0.909518698552503 -0.0766706968292244
1.17292471514352 0.0293120055985594
1.14703432586999 0.0442802260897779
1.15516773641091 -0.0248737970762829
0.995145867009473 -0.114483642679817
1.10022584197444 -0.0674633306705935
1.10230722163921 -0.14639075174361
0.962222324687081 -0.0200502509328232
1.28253297686031 -0.322180289495403
1.07491017558277 -0.163075534462269
0.774143867050121 -0.077609249567661
1.14123744788293 -0.277457519668755
0.639281313789586 -0.0801687324600887
0.529459214759168 -0.093295479621542
1.46495740062757 0.102138674480552
1.70166048829454 -0.091235908472078
1.06691185979635 0.460793106300395
0.176878749790937 0.00389793065732701
1.53785558274313 0.121409663001837
0.357816620860613 0.0498895363554002
0.778892219148309 0.774480496604723
0.83349008450736 -0.763011674271879
1.53507582595483 0.193387632545704
0.143788533174964 -0.252298211773635
0.653130710104019 0.894882575959907
0.586847767419489 -0.888503660849258
1.0568449977158 -1.03937061457681
0.489986574790156 -0.962489937879353
-0.227916105931667 -0.252620266726886
0.132415308018712 1.19626704926057
0.728747084507304 0.840268313223235
1.06038106085921 0.970690651745825
0.418801312155554 -0.871522076499193
0.139987051960785 -1.03538989581254
0.980590568860426 -0.928452585153152
-0.568305213353802 -0.0296875196263703
-0.510501060636105 -0.0280485627643367
0.155782326910975 0.992339708188445
0.0308738681562753 1.04179466537131
0.32336179780162 -0.884850001002994
-0.599023125655489 0.27753132826852
-0.610579641838427 -0.089505768692375
0.718704294969228 -0.983025096193217
0.664643612816426 -0.413768890346015
-0.410514355944914 0.322448181630836
0.573726577519006 -0.768259479244853
0.163993476977082 0.644264153861353
0.208478282442898 0.625998215089599
0.196865398614292 0.640024219782136
0.385447877150453 -0.286895542120459
0.216438613463054 -0.344064007156132
0.335548062139594 0.320088480290635
0.560863814539345 0.21337631792342
0.196523438952261 -0.25127921252886
0.164386741305165 -0.297881926221553
0.82389177431633 -0.0520873094346351
-0.0515727848712833 0.10977236065487
0.463925769880506 0.19518930281408
-0.054567927562185 -0.349811783635841
0.362694435871481 0.391235929505829
0.396281133020333 0.0835825799992382
-0.135751456558611 -0.417820337855703
-0.136488245544181 0.58177614791048
0.521290834907349 -0.275354380425747
0.0121347475202958 -0.211181750696581
-0.26651214635233 0.227141495648908
0.279390225137903 0.236201127474293
0.337177881337554 0.0939738472035939
-0.0996347925470747 -0.284376219085637
-0.377783358323451 0.603815196407279
0.167386326834522 0.196861958120634
-0.607545003220833 0.423955053367661
-0.470685909045361 0.680546319023403
0.587612757635715 0.00998028027258619
-0.564732671012874 0.804849439965686
-1.11439526443204 0.045489077162039
0.253645926891979 -0.235600993162876
-0.793675826288369 0.464519565379839
-0.129261887846973 -0.0217329690758089
-0.140920770617927 -0.81581387062745
-0.253367954908965 -0.725617677199642
-0.602849027979494 0.248688745145626
-0.973088111339839 0.0516865092902804
-0.332527515174358 -0.704986623279848
-0.511200583514359 -0.810525063101942
-0.693661204506631 0.0645364634801812
-0.453015468892495 -0.631004211304374
-0.974261032029904 0.00985787979360712
-0.954758577086341 0.00802065783278818
-0.00318410686472637 0.707252743517784
0.482387468771608 0.00505794107616707
-0.541497151902839 0.672212472453026
-0.579145307457544 0.646115452732898
-1.09077738404277 0.0772009680803254
-0.0756361854478933 0.494972251049007
-0.583286987534675 -0.330322517327176
-0.957520005905255 0.16682942213713
-0.262172412017218 0.32697823366113
-0.890439094596681 -0.0531024646387702
-0.485628018293177 0.398649653237152
-0.384340213516935 0.193609033478752
-0.779368422962496 -0.130632121485679
-0.815503345515563 -0.113860639806092
-0.799026034177616 0.344296187692686
-1.13712141752895 0.0594456540406028
-1.0537056731561 0.136703879264568
-0.991048941981789 0.0367940926323385
-1.16474159826235 0.147589414262983
-0.886366230411524 0.157067636720463
-1.03606389904414 0.0738365682327573
-1.00287428543834 0.0847151410272629
-0.966664734762234 -0.0553183538788313
-0.997119443309423 0.0777339950338443
-0.961379557040698 0.0324740572655418
-1.00075903433493 0.0824279466617483
-1.02223287519692 0.0532423401372305
-0.86873217090825 0.0689350883799042
-0.995672602404348 0.0466088151964339
-0.900701948665928 0.2066175365212
-0.700641104896527 0.0801720729673137
-0.893340407767732 -0.1395749836663
-0.61479726460893 0.0347728766815862
-0.606827362249692 -0.0104844533740583
-0.988639332363946 0.231517713506683
-0.817108930907551 -0.169666700349971
-0.816862520086694 -0.0392779998617312
-0.807089194053532 -0.101644430629263
-0.411519124144983 0.110492382444639
-0.894269750612154 -0.361314715051461
-0.912202181244657 0.0488130505151205
-0.729167440860034 -0.33960886884727
-0.774825726845587 -0.273800009826767
-0.659205365647849 -0.396969276105897
-0.658725945719874 -0.372518696484079
-0.862403219964672 -0.0198083734340913
-0.806151407516884 -0.0595112962076746
-0.588089559355894 0.546968316979099
-0.718162248389721 -0.332426067394638
-0.403432979938866 -0.438763255481283
-0.404810625706989 -0.38335672924875
-0.437252406392718 -0.334866942749754
-0.296415772065241 0.438863863604004
-0.570067209872254 -0.518833652321013
-0.491047903907235 -0.372522147639265
-0.243517467705193 -0.00631016609672701
-0.573656177109808 0.253398485933714
0.231103928385745 0.108096477923622
-0.334186457190779 0.475719013592665
-0.127754573264581 0.296842340120927
0.0403888451211067 0.00623886279050046
-0.169824243720064 0.180875520440633
-0.314829683639279 -0.195009679962899
0.0316505422688981 0.155529366846741
-0.0151428634702115 0.181733681193112
0.157076422986357 0.0174513946703841
0.0316285846922655 -0.196253806260607
0.245271900785245 0.00178316790865725
0.0160961780956922 -0.128067415210579
0.213241874396184 -0.000512345022025333
-0.0420285263112768 -0.0359716871513171
0.147424300980595 0.129255944519621
-0.0148549511372276 -0.0968322354889293
0.178473008214464 -0.00250840875029469
0.203782646167313 0.096593967792854
0.198991086119835 0.0066761334609806
0.244622109255797 -0.0384304417545358
0.179233684036659 0.0144697029322948
0.246487985732755 -0.0325149552665458
0.261958511142854 -0.0459440100453946
0.207303999393826 0.0599857798461324
0.262836366333325 -0.072887359348809
0.361825288605409 0.110282026013218
0.499425058468454 -0.126529979342105
0.536913929216891 -0.133468485782717
0.351577152590309 0.146308940610844
0.192288552912349 -0.0459550945736778
0.282506771654664 -0.209883306895665
0.173565342807361 -0.152111605710253
0.391592809777895 0.194691772894727
0.307427479926377 -0.174625829134093
0.316855209479957 0.0728664134189817
-0.153708557273942 -0.0403140281307058
0.448770629567051 -0.0960671435258623
-0.0705500999174405 0.334359456157687
0.235000797967011 0.109339068191673
0.235088048915883 -0.405606668160856
0.0888119403844051 -0.333246633264768
0.119685638533349 -0.409855922910734
-0.194503838752926 0.569709675741315
0.180403437024624 0.409433122796211
-0.677974147235129 0.0486235407036091
0.356992325974206 0.0425462680526433
0.151149969088318 -0.62364266534731
0.447462569401084 0.109641448416746
0.53367014858364 -0.00268054775914394
-0.68871606456219 -0.359640371149012
-0.458023889419349 0.791191064858637
-0.093615693906133 0.020733728620195
0.536590108927524 -0.436651871483272
0.435379127167458 0.806325487990353
-0.272701307375802 0.856129597396058
-0.795343087599267 0.0533690329800366
-0.507468443872089 0.0966619143351316
0.456285264431101 0.678127034845534
-0.661412775837042 0.177325084782923
-0.83484825109859 0.03456747393596
-0.642521947718903 0.0665656094427833
0.242962859147332 0.590915093754192
0.183748558800293 -0.568800522121002
-0.706291065894815 0.0699530027184767
-0.387781354566969 0.648185239255757
-0.40970095112265 0.657421024310315
-0.869267684158408 0.10363977810826
-0.795753355092616 0.0225731643534444
-1.08611584075896 0.0581984838482096
-0.367704907705028 -0.642186387827999
-0.385243076381227 0.826648888650846
-1.00432577845557 -0.0568656629275366
-0.150712797977626 0.743703632149378
0.666193829508584 0.508503430174804
0.642418554841936 0.643679716845722
0.580862810431736 0.793815249985801
0.027815733351441 0.749141998517936
-0.130783870013642 0.87270803008784
0.0676653382992582 -0.704068504800828
0.727499059309458 0.580995648487731
0.0792871336590195 0.705721393694054
-0.357071829201063 0.0651462709045549
0.0213104878377917 -0.528764780892881
0.563774810962548 0.399524851016029
-0.229743349514185 0.00894380884012154
-0.329577729846691 -0.151059152068941
-0.503540931218184 0.219967276332128
0.445891483655711 -0.423561981545181
-0.347425445564916 0.703701955947733
0.49366108747372 -0.435179082848268
-0.911459593696557 0.0382012546378023
-0.735511265600518 -0.305032766465009
-0.740191045843904 -0.629291792939032
0.209011109194324 -0.258567801148798
-0.873985584470996 -0.578545695820005
0.384785083808985 -0.277696025815678
0.33543915406833 -0.211793678472771
-0.861362095970582 0.589460388726807
0.225573875176803 0.101383715421569
-0.741854991442976 0.733591950070256
-0.609742832895147 -0.42484631772927
-0.0910310564704238 -0.0996808015458451
-0.464996050133782 -0.524897139729095
-0.558303648387614 -0.285035861624075
-0.447053226900738 0.512217130945077
-0.0386119714071409 0.327508292798121
-0.399934873644185 -0.321485921776461
-0.821471505282309 -0.0594631294683504
-0.820210165956259 0.0686224237982598
-0.752167785923417 -0.342127654177195
-0.744327364945858 -0.482768830893429
-1.1267151025989 0.0455382129546044
-0.775375678634025 0.597988459790555
-0.932091590419946 0.64872390519457
-1.08850713400364 0.14009673480816
-0.848548340868423 -0.371977517604047
-0.501893955454922 0.653822220239722
-0.42433101619314 0.462763647053564
-0.0393508733226434 0.400114996380394
-0.757800006467346 0.0272223911312528
-0.930238144776197 0.182279854496193
-1.29211941619632 0.0869441657510693
-0.384813447626183 0.638850715844606
-0.764095792779419 0.0223901040911954
-0.743205715399752 -0.785814291766212
0.34979482535889 0.584617784468155
-0.713070158531912 -0.749915415214678
0.85603850530758 -0.0738864092205468
-1.02168670079375 0.187139267233663
-0.78341659951248 0.094137436268675
-0.758191716850822 0.189289267512307
-0.429971680236464 0.00438726597166465
-0.902868563697247 -0.181082583092165
-0.161615694723125 -0.86643514292561
-0.336408836236792 -0.870671126787074
-0.718102536598503 0.334017694104235
-0.339542496618829 0.940555858899176
-0.083681770232586 1.04237387740825
-0.965244108348055 -0.894320649179927
-1.1937153904705 -0.679050235505549
-1.2781608344206 -0.246771781276063
0.0903136951460907 -0.19870832692855
-0.79313572896595 -0.515729798741008
-0.685358150382679 0.575480990650898
-0.425145677965517 -0.755811026968943
0.27354009132321 0.00162606444444765
-0.3696147885438 -0.747113357397561
-0.947054940707903 0.60126511957704
-0.550862848464563 0.445743188436433
0.112080546497705 -0.0434668226927216
-0.288880175473299 0.609008625833497
-0.290216145758396 0.625277989796798
-1.2486075319947 0.0598888249434009
-0.774042905968226 0.690604798158205
-0.459984170032822 0.383713424979214
-0.353330875904291 -0.667864371451652
0.0211933082058066 -0.122354648428902
-0.292691485021786 0.474868716825273
-0.248774392252407 0.4828993384221
0.118866798900929 -0.0590174602706293
-0.259641861188836 0.455037767094111
-0.775441810001558 -0.268508124910031
0.234613498933041 0.0655955784404229
-0.676569403922338 -0.462860313666671
-0.674509815606133 -0.168920869969934
-0.179090817021379 -0.478468165092168
0.190342065416605 -0.00656896392426565
-0.210671551096218 0.31171921742316
-0.169940523117132 -0.502595949124752
0.273495491188184 -0.0244341467209651
-0.0846528431413027 -0.438170946701037
-0.501104032031434 -0.324381854745763
-0.645067690548991 0.00700625697237994
-0.0546435800577824 0.263979671962154
0.249076557852771 0.0669541026737881
0.226571459348706 0.0394826383665264
0.270016031400906 -0.060930341023359
0.0785293944266477 0.218308917470667
-0.0985610939943599 0.179502033166756
-0.0540461887711015 -0.0474714001649027
0.298988129903414 -0.0379278704778014
0.162885229950688 0.375285658141362
-0.288172970853038 0.249811475866799
-0.0939544598244196 0.308394582042027
0.121056005561741 0.104348084681036
0.205019600255178 -0.0448582598841424
-0.0506824367958189 -0.27156211558787
-0.0813682246402345 -0.193998837258952
-0.0197698194487672 0.013453666048484
-0.126591919470948 -0.0323975771424375
0.342554257835028 0.121093970251855
0.05228320843497 -0.120081663975289
0.168725508635075 -0.174860844539144
0.0102371955469617 -0.0480017792667725
0.43504197566931 0.0708554106343644
0.117234772781028 -0.184554075217455
0.284258899040154 -0.193649921286896
0.407117610231904 0.194786317492025
0.222526340946356 0.262442594858575
0.0446728662836628 -0.0533498009131762
0.452158056209002 0.136155488275385
0.175884030812422 -0.00215716116933912
0.288055428572361 0.227476824321022
0.676970316242347 -0.0312381933214952
0.224311912294281 -0.0875350244118835
0.338974326109111 0.0296870852205412
0.373287592543325 0.0433800253090898
0.557944937592768 -0.176929145477521
0.094140515398245 -0.228545137361761
0.245447021459432 -0.213586224097602
0.749227732054708 -0.00946569678535224
0.0062229455882878 0.275819117734925
0.277942119777857 -0.369938248268584
-0.0759173219947779 -0.0241414111379796
-0.100688333882793 0.0621433578658636
0.53272307942817 0.252484298039708
0.150025040592095 -0.280289511810699
0.424702446733467 0.0914973361207878
0.753513276664858 -0.148243387277576
0.300966226048376 -0.34345823384484
0.37348032781511 -0.347316051063927
0.450714007497737 0.427928586988026
0.0233147077932441 0.433967254367072
0.660640760774001 -0.0503416230487732
0.340813640651481 -0.423711661979318
0.56122203236288 0.00220206451038765
0.45775280469275 -0.351733242998413
0.278434889657417 -0.179185227502286
0.427227976175779 0.0483217119221972
0.404526505178423 0.143442020727914
0.226208055840886 -0.149047038433695
0.548054773653909 -0.0148416243156805
0.396189138778552 0.153023667565521
0.314677990819402 0.076499168987318
0.23833577990322 0.230670381831052
0.559863060791791 0.0779893055647617
0.535541337486563 -0.0807375574068454
0.373741221126514 0.0816856669207391
0.283186238730919 0.0535008380608903
0.610124473113262 -0.0319415261025984
0.427314185046428 -0.0471411738376421
0.4187948983068 0.131080542440495
0.194840434965266 0.0468696715412842
0.681390983579386 0.00132178393767086
0.192133905771167 -0.00980568107406176
0.335104109731316 -0.137044808278161
0.24720793176966 0.205603978157357
0.269013480539084 -0.173723245284973
0.214550133285015 0.00035257761479636
0.501761869722632 0.0144529449357809
0.130757625318247 -0.0125513774374974
0.410983113726903 -0.280974591307285
0.458186111106961 0.0620641697952118
-0.0102916555299077 0.126821226997127
0.254424697916862 0.269490576181971
0.261441791509682 0.276405706777914
0.312476485912666 -0.0760078407766446
0.377121924315245 0.12161671552335
0.528262137384847 0.0800394238370737
0.389143126866673 0.0685090643524189
-0.0795185859905603 -0.313392574735932
0.233279581473749 0.00273488009425321
0.283987970239073 -0.454623772025569
0.167519386105023 -0.385990476574737
-0.156841256264667 0.464454760334241
0.416952537015734 0.0866602865361222
-0.207445434782342 -0.371681895853665
0.145344619461228 0.360735227735764
0.0907927490404845 0.382700528332412
0.155262487177679 0.391316236430735
0.0636504643029888 0.393605955771791
0.431330388703408 -0.0215290559924183
0.130124066312402 0.35000251967519
0.330112711061073 0.00745002008838704
-0.365012474867133 -0.45916307805159
0.16978389377119 0.605420452775365
0.0633909079111375 -0.51017691840851
0.416495977051463 -0.0327346372977321
-0.0169742785601175 0.4911017863666
-0.480585889099478 -0.499971473265469
0.438870297867509 0.000524909160084924
0.0106727916934432 0.519356088537306
0.417179124217435 -0.00631108547197782
-0.0137956202493507 -0.67098276256408
-0.682401651953215 -0.554669006218991
0.57570974901782 -0.0898000353262898
0.609370769555525 0.0193630895185815
0.0259647510700875 0.743974922032492
0.565974053387882 -0.0047895123492388
-0.518741678065227 0.707843040211987
0.204785447099331 -0.77188636073757
0.0568711078891638 0.63602017631906
0.505553186983318 -0.0109186707692232
0.186434331913556 0.631631117764424
0.163501610474965 -0.694951775372042
0.0610524723821044 0.515932000118497
0.144498014756935 -0.597347391634831
-0.319653847154567 0.597240886319209
0.749752254427935 -0.0106805401039196
-0.669544734942537 0.032622321835689
0.585539028327665 -0.0119101391991237
-0.577255811356224 0.024038475742077
0.366394337747255 0.52444315849894
0.22014425359942 0.303760414355456
0.631428954574304 -0.0112036483066762
-0.0867085165353939 -0.44656121068593
0.219647529270991 -0.447064400794949
0.241859107870788 0.333627866561315
0.305919830795358 -0.477857287340797
0.345459450635273 0.333897598011758
0.676856786637869 0.0167950633577523
-0.0655767489079842 0.309317315704335
0.356202984919513 0.195334563468724
0.637906244583247 0.0458354238626024
0.304198997788248 0.0967785081753961
0.539704052606042 -0.037033364548542
0.346286354108928 0.232471999600856
0.332955760408499 0.197740627583191
0.51286828464488 0.00424866022246665
0.368719904520018 0.152153158005386
0.261031593993993 -0.135213910340072
0.214791166733607 -0.133434150965733
0.479168226070562 -0.0454707869750483
0.490089748840205 0.000127215462991139
0.586341603042717 0.091702025840567
0.165879364643391 -0.0354146953277507
0.248401859951281 -0.0214223411185299
0.540842345470982 -0.150699775000718
0.475148219521496 0.108171999170249
0.528192297107889 -0.0206970178538344
0.531937482950705 -0.019557616027873
0.516169299928193 0.114255994302755
0.398206908930697 0.112187364156509
0.407219486873145 0.0442133326488693
0.524973158782907 -0.106264443640411
0.542867338137655 0.0647518922136532
0.39166635470796 -0.0895669732226391
0.573469386251137 -0.0050553348521043
0.568251907716574 -0.00563279078223463
0.672040269912776 -0.0457731473515178
0.327041863045254 0.120438683677367
0.298467273017989 0.0717934023865139
0.339235213910953 -0.0635604489215541
0.438343572104953 0.0440803787737499
0.448713462189453 -0.00307655942028562
0.250804923116239 0.0443264406471108
