-0.30972256866021 0.0704128198688029
-0.170086593865903 -0.220234334846817
-0.0885515171781888 0.103075999746136
-0.294802876528829 0.0493318177744231
-0.133105208098556 0.136131484043495
-0.151696823993774 0.0477635623230422
-0.232079494566249 -0.0421053306538113
-0.160075223009527 0.178037053050124
-0.116488860741962 0.105184299561671
-0.0553791451486182 0.0679218157160964
-0.0615306259687728 0.123420395720403
-0.122929970462333 -0.0593602891221246
-0.018211038225375 -0.00386736037957603
-0.244023502551492 0.00471688907019322
-0.0815051633561982 0.129849175612484
-0.160982575030828 -0.120743918123408
-0.269810565256294 0.0403710168858277
-0.194106503388651 -0.0324158955042147
-0.0758169475165986 -0.0756397612133628
-0.323677326772984 0.107932395569482
-0.279495307939305 0.0515616328318648
-0.0583821443238647 -0.320245762528461
0.0365237062793501 0.0888966675373926
0.0117239987010118 0.284416842439755
-0.0758606796045545 -0.0184179821586852
-0.170326450809667 0.236607871665734
0.0753977306731774 -0.149972817169351
-0.0964944598521834 0.20654731973209
-0.212896465161729 -0.135055051045536
-0.0904879448637206 0.189532444158927
-0.173688819684924 -0.0772006440897359
-0.156111106647131 -0.169861387656546
-0.068443804002467 0.176506929983441
-0.100807907768189 0.195084894506614
0.0509642466753271 0.166970562075382
0.133664816699475 -0.115647462781579
0.0268957094771832 -0.0051659050138408
-0.112778543704002 -0.071201273523007
-0.120860840944673 -0.0628376598267479
-0.109842699241426 -0.0920614301987858
-0.0936201718411293 -0.0718988213715859
-0.131850028133934 0.0495817819609406
-0.0365924963339611 0.109480530211356
-0.0267527917403124 0.032779087982951
0.0109332603707009 0.0847401800008644
-0.0516180265563335 0.0646154605638129
-0.0338999969175273 -0.0363425355212326
-0.0679256659312051 -0.00390015389408927
0.0320891915044969 0.0417834230714928
-0.0302003286235503 -0.0362928778953231
0.0946508419295832 -2.07890713074081e-05
0.153513499186361 -0.061162911942237
-0.0421077223425166 0.0760945368042733
0.0490791417417289 0.0819921906202322
-0.036634219915518 0.121090979557897
0.0893384797057916 -0.0188664003653966
0.0579618461646601 -0.0640184447815534
-0.1352945858173 0.0406499440048641
0.0291477645611649 0.103909738130316
0.0842003612391012 0.155159225568039
0.0463720529111983 0.128980500114638
-0.0891427881817364 -0.111835017774674
0.145696508735049 -0.0324301252815317
-0.0416011223887531 0.190609381999177
-0.182599117417999 -0.11195487197101
0.190961999994557 -0.00627953178228903
-0.00587289425630299 0.322276960434218
0.0332200254111157 0.137014441042217
-0.0656961617137802 -0.201304141854411
0.225895241676268 -0.0389953584154241
-0.171143643936729 0.0902459076277616
-4.79790338649838e-05 -0.115145714180604
0.144081682594803 -0.00196251254527312
0.0456802461459958 0.157103957462095
0.140220808703047 -0.0166155078599396
0.134008196875183 0.0199774438964451
-0.0840073558748683 0.0131388003100047
0.142508882607516 0.0974559857289335
0.0846566679871427 -0.0115155550222216
-0.0811856603666757 0.0720119885784326
-0.0115939972551165 0.0667273135046284
0.0724426495415944 0.0679096062785029
0.0309824628248373 -0.100792933076345
0.12400553005848 0.0892543806150173
0.0786279875626408 -0.0940969284905692
0.0596669956442194 -0.0946991638139687
0.0325808857187215 -0.147171100737198
0.0811812269188593 -0.0826803896620052
-0.076357255799775 0.00306250747709405
0.0178269863213753 0.0160744449390726
-0.157852430141824 0.021941084275582
-0.128422133764254 -0.107009807048507
-0.173363228820862 -0.136124724012797
0.0689629199439548 -0.0874020871759373
0.107555911164918 0.00332405430521889
0.146925505496274 0.159150510319754
0.0824595428932229 0.225154853391904
0.0738899858473529 -0.0643024229237868
-0.2997356923359 0.000422620796942526
-0.219281008324727 -0.181725662924905
-0.236537471835147 -0.269488344258383
0.17059094125212 -0.104023229905951
0.404433289227969 -0.00779897205345018
0.452319050556801 -0.133999464378107
0.525434282123321 -0.127220343797361
-0.514321226439058 0.218367329451318
-0.358839226400845 -0.2590340018212
-0.547704247191323 0.285195244332314
-0.332607356916318 -0.242408110546912
-0.101574740780689 -0.497368309348761
-0.11043650972654 -0.568868064684637
-0.327857307582505 -0.333166850946559
0.398492785810805 -0.263890438342275
-0.0942678051271589 0.377321198468281
-0.300435872435353 -0.304184970132889
0.205384827063312 -0.0444403890796381
-0.196903531062349 -0.527000116829653
-0.509755154256445 0.159921861319948
-0.555008775110874 0.208366701062159
-0.220499795086509 -0.542348797223218
-0.096393082132528 0.51012394162909
-0.0539818509885884 0.455293611230393
0.408172031629539 -0.239465125038243
0.232564256633667 0.0120053952811316
0.490574385899335 -0.268531887739017
0.469845812360846 -0.237056576368413
0.373077383668366 0.471904662366105
0.45918799094568 -0.241135587427219
0.334429397587597 0.0135786107426406
-0.0946149980313349 -0.509158436159476
-0.408658721049538 0.0156809166834446
0.300255733912327 0.00511050068399825
-0.10070005346088 -0.41124029460229
0.283242959479173 -0.232801791872726
-0.0120386506253446 0.334007063269319
-0.395010220308814 -0.0417739442489023
0.181517515557633 -0.0345951010304804
-0.0571335248007865 0.340739754439469
0.00659803708583728 -0.0275930382585603
0.0191632327126821 0.400117797056381
0.227532756742413 -0.200144166744579
0.0644041665257586 -0.0296401552008751
0.287658860340013 -0.0133900589468134
0.241424983412407 0.117595928573358
0.087788539774133 0.388638331776178
-0.355528039350295 0.0374285751473242
0.264370411099439 -0.256585429149297
0.45148244326726 -0.207017462658504
-0.256230371753843 -0.29628810737057
0.0811309964095968 -0.0076144496966647
0.0591482889983248 0.403503280727524
-0.0833094601769401 -0.532005608817515
0.429914243938308 -0.0977812594805531
0.437003249979502 -0.279879564808137
-0.593024204842833 0.250273620739262
0.222521687682332 -0.0534682362983821
0.240483582310244 0.0270777998333511
0.104269807123621 0.0524146669736874
0.260838082173515 0.0441547642595909
-0.0396194782604679 0.538716275247042
-0.233784607316087 -0.57031285944834
0.183649380365101 0.459213936511265
-0.357950956328904 -0.341810972908577
0.320930475855774 -0.0868896448449177
0.290736032652201 -0.140959740484684
-0.419697241167325 -0.198005046575478
-0.330801178420192 -0.205323475433766
-0.512218755656105 0.20185811536728
0.3995774405696 0.378378660452697
0.264712421194997 0.0365089870890714
0.30750929121799 -0.00781659780443039
0.0471098099213441 0.443389099701133
-0.0118000364649285 0.379721941680276
0.202633895680969 -0.00665411198922726
-0.429087868181095 0.19949577986888
0.276726119069911 -0.207719109153131
0.137036332574535 -0.101888216447319
-0.439382718247291 0.140848463738668
0.289075846224653 -0.251697393201302
0.154729629608994 -0.00814080452894113
-0.20420516605006 -0.372931757548383
-0.319216006900298 -0.201749230601825
0.11054892567972 -0.0350403326648785
0.0614265820617405 -0.0325229332386474
0.180796478071956 0.367324751258953
0.254525028305881 -0.179618060650762
0.0674691724200774 -0.0200564633642077
0.225154078993784 -0.170663637085395
0.193857690228738 -0.139159621345728
-0.123320168913061 -0.330700199580313
0.152293837612171 0.0164311907243456
0.176481916974487 0.0284235496750966
0.237987656545606 0.0237091697832911
0.368418713836683 -0.237560189658346
0.299902918082294 0.0312763404861378
0.351750839793721 0.0283642819920659
0.230202629017987 0.363803991722019
0.0432349174771312 0.527719278626227
0.0352338496866702 0.547208839493376
0.486125699966169 -0.221403689184957
-0.030491506695512 -0.420632253760493
-0.256704684744626 -0.296422586675029
0.429216564726988 -0.189808479617697
0.238254940942994 0.250241954813859
0.204973205298008 0.232512940467889
0.224484026634978 0.240394857659196
0.337696687792638 0.0336530656826012
0.0559135570387559 0.431953189555533
0.253664635983058 0.26283764953385
0.176685818753583 0.215462570665106
-0.241666516782964 -0.228249402633148
-0.217664073746064 -0.22917755139979
0.338848612855182 -0.15601752266724
-0.00619518570089019 -0.324948444561377
-0.108124268673146 -0.255469124125537
-0.064706693716793 -0.27633293541034
-0.0749841611575483 0.287106118489261
0.245269344030597 0.101281332411997
-0.270036984432068 0.124136627379997
0.132829231612319 0.0962154133832724
-0.0462818894076666 0.325424785308156
0.536385695289271 -0.28629451195292
0.490439960883192 -0.100409522740336
0.627598076672079 0.0368871666502578
-0.0834215278550544 -0.626295830969492
-0.292482075329744 -0.198057304936947
0.259297763443671 -0.171853764295078
0.585034130219896 -0.256238169110837
-0.496809184806182 0.305329263915653
0.365411254402106 -0.29100957301653
0.274118103167616 0.0659807148116027
0.328638515662154 -0.313157974918481
0.408989910362726 0.132775513747559
0.598294957538164 0.0195620917570545
0.34730841096409 -0.11304651206909
-0.177954566031086 -0.214200233965663
0.377728231312745 -0.0462708577636983
-0.217722410548134 -0.00401894267684961
0.429935808967595 -0.0666792001894029
0.350061892508304 0.125206095854356
0.0368477715817373 -0.366360421467609
-0.0596093277394168 -0.30913967185471
0.336698870796364 0.137921552046852
0.40939933949145 -0.171730169440634
-0.0827317162026743 0.287869541261243
-0.0152135707551135 0.15229092767059
0.0476011121047089 -0.291938086877028
-0.0276065997534707 0.184288515863892
0.375790638945694 0.0247254142632532
0.268856722908111 0.0635673821898649
-0.396450474051811 -0.0353516320686978
0.224444481229923 -0.203365658750819
-0.458538924033046 0.139474482340466
0.492438887444593 -0.0462356527695509
0.00102832869818859 0.178154192588998
-0.114973530805463 -0.659644639234723
-0.523334044771092 -0.0783527511826423
0.045986276376883 0.0185360977694846
0.594894902159735 -0.312103280424363
-0.26510960774014 -0.496860201594424
-0.441812501382065 -0.216757600924653
0.576310352640156 -0.136403828217637
0.586787743609372 -0.172904338949959
0.345401895793401 -0.568020314507614
0.0215325684780836 -0.0159748161006621
0.660484948404391 0.0818035203579423
-0.212974812223108 -0.525089549395093
-0.285897034240091 0.258091353818665
0.344802345209947 0.505434293298118
-0.599045118213742 -0.0650637435556257
-0.0370271314267001 0.41468316626506
0.294501026776207 0.457780198340154
0.0837563758308824 0.711203797934378
-0.239371336954324 0.472043404694375
-0.206318182332457 -0.466598452151761
0.234161073579784 0.441136379590387
-0.406540302002173 0.0121313073848925
0.426545722108973 0.393685220792673
-0.175973937343674 -0.344995699666388
0.560285561448901 -0.222647121533113
-0.461537594526113 0.308502093931579
0.375483383213825 0.319221712003875
-0.409171364489682 0.249424408744858
-0.195389992078459 0.393090883532518
0.391750827155048 0.327535086983769
0.362725665028603 0.304302858153376
0.350384630906296 0.0930431662886258
0.158236837576274 -0.29702845120204
0.128325710972802 -0.262178598444915
-0.332337282103028 0.0760614052148768
-0.23138327355819 0.288936136114768
-0.298202305053319 0.357482971963557
-0.380399193931182 0.227641446920217
0.0681712447781598 0.462667052189887
0.288171098492716 0.167592402583778
0.167221389717126 0.371988174793781
0.446928795635855 -0.218336502930987
0.230990529259108 0.113905790408692
-0.445321248451501 -0.0114911806424747
0.140783301986036 0.415370913413598
0.47403773061954 0.0315720006961536
0.323934014949308 0.146568305337215
-0.262042635409011 -0.432837795769242
-0.652789700171095 -0.0817916834269198
0.108376518753581 0.0806269714670786
0.330497152346642 -0.414013150684943
0.00422588316987754 0.0999008875380378
0.357056114959394 0.502742086528792
-0.266443037432642 -0.58392946489604
0.0604821441643665 -0.0488648984435865
0.0688908047918511 -0.0800073196312394
0.0147200333637367 0.0356477013624929
0.335324402506779 -0.298058261898622
0.15609682099011 0.0437768513448462
0.171023263285001 0.0121990674186676
0.0665191409780487 -0.0381636676588746
-0.667677747333157 0.230879061380725
-0.465218928363536 -0.281825241440087
-0.241334430940848 0.527416579117058
0.269000795704405 -0.403258271673457
0.167766890533943 0.12087705435624
-0.0847793430931883 0.614913437324639
-0.172392606294718 0.462437445582153
-0.358253903336817 -0.435793111567552
0.265954892344503 0.308158426834046
-0.290735146134356 0.52889675353942
0.420812570562096 0.531542696844337
-0.425197436678743 -0.35155610199054
-0.186226616765957 0.387035319145331
0.160636289297804 -0.261233539561083
0.274243713511555 0.239951354076461
-0.013068563371113 -0.000818439439579183
-0.281333450537925 0.395162745833085
0.125003392569796 -0.229338532227349
-0.464594013704564 0.16782139387865
0.428631041279061 -0.262607728209836
-0.208624339262184 -0.32459617849997
-0.200097076236618 -0.331403601384641
-0.192387528183015 -0.32319509576784
-0.181826357072722 -0.301185727616625
0.105010127196384 0.189839166009322
0.0761925092338926 -0.210259850878654
0.101127827787283 0.238415285600297
0.110043743494694 -0.0942203100720298
-0.386280409386387 0.209301047569865
-0.308159956302153 0.125616995075379
-0.13269190487216 -0.214196416905453
0.139986221281255 0.0520801866162408
0.290594233754084 -0.151475622854941
0.143664919549682 -0.199092587004405
0.133517759220528 0.0741271247044572
-0.174359162645444 -0.148119117283044
-0.0961257983723407 0.17973030985699
0.0621884812222031 0.118358068657846
0.00846555581609785 0.194525217315885
-0.115283753147804 -0.0826593606274442
-0.0230158678645934 -0.139331719577114
0.169107126364123 0.00348923581628918
-0.11487049515163 0.0595278201720155
0.0245734172033551 0.151950794675497
-0.0814633509852403 -0.0332322634035237
-0.0225932244448443 0.126635890288375
0.079983718093624 -0.0281422124872
0.114506023498962 -0.0137201917380835
0.00795288546911469 0.0234137554854571
0.102262836143929 -0.00295578048909609
0.0793237573567015 0.00260395175986589
0.0187111414726529 -0.0173244256503919
0.0490957954890714 -0.00715468184661331
-0.0252878297766086 -0.00418132147261305
0.00558613986852002 -0.0432541005582935
-0.00349819729147617 0.0393126162105594
-0.0320157986068703 0.0174581951812722
-0.020884064739889 -0.073312911115556
-0.00563635096667016 -0.0193509863017258
0.0790924311098757 0.137991888015417
0.10175658271445 0.0359810431150343
0.1070178146418 0.119912141804377
-0.138967121938816 0.0936688381030558
0.12334484892252 0.136980695580965
0.0567722708139993 0.242406119322751
0.238746584832334 -0.1029472075986
-0.0847294418644384 0.031207061900626
0.13768988626947 0.193170084857495
-0.0348115433465862 -0.0478334895123895
0.135678811586455 0.215094416812369
-0.24919252335876 0.160874693667798
-0.117707878733258 -0.143075547982876
0.0272803661055208 0.355152657671888
-0.243217196689644 0.12415464417963
0.107653649290171 -0.249548812247167
-0.31926437770755 0.0627797143157527
-0.105494884556512 0.00566543282509932
-0.105645792284841 0.145431393578529
0.195716201773773 0.333619828707399
-0.202678578252785 0.145035400013927
-0.329351737037924 -0.277510591244
-0.225928419063366 -0.138752046574506
0.267310442090145 0.377951315864518
0.0239323146626528 0.538237992077597
0.312642146314609 0.358296716912739
0.0724099341573381 -0.371090866933179
-0.470690978539979 0.0863527852612196
0.465862085080228 0.168734773643465
-0.365891942956405 0.367682180494766
0.0546587604405649 0.637441061762815
-0.521344560401348 -0.112997144439057
0.549652608571894 -0.176687373489464
-0.270004464408339 -0.396055116099471
-0.11222014447992 0.0120035077463894
-0.148801262201 -0.505566442892874
-0.581949577025547 0.121840286288499
0.202564175186679 -0.610111195337097
-0.592146537455323 0.146893299841529
0.575047370194866 0.511343165446659
0.61448159869386 -0.219302262309639
0.469207391396485 0.2879509504293
-0.0380068059638024 -0.273626179151968
0.265730856659548 -0.668351819728852
-0.440254972600799 -0.51985081327891
-0.730221530103929 0.159266536562592
-0.313966466836261 0.340109251680009
0.156598085501835 -0.529466993735131
-0.755057433296469 0.0983792489995701
-0.510383243511147 -0.185734024907804
0.129615280157678 -0.583499357940906
-0.470359359552191 -0.584946283108706
0.125067614893071 -0.56574331044316
0.403435797044433 0.752076198010696
-0.514268722131518 -0.52206160331476
0.84405103198717 -0.270206450912727
-0.0195415019262723 1.04311363478393
0.343721219914578 -0.842833419996747
0.821153081640518 0.758113648378277
0.900315514703217 -0.293902526804538
-0.211936188911077 -0.938113709377546
-0.581232062183992 -0.25004586260022
0.381292691782244 0.878475861031166
-0.626831728006315 0.783840249688232
0.210754621135101 -0.669126705670371
0.421894583523108 0.846201929063104
0.886409543488607 0.858363103281686
0.391356610589755 0.973024416130573
0.218311677204552 0.964690491657487
0.670215189819736 0.303858957806896
-0.0623505581615893 -1.08289339959487
0.37993169462258 0.981127767240648
1.052382240035 -0.293753304943567
-0.935056655393552 -0.87770983196215
-0.990798301599161 0.391287515793127
-0.708675008711457 -0.37675954863748
0.0826350430437543 -0.00159581059012237
1.02778536139436 0.996308836790595
1.03299371871314 1.018509910235
0.714041631764522 0.289461426177561
-1.33329505983707 0.655366771415351
-1.33418745222792 0.663877660204543
-1.31026945853486 0.655369535239149
0.211317748855011 1.11425368088631
-0.544256418694843 -0.97063711700502
-0.521497534455285 -0.999077798875102
-1.22081217759064 0.621370563978972
0.631125800123254 1.02035771262581
0.615949019089714 -0.899080136858051
0.315065673163564 -0.64124902567415
0.598619805705761 0.95750864346587
0.61511946709617 0.879160855881618
1.09826671022348 -0.606362262523902
-1.14769907240415 0.561520619453284
0.575930368500947 0.260314124735053
-0.117272479257459 -1.23500831777837
1.21518530052562 -0.00791556724585841
-0.978257868103337 -0.00499744142783028
0.260136496171898 -0.579163976899184
-0.229821733657095 0.634776471029199
0.271337368244835 -0.616496810018987
0.318577278700079 -0.476403905094726
0.809736545090574 0.761814973803869
1.23452621275948 -0.0415469890472597
-0.220298745536832 0.595320994367207
-0.970837973482489 -0.230856744395729
-0.427154746635766 0.464909713588698
1.19135559551981 -0.0430657297421813
-0.512220292525148 0.470888010147028
0.351944228697993 0.760220776364969
0.232225662442163 -0.564608811678762
-0.431321450124309 0.41072981079326
0.776376233661534 0.178903902282653
0.81398061197934 -0.237238679770936
-0.727184356589549 -0.0948208184447282
0.341534024204297 0.647313407914442
0.30778007641574 0.633719090145799
0.230119116494415 -0.248050202812225
-0.100647393775727 0.479448215768825
0.7208923300559 -0.202358187396868
0.00535915201825929 0.00872159865722539
-0.66826596124273 0.381902265803614
-0.648736341256307 0.114077041449937
-0.0320136884800288 -0.614968661092429
-0.61759075770385 0.061955170889698
0.6876821795142 -0.203082800876801
0.286644251189725 0.502470026090384
-0.000788357579587364 -0.621004339775355
0.041983801956847 0.690832481154437
-0.459436456443104 -0.0304083909581477
0.577446855722938 -0.141431655420542
0.0851619724436718 0.619355965723697
0.170015378339696 -0.163180365960266
0.42829609197809 0.371962250606159
0.41737521518017 0.363985909199562
0.151324200133466 -0.393134782541782
0.167174829497673 0.372819177502944
0.651666494614431 -0.330946857821122
0.194435541104778 -0.403497437611015
0.230477343683583 -0.413183889886924
0.439322112366817 -0.423152395138099
-0.00520896409543294 0.763974756202732
0.66893865757175 -0.158422405212189
0.192261882405101 0.551581496949872
0.942092560413714 -0.0110122690179764
0.51696987661097 0.188413361007555
-0.344693998108416 -0.628571858001837
-0.82363833237563 0.425231161123561
0.268579508512365 0.740039388488037
-0.493418949624972 -0.267518852706829
-0.833167178657888 -0.0229846524889692
0.297085164714199 -0.44125236882058
-0.38953217242385 -0.824820671527175
-0.14300888195917 -1.13083645326747
-0.947979084994778 0.284629411656
0.872730467512062 0.840374379631815
-0.277400417174285 0.714572201860207
-1.27732744900571 -0.314659080584086
-0.656885557675859 -0.363634237766499
-1.2844405336292 -0.391610500311988
-1.01286245444866 -0.0481618353842055
-0.751011329952292 -0.333129823008989
-1.10727189760374 0.389241276749615
0.312873100985129 1.06324664839723
-0.135636285486059 -0.923690587054327
-0.149988795612655 -0.959744091872521
1.20514564885527 -0.678889758361181
-1.20109811701604 -0.0112729589245694
-1.24375529696484 0.0185997335397199
-0.756407777895522 -1.12059121709452
-0.87149192817317 -0.375196832199445
0.720101798038806 0.377501060605447
-0.511369030711226 -1.17520373922894
0.177403617185298 -0.822888570674455
0.478287336290167 1.22806135193309
1.30527421531334 -0.760934783796508
-0.982929475420103 -0.428202381835625
1.01181131675397 -0.346315075056678
0.392357100669959 1.15541923004327
1.26476505906458 -0.7338656516447
-1.64588627381101 -0.40230630062712
-0.106592870183866 1.36698561490351
-0.670503116891877 0.486582829420219
-0.0974466547208583 1.37275247490493
-0.933822384177604 -0.347544772470785
1.01186272245787 1.06889169118051
-0.108684196232055 1.32448967567906
-0.286230989858222 -0.839883868413462
0.103878449184248 0.900401055079526
0.0583746784696724 0.919972782618106
0.324628954719109 1.14678201226565
0.176312321518403 -0.653714072659345
-0.530758676906342 0.360341982450674
-0.89199531993298 -1.13614055960524
0.507629310207839 -1.14039513731843
-1.18940379517044 0.00470344301680318
-0.491225587628018 0.34513117989636
0.30957031260629 1.18919802692003
-0.682739153193498 -0.994294602324641
-1.14510013412039 -0.024429393825062
0.515803080820736 -1.07085158805658
0.663214662021016 -0.23274279259089
-1.06809955535652 -0.112498938464082
-0.851441548627777 -0.364071919195012
0.631631791530508 1.05938468363008
-0.980791651010883 -0.0899511988094886
0.644013340158451 0.0137144168804787
0.0182817082352703 0.952276649268062
0.225362752023432 0.385010381268455
-0.840192801555791 -0.579401336031112
0.432613295948107 0.284019377331086
-1.46233487587076 -0.416848301054054
0.278416691492987 -0.302565339184217
0.799955057565732 1.12884537470115
0.749234926109562 -0.862615792646088
0.752782980776616 -0.899366644529349
0.716246753808992 -0.933560786019421
0.764420895190206 -0.183099311463505
-0.307684437727864 0.40769758001176
0.832742098380622 -0.231789056339613
-0.404480482447255 0.451197815058012
-0.792669886468487 -1.34037061297621
-0.833717905484794 -1.38738316868739
1.26540704531322 -0.833335740312261
0.269516494515551 1.31835696787428
0.160255310858806 -0.651560776706578
-0.760805157968688 1.1391381102803
0.295068283498973 1.33872514055702
0.571289191980099 -0.989861997239957
-1.34535578385916 -0.00132350368282904
-1.38454081393707 -0.0500759290734251
-1.65745237494965 0.783749867909
1.33591291220864 -0.81397405808443
0.604485637346636 -1.3143945021549
0.122024105943318 -0.765956611807271
-1.08472613517013 -1.37872482548513
-1.15587648027734 -0.506799586318806
1.35454622374434 0.450042834569356
-1.43153543471522 0.101794786503095
-0.695080108556202 0.502787584400161
-0.683449903253405 0.489160331581325
-1.4822546210745 0.138953389172149
0.111632157643541 -0.870576856579914
-0.145641012332656 1.64403889116408
-1.43952697447086 0.202322404162851
1.49939787476993 -0.0319905425476426
-0.492833972575593 -0.0436291174218602
-1.10069552252262 -0.434447642912106
0.0731117282371491 1.32497519384504
-0.363274216018093 -0.034230715593306
-0.525206709175553 -1.45897497669879
-0.0854055157137622 1.70771613352887
0.508883613646826 -1.37899930279221
1.28653211060553 1.31955519635267
0.569264119667371 -1.3679999544422
0.185733757936801 -1.01492460318905
-0.550393028334479 1.34934494301645
0.548689929142666 -1.3516122319482
-1.78708865787836 -0.30920405857941
-0.27332551229833 -0.00144370046085814
0.401468723587285 -0.997581203724164
1.58434489629557 -0.0201354535414379
0.326767168605191 -0.952229432545226
0.188600692232591 -0.889814378831331
0.49916347665878 1.27335765251146
0.446027492568176 -0.830456035475858
0.450812657579757 1.20276650721766
-1.47652635801337 0.738951550625018
1.23452137062287 -0.374626732720057
-0.0674087931285999 1.58689404416208
-0.217553459791025 -1.18229875640014
1.38723726357922 -0.752730176350062
-0.0935617865453289 1.61927110286334
-1.20648490328813 0.436079676365225
0.412232345954497 1.16689401897089
0.499373622975745 -0.720983225119728
0.635339797819737 -1.06011194335729
0.645901021451385 1.00956478062516
-1.20338094471968 0.0630625480239667
1.10210386903715 -0.341063706040196
0.984261583352371 1.07571194343311
-0.522177465851036 0.523343984592084
0.58406467367724 0.94927761177566
-0.352132373895125 0.758981855124642
-0.636947484511145 -0.956633937666529
-0.97066793479391 -0.900726562948837
-0.0722934883670489 1.39757573014983
-0.977270545412144 -0.855521815004259
0.313899041433398 1.0679795554308
-1.16843887697329 0.601967987885729
-0.0968602184295879 -0.00499666916223341
0.448909381583316 -0.958677946732327
-0.665178133653433 -0.921137051804203
1.05182393203256 -0.56974564340196
1.14401895944491 -0.0250197660707866
-1.01431092821911 0.0534515794846797
0.549603092754916 0.305962411392941
0.53606839693923 0.31662123489017
-0.599722037352768 0.773564539681102
-0.800073292310991 -0.78028844287952
0.794198532425003 -0.244220550150893
0.356604767450163 0.830972361163983
-0.74549084063296 -0.703178079959221
0.732408555017692 -0.231597093771926
-0.839543540356309 0.0229722061820683
0.362982645604588 -0.773432448740398
0.711466940467154 -0.202410544871492
-0.462052942051033 -0.627988890371734
0.363934023124162 -0.734954768918738
-0.863332819573562 0.418759914390539
0.297410454915324 -0.427671264406453
-0.436654893079258 -0.571614476814369
-0.616466463787803 -0.580950789942803
0.219297329604059 0.681114149776444
0.367427797602195 -0.611139631364416
-0.112883314309183 -0.619768384072842
-0.737222637781405 0.371378854654365
0.331648612158003 -0.557674848160227
0.292317668256066 -0.56749004029677
0.190133121936167 -0.313591510367605
0.665695799415668 -0.341545809548246
0.480595018127608 0.522370208568835
-0.448849326731309 -0.514372148110971
0.0868258869169852 0.491973810566163
-0.0772594052784433 -0.630748458765413
-0.190354800207544 -0.503630987828346
-0.142582032165233 0.29909150312009
0.469653329369467 -0.115045226625285
0.552349500320176 0.0167161999725351
0.213081621043015 -0.410339945263641
0.0537897988322211 -0.219391507739751
0.456567272140178 -0.0104546273969055
0.12518765616255 -0.233335827338576
-0.107882878383885 0.277480099902928
-0.112407007772087 0.243319574419496
-0.0966928597526902 0.320315542803488
-0.213721868435974 -0.332011598462045
-0.144396586030972 -0.328603055169033
0.0919193447440105 -0.251847541040765
-0.173750214221213 0.29637320462317
-0.281813216659083 -0.063119108176511
-0.249923859102369 -0.0297428911873513
-0.0211945532004527 -0.165277362478269
0.0209577584500435 0.0648890571312765
-0.130817436330389 -0.189461974712961
-0.0407933592711198 -0.00778711775047001
0.128411101969259 0.258857256303265
-0.0858052951422504 -0.176207939363266
-0.10270006849892 -0.15571934845135
0.0234244714191634 0.180107810771964
-0.180107513689359 0.101382103766146
-0.0319853873211848 -0.0687619906011116
-0.099973120033273 -0.0947056512313995
0.0566505171458346 -0.00236547236706218
-0.0240732963815201 -0.0407957009024048
-0.0961352634440774 -0.00299588851507758
-0.0615523774085887 0.09041295987442
0.0331199467441804 -0.0237566875074053
0.0189701443198261 0.0896931195094229
-0.0569269891258597 -0.00802562881023536
-0.0251492629868483 0.0294561088712651
-0.0535674968836758 0.070164715478942
-0.00119103790606447 -0.023035553724958
-0.057478604170239 -0.00936085015753389
-0.0501931629484851 0.0152898523838495
0.0272458205931528 0.0281362087835849
-0.0418912057304957 -0.0508587347573718
-0.0576226518676401 0.0163919827364744
-0.0661936079760947 0.0572930000925122
-0.080380267394557 0.0148211302688065
-0.0757175373245966 -0.0136165176323081
0.0242320810865813 0.0983056878655159
-0.15093485339453 0.0190415802782806
-0.0538740747018024 0.0520778429504133
-0.00380913088143748 -0.150134306618325
0.148699246315867 -0.130402861700482
-0.0755378842598866 -0.175129057554008
0.14665441765593 0.0598645897061399
-0.135699968254365 0.11507832608125
0.139763127569043 0.114587350193564
-0.204158539768153 0.120034296857884
0.0172161780757502 -0.231289643476987
