0.271536447609247 1.39650561233356
0.13467027371107 -0.800568331190204
-0.58886602100788 -0.811961304114164
-0.663551513492469 -0.785794269350597
1.39392707789916 -0.352417284233213
-0.083541366333915 -1.26856236454165
0.915062530807062 -0.265732264648468
0.545441177759207 1.00736664432428
1.03584396257033 0.0488518503593639
-0.62515374015975 -0.82671779301549
0.173113218088273 1.11576593781629
0.218938209185635 -0.775557584503008
-0.538658071257127 1.03328305981967
0.85853399160776 0.674302431838295
0.858702579463703 0.0414906843184535
-0.802744601351684 1.05067468622692
1.189479794845 -0.0943730586981436
0.436416462797203 -1.15720521296467
0.807842342739376 -1.21492175682263
0.385127369439672 -1.12774117814896
0.305691325765504 1.23524572426466
0.0882005996501741 0.98208625345628
0.953781457519628 -0.222186620598375
-0.725401438045905 -0.532664338468355
0.56499606255882 0.554092718622235
1.12713481872101 -0.26077500203186
0.356951725771354 0.947388420773819
0.935917536325765 0.471318930568449
0.396980985149873 0.097912806081497
-0.661751102848129 0.382665799762645
0.0547915899871072 1.00021576403318
-0.134583461291531 0.582315947807623
0.561235852616871 -0.702800796467557
0.847495811667549 -0.0234573284828962
0.843907364538735 0.0139263166932767
-0.387235788097484 0.400859488026548
0.617941382802123 -0.435055938924877
0.55208655334114 0.551683318580522
0.0782928190658952 0.343241853395935
0.813782608837441 -0.690125164652703
0.405582932878242 0.445800829402103
-0.0696305473331886 -0.28730054471188
0.42644129021291 0.0618146032836192
0.625866627821513 0.845448173045024
0.916901284642996 0.303353641751743
0.598557272549064 0.342908366985148
0.723330452088873 0.0590437785947565
0.266642135180972 0.287405660582954
0.894594300274357 -0.168424794736597
0.460065216692719 0.494285084479133
0.622874217275432 -0.405087358202284
0.717447425631345 0.0889782633336331
0.820310546947117 -0.101859807923348
0.740756819853559 0.308911811149167
0.829041946894502 -0.311208033668012
0.557670278412996 0.469706483316531
0.802916540525924 0.235680494152979
0.666837550239954 0.347006155222444
0.129911371552604 0.0250762941243454
0.328207883804094 0.431864437109097
0.0960359428084769 0.000717351079889444
-0.0483640945906786 -0.0344059973892248
0.615390972573449 -0.321718076577997
0.621827219622105 -0.10963307333436
0.0312594521785146 -0.223282725590416
-0.00478246297779619 -0.105767668051983
-0.0546543176380147 -0.02725200558435
-0.170927495168673 0.0325862466526396
0.869188386030234 0.410469116341286
0.661605884523012 -0.253143724123006
0.83841459756073 0.712175235052833
1.04536667111212 -0.398913063942788
0.724228232131161 -0.185219700088795
-0.100166494163024 -0.0281246537845288
-0.167932411836889 -0.111808442011377
0.58881003478959 -0.58435669285605
1.10926630783068 -0.635207302832567
-0.23152699919786 0.00304356775520758
0.897571448933186 -0.0799347555928388
-0.230213133620097 -0.0922625352483872
-0.169936333568461 0.0621657666020068
1.58435356092639 0.267659005084806
1.21331258089665 0.747756112033675
1.22231524985674 0.842905031395471
0.142973014336672 0.0283298898146133
0.268300958445076 1.12194605663417
0.169733286809131 1.13725979252006
1.01249882680176 0.633755665438651
-0.401245063647127 0.230779422060522
1.17304318834536 -0.194984396748136
0.980192339069004 0.671487747181319
0.452126379807434 -1.23548108665237
1.1601982338595 -0.476053848932714
-0.0839424141723445 0.29428684991068
1.14677939509254 -0.580308418593
0.638486825672119 -1.21432343124968
0.820355538725807 0.937697334287811
1.43067350540879 0.564703195753533
1.06612892197635 -0.0102955939887428
-0.284937092342838 1.13524144258087
1.04691845313942 -0.0620733817987143
-0.144569025344771 0.427804677481631
-0.416429786685678 0.355772206287702
-0.209535298727064 1.07112711313128
0.577428317656083 0.696835991188497
-0.0606046437632236 0.271974116921192
0.715687830096103 -0.751872929748566
0.584002414453042 0.682524582742953
0.536635795077307 -0.760359692186187
0.242224924727819 0.942928030949504
0.32612496686643 0.845344924717466
0.761707891917916 0.366341263566983
-0.152105419147784 -0.205043019454716
1.12083479999773 -0.32053209427872
0.0799752672151889 0.129917151250164
0.548866385123016 -0.540491689109003
-0.0818908733189815 -0.145605328325142
0.415562511338223 0.68274068437074
0.591610183551132 -0.426109167108831
0.428912189118569 -0.577062851850824
0.768125890223487 -0.105737523786186
1.02916399260225 -0.316621399100621
-0.0778090816864678 -0.0350949315476788
0.683181969127106 -0.143701591333442
0.663535206436074 -0.34321249650784
0.128272506589894 0.00147084447725684
0.351404755514651 0.47400661195205
0.66707884515779 0.443045529094924
-0.0369648300408505 -0.0435389583950547
0.728725161044887 -0.393076245383427
0.243273689696948 -0.52991455270509
0.418058000550577 -0.469148594635982
1.14957104103768 0.212133724287302
0.509512001898938 -0.0718661425594326
0.12121743103695 -0.616903870695874
0.529208431281194 -0.474364776078252
0.18553459291956 0.750457155533026
0.818435309803118 -0.59707960757245
0.994243711927143 -0.35355919791062
0.60183466217522 -0.0826687358238325
0.523317421779418 0.847133125579014
0.95077329033634 -0.329610570528778
0.287413466963154 -0.709137673944032
0.387585468858731 0.631455588415164
-0.362294390327353 0.854158678283427
0.368102650967882 -0.814192444138106
0.421246939364312 0.985429623949575
0.521623171573759 1.11353179953684
-0.397400865023395 0.256825287760028
0.778527374729395 -0.949022808693371
0.805219433024348 -0.17751395016154
-0.520452016630402 1.05356242355429
0.247447552262615 0.737026705634514
-0.225501515936422 -1.28936593531436
0.293224925342536 0.885130953975236
0.367379992876404 -1.05441425696004
-0.061031199129241 -1.39901748344822
-0.781549962191684 -0.431927103603581
0.713544261493787 -0.846964960632051
-0.836315111633731 -0.189309053206775
0.744470842632909 0.751205213598453
1.10735656993762 0.893026114325298
0.619501806387886 0.871408554862602
-0.577709444545349 0.139299578051513
-0.466857980817556 -0.298663326460972
0.446418073676376 -0.888690288918086
-0.376712783848937 0.00656572965573874
0.739369394026223 -0.311220184749086
-0.15272850175913 -0.352341932945512
-0.261451762711917 -0.290220776205449
0.425430158786773 -0.728343280904053
0.965413129725089 -0.415865815845508
0.0159891508293078 0.728602796653219
1.24158355492839 0.226181069961142
0.00586206496497689 0.790248314625936
0.166365159624843 0.577284275025504
-0.194086851358982 -0.224790164502267
0.291534068546002 -0.580647859076532
0.802548258359354 0.469468632251624
0.655487187496291 0.488535036089851
0.548221561993408 0.609059201423945
0.145846191464253 0.544272729792567
0.393670348934189 -0.445569495625797
0.272121629543304 0.515262453360788
0.514993507107803 0.00304767291525124
0.125666764900686 0.496427610718159
0.862574631129535 0.292096519957368
0.231516049797119 0.523690792223264
-0.0765368922924921 -0.0342484622955765
0.692900206330412 -0.0847945794129314
0.213427546695403 0.449146404659009
0.425269459583562 -0.122901736250683
0.403484792245498 -0.17297267296152
0.45384211039138 -0.000483476624345789
0.154658312096867 0.317712406509076
0.321790938228214 -0.0501060107697834
-0.042619960971193 0.0801255439457879
-0.0231530818703143 0.0800342033958675
0.0396933231535679 0.348866415487191
0.0411464604571388 0.387610169080535
0.179208391746306 0.374474163031102
0.364721337205456 -0.187904772533737
0.189400127023478 -0.421946521239169
-0.0564105957061138 0.534798470483759
0.230770468721261 -0.362252080823155
0.163891463517411 -0.495132093959106
-0.298125071616246 -0.0784727064094526
0.431702757237655 0.316490418859581
-0.231940810794048 -0.199695215373712
0.237434454611154 -0.103152682993922
0.105860556029534 0.26849375934736
0.104056611986637 0.299797238430422
0.0695742806080268 -0.418554179050042
-0.139993993713119 -0.0768807114017667
0.167398018269022 -0.14161362510462
0.337371771150526 -0.278274098304342
-0.00243332827512381 -0.226205544761402
-0.0815445085977157 0.235572071610014
-0.0195919572687543 -0.173381743037853
-0.109296104286021 -0.307242372333752
-0.084149379674448 -0.417566453046559
-0.0174864905208911 -0.33941551607674
0.357427370604027 -0.194880747710785
0.250291623673277 0.0212379973945261
-0.434132835824701 -0.16829525189785
-0.207456204616018 -0.21997164949677
-0.389863978118575 -0.0840669521579609
-0.351327648919066 -0.148445126574861
-0.00389576340084745 0.0826254424623299
0.0751784565894248 0.0694250655726735
0.0140293610638411 0.122401696360873
0.133344560340198 -0.0478798181991155
-0.10883215874091 -0.21440380502503
0.0575604544665612 0.275098742153839
0.218064021342151 0.0778569420870036
0.168048307279669 0.152280418567137
-0.0586792617079986 0.00532916730180473
-0.0868686070739673 -0.0126498970023206
0.134612629425165 0.000573995055563563
0.0995667723854095 0.170073686578181
0.35375047409663 -0.00526883915011988
0.503934898510605 -0.112365227594583
0.117254510075776 0.0204878195545999
0.244135679961925 0.16984636231679
0.253253591717693 0.0681793813108294
0.334128010096689 0.0621722420083993
0.234670683904415 0.0869221370564823
0.413646050445705 0.0248876130314235
0.290715351053324 0.0577722036261947
0.362559047946737 0.0426855603915909
0.412029649096884 0.084557162418469
0.393986837026148 0.0133629816271748
0.443472807620351 0.134309354026595
0.419975628140576 0.000944361803555593
0.444632051676725 0.170774391378723
0.408106934760078 0.17876116151401
0.533661482858514 0.216512813480625
0.182899302449714 0.0730806075208651
0.444793343130911 0.083836931779807
0.366288087328727 0.0587549385227306
0.436453833119458 0.286898800563202
0.431110429963062 0.282300443288519
0.504517187972048 -0.0338041550992191
0.378356334475219 0.398763971672944
0.543250018189795 -0.106489848490704
0.80327378397413 -0.198806573843056
0.515354234192388 -0.12080664765478
0.358879582541078 0.108386068097074
0.480857553999904 0.350090307029359
0.667752405814556 -0.162498612109999
0.415198913581391 0.544236350649724
0.886506327981718 -0.25761167083953
0.238231064167126 0.126345973837472
0.73419759748918 0.00514562334815644
0.799253622364244 0.125047450821269
0.636696168265358 0.57290940225007
0.322198961736735 0.0118988280896046
0.681501529079312 -0.419286865577321
0.112226725148794 -0.0643628379165722
0.0536923145860873 -0.0503304668189574
1.23891317241406 0.593793294421441
0.874045983637436 -0.29468123584145
0.991267443599163 0.200624573272129
0.741627700678843 -0.605478454143074
1.18519793246653 0.566747388105247
0.0517623558640581 0.216371874754869
0.57807974655047 -0.649149216920817
0.657332021293983 -0.488172697727306
0.75113535152452 -0.234216032418687
0.258611654454592 0.681311739075567
-0.0795043008036088 -0.255727415168294
-0.00710386517054955 -0.28550877442538
0.718656123626017 0.746430354704576
0.126620385976502 0.62699393893566
0.0308360025198192 -0.163945832705829
0.277646291922596 0.505232395787256
-0.0168464787337429 0.0749973565579511
0.894239280562993 0.164907123232358
0.0768246498423219 -0.0860477197264573
0.45060183530179 -0.125700159828684
0.087870041516676 0.080883368343663
0.0668119603345991 -0.0483327458530989
0.437455371793492 -0.0284168264477341
0.260407824235007 0.264606899960237
0.045945493653292 0.0981698066392379
0.704844698944519 -0.0433170090072518
0.38858846899255 0.188612689484548
0.495108815215795 0.120531034034555
0.145183442479995 -0.116878470923725
0.0689537151345298 0.225117639225076
0.321202965529152 0.103574796454829
0.276696090399206 0.141774036082284
0.410450490658143 0.06188205433405
0.349554603526674 0.304924527954504
0.458148115985848 -0.21656275836701
0.489600219880816 0.111479283822164
0.170145300590842 -0.149924487555957
0.339651188760816 -0.243790344939811
0.0869828039779726 -0.307389694897721
0.0567421609521952 -0.217439631702717
-0.0176029543421544 -0.232213357721883
0.519234729531608 0.205013717258876
0.0308744763470464 0.335980019330085
0.179835207081992 0.465102237773482
0.2301871061747 0.411437091200081
0.425003196547697 0.163861652734127
0.0829382582310104 0.533663611758628
0.465471675293905 0.0903592009828212
0.28027931643546 -0.548207260336656
0.128626405014822 0.340402503537355
0.410649430840276 0.141239610851648
0.237108270479917 -0.514163630912148
-0.30677598848261 -0.662597920812712
0.516743761694379 0.159623001806369
0.205315012166486 -0.710443905456315
-0.274488862965494 0.508050426604667
0.145675945089747 -0.696151223778514
-0.106637598167974 0.730170755301414
-0.133370279111404 0.60841710555604
-0.179286978608432 0.632502932321584
-0.244859350592874 0.691662716406756
0.164878418862035 -0.848207645886011
0.260582776212509 -0.861513680279782
0.562879351141979 0.214862976793088
0.586489215373588 0.226107865790818
-0.450067374386779 0.57941071104164
-0.774659782289309 0.113507527656474
0.128954701697966 -1.02528920906907
-0.239980899949315 0.956984469217848
-0.487825443367607 0.796931769923518
-0.766330490590979 0.224800557750329
0.229728699212674 -0.984654269606881
-0.8482913347797 0.878645659053932
-0.146463072426229 -0.715969936611308
-0.250354144381869 0.863157058069517
-0.0542892114940346 0.86405491671871
-0.831963035390006 -0.403949759288121
0.669768811669814 -0.28469126056122
-0.522130648760681 -0.813091343313126
0.355150897312955 -0.878949858043448
0.259401377514545 0.368956587721219
-0.0472154383151462 -0.558041585952113
0.358513419385687 0.377887957499272
-0.0962868994358835 0.532599046234128
-0.546795459059284 0.610575112856445
-0.18222208641083 0.509314049323169
-0.595466367260931 0.332249821603184
0.149894301436402 0.0218029732919923
0.506454706313748 0.171463303650761
-0.645103084833702 -0.177214692634902
-0.382727220065964 -0.338571759958932
0.158538219181312 -0.42484731838747
0.347230202046346 0.0678481654098997
0.634623763646571 0.172377303330072
0.338052525700908 -0.0114897343038962
0.0568613031164797 -0.29157637263455
0.366902898570128 0.159342276562529
0.471467009676673 0.0821241250852062
0.179948325041404 -0.329589399296631
0.0281799177936736 0.158003311526385
0.235078491892471 0.207093933387284
0.321698696630067 0.158597366793288
0.466758904505973 -0.0295097190648388
0.175438649149616 -0.24698151219963
0.207543437876308 -0.255728998611827
-0.106265259422728 -0.0510592350575088
0.139027216396399 0.142371974501267
0.137786582102721 -0.177393960306807
0.0656748880410059 0.112435065261497
0.226261812188046 0.158397065140929
0.200509935992516 0.0170394830326563
0.20492238240426 -0.026339376194602
0.17917983139448 0.0418869012688172
0.198073892014426 0.0159791125799701
0.100829933908139 -0.00521412167786921
0.232390023408658 -0.0538935535516029
0.207349974735097 0.00411916121378547
0.22618841070704 0.115696812126738
0.274238709907666 0.107705789313481
0.226163526601793 0.084592234269592
0.227937695363042 -0.0904572575137172
0.382107870779244 0.0547793004151606
0.415770491413117 0.0728097402086961
0.228548352451716 0.188870993031486
0.185108390512546 0.170467484760209
0.44869561748349 -0.0117844107474952
0.233020125889691 0.270973728717339
0.391791326229867 -0.306520351153596
0.257890485249142 0.387306718516388
0.0500077039013524 -0.378276096035546
-0.0614035717690051 -0.308206001757938
0.172236180223081 0.315170459067973
0.424545266957071 0.049732775776981
0.237169471045484 -0.356311983334933
0.0350141640430539 0.211301784175556
0.244433206755595 -0.254063343097991
0.0795392169171294 0.122579543961328
-0.0941685475470551 -0.150665896684618
0.258262700536789 0.12630807238467
0.0722965293650571 -0.115227821803353
0.0880309856522761 -0.0417733617858847
0.147383893587663 -0.0309146034418421
0.10422729077601 -0.149577369996239
0.320278667787176 -0.127665857509502
-0.0753643448600213 -0.0681442488831838
0.0610352213284913 -0.198409180370724
0.314366271199987 -0.189845347129351
0.292601103520169 0.196784075563577
0.0359933458406318 0.0522966385200473
0.0412800752941975 -0.15094070607607
-0.0923159365057967 0.29254566889164
-0.0848724664213651 -0.12946820281822
0.406250226282088 -0.00625834424298199
-0.2210600088423 0.321499666007595
0.0430686489177719 -0.265814592000434
0.277354105353287 0.0406712296752796
0.169600321762215 0.448145630368721
0.0869688968348832 0.393855040262706
0.256606677351885 0.556574135601766
0.281304513693294 0.211140100767059
0.209969500067376 0.432383016666128
0.308858843306948 -0.447675246061593
-0.0510224450292198 0.414670515758768
0.315573392350714 -0.478185717957313
0.138632255015164 0.513878981223545
-0.0138107818092533 0.397739634300531
0.361836369142168 0.0307479530984843
0.207862175280657 0.761774167535509
0.172175152779258 -0.5956296361503
0.118024872802205 -0.644602893011236
-0.0313086337099871 0.737206434076446
-0.305158320396643 -0.916708511429124
-0.033302084704467 0.724425792279635
-0.0660322755717292 0.704497972554387
0.51936131164088 -0.0231420246745824
0.750943105946993 0.255810055065029
-0.350331126895714 0.613137887652286
-0.210373230711745 0.786742520777771
0.531583878876849 0.0553698335676279
-0.515821555016343 -1.00411128463392
0.740520591197304 0.238205000130759
-0.922975223426414 0.510577058312373
-0.773231605802305 0.756855434206398
-0.480745310588102 0.290017205200369
-1.12008842531044 -0.315903210294536
-0.172500353638846 0.735222582009659
-0.364347917464127 0.335602803832978
0.0783826310832274 0.854146705355941
-0.322274910204544 0.368590338270224
-0.412105114492165 0.0806607136760647
0.622457112113992 0.276184553517066
-0.241045105897332 0.620654407262661
-0.216590155606641 0.670468606647965
0.499214671446537 0.422899283344679
0.00899302525895661 -0.62401985820671
-0.555710475390134 -0.339160062095435
0.401468001354165 -0.582447417412326
0.01330427589656 0.473339356930779
-0.0297478184314809 -0.603298029617257
-0.592658136403892 -0.249160297070187
0.306452560484393 0.250802951320292
-0.311506081186468 0.493381397697358
-0.256267331431029 0.4611028604303
-0.594184805988195 -0.146336504685609
-0.0977473330409444 0.309522296360763
-0.157024852892895 0.386397647183181
-0.0482010817714075 -0.474440224665978
0.0855310124260734 0.308346006116774
-0.0323762251757789 -0.394558923993707
-0.173581645984394 0.311253140473728
0.304217276229774 -0.319375524021142
-0.236963172770624 -0.427606348837467
0.176965274330817 -0.320660904397993
0.11461277375719 0.154144966875476
-0.249351253328208 -0.134641030065321
-0.209155738457532 0.363611029802624
-0.27132062816906 -0.0672724420531947
-0.316910423499954 0.031740408389549
-0.0837286727585099 -0.339527322783566
0.327079833677586 0.0158289769099517
0.103695028311423 -0.13159309994443
-0.250737228414383 -0.00669616848434783
-0.445997168572064 0.258069070469566
-0.00492229015026206 0.400950484069816
-0.208062231645549 0.290603648650081
-0.180074973449825 -0.374179499924189
0.0943042737252392 0.0185368256200828
-0.470998899020999 -0.444837210115814
-0.206955306582771 -0.431085777324711
-0.491105317137107 -0.287591094017988
-0.293856713794194 0.0566336606803713
-0.184253063069873 0.229426086078363
-0.660164635397639 0.148601399140219
-0.0853044856245692 0.112550586942353
-0.0903288974685228 -0.606712247004558
-0.661928892806853 -0.405841590255697
-0.143585114421055 0.0864996392307792
-0.170987075352383 -0.639519235223272
-0.611603795020607 -0.0572762254029116
0.0531792520105094 -0.0616320400063645
-0.453630451504636 0.307545776282922
0.000844728100675513 0.0496566714933166
-0.307884025394811 -0.540377902502682
-0.359875625736949 -0.495780492369953
-0.44961451239855 0.117266892221445
-0.774379442831617 0.11293839449835
-0.428556773164969 -0.435101483966866
-0.257382845478208 -0.488880291727815
-0.479554926708601 0.219744719779062
-0.797200816859039 -0.197186681958991
-0.141155366586318 -0.483064629338494
-0.409681430083901 -0.0299171716186862
-0.365041675186177 -0.480109777244961
-0.37568014047054 0.19556660129019
-0.636619040945592 -0.224858305401609
-0.609292947912939 -0.296295205451203
0.0718282273241373 -0.37172740184159
-0.277421306608801 -0.342058328474774
-0.511587342741023 -0.109434092519959
-0.215052370998721 -0.303055341523539
-0.455784346443732 0.278146868335915
-0.265045387641678 -0.412979519948352
0.0487890837986604 0.294778670595963
-0.403654118358284 -0.0865114246007574
-0.293138426527506 -0.53463967017356
-0.560577651716904 -0.219024977765585
-0.274787087425308 -0.238726403040528
-0.529260762660295 -0.0472998637570239
0.0710369948752292 -0.239757827230327
-0.651721805071978 0.152802069259341
-0.324851379362808 -0.458240781380898
-0.301866236347499 0.516460319656079
-0.387307781247013 0.0368286429554512
-0.672884558983912 0.175665124080864
-0.605593666623153 -0.500723872678275
-0.723910205635285 0.560086318465815
-0.138349792773494 -0.532386654089651
-0.743970090500161 -0.449624610513677
-0.738010962045408 -0.672646711852826
0.403713686903438 0.164397154659045
0.243218854097012 -0.838781930149226
0.441813900038509 -0.124231729746839
0.0814004256527639 0.0153023378601716
-0.287597371914729 0.810046292054986
-0.592966127456817 0.606463171665164
0.522340172552294 -0.0390299405184674
0.62518630491075 -0.0936423075479427
0.692961329442607 0.127560935283227
0.58551392963306 0.190905998015134
-1.12161714279712 -0.635959385155961
-0.992096464606058 -0.074341329801873
-0.644632823017437 -1.16271991371848
-1.04163880720888 0.842111339954619
-0.801841302281055 0.520287499230695
0.483102644142511 0.0843527232617179
0.432442378317601 0.0949076943307755
-0.253661213183667 0.856954848189823
-0.94492157432568 0.608976634196151
0.492299976599307 0.0504645545579753
-0.594782910648938 0.362459681033945
0.307629480437965 0.0491793592184459
0.398985187477004 0.0793289271355036
-1.13970494006986 -0.247403248071098
-0.7101515105672 -0.634213128240089
-0.606327101524116 -0.578763167612681
0.282545253027534 0.0530521750387789
0.0396650369718013 -0.579638502398719
0.114091743275064 -0.585567106227933
-0.192318201006126 0.257496238612389
0.402284463533533 -0.0812748105585936
-0.261726530551291 0.192620422314742
-0.176615108411635 0.150969025738769
0.036957853031187 0.611153948216762
-0.205889099799467 0.206002834598351
0.339541181019305 -0.0521053525197793
-0.146931381304696 0.17867541967258
0.273690447584371 0.427724951026904
0.0132576814188029 -0.22058681011437
-0.329359641178607 -0.158965408717591
-0.135824857923895 -0.0187194383038603
0.345155185752763 -0.34379666445995
-0.101418784839499 0.0224749578935245
0.264540917070768 -0.123981885740798
0.447136019794196 -0.237258731709475
0.380386707422933 -0.325787505455611
-0.0474573869147897 -0.0606214900894352
0.283541345000275 -0.281123751874505
0.0750464338343798 0.327211195793949
-0.0548719747513869 -0.0421336117269785
0.0948391004162777 0.309193005113637
0.23934978630726 -0.223824627198712
0.211558710157841 -0.0343345943150542
0.281379242739155 -0.176095710749039
0.436005709566072 0.259452207265448
0.111469477813514 -0.159717794645031
0.137386309079195 -0.0868023900975362
0.282393830628381 0.229339539760236
0.425264701920755 0.359327278031988
0.312373156497503 0.213456458367554
0.288158791555195 0.272640197781191
0.60208038463403 0.153844478968615
0.298630058249915 -0.14837282029756
0.554464919003271 -0.223105239365566
0.599455823402432 0.0991479827519102
0.586514827428267 -0.26664935302539
0.58898498905396 0.0933693779245793
0.160784736064633 0.317766692823001
0.429689823473208 0.47358051802478
0.774956037242986 0.512643487086541
0.335193609109785 -0.00136800608246712
1.18003013264512 -0.227772248934453
0.902965284382052 -0.198814361750935
0.929346549823335 -0.244768338782428
1.4292161751964 0.251604112270568
0.705782584098813 -0.283920493426038
0.880264912905371 -0.166432711715615
0.690629119813503 0.315228970532159
0.384814004299756 0.589196755331416
1.06142872143805 -0.0307345530252949
0.883569331950233 -0.55025648467573
0.541164678104073 -0.346184050182102
1.02589431785553 0.302535324597261
0.687199284070749 -0.504608315022455
0.533475308907413 0.36890873845883
0.480716470920849 -0.418892125911268
0.651978810235172 0.108649572944849
0.388810707279793 0.378179406177448
0.699329758533901 0.0986926670802708
0.707666731397965 0.0606927652056852
0.096839750419595 -0.630328139847921
0.733490680425963 0.21161371807837
0.0164478443234111 -0.550697790974203
0.735798764229944 0.174650979564441
-0.174484275019583 0.631691444126742
0.898160989177939 0.119801808389763
-0.182683960262413 0.744704861160279
0.748020005801739 0.509730964246677
0.855134184361899 0.0849929799388136
0.468703753798534 0.294869171261962
0.672709855946808 -0.530093512053179
0.43208917025323 0.0787431692929945
0.755595693556708 -0.436770073172618
1.07853398997397 0.416536643341804
0.713230322548927 -0.454592192550056
0.0901175036875693 -0.328018074484278
0.00685051336847287 0.161817561670874
0.646674266697064 -0.35153057181472
-0.291812896888086 -0.428105672716436
-0.128865211910224 -0.802137195939995
-0.557543128785029 0.523039183700233
-0.477127918115369 0.498048847836798
0.508133274974096 0.347839299758193
0.60777041451387 -0.652139525989577
0.188967571291254 0.620589880288328
0.905134951318014 0.170825279082749
0.641891889361328 0.356239502967775
-0.0757382853355741 0.610837578587301
-0.153546237760591 0.334289458664189
0.670196325744183 0.010306575746981
0.875313747630815 0.270001370543223
0.744786144375903 0.191627265432371
0.665095723796806 0.192560089244574
0.333635142536842 0.464150950147194
0.460094812650039 0.333242935080492
0.784161057930751 0.194693399121046
0.537490839424578 0.487221557449413
0.0174456154326657 0.595332500569777
0.940761351803299 0.223866079922246
0.485771918424995 0.615815840071359
-0.130220626130531 -0.0633563685279151
1.00001170801451 -0.0324387562187776
0.155539759383089 0.632087014418119
0.703005766583036 -0.235281228095262
0.652941098805029 -0.209920022319668
0.595446177553169 -0.172847139771723
0.224236788629574 0.523206178827521
0.517447631994684 -0.175253473319691
-0.0348587979607608 0.176814121370044
-0.0431368958384473 0.204251574378674
-0.228224521139473 0.534922247449867
-0.00738087938067683 0.540087614112801
-0.279753297744074 0.515530362896376
0.197859845712766 -0.273064981870869
0.261570822151817 -0.107916570836538
0.102349029020049 0.302677255535205
0.18464924031925 -0.259520125781622
0.14366996130153 -0.185636273897112
-0.121683885548891 -0.0764403672836774
0.272008498411851 0.249868406085321
-0.201865403955677 -0.0701186137978372
0.181299276960451 -0.301029795510301
0.068008439236978 0.40261789470128
0.0285903156979833 0.308380002537224
0.193812073630316 -0.27988939529546
-0.107209014860406 -0.0421147483144016
0.33269395004229 -0.114652841404145
0.588255713366587 -0.172980646491337
0.432273191956085 -0.0937494490301046
0.184657261028562 0.441997317392993
0.333769293254017 -0.265808762522508
0.273688869846554 -0.417401761606889
0.362434528193684 -0.370313540735794
0.285274134585637 -0.442181149304457
0.732965929462916 -0.516982728233752
1.07793609170027 0.196915063115362
-0.152857111853622 -0.0371923929799656
0.376132311661402 -0.553574861953286
-0.274952266168734 -0.0990956294749689
-0.271303358616367 -0.0223091454813603
0.0228785734484214 0.662341357125137
0.859969564820281 0.384610520372744
-0.0105409422450426 0.581947593657382
0.190556402973457 -0.495301725339206
0.238280384059962 -0.639385597725843
-0.0340611122591321 0.633429502151211
0.632322202910105 0.404260883105572
0.485591013494075 0.459088569626112
-0.472349145755362 -0.136328162937266
-0.431660690006749 -0.105753792479875
-0.339931604589692 -0.0768744083035089
-0.191907538684859 0.529692919566455
-0.0744816754901893 -0.474166643197172
0.398500685365022 -0.480715076368651
-0.38870562402608 -0.188349523165767
-0.25770951506884 0.395130231317107
-0.289688088416042 0.363449298928894
0.042860359156948 -0.434676483811146
-0.339053158041667 -0.138983391217305
0.364934283962231 -0.446491457111119
-0.0101627222934713 -0.18886941346149
-0.317494987078738 -0.099469046630706
-0.01317468859235 -0.234427794300785
0.0453877651439726 -0.0522136868565657
-0.324973112051037 -0.0942098740299712
-0.11392287316075 0.233965221095936
-0.00842990613039092 -0.309401292512647
-0.261313705462527 -0.244247024395877
-0.410172374546081 -0.188715888840709
0.466865397716796 -0.280821120634078
0.055237193900429 -0.399890846478971
0.469946401653972 -0.341184731045306
0.148302835391742 -0.355062944895705
0.23827629514087 -0.429729242223382
0.205166054937401 0.303716416518507
0.141697127017388 -0.591365195804302
0.350022253970799 0.537173365871207
-0.13997217617765 0.510026574797992
0.0397805057676288 0.554367262903547
0.334850087518115 -0.366909215463795
0.333425998506969 -0.387346755402169
0.113900905725906 0.555502819571192
0.339314335813194 -0.48348111510016
0.104383770069877 0.520878628072402
0.774209079541011 -0.281435942598232
0.417884689446689 -0.242466396941952
0.413900099473569 -0.463141621265321
0.61497199090434 -0.262936442669531
0.43287395983653 0.488493793155515
0.616143177744258 0.664379645630898
0.7526061865766 0.486022994947873
1.00816753706012 0.192902976333268
-0.233195682889383 -0.281149848572859
0.477864978394992 0.550377297501522
0.341046029990824 -0.363132076407859
0.0114083704152576 0.622958921692419
0.0119977209967078 -0.75214574547518
0.407588873627976 -0.109096397939191
-0.0972513959463482 0.655422395443303
0.420354153949085 0.726686870502899
-0.394060601442317 0.148845377625779
0.164465429075876 -0.778994646805902
0.582629096399047 0.686991893338196
0.123870235703889 0.573620578759823
0.022022002415239 -0.874179258675959
0.80160591139752 -0.728211872086278
0.632153470406284 0.687445550914284
0.474242926080438 -0.585121913273232
0.508135723312516 -0.505474232930155
-0.54178502547822 -0.0960625492776043
0.69185013881174 0.73887270478368
0.423674988456601 -0.535276667179739
0.879976966072731 0.604966185287615
0.670740735575755 -0.436171089942491
1.00665700370692 0.544164820088238
0.535663024088915 -0.331824140892038
0.294006036561544 0.61717577718941
0.0831848469156918 0.821735964846507
1.01277541163335 -0.517059665333525
0.636754198624148 -0.285955143300618
0.713915016953322 -0.170912137186043
0.385688606448563 0.597266973231705
0.902455221852599 0.277251642754722
0.405907906216904 -0.614928918910938
0.442862067040681 0.783373904773003
0.402898960203209 -0.612856557959877
0.177427133126774 0.6314382351847
0.425384494064045 0.900479375674797
-0.30328878665062 0.236581780725698
0.367768945820702 -0.706961561901798
0.647814849871247 -0.309252263937531
0.73738258764231 -0.0330300091667256
-0.292174056101046 0.14989888429078
-0.229965706179091 0.958804855019242
0.186802526142192 0.875810121544266
0.622504274289414 -0.565054588320914
0.762955632286837 -0.529694241408633
-0.200171040651378 0.895961308163045
0.938229406167295 0.497124269954717
0.106553118589309 -0.819659782492471
0.815434725389598 0.0813591412886652
0.524367093444613 -0.620542994237271
-0.368239516602372 0.738198784952418
0.911714163819732 0.0820849451509216
0.829705238039749 0.0995861936490606
-0.195749216016037 0.821140937264503
0.753131537445245 0.407964411916636
0.284185181124375 0.86953870109038
-0.445157587686626 0.511936226918713
0.598387343125147 -0.706501151972829
0.240997396423781 0.931934079277916
0.656522136051548 -0.759718592319683
-0.407094259600691 -0.528663001424722
0.986710869915642 -0.465642149855602
1.26451082804184 -0.206639726113846
0.693100796463112 1.12332573451173
0.667763765760685 1.26107887297698
-0.36290609839609 -0.658721991428948
0.628104463308735 -0.899796798044583
0.406953110280663 0.971497276467054
0.568780712319226 -0.77717008762037
-0.426885108036782 -0.661136712258846
-0.631434401086865 -0.646846238636884
0.25029510529734 0.904853070469368
0.592023324845543 0.405196720936136
-0.765507341397374 0.44237503122095
0.028969166961334 1.0411152319915
0.456646783843756 -0.829129092630632
-0.497201119525655 0.294255894556057
0.784076394425844 -0.966943456376175
0.733550312629407 0.0885012408881166
0.907031649411458 -0.208758908281736
-0.936680614366296 1.02756311232531
0.298723249771195 -1.11139326474233
-1.0323471997002 1.08438807230459
0.419878796300655 -1.19443156456495
0.550569484857746 0.606529850871053
-0.223585153865223 1.26120150496071
-0.15825823250106 -0.916168824883398
-1.49970685308348 -0.309563978866014
1.01171893351769 1.22958549481247
0.00543719609857515 -0.043204546146548
-0.682134411265243 0.0742520860625964
0.328786187982664 -1.19650338677655
0.0711993633762064 -1.38990092003354
1.81467370233131 0.370927419467332
0.199299783363102 -1.30366713291781
-0.765482657215844 0.00238440566482013
1.2144434980964 0.919703114577304
1.17079413422602 0.897187603417006
0.437125422817578 -1.0425254000792
-0.368488094138919 1.11020407075028
-0.360939679950996 1.02157135010298
-0.345326508935515 1.04275194246316
0.855038796537508 -0.755352980828593
-0.0661328579486477 -1.06474854277168
0.687069712528674 -0.972767358549848
-1.14748058311568 -0.276140311346006
-0.859513925986709 -0.240288238605305
0.530779863369612 -0.976183364066745
-1.09372890300841 0.0693140007356347
-0.482462916120473 0.740792834702454
-0.570104869868033 0.672385482793524
0.0343290421514585 0.511168662272629
-0.357864507457201 0.635607086434646
0.445379359101561 -0.842925952840137
-0.675568406997294 0.770441897147852
-0.211313196013518 0.679431737457916
0.10284227270093 0.700148371114389
-0.321868077365521 -0.793154414810409
-0.548490034559268 0.425976785682657
0.489803921263228 0.0611676167750198
0.523412306952615 0.0915724428835076
-0.0802417351595156 0.618877394647346
-0.515508527024013 -0.669968724590782
-0.421564178104209 -0.664012456414013
0.43597738743338 0.113629031283128
-0.0890006445050221 0.571397516245543
-0.336023154508889 0.369583207643195
-0.439051337040254 -0.0862987249064419
-0.235137815549002 -0.480943833105009
-0.109690289780023 -0.104870531922942
-0.423834845272372 0.189946857301235
-0.103235561305086 -0.0935794077918673
-0.674551243484967 -0.316160083020266
-0.514601887771368 0.147156001207666
-0.156836629124363 -0.164133207123685
-0.24330907248911 0.174639005550241
-0.179791546599793 -0.482509120811112
-0.162183755281207 0.358019664627392
-0.544129099172024 -0.0719439743675874
-0.409906531332453 0.313629817550934
0.137486514383353 0.117053877895854
-0.432968922746756 -0.117165115499998
-0.268856401007735 0.174564746198279
-0.0680895359779715 0.130584122866846
-0.254173013623387 -0.17319502845972
-0.368375763218128 -0.149730778470131
-0.163458358211618 -0.237650303106832
-0.123004148671959 -0.0921050637799148
-0.25312083079075 0.0423464734780273
-0.302074171361364 -0.159100865467177
-0.340947305946332 0.120289192729803
-0.441584265341565 -0.112418864373554
-0.245881157068957 -0.198636332905061
-0.416753172658632 0.00888054758468805
-0.538315511483965 -0.102996201217505
-0.497279110610288 -0.1207440104847
-0.295294282296013 -0.0892967198606592
-0.394392963763275 -0.0256295387587763
-0.382332373590456 -0.133852062669018
-0.393381951142319 -0.17620470538287
-0.353090647006336 -0.266639719980035
-0.464999218163034 0.0174273039119935
-0.502402892860395 -0.0998760102085195
-0.549874981772371 -0.0650933593606101
-0.400799440438816 -0.241093207783415
-0.479304471783539 -0.082080358563185
-0.728247360909631 -0.293785123607235
-0.385775948337878 -0.262539391980347
-0.679545077949587 0.209343490202506
-0.789270449188096 0.152160943797059
-0.598359694355163 -0.119245375369012
-0.158097236473074 0.107637070457218
-0.444108352770874 -0.436264133411947
-0.342298659009284 -0.454582996704993
-0.889418807137269 -0.478916375828195
-0.646256634913448 0.133478268691157
-0.732659892809296 -0.398359605034083
-0.322674174541044 -0.576319787149374
-0.812599659570697 -0.575247104149124
-0.0231215637336934 0.100044261235166
-0.64315825874923 0.0743161246419759
-0.203468401196458 -0.608043741882221
0.0538444461490195 -0.0739889073335374
-0.898892026090524 -0.559658064771969
0.0886925283763231 -0.0248387370722426
-0.714707070360819 0.222378038873369
-0.796218054457003 -0.747362025660825
0.191279883800029 -0.0397331459183469
-0.820557347925855 -0.81389791479079
-1.04528123565573 -0.621104290273378
-0.795944147831817 0.244590632874367
-0.879474000237125 0.141551879816832
-0.733034096757593 0.271381594298982
-0.449094416071317 0.681828189513343
-0.502888874445949 0.75621274873716
-0.317089963987536 0.902346219502556
0.29030930856851 0.103587257278652
-1.159287698797 0.642890932884356
-0.91177497443584 0.372082991182351
-0.471330532111601 0.880172626189118
-0.874316871970561 0.504843055868732
0.523545775327132 0.0430004685657519
-0.906825694739089 0.574057589801875
0.689915051630159 0.159449397935738
-1.23369471157078 0.629764582385924
-1.05882400244698 0.2331661195003
-0.122221024519671 -1.03783902865241
0.342315525053475 0.0109053953555854
-1.00457902809724 -0.901354280905801
0.349250161798307 -0.0914026505854737
0.205080042503395 0.104760467763197
-1.09889844780603 -0.584136835027566
0.0493574616570588 0.167000579832923
0.170108844342502 -0.0477037673934899
0.0304245621195905 -0.856260584149289
-0.767207951755599 -0.0862007577960021
0.320190413213343 0.0595068774748845
-0.550020357502097 0.557685551346532
-0.238719827502333 -0.720193971629266
-0.174307103106342 -0.0615323867711862
-0.00505799652929116 0.139118926953307
-0.478605248786917 0.468303083190463
-0.951133344743408 0.13677163655749
-0.614848204313875 0.156469503007886
-0.547199937658398 0.169413082563375
0.029025935698847 -0.629992654275574
-0.154948264755071 -0.157981027414447
-0.518995341632947 -0.534722495543826
-0.197800829210074 -0.464855604860215
-0.565475010859559 -0.339289518666765
-0.506128663176249 -0.0832455555143541
-0.409064935751861 0.284635631169799
-0.705871446008493 -0.0877113292638853
-0.387112697938473 0.12820771214434
-0.332986683293758 -0.320837918139598
-0.466922059714317 -0.276143000142275
-0.393512494292431 0.0985005550861602
-0.116804291720601 -0.263966870308635
-0.358225463844406 -0.41478896637235
-0.253313620340686 -0.279716568862554
-0.358727871854875 -0.280943468722655
-0.277708930636974 0.149141023152822
-0.497201801185907 -0.077267446618824
-0.289797211194941 -0.161187456810624
-0.504845422349742 -0.235685190128336
-0.194191282900407 0.00201666747203607
-0.211346657074077 -0.0900364013918523
-0.540235656768415 0.0459623272833163
-0.27026332010108 -0.0989921589222897
-0.174329712818557 -0.00548511309784438
-0.619803318395992 0.113109452673931
-0.499950546067567 -0.0802607171982728
-0.498901841895749 0.166740039293342
-0.367404488082825 -0.40691529613228
-0.0789748268067094 0.0754970425160174
-0.0511911377824516 0.0694576839746304
-0.497666714033629 0.198098352546857
-0.406279495612889 0.170699634698527
0.0782622248493658 -0.153486610957584
-0.0591713166096052 0.334418245679013
-0.465394682279514 -0.20803032894196
-0.284982554508222 0.202275735120613
-0.25628941486005 -0.305742460127154
0.127100264517021 0.0132591642775769
-0.239686267159812 0.0115288526320782
-0.0788651198859448 -0.105038036300343
-0.24130718890011 0.0784158418903572
-0.0175029244513575 0.00967791736945907
-0.195634533715092 0.025460497023233
-0.168118333543992 -0.0329370739606347
-0.114560790782087 0.0229968090013002
-0.220679368578205 -0.325671522451769
-0.0710592659141361 -0.0725160314973598
-0.017953976928633 -0.101692661617468
-0.103306732393532 -0.0276569070608111
-0.11690021702176 -0.212726315586088
-0.194284505304558 0.114639721493465
-0.134211516298589 -0.000444452969760799
-0.172112869151733 0.0643795295821455
-0.405159884407663 -0.141067550654538
-0.209016803513322 0.123157132534131
-0.260148556065374 -0.146639198218768
-0.54815942723765 -0.166631310267901
-0.292852439727828 -0.177947639429495
-0.228338069287363 0.0670686082396986
-0.184358514313862 -0.248751863897823
-0.326032370936085 -0.337884386456893
-0.1589315341497 -0.0724118617421491
-0.315291046513653 0.120381788522782
-0.359212174051169 0.01213038806061
-0.160233800835035 -0.374720349171535
-0.0567476143145408 -0.0314656236841443
0.0266055098483271 -0.0492738448824325
-0.153968350685369 -0.432440727140989
-0.60604597620424 -0.395816666469507
-0.803374519399928 0.214379524817499
-0.593693633713875 -0.485923798868842
-0.0951997223894303 0.0470411877812452
-0.123104420659603 -0.662484998072387
-0.157609553586914 -0.654928485475616
-0.590740650957871 0.225975104945833
-0.717415073581996 -0.708446058835288
-0.0267945766679971 -0.0507193524376945
0.0794190564383311 -0.10846198186383
0.112131712921763 -0.0782755007301045
-1.27620005805932 -0.30317307682692
-0.563099448947838 0.521308002281206
-0.578620343051146 0.328560248439378
-0.161772145452783 -0.727504524718149
0.156790536967673 -0.774683862719935
-0.778248926109898 -0.34593735201396
-0.204686705256812 -0.633686516075369
0.125587861529303 0.379342568030277
-0.678188250556023 -0.381549708065705
-0.385902348432321 -0.647890939983306
-0.643103469554977 -0.294950100314672
0.00197847411136558 0.200082298348709
-0.106579758062104 -0.477885720843855
-0.466805599074746 -0.0492040108302453
-0.640465139709533 -0.251378181523078
0.213935951425097 -0.273556738603913
-0.437807413218445 -0.161946903589711
-0.259696856537897 -0.391709065566315
0.0949037859711079 -0.325270269015177
0.172114014158777 -0.256983800884587
-0.338416644258445 0.0399542357529756
-0.217356689368416 -0.275400974359284
-0.244604262548993 0.146936514282023
-0.258052979831745 -0.0637869602989415
-0.183096156170652 0.0730740271907484
-0.0835693445662673 -0.145894628111107
0.00118500766125551 -0.0892325708914712
-0.0263205235251785 -0.0994854843452295
-0.043117830878298 -0.00311624100853648
-0.216715820018791 -0.0466229284211165
0.0163731082992257 -0.0266460661659682
-0.0622780606186459 0.0147501476955721
-0.0296505060680638 -0.050247259325677
0.0350764829949065 -0.0546657770225452
0.0106399954043569 -0.0167157387186639
-0.00507707676325382 -0.0792702572454677
0.0642815757380515 0.0179873266546698
0.0709070272728984 0.100458173690069
-0.152256239125619 -0.0629912131754578
0.0178892432148633 0.181379249193586
0.112120655237637 -0.109228686076037
0.162894052936292 -0.20591159079967
0.127978390470977 -0.018658898517342
0.319586010783188 -0.0202686512898638
-0.0817471995912808 0.300229923995397
0.170162254517422 -0.249908875610471
-0.0809442026277351 -0.178714749615024
0.335260773189277 -0.24961049132547
0.310084084899075 0.0826410274124272
0.554254983617786 0.182813486616444
0.0251922302227091 -0.0924243486928874
0.407433012449894 -0.246473438015579
0.419450452315585 0.265994048264666
0.167547202056074 -0.105821159500626
0.343274849245407 0.392340440037122
0.678922597583827 0.225292639801378
0.100954634018043 0.043899658167182
0.361057905481206 0.229581782738789
0.371351275149693 -0.0229649542900239
0.253859934416852 0.298569951957615
0.0443510502368445 0.042654235711292
0.283101072502162 0.0057349559504485
0.0801628478462156 -0.0163413556069762
0.0973931617267405 0.0295024495453423
0.26379757547197 0.0755773675834912
0.0351079025361747 0.0538028497663997
0.169026315819094 0.0908716791894176
0.0736536622430469 0.0238188107423517
0.153790109791067 -0.034192483763733
0.149679656801327 0.0543463395423515
0.077804968709179 -0.128267803335675
0.0602488000436717 0.103321791817673
0.224697667070436 0.0804096721398226
0.163602790748737 0.0794778851447041
0.0439624901391387 -0.0168297396517887
0.358095630274941 0.0642540388766155
0.114012094856587 -0.209248588842084
0.0149425550652789 -0.0261639787240073
0.00458910451878118 -0.142206150032257
0.238486075738861 -0.242317675638155
0.14546280090961 0.134694257746098
-0.090450769229683 0.1344923943253
-0.118797059175708 -0.250265662876841
-0.291712909562734 -0.13261973482613
-0.228871828304337 0.366035314442271
-0.321979034932611 0.277496573868654
-0.143942394272586 0.286070534496547
-0.2024387331453 -0.266851932680877
-0.106875857953446 0.127380243052314
0.0473171836518451 0.0102363748812149
0.413851615865496 -0.172633461606381
-0.550876437635199 0.10397761765959
-0.50153698512294 0.478003998540057
0.360369931941045 0.271126096369462
0.183960785796783 -0.0971910052664657
0.1887445612975 -0.0958852528288572
0.252688694602093 -0.133431823619423
-0.0953703312855273 0.596173262741889
-0.450219437864387 0.490386667502751
0.470153984917378 -0.162772850215785
-0.304489449715456 0.715230541920586
-0.994337153867057 0.295054386898939
0.373268483656105 -0.0926114481388509
-0.376479018584088 0.763013613921717
-1.37044814602244 -0.26941321357526
0.169964115820085 0.342597558215736
-1.17303470962871 0.403900667106881
-0.102009132698965 -0.979718856415682
-0.0335931529818761 -0.97389092978764
0.302960609241955 0.235290675431812
-0.401448806539536 0.755620115052257
0.331229631237472 0.131835816945982
-0.286715919681385 0.840094974886
-0.332382267368686 0.754270220228406
-0.975667192789451 0.393991009156767
-0.398449419525833 0.597608924352868
-0.867016682501857 0.365976287877604
-0.0496412431156486 -0.673603668178406
0.261727059968923 0.152739165194357
0.337397798810841 -0.0376167562031963
-0.0784766175760845 -0.578587291159061
0.209251468883875 0.112290349102922
0.398011524775349 0.0798182376115457
0.179984982555229 0.000772183718421599
-0.128730396993729 0.389010015183756
-0.532897506121 -0.303479394398292
-0.568900084484709 0.129615514910935
-0.480382629033215 0.153952708112232
-0.243400558304906 0.114574996238491
-0.631545107507801 -0.151864486216591
-0.313542023245202 0.24395241826762
-0.0111202490496598 0.115320847208136
-0.0400649816393872 -0.311514788934836
-0.257818350440801 0.0560120146085157
-0.0796512663532495 0.0100121586750967
-0.395115425057254 0.0564055341328346
-0.115762978478133 -0.241702268802616
-0.129792085918881 -0.233304150661938
-0.0649496176535383 -0.0402664293690668
-0.147867620230747 -0.0276911310218119
-0.29350612194874 -0.216670663060738
-0.208583624959232 0.010448655929122
-0.203144936779342 -0.101328438373141
-0.337147281730355 -0.15635723802347
-0.193761541813353 -0.0681084780336173
-0.218625265141603 -0.0233562518139705
-0.332852970813065 -0.0502871730612884
-0.286471764079818 -0.0930731363800497
-0.22717702404828 -0.0604981209629032
-0.317649293667942 -0.0571145200798112
-0.328653601979549 -0.126979777927469
-0.279873058998141 -0.117495391855748
-0.360393523048977 -0.0962337195579201
-0.436079994964664 -0.180462553683151
-0.569616868032777 -0.19562357031728
-0.286022821456354 -0.220726298017297
-0.399863199318357 0.0432781370837164
-0.520347246770424 -0.275497488810875
-0.63082128412394 -0.325325600430155
-0.583896599822083 -0.14837566107545
-0.856375973608894 0.0707186981809421
-0.87634996746296 -0.424172222361275
-0.743709555983657 -0.524355426143831
-0.399014190738334 -0.477192267638494
-0.227326228940843 -0.076938001254678
-0.246988818898909 -0.08145683492922
-0.773232231198257 0.271655265411788
-1.09136480093832 -0.359742693819394
-0.231273628634714 -0.0511318136266901
-0.943821980246675 -0.154332196040462
-0.820428595470556 0.3801781502979
-1.31843838576431 0.347275890250493
-0.816872772765555 0.398835821590967
-0.601506175072658 -0.853369163290406
-0.453382858442047 -0.781973106268222
-0.594018032225758 -0.786457095016045
-0.788899911397584 0.575168524941366
-0.867835381415268 0.57925701975615
-0.373012123997122 -0.880383683348567
-0.847890810701383 0.402614887266552
-0.209114666979899 -0.367087368762445
0.117683502817029 -0.470502631226663
-0.865647881061557 -0.205513289361276
-1.06091284334155 -0.484772497308017
-0.887931427533204 0.444038217654902
-0.678188904300513 -0.553489944786938
-0.76236471641822 0.462694478697705
0.167053368630265 -0.440830622055462
-0.6956498575384 -0.364433465707053
-0.397167587671584 -0.462697862114167
-0.496069699951041 -0.44012427644195
-0.407829892248538 0.402596700462072
-0.719777471428789 -0.152745185160336
-0.284785564962245 -0.378258811761524
-0.704497508382426 -0.21530619291722
-0.705931485028788 -0.193962246858136
-0.0152448729797365 0.474055376684911
-0.332807234407097 -0.451142236111028
-0.42035070132403 -0.585832285709155
-0.438732776584336 -0.602210554038178
-0.0303908155612587 0.416127104729404
-0.92912885653579 -0.359134687568823
-0.59270565535645 -0.649578680962002
-0.353741427615112 -0.435398714272308
-0.678622891324196 -0.944454795341505
-0.842052225156458 0.521101873213435
-1.02850965236295 0.0308524860783019
-1.32905741843482 0.225311114506248
0.162799897072441 0.404353733716344
-0.242317407114109 0.330145867754684
-0.957117823864218 0.255775245238271
-0.577507361984907 0.789799747449182
-0.924843498008314 -0.755486053784268
0.659262025174622 0.140006525042076
-0.747150793172885 0.063023807443253
-0.111580102988685 -0.812154696055936
-0.64427585197695 0.0141570179921671
-0.716940104425562 -0.346638290319303
0.0734096865102871 -0.343781502535096
-0.430112457862424 0.59797910095795
-0.932676366846843 0.0980143453589307
0.314891037757382 -0.346325230369176
-0.258447582452702 0.307918391942431
0.0743880159106715 0.20425861872435
-0.832172977345505 -0.471389905460043
-1.00914851577087 0.0572490549423052
-0.76010234807002 -0.0679127844235935
-0.638369304615375 0.233942990661238
-0.243264800730554 -0.254538825522918
-0.499844570780463 0.383607636107132
-0.334736893411099 -0.550156704409167
-0.236267645049903 -0.304015141423503
-0.699501182908647 -0.510536072795513
-0.466878803823163 -0.532692336942675
-0.957505880503279 -0.296712652814404
-1.049888931763 -0.36818919111287
-0.9204936573936 -0.607769204757344
0.0509923239384307 -0.351948188024119
-0.83392364992162 -0.313243279780696
-0.73234644893872 0.500779583428447
-0.870301374858265 0.542000172145265
-0.0768749808349862 -0.307401668848683
-0.98459929393084 0.00124617090842324
-0.153088193770248 0.17649024455922
-0.477677280335716 -0.618939223326579
-0.822084433342691 0.171632357399493
-0.152509036681297 -0.232776722926543
-0.579976367457586 -0.552852406052203
-0.831352981702772 -0.454924741279158
-0.0839722323111107 -0.135222779299269
-0.379574994283084 -0.655628992417286
-0.753289521571841 -0.0671489987706223
-0.191867894909736 -0.72590108822989
-0.6311066389888 0.16758939776246
-0.741191368437043 -0.103191876223172
-0.632581455341454 0.423147260035169
-0.643988994042926 0.511879642429366
-0.285322411398181 -0.755478744586686
-0.338185928611458 -0.616236024455382
0.13199108838439 -0.140614335100346
0.131723815462979 -0.13822892889488
-0.0348484918134158 0.701811682577674
-0.39176899850535 0.391851415421056
-0.0207493934823981 -0.609913242355836
-0.240915408803165 0.462517263403914
-0.256246107262217 0.415452776330733
-0.43976423699803 0.128195738557219
-0.0649197990642863 -0.533849540783935
-0.731471151908656 0.478490295896713
-0.18502114378534 -0.641029002443198
-0.596122034412335 0.320052350771919
-0.552568739098356 0.482405030875102
-0.741741227970926 -0.481782568561171
0.223179857247036 -0.0158156462078486
-0.857917970225727 -0.558811024893081
-0.116566065398691 -0.786357026116557
0.0174363224044304 0.0473675915423454
-0.682169036329292 0.013410843418853
-0.0531704966063865 0.116185132199636
-0.570747572107759 0.254249939313432
-1.0960958255124 0.390073815409479
-0.784545824622926 0.24782966773804
-1.12639918396622 0.380938934197158
0.0524989584767011 -0.0433635899215769
0.293588493224384 0.124084634636541
-1.40984941968558 -0.317791174791799
-0.971834745289161 -0.650970197825267
-0.0170169756585157 -0.875794597116838
0.254242113128138 0.0191954667631445
0.351436817695192 0.0760126834965147
0.342625160462871 0.0245848697052052
-0.0410007154757997 -0.972108921003625
0.32560700843812 0.01895068127747
0.391479568889359 0.0664996072866343
0.0581153268685505 -0.937762628570083
-0.570622995091794 0.373095906669891
0.371350003159936 0.151441476962383
0.455802843696643 0.17632578637951
0.496325082370921 0.0620665440184965
0.0865669022356079 -0.840072277968198
0.28342973872278 -0.857067945420725
-1.0793861924645 -0.265170741965678
-0.132035448830025 0.665830867578534
0.244318760094359 -0.869271647290449
-0.968837861927285 0.373252047956585
-0.464231516251252 0.46482676065513
-0.369978895550352 0.450283176619837
0.312412139738295 0.201070315663103
-0.254432045779623 0.402514723796086
0.122397054240935 -0.646939325893055
-0.537663011266104 0.439386996408449
-0.180432564735651 0.210400205386725
-0.246611856960501 0.184355085646655
-0.483553224186528 -0.411922037917734
-0.54082855098575 0.426684149081784
0.398456932335966 0.0677922825959548
0.405683588346983 0.129194694231433
-0.1552212416709 0.558125917883868
-0.588974359658734 -0.639334658826315
-0.583807446569028 -0.66134996034654
0.401670327279108 0.156631808926142
-0.163720712591541 0.679333288663206
-0.452969618050077 0.428084808969194
-0.659582928626424 0.219108356132584
-0.0411086690863052 -0.741924405349218
0.180783349052071 -0.0258729121843311
-0.486381195563907 0.540209975122274
0.29126875745739 0.0045879763326105
-0.914798017128906 -0.485057342693198
-0.824689167821854 0.10646537285588
0.165856619630164 0.0371622074588453
0.119779896336176 -0.0162711063109871
-0.251437024504026 -0.838653262091512
-0.677705645103493 0.586280934616636
-0.530345674752216 0.695374662310333
-1.21915694158117 0.302737136892557
-0.0107862174715195 -0.164337348092643
-0.974498114494614 -0.697883914024695
-0.693716294578208 -0.085520477487171
0.368478726339919 -0.198300217378181
-0.748588817887145 -0.519258864977103
-0.474971305231366 -0.833767129406435
0.289057363019823 -0.82131758863624
0.460301136997554 0.352147261603603
-0.359514022976825 0.368142543806948
-0.595259607044306 -0.820897490186305
-0.78392169045153 0.735732167607162
-0.878424007555066 -0.581066062870892
0.585212738604028 -0.107683493457922
-0.833954479452246 0.738988131222662
-0.159098770234598 -0.696272555709387
0.176052772140201 0.0257952149487012
-0.126874765590061 0.958372084315926
-0.354177397287605 0.778733096155459
-0.0714656757560237 0.892962498751128
-0.95062820707725 -0.0187286715350067
-0.4439906368462 0.784701513698587
-0.0197081484396015 -0.969500023830525
-0.811763220073891 0.602539202588362
-0.100281074354984 -1.03594942921186
-0.51482532584108 0.787483147013042
-0.818789192967358 0.410203803673127
0.197988112220642 -0.108850581317456
-0.447214011467434 0.936316603376362
-0.507093627990566 -0.962263732509839
-0.457813318013825 -0.811718395137613
-0.611945510190632 0.700328868782353
-0.691871552204113 -0.935768299309469
-0.692456710493807 -0.233157214282724
-0.463050574465319 -0.537215155422885
0.115954135754648 -0.290004829545465
0.4828525204739 0.471464596434053
-0.618706744224734 0.0651456585224166
-0.363651516101137 -0.735120563580406
0.272563070740661 -0.419501417132844
-0.551213466038027 -1.10417903879422
0.515874754578224 0.285454380006866
-1.12877154496126 0.231476841469875
-0.977484372210482 0.880173931763109
-0.872226378187468 0.0957530830719792
-1.49569630047873 -0.311750851297347
-0.635822996066523 0.833249808844668
-0.970830175925065 0.0554144454888624
-0.0698608370756192 1.0142578658773
-0.860321374204555 0.0707530733696695
-0.779403259345186 -0.0795441852431043
0.294063513631481 0.425271158613254
-0.484707354673951 0.711637438027927
-0.530774911134228 0.611009180987004
0.19153860179379 0.589919996316262
-0.369869529429076 -0.842297625623542
-1.0177797810236 -0.426659988158323
0.353593648495354 -0.96158197074974
-0.243747628443969 0.65098955310805
-0.181410366371009 -1.01116869871813
-1.08805414555727 -0.650974296446251
0.575895004309766 0.407255336852554
-1.01994001546517 0.963662840012613
-0.608559785273645 0.957353311870242
-1.39746730380765 -0.335721698202256
-0.0948759494636845 0.689528000218589
-0.566614272861785 0.975304905808504
-0.395246861827311 -0.932260423310659
0.660476709208678 1.01177316941387
0.0720833744115463 -0.693440117334555
-0.817298680603453 0.901373861033963
0.547415187638972 -0.990545685828543
0.520792931120848 -0.539545814834029
0.646198882988908 -0.943284837804451
0.439150071705334 1.02485620270637
-0.954350106434164 0.107083832923066
-0.337212199595782 0.909441092352048
-1.10639745723579 -0.280483676799223
0.133797916994143 -0.834156479322142
-0.227622368737593 -0.866470852170361
1.1066222152475 0.226896626808081
0.714844747414262 -1.05980387029467
