-1.00438306103693 0.89946305445832
-0.314564933575787 0.789111482544483
-1.29746492471007 -0.0568972652986558
-0.886873718491382 0.916953746513179
-0.925901116186619 0.770907227176886
-1.54737865870843 0.0665849355323082
-0.946784665937076 0.741418785104524
-1.45002578784065 -0.283424814894112
-0.496746101127143 -1.00353157911757
-1.50376621934881 0.158846580250128
-0.937195217085201 0.68646390968958
-1.19276969776427 -0.0579370001784792
-0.564019161252794 0.752644502478083
-1.17004180401386 0.713941611054501
-0.154930247996739 -0.927939917273689
-0.650222538755373 -0.794288397381495
-1.02832491618787 -0.0560800122365118
-0.259782675165284 0.350015953034957
-1.05512498147135 0.117175085058226
-0.545433309726281 -0.78817751731527
-0.955324667327758 -0.420763723414309
-1.14571153625385 -0.322787008454023
-0.79020592632933 -0.0881519201144035
-0.576989580596111 0.183568810206611
-0.738777687800554 0.274452125754491
-0.321823092865534 -0.50529106290988
-0.651478675460056 0.21210684438673
-0.731932494901872 -0.0611287673343629
-0.692227436183424 -0.158190208800357
-0.354399363085982 -0.38405893492132
-0.408483431402552 -0.126469693639482
-0.622726464509729 -0.0506471662055154
-0.156420565855588 0.0205524106848448
-0.0803606119930261 -0.0135217515609476
-0.345323634510099 -0.188931959047178
-0.379005879139089 -0.0388359432974276
-0.165235061551736 -0.0376054640599264
-0.212771050956266 -0.156198817279457
-0.323325069197619 0.0635091854757644
-0.219544818472945 0.00591535209201834
-0.18157057018473 -0.0452696900299935
-0.458881920500288 0.170464966533013
-0.130730733859418 -0.0482489801579629
-0.282027348608648 0.0478217759112197
-0.255591947958657 -0.145505222813671
-0.286720205124021 -0.0107892996321944
-0.184616014165897 -0.0372571206276419
-0.14385484657058 -0.105553623959871
-0.225132640796485 -0.0371414196444337
-0.171507533508167 0.0447790902073722
-0.16213868144335 -0.166518385341527
-0.240063017506652 0.10844308754464
-0.446298400673614 -0.0682576267151802
-0.132466758039435 0.115108485054406
-0.50670774957962 -0.0346634720129077
0.0739880199791223 0.0196830265816931
0.110937646348689 -0.0210007337742687
-0.0548874971563071 0.16334341798437
0.180362206417234 0.0604915791814542
0.253649832627431 0.00209399701409628
0.272844543299232 0.0674615941207626
-0.333611108907011 0.236663295653077
0.386149080442926 0.216191554606451
0.112611475942138 -0.536839712527621
0.475886042424239 0.134063403430903
0.516041134226146 0.110294884884509
0.277745490927465 0.0575708566022231
-0.0569323830771774 -0.567593599606575
0.270927966013563 0.312289882703157
-0.10896109249757 0.868835464703999
-0.453301357655105 0.263847763351623
-0.745894903588605 -0.245543667787321
-0.0338950715805541 0.604329777861879
0.00588859398406361 0.377881970478655
-0.288072576946407 0.607642175704922
-0.654262878405021 0.125350047447049
-0.626012321573965 0.0593861095344891
-0.132540223987545 -0.774386870542439
-0.862770604514949 -0.157122679996408
-0.175442824513163 0.596002281097236
-0.189174648369282 -0.932861775035978
-0.597911941636156 0.0786759203976615
-0.0146868348732313 -0.744777529582358
-0.103407436081154 0.637267392656957
0.048995677776378 -0.650346865926982
-0.238608491268017 0.793483699720053
0.156741471822631 -0.746116778647936
-0.342065907304594 0.3438324096864
0.578839459721165 0.0725938749130349
-0.38392827495939 0.502106962251062
0.319737575428483 0.023632227088569
-0.813046862536006 -0.3859255782398
-0.758859393793282 -0.365112154042748
0.206325920494507 -0.00247722811233753
-0.468707773832268 -0.660800861545186
-0.960231207341664 -0.194151311374323
-0.264541183979349 0.448933001003672
0.028016727127822 -0.569821353640359
0.247252871793856 -0.03960202853647
-0.0354390426945171 -0.417866445754197
-0.614979778713767 -0.278143553511487
-0.559592842717636 -0.34391488968593
0.140509582433797 0.148604773882816
0.0734308341257689 -0.00646355145727733
-0.532162598784667 0.369427694879123
-0.227332049328423 -0.394274677344422
-0.0349242264668711 -0.0559967563513759
0.0933758972304665 -0.0919337952511004
-0.578484509859724 0.201824103423304
-0.755725776683588 -0.305258436623898
0.106860198558551 -0.0959246310012148
-0.669935165358482 -0.270962231906123
-0.0119625557264574 0.0266512613868026
0.151169215392146 0.173362542220942
-0.48835967081318 -0.309348285615369
0.285346204307993 -0.114913409708194
0.299579883402418 -0.587621804197409
-0.244428064574766 0.498356769143115
-0.173856791656982 0.159700623914145
-0.53066107854675 -0.433321603242522
0.103524754163578 0.689031250137064
0.60949557310158 0.39774898308037
0.583951225260274 -0.301973585514839
-0.270878156482939 0.094000674053586
0.189295600890818 0.646378299101954
0.183098874169817 -0.538801255179877
-0.0941789296367162 0.479657047326153
0.0566231498566782 0.00745965730697858
0.19055568802628 -0.00827258591285884
0.324120850716009 0.100264677046431
-0.0986076832162904 -0.309109878012827
-0.118029978073424 -0.229985987451382
0.105893549843796 0.0236197935409872
-0.129000956136831 0.186572636148229
-0.0813666043498744 -0.108501807400685
0.0772261654445582 0.00328975248239716
-0.0679814282862498 -0.100445349316068
-0.140905128880907 0.11103411769471
-0.0133401794045256 -0.0657171677173563
-0.0400534121505835 -0.0497726084147114
-0.252642284647192 -0.0700075005359581
0.0814027642325481 -0.163064997027788
-0.0210647171171344 0.137686604460577
-0.16276804514758 -0.238132687583656
0.120302885624083 -0.168899415995377
-0.447918971095351 0.0918202089355323
0.220817131704065 0.306425846751275
-0.696390087505238 -0.0765481572031687
0.164817774038791 -0.457954291842794
-0.00477585206119437 -0.5407331840925
0.404610617872402 0.207578787639669
-0.416552103617902 0.0613612733637846
0.0928508824537995 0.416225027527889
-0.107855598760853 -0.426997123191202
-0.407531206502215 0.0394289682154292
-0.25623773158263 -0.164205907477738
0.337640110567352 -0.24982453075489
-0.143508513705157 -0.00878759864672791
-0.265424131668038 -0.0358662060066325
0.299831379480713 -0.294290692434893
-0.0103663020989785 0.340693297950645
0.234092416004509 0.0500330911190942
0.119855033016403 -0.134043046940708
0.25567459312343 0.0198282511639291
0.238689890298603 0.0238481275491611
0.00550201179976588 0.162016969332841
0.0874676132997018 0.124761513360037
0.25472903643416 -0.180090882112614
-0.10369122461347 0.100384183036001
0.0724188265265983 0.289200212584246
-0.125846343592793 0.0237647901841222
-0.035863118894075 0.310819501742233
0.00367799488615422 -0.194120050996019
0.274803544930696 -0.266303017148474
0.404955617973066 0.198412940923325
-0.266301800162312 0.0278442467238608
-0.0881680726359617 0.349099903341448
-0.361299427461561 -0.0374610482392278
0.183492846553363 -0.474935534402855
0.407161585955192 -0.374571148070588
0.0861886980784128 -0.364966703380102
-0.246951669311236 -0.0715789279000386
0.586511428057428 -0.412725362343716
0.125644023483275 -0.242685390949524
-0.148382971559941 -0.0412639630783917
0.170705418465505 -0.242425306312195
0.227160538847021 -0.338400379936496
0.175693178020354 -0.146228914184481
0.222715427243926 0.457219545259184
0.453650968469356 0.223853808884336
0.138671022216122 0.400442566042279
-0.437834644455496 -0.101498313586374
-0.287090117499212 -0.214315733867233
0.0830485940290809 -0.0666900004458128
-0.182092376160112 -0.216607017462196
0.0224524068546295 0.0725631327172487
0.181257278890507 0.0678605372484111
-0.102044835819045 -0.188805145817277
0.211061678002121 -0.107828756556814
0.304213084792421 0.0994554627655083
-0.102285187573473 0.0406851786127773
-0.0477045452386565 -0.164444345254856
-0.147426884365975 -0.287962939618312
0.32996387202539 -0.38119600661569
-0.298860508742851 -0.287114667788039
-0.349306075953886 -0.220593871216045
0.00451204774456936 -0.308028151092855
-0.398356667822225 -0.0249207795810104
0.105907232952522 0.499280908036643
-0.00477050921572146 -0.547512790707415
0.165429221676262 -0.397607678180848
-0.561814552791345 -0.13857892150968
0.234468607356517 -0.418021608285105
-0.699495661627842 0.10235964552678
-0.535489457674627 0.0700183465978999
-0.437386071217836 -0.0139189673733125
-0.154750619613697 -0.498252898113168
-0.0165916797509782 -0.223201147549719
-0.360276899069651 -0.212247488829986
-0.0163254976199855 -0.279929767396308
-0.136154046208061 0.270748518781127
-0.023972021260031 0.2178296704946
-0.0959526773533974 0.205333044428397
0.0970145619633537 -0.27819696297878
-0.0446307372608263 0.179880374699922
-0.247641188891742 -0.166318278690126
-0.0682601915708492 0.264389662413224
-0.130390483475001 0.0436970032515819
0.0769539859688657 0.037751249387776
-0.0815089622767813 -0.237853953665726
-0.214156604219363 0.118561081570398
0.026120684441565 0.00028346657991216
-0.0486804705446384 0.00282988108212921
-0.0280806144927916 -0.173987675580671
0.0103709046355721 -0.0475846585542933
0.0888049777077346 0.00604931561480558
-0.0239140267246382 -0.140111625356863
0.039607400636672 -0.0457009923071727
-0.0482953771150481 0.0954632150939727
-0.0478042248966658 0.0227552377164552
0.0522072326156054 -0.0702872469001749
0.169699114006673 -0.148477434809867
0.0872391507210038 0.0494467160847489
-0.152577544326305 0.058697021184516
-0.0123784431475126 0.141511950672958
0.0835430485775899 -0.200258607895486
0.119326840283273 -0.0602439427064166
-0.15252343190802 0.100465930898106
-0.0781373104669267 0.160397045859726
0.0479627429630388 -0.329855650081448
-0.232142951207194 0.524637133134537
0.493130266060874 0.200190395777539
0.205935342546153 -0.255119954261503
0.500399721816791 -0.30709718237263
-0.0761082966267017 0.524808783855936
0.79494629988096 0.0358116661352647
-0.0978435439736975 0.639997042119292
-0.549676775296345 -0.306073281878664
-0.510814198260257 0.106033034648039
0.134773099470345 0.553944329762379
-0.752929254677136 -0.0793964514426218
-0.237170178145156 -0.014307013856872
-0.767142609976124 -0.643266974612653
0.00448980486917672 0.701358324975607
0.437349345542862 -0.267855539221858
-0.52374022696532 -0.507604796533281
-0.0968767780836376 0.00876354416281879
-0.76352217818152 -0.111193291887236
-0.0895369250338728 -0.803035095064532
-0.496692948370869 -0.465946865392265
-0.134911035675825 -0.60774765118498
-0.442805643055643 0.286527388645386
0.28125163973554 -0.609546189692834
-0.400467471258027 -0.420795819987195
0.0388069554445457 0.420845762772979
-0.399472572139413 -0.368694770764575
-0.153661472815135 0.42033123053825
-0.538957295225452 -0.255601507396192
-0.0969712586544746 -0.374370167467849
0.0187423400660422 -0.323901704003583
-0.332132249838474 -0.229863450162128
-0.0517107130223705 -0.259780981799904
-0.154835168440128 0.0899719940229046
-0.149257359158812 -0.0993895891758077
-0.0969587352061012 -0.132951662839816
-0.00835166282120894 -0.0349638486106818
-0.0860006534924238 -0.0203962841154276
-0.115700013777307 0.0229766332936924
-0.0148054911056821 -0.00423619996431986
-0.0670488443061492 -0.117219083503455
-0.213685232543215 0.0603126881881242
-0.219436648375321 0.135384182486928
-0.254568007629439 -0.0994884712489395
-0.0781711649554318 0.175617503467315
-0.219216124814801 0.242572986958377
-0.0189022633995642 0.235223960508711
-0.180099852081461 -0.0137469210729909
0.0859022250938505 -0.276988705827339
-0.00873537473064523 -0.167955590358622
-0.31347567769565 -0.177043621822774
-0.0691274325654261 -0.131091752214728
-0.178989952087104 -0.075473712882153
-0.117535826208756 0.13825187271763
0.0259516139473596 0.0702129658460067
-0.0168757911527124 0.0650470234920745
-0.114779400888045 -0.0428761757879183
-0.307921099061647 -0.120941540123408
-0.0338170548516807 -0.00565727821779561
0.0482224373968144 0.0431898689695548
0.00538475092733569 0.0811470548915922
-0.0920816170084391 -0.00982968960550889
-0.00594319305444764 0.0441631214340992
-0.115539913634633 0.0267581478829244
0.0484439262594979 0.0304222164905832
0.115739868562499 0.00368847902096713
-0.1641886245705 0.0847533234218928
0.116089056088041 -0.0106267266479433
-0.107799766985202 0.103398060684771
0.110028489425547 0.173848041856227
0.188903010783635 0.0505288283105482
-0.337670848078976 -0.0896843335264577
0.123408550737872 0.094765632279821
0.0250456897433048 0.00582145871848228
0.0428357077563965 -0.233509550954316
-0.0034807477770399 -0.063675602862981
-0.119720679468181 -0.0835437549737306
-0.0641449636139391 0.0504987760987349
-0.117386600385673 -0.0608382446844883
0.00578115499051358 -0.107928615893683
-0.0424139032012417 0.0215865236221853
-0.234272290381507 -0.0108974438874793
-0.223300058682852 0.0793832190177106
-0.188274917322181 -0.0876340129643206
-0.109312523745919 -0.162008742926756
-0.0585853537538571 0.037222099637759
-0.239104538633093 -0.0690873420472567
0.0724722780284479 -0.0667630637991213
-0.167711329393753 0.114666459192272
0.0313913553035258 0.00303226626795823
0.183266358923792 0.052476082701957
0.26109617326339 -0.0426193730648472
-0.176106017994881 0.293017863695634
0.318186242174072 0.063971141848033
0.294220599245776 -0.00561274657591858
-0.21697688240575 0.346458101652552
0.323837678338961 0.000396210553128102
0.252370299219785 0.217298321701207
0.130919425435279 -0.388340558685923
-0.481845490672962 -0.0321418844943337
-0.243199925575799 -0.230097309040245
-0.0434852464211746 0.247153046107283
0.264982407939457 0.0889517697493261
0.272592292785853 0.210627803494181
0.216644756627217 0.139235191439771
0.0657253129826916 0.174462791003755
0.223085220935968 -0.0638923161795535
0.0499887058061615 -0.207178303293781
0.462045699548581 0.136723095073681
0.389124398129432 -0.153148623101968
-0.276485563017579 -0.0413779219171982
-0.216297762750328 -0.0629982888281787
-0.145725027641047 -0.00546245764512396
-0.13064230127047 -0.135171148720122
-0.0913538941363873 0.350689961319601
-0.179276882804328 -0.00821794881650938
-0.144965936218727 -0.0154807393008444
0.293671759097928 0.210406679911225
0.260296866993464 0.21838381180886
-0.00130248801009075 0.35569016523691
0.239639590231529 0.161098887636174
-0.0467005144469432 -0.295563785430591
0.306617002410214 0.271834698357666
-0.085267958616823 -0.496577759733721
-0.211107033695477 0.411867677020947
0.384380519196203 0.0390965284757189
0.418572445447075 0.104772423719162
0.26406391012281 -0.512841951998243
0.123780662212575 -0.415595477671992
0.0276176763959877 -0.459369107752167
-0.449407104120381 -0.164700032903607
-0.151075093876038 0.455161393562631
0.365998014924222 0.126498961101998
0.553086217224711 -0.0967273531102927
0.569887383544173 0.128781947801112
0.583982877939843 -0.0533735076371943
0.685265569578148 -0.00261138931210118
0.559258401327462 0.451328147991803
0.543386561824474 0.0190497584553769
-0.445328151456994 0.583076887012072
0.273608666677314 0.421618080175448
0.283624540560573 0.0648042429510274
-0.359714479001101 -0.579064653681868
0.50452071262884 -0.0458500104852043
0.414286310015435 0.447240962234953
-0.630412980871635 0.607477348183872
0.301736988761086 0.3808017567584
-0.240297166603949 0.460516331033315
-0.237768276973002 0.442772378571598
0.237112371224304 0.35028174359822
-0.60932072908692 -0.327031613663012
0.457247165691054 0.0526783339588873
-0.837559067322918 -0.0968327786114789
-0.867620816277914 -0.0759299375150799
0.443525172892444 0.344536401034288
-0.18723940639707 0.643482086615784
0.520906716780798 0.420538874675539
0.62066312725594 0.413261553398166
0.840635971738013 0.0278867097713779
0.709733446747991 0.511638385683017
0.932143876509853 0.118508229024528
0.880124030112772 0.0548104898597558
0.404983478212082 -0.77530210688783
0.777601064852021 0.493339590297198
0.708652615383653 0.0221716912307841
0.586872594919681 0.324424062380311
0.00997388289876448 -0.759752702732303
0.860870734184219 0.103598489232683
-0.649167550083616 -0.301511209175042
0.209679387498435 -0.635226687687297
-0.487267804260348 0.709833286673871
-0.310606624773717 0.515014403341947
0.794381048255642 0.215464412038592
0.226521869439572 -0.79161632063389
0.688358684644501 0.00983466771571746
0.77844212752099 -0.0392785646142077
0.46723622525102 0.396325669177129
0.142558111545181 -0.988319975511604
1.04526283106856 0.270641847408116
-1.00899450555154 -0.0913525327044697
0.70769005258017 0.311370707244716
0.657730878259755 -0.00956045426170955
0.768022253310469 0.0171191991998563
0.263165009264347 -0.735236283290395
-0.213771117992887 0.783865076773174
0.709174255797707 0.528948930106192
-0.238115368031183 -0.912841392890347
-0.911507461404962 -0.487229475484548
0.432232581001249 -1.02878297300279
-0.0382713146516204 1.1050267867705
0.368675678488487 -0.966341155076407
-0.20723362447557 -1.01674313206908
0.00556491303432122 1.06562644493165
-0.783746130659115 -0.574027906639593
1.06758897908997 0.0896749045510727
0.89527215131628 0.569383264452254
-0.0621895432887782 -0.732641416390014
0.226719031027974 1.13443841276574
0.936542788149187 0.0157373270277863
0.902252721441105 0.650528781087906
1.39080919624362 0.135836440871026
-0.928067514714393 -0.83047563346247
0.592410936309136 0.591526673683449
0.277137086519109 -0.88662731493374
1.58312098274102 0.130556501303251
1.15707446183764 -0.13174357716257
1.14120969288596 -0.0553085217506434
0.110098925275085 -1.02335913700994
1.12850142991266 -0.067036667307072
-1.31665646516608 -1.00968218735315
-0.0729789707670571 -1.63363059275333
1.02568725265384 0.873827881241804
-0.790690061711116 1.36395791043625
0.867358988461311 -1.32337972389769
-0.670539912142321 1.34675845216287
0.977578160711737 -0.24145311368619
0.49940808575759 -1.14853747960668
0.370259543175166 1.5523782264883
1.05428741883939 -1.26643539770284
-0.510080441531746 1.29653655996922
-0.891646181267645 -0.3564783409782
-0.88158472352152 -1.00377258749612
-0.828127865608653 -0.944757714387262
0.904907977945923 -0.476200638585323
-0.372548529438155 0.492641027553525
0.175714831860538 0.984388196491702
0.480962836599833 -0.84267788365468
-0.653210412361355 -0.886727005298444
-0.264161544382862 -0.461875606012924
-0.431479335485825 0.356446813704879
-0.269997276965973 0.221550314707094
0.0974653066016758 0.974558349029815
0.386354096622681 0.879801684311035
-0.469821116235456 -0.144640643284328
0.294289071864066 0.951400868903178
-0.341048800369515 0.0997474373653744
0.536475714445063 1.22972464513201
-0.263041553314219 -0.308888984587566
0.464669208963981 1.26301450504871
0.646927140625638 -0.597443969733211
1.04748500030696 0.634345477785077
-0.0453873731444007 -0.927500057710464
0.935004084246115 0.598829471099142
0.548227267510748 -0.473031996247914
-0.66082837460625 -0.139698112945005
0.51142685820299 -0.257139263034367
0.655118403748322 -0.430809164719969
0.194626315167402 -0.826478560410267
-0.303264778166427 -0.570040435509178
0.522156769953616 -0.196696461624394
-0.655472085031598 0.34470874775731
-0.726152568090045 1.0735462831562
-0.419016649049206 1.02267307311576
-0.3804260428438 1.06928366217055
0.66569473072782 -0.516110600340675
1.03852699965322 -0.545835647778731
-0.0339231753556158 -1.27606873789381
0.075691697501389 1.32586718590223
-0.0134389659293333 0.00799158897727271
-0.643609882064604 1.01155679200342
-0.0423366155341253 -1.15817737726478
0.807563586481901 0.620758300485898
-0.513093671746688 0.237410763053538
0.488568351107555 -0.537199821666619
-0.123992073204216 0.769271931599543
0.537753142785805 -0.49718191551012
-0.591270573406744 -0.671265567823089
-0.514532318912116 -0.165800814787972
0.548520874910755 -0.458977814462591
-0.0586241981276467 0.869969042932996
0.95892818936387 0.611283571996658
0.56162238447379 -0.749085563615024
-0.480591543190109 -0.295682505115894
0.746733238280513 -0.62872953478817
0.859204307595964 -0.609858379149735
-0.0307694748114443 0.793503780105053
0.778969475191161 0.557861694553097
0.24529905165486 -0.400612227137689
0.431451297466025 -0.405068853023613
0.428001083361625 0.73255236069958
-0.516287680048435 0.0656617992087946
-1.12188975807971 -0.132885031431989
0.718409552441083 -1.02330221520678
-0.30008571567673 0.978865452374637
0.319378113037121 0.736610644464555
-0.737530326115025 -0.630018350095356
-0.633072572675105 1.2579342122207
-0.00486194652365422 -0.00715391698083816
1.24028433550542 0.81113375974384
0.426525113400239 -1.06311383439108
0.0372582485328812 -1.29013603617936
-0.956505081276117 0.456203623571192
1.2055975440451 0.802696401522508
0.45617525063765 -0.985842689840386
-1.13544732839326 -0.191642884309503
1.45157207540077 0.150177496828542
0.428780139558454 -0.943741150326889
0.0521310492373925 -1.16473625041225
0.987062126778803 0.697400313730265
0.650931967892743 -0.111566476648136
0.385004291587751 0.514329881951249
0.134423672513095 0.0412781598970364
0.897133699540676 0.28093022477173
0.116494554440032 1.02066435687237
-0.418962421848622 0.922304098884284
-0.250475726374529 0.869978993576149
0.407689462847865 -0.808519336476545
0.179757014563565 -1.03204037988267
-0.0732178684577213 -0.0196909517254063
-0.823709849607662 -0.0555528297773654
1.15734181171632 0.647921932199586
-0.457830474560863 -0.348482739857067
-0.269156830214724 -0.0434308171746318
1.45366648508023 0.154449310394697
0.35975434311453 -0.644089953605013
-0.3607239301654 1.00483187259399
1.29333410555577 0.103194627560664
1.27899711419931 0.170583720520909
-0.519353964726499 0.994905099644945
-0.794095401134656 0.250680344399742
-0.577416612217886 0.210492334621623
1.14452219650831 0.718299042979195
0.856581944953336 -0.317826371288925
0.791359501618199 -0.647044620056942
0.707359736000653 -0.267821150084216
-0.440325312437321 0.269648148669307
-0.321804159150145 1.01540967287543
1.29596760273035 0.174870820237503
0.310136618407958 0.750252011840784
0.17263662130137 -0.780739465318601
-0.312687755160527 -0.467827488930612
0.211467676055519 0.0913030888889519
0.0307913293441968 0.714731503919697
0.938169969818068 0.549307689631631
0.733065755261799 -0.39339731535229
-0.526189905269003 -0.0931322940465898
0.912480617384198 0.446966753215686
0.463414635480327 -0.72150376033381
-0.568799520486694 -0.0545121279612989
0.574819956053661 -0.422479142452653
0.0165248582056401 0.721767340584178
1.00715413096006 -0.45170726668686
1.05583459765446 -0.529075253853613
0.723593591580062 0.896059505727455
0.53302184497327 -0.527769480533641
-0.370316397539519 -0.0651814135033815
-0.262419134425198 0.0470717685807574
0.704283263046233 -0.47195176072195
-0.318800581424031 0.0235549664556676
0.0905353211243563 0.741326891677209
0.0597552685374831 0.926071169539167
-0.183823170559856 0.00391734093119748
1.70611165741054 0.177788696158846
0.225561847535169 0.979061338768
-0.276325091269092 -0.0987221665756925
