0.593547778524931 1.57760151023273
0.314359236226794 -0.792739763676936
0.0101907499737403 0.802494572550331
0.775668621855578 1.17545197486401
1.29227884535313 0.207905003574133
-0.385647853405466 -0.551682726257891
0.449683530037323 -1.01497509412074
0.505439638398431 0.899345955914502
0.959735950303874 0.351255670564836
0.0487564850816114 -0.142842400582089
-0.294482072864859 -0.0268984882781953
1.010817210973 0.596212643927815
0.44808432861914 0.664579033634341
0.559695079460686 0.433938883491141
0.131818488321489 -0.833821002864017
0.806630350393299 -0.753529958495618
0.870066872806185 -0.312838711187733
0.682693871339268 0.545553441361828
0.343868007817752 0.490992141529661
0.303549580405573 0.454860845817967
0.0713259130621611 -0.572700260677678
0.427173240164624 0.375128698730589
-0.107102519463738 0.242828804655437
0.151584823325839 0.277526809654053
0.10078196478656 -0.202594700926334
0.0423839745565361 0.241694038163817
0.0873408534809999 -0.000651889076982005
0.154801346589188 0.0753139036652892
0.227310918750354 -0.19562356675246
0.0083046408128033 0.323764479292809
0.424609020855162 -0.0504167961879794
-0.158150367181702 0.121824615756098
0.163706177221567 0.0743521306154606
0.238449407470958 -0.20171382104941
0.195302188855321 -0.114933356376547
0.357257876891236 0.00155454020009802
0.11072328348168 -0.286565537015329
0.522071898255542 -0.0404062469510305
0.373718593542507 -0.162840797775664
0.167197181168779 -0.304642135876073
0.399838405772724 -0.356290399319247
0.276945530855975 0.264417368643831
0.563518625776703 -0.117570832981307
0.375692470019714 -0.179255446984102
0.322358953025297 -0.36097741071455
0.282607015007889 -0.00500796696373851
0.187772108760009 -0.515213556311012
0.491765997894612 0.123601433043176
0.271081043665579 0.241727782430732
-0.224094034932542 0.330769991091634
0.0923503655612978 0.440541129480773
0.0582197244914053 0.48788511751333
-0.59131003283237 0.215630176940735
0.308662849212695 -0.123021616544398
-0.119530020074565 0.527716972003553
0.328677337432792 -0.267955269390522
0.313806839898615 0.274099466898971
0.70909567255609 0.137989014144907
0.660175566161627 -0.25518718686237
0.242611307667523 -0.407353505659315
0.0448746050137789 0.00707023278065916
0.170927989387785 -0.0260627459877811
0.450255430914809 0.256536365781473
0.0526044080822794 0.136370976537913
-0.165262288815236 -0.306214285953352
-0.313978875255361 0.0263617187966638
0.672158394461703 -0.706869450553149
0.709380104606208 -0.473642777950093
-0.233466616602119 0.192063096777224
0.297071776795314 -0.586930399051372
-0.107115691508847 0.0315336923891541
0.502220990970424 0.47815335316898
0.942949952992792 -0.174398036483567
0.083318355162522 0.300260935295619
-0.130756246879304 -0.0848170877416776
-0.0864383979380306 0.275931273239615
0.172065447190278 0.240768042959482
0.197260599281527 -0.259650458951864
-0.406397530728222 -0.208651445390629
-0.072415995571535 -0.34560998514232
-0.0195973076257633 0.38288412287954
-0.128752224106367 -0.389105534340768
0.0862550735452502 -0.508783973294552
-0.76436058986853 0.0407968418592264
0.00471029324668902 -0.211158458379471
-0.530032677547945 0.446580172513515
-0.21630889040013 -0.456139699972897
-0.464806292413413 -0.126847491882869
0.0122612863143949 -0.00115394175347934
-0.15592764436834 -0.418424558147712
0.0884690914304941 0.0212445165222284
-0.191325169850457 0.39359032340172
-0.232513898750132 0.308875023469881
-0.376252263172921 -0.453790997349912
-0.0218296508389784 0.172373120128825
-0.302454523836966 0.159713178904486
-0.171758377934311 0.452058541643526
-0.118585637868209 -0.322738585569473
-0.0371960474986669 0.11531542463529
0.120477806214927 -0.080448481312699
0.180846878217292 -0.0657064816592103
0.025805902419549 -0.0593392850912186
-0.0280981936240548 0.0700209436047698
0.24832878246561 -0.0377253767767774
0.0640301658695811 0.0960438648523775
-0.178194557834403 -0.011561633104194
-0.0273803211965956 -0.290111010653129
-0.0458989382654047 0.24213735068664
0.0328074976054072 0.328532483068066
-0.00945820158000631 -0.345547580018023
-0.185145018110068 0.161215857584611
-0.0341391725876443 0.196314720967744
-0.276226964509731 0.0762010705667184
-0.266547073045463 0.0329425169940583
-0.300117790941985 -0.10231460495977
-0.262459050289642 -0.0532349857145452
-0.28342331821356 0.111452393410273
-0.16663825107734 -0.158626595964022
-0.101068643451381 -0.0389080018850846
-0.402149589798328 -0.0449823391121218
-0.168404186530863 -0.0482508471473607
-0.149903462015581 -0.115337479525916
-0.308481350494337 0.0741732687827392
-0.246945278141206 -0.0726431675352549
-0.324197294952878 0.199081434950246
-0.414325318177033 0.220482115931465
-0.17017824565257 -0.235197057069376
-0.101315984652023 0.19732255610203
-0.428618056993834 -0.379411704992512
-0.0969861528609525 0.367908723956994
0.0175647459941279 0.287931463986331
0.156916982763312 -0.138127569615193
-0.00924745227479807 -0.0629951086485312
-0.014159294082819 0.00464503570333891
0.0273139001024024 0.015619432552516
0.159214708635324 0.0574738781105757
0.284923643586552 -0.12698059152603
0.432529189749451 0.182657059074254
0.556833985998074 -0.0256052749927401
0.339392099818308 0.228105507319842
0.111058810225684 0.00502639328557426
0.541598035484512 -0.154911797930049
0.266531360561056 0.38307500172614
0.617834793028118 0.000997815317718941
0.0585955795827165 -0.5667877347805
-0.301386090699015 0.00588254555189353
0.221396229811584 0.00323574837355124
0.42850429769024 -0.0114350831511574
0.347386171530106 0.133986539546902
-0.107637826958992 -0.208928934517633
0.0180757832096934 -0.218471768080289
0.343183116595525 0.0785906858261662
-0.0212821035420799 0.283208295941435
-0.00540482358682112 -0.162387438818445
-0.0150590784195683 0.137473856647774
-0.0609348322858772 0.0472793875575479
0.185259180755002 -0.0697260965821793
-0.20829436480349 -0.0882924169042173
-0.0360476777997456 -0.149157475627251
-0.26047660504051 0.0122758445515413
-0.199005883940275 0.0388693505011343
-0.172186931770992 -0.0135303220430837
-0.0285012621996297 -0.00539098036073103
0.0271880487477403 0.149911744181915
0.0845021657716352 -0.144414760266308
0.0681845394784443 0.0346446996078837
0.269838665241446 0.054772020313999
-0.0366556982381885 -0.0245407719073199
0.350208860694851 -0.0215632490498514
0.297791505391064 -0.180846652037173
0.66653546293724 0.21686723681797
0.407396938970254 0.0377247469041415
0.501894406352494 -0.0172651510749036
0.400620302266093 0.0309204686432942
0.335858698046026 0.00360992973629477
0.374953002224375 0.101028765276133
0.177519930634584 -0.0829676947602174
0.294714006897762 -0.0991189026398427
0.346723853875818 -0.0158293034249392
0.228516851627317 0.0779344661381035
0.280763823037358 -0.222115436395298
0.0594167347797156 -0.295638873342369
-0.158420342371081 0.103302016715415
0.398735016682418 -0.101084472363975
0.255752322541268 -0.272370544470609
0.321620847101527 -0.259782359107264
0.313273708620453 -0.14155774370673
0.292754931373949 0.1147626273043
0.0926786580112023 0.399068782285035
0.303514178274344 -0.177302426899361
-0.0311706981164106 0.485304973115035
0.665306520746512 -0.109336952196248
-0.153897770673589 0.395080081231797
-0.206969086505685 -0.59451367804946
-0.110089264367301 -0.614845403548315
0.304418571478908 0.220757593819984
-0.375392213300055 -0.668508222461446
-0.602250261819029 -0.504340752055864
0.360426306845205 0.0369351914072117
-0.551127168353906 -0.770758727011351
0.362608655163339 0.0295118012766789
-1.12342548931442 -1.11665222672353
-0.328096070998573 1.09671025954795
-0.304683236936099 1.30308873512733
0.516502018311307 -0.141377094781627
-0.522969592013753 -1.44462324871948
-2.0891066600311 0.606016190317377
-0.245456881244908 -0.0485600734467362
-1.5563826122137 -0.615403689411494
-2.0713216877557 1.31244405838271
-2.31497646532362 -0.946434449793239
-3.02734429360802 0.204097430531406
-1.33174748352022 -0.855155795364191
-0.463668381749446 -0.253330629749478
-2.51728024251219 0.581306831033784
-1.55793762047191 -0.984117051800676
-2.43677720833535 0.541708566133403
-1.21471691959271 1.21419162972592
-0.573882990456333 0.0287688297330563
