0.711726021262904 -0.406535765583591
0.359462323728243 0.543942772932901
0.516198727376816 0.326524044630928
0.68043998885216 -0.408821933193243
-0.407520957719573 0.689446196435649
-0.556403946348778 -0.377812471688795
-0.357074407796272 -0.545861609649638
-0.635138958176602 -0.403467868919273
0.566230818824182 -0.288182295758693
0.356906526019007 -0.544735657799432
-0.183800874825157 -0.721731910002439
0.447644483307072 -0.395474212651525
0.260340901706363 0.341541693817021
-0.255190338631403 0.37965685561635
0.222513176614111 0.0993442510777713
0.18501404405221 0.195892692607621
0.166526445593808 0.235483615734837
0.0295712547187778 0.0526057701407632
0.0603316735588053 0.153421420574256
-0.19507920745181 0.316593464301892
-0.0937791556111837 0.288492186085345
-0.0608839871508797 0.129678905542353
-0.30267585572987 0.201217045037853
-0.188316624920154 0.213640225202681
-0.210222012521665 -0.0499903504740684
-0.21887699202062 0.0252775085406931
0.096371005889397 -0.206326961725014
0.0426031890355186 0.0344469625635039
-0.164462879342738 0.0184398870655378
-0.0503183882846369 -0.168387969607752
-0.113057933742914 -0.0833873973235471
-0.118323387595232 -0.128834823780318
-0.121122129958337 -0.0793341065698387
-0.140640194638172 -0.137747055280576
-0.133681218938916 -0.0420578494987374
-0.0185647815382488 0.0089759015171616
-0.116528668938291 0.0577527578942438
0.0174234271662158 -0.124710586873106
0.0479229889711279 0.0875899584565941
0.12310485122115 0.018570243553764
-0.183894020735935 0.0988892638624427
-0.142567014952975 0.0535656707832638
0.0820367983750892 -0.125781797669316
0.103737709356637 0.0571400531777633
-0.197581962107688 0.161388812064731
0.234232259747801 0.0306030970869343
0.249364727996085 0.0758334165071152
0.204398515126458 -0.112864087372395
0.341345295353435 0.0339949172619991
0.240149351375945 0.563628454175561
-0.131536189518399 0.377213291769971
-0.107829502854803 0.0433108758100874
0.14750357970646 0.421113672506994
0.353235263597085 0.208845363174574
0.0396243862405486 0.324703661469295
0.162639500446285 -0.154965365841081
0.15846076089108 0.240920497552122
-0.0133339452887426 0.330602155357055
-0.0896061759998241 0.183804544438764
-0.190540597788459 -0.0244610614107688
0.085060012878542 0.178968507281381
-0.0610073135500037 0.224654253363123
0.115572358730284 -0.104789028304809
-0.187947986617532 -0.209575202385863
0.0338161802698169 -0.0381117814576494
-0.203170409521902 0.105133979228283
-0.0242724506437724 -0.173951374176317
0.21174992540234 0.2746793939717
0.0710235801509845 -0.151049628366488
-0.152906675167006 -0.168402458216396
-0.167791263931793 -0.0943207436589213
0.0916854308348073 -0.268524411729893
-0.0400792586397956 0.333850755399019
-0.0112904125910416 -0.423723748649083
-0.0044079243430554 -0.320297417438961
-0.395812718501096 0.21905355169953
-0.444258620841367 -0.170502768117881
-0.0431093203143526 0.452424615212194
0.368503339176324 -0.229595221223318
0.36092349532021 -0.284089175012797
-0.34850772629052 -0.226173098658873
-0.350442540728318 0.433128411599911
-0.38969812212642 0.435107077201568
0.727440093689938 -0.229867029725233
0.230020722956296 0.645774258413672
-0.600524710201824 0.310061946761572
-0.582672952960403 -0.0371260522731064
0.838923201267043 -0.107020904933956
-0.331383564152945 0.453557216388071
-0.436864724013763 -0.353603869317811
0.0507407160296582 -0.556927362035552
0.0306186949098111 0.651540853383015
-0.222466730739912 0.490322171634544
-0.501389806294148 0.229682070844672
0.008266600669561 -0.505375005554629
0.45427109329061 -0.0256292332270195
0.124820146549302 0.31637634986135
0.34496663019724 -0.00542394929399162
0.0657647673292334 0.444446870742302
0.141439020715042 0.274645471143139
0.442649301667038 -0.0373598357116432
-0.125032253854964 -0.120807569148977
0.338090776582684 0.0686973380300044
-0.00440429400616784 0.135201152411254
-0.060184804317114 -0.123996414661117
0.270160060594556 0.379880497963269
0.105634769570273 0.166686451245736
0.131289957172759 0.207919007602003
0.211554823223537 0.204453494356654
0.240190103563462 0.162842706044229
0.166555248072831 0.157760754896825
0.218107587098446 0.194603219019653
0.123727367783282 0.149390045281278
0.284860861239311 0.252422865124526
0.184534231761246 0.112227158253919
0.219940127421464 0.173626952975067
0.314270972667023 0.392608385537572
0.30550049529124 0.336183454640553
0.280216436632951 0.339962873969503
0.3208452316028 0.27985727683626
0.28623121279756 -0.056254537825796
0.358972060888677 -0.0582084177554888
0.384147496953835 -0.0736417815380585
0.378899828882754 0.00612881913746688
0.338413273672339 -0.134341704135616
0.142106686225582 0.112532615853544
0.0994281842475733 0.322217621705689
-0.209030739140025 0.393852591262615
-0.10118975075415 -0.10174181169316
-0.105922149043466 0.361346917821992
-0.120155617603324 0.0528585060601408
0.312630622803554 0.0582901501224401
0.27323894193203 0.0449779079789116
-0.0379614434495784 0.618185236353103
0.0694875643762141 0.57599051725155
-0.242641282120803 -0.221779027498201
-0.0750859412742633 0.470655665079085
-0.436025601371342 0.296799059323312
-0.489069660825702 0.240875996912445
0.301770626592075 0.0707375845693435
-0.0336699365720586 -0.124765328992403
0.378698074842501 -0.0426258919945764
0.120149140122688 -0.427062680026929
-0.372664888798405 -0.133137766959712
-0.368774592937706 0.252026287379717
0.0218520921204077 0.419468561183116
-0.354709100674424 0.155609831082676
-0.04860368946751 0.284272309119234
0.122955863936288 -0.110495681429652
0.353682216109757 0.000916700104803047
0.109625537134214 -0.243147513248078
-0.279281639352296 0.0102287237577486
-0.300971407990426 0.0590069283682586
0.0200199510862706 -0.145978219803365
-0.378590476335117 -0.360047155902031
-0.390266626678789 0.0448019605606688
-0.379635816674082 0.0198897101102342
-0.121593382089873 0.127987451957622
-0.506778650611258 -0.0730838642854449
-0.53173017031335 0.0883788681310919
-0.283670769132675 -0.115869095963156
0.20896577753341 0.0470463300626388
0.0361190891035517 0.338896984192396
0.216690497619727 -0.326230964826932
0.140529919989115 0.376627595761172
0.338873101719164 0.402710627277849
0.155224020127824 0.495030363829063
0.349381626454642 -0.389087743510082
-0.0784903515543426 0.333785818649907
-0.127959765693125 -0.0817513701965061
0.635473693371707 -0.145948062208384
-0.61828218429821 0.286436182492513
0.630698040194777 0.0268074942475534
0.484845450434825 -0.322259856856128
-0.240347789382123 -0.197365484056193
-0.555072072455341 -0.274180739951488
-0.181588299172163 0.524200164506921
-0.447913155638967 -0.499331021600936
0.251344763231061 -0.475482980698689
0.0423322458004421 0.349226049607089
-0.501769213429709 0.00790247562873718
-0.490624783053838 0.0255303499022353
0.144763197332455 -0.463758726703044
0.0509931751906335 -0.473520552721194
-0.070162890372296 -0.204948169100101
-0.473019780536096 -0.0876205277990839
-0.389604705544783 0.0592803537482622
-0.492414983487913 -0.486227865947314
-0.222561538907795 -0.321929899775961
-0.44539253076214 -0.610400203589681
0.147858846555511 -0.574761273380928
-0.744615334185987 -0.277225701246831
-0.782782021085669 -0.706227240217166
-0.264600662711654 0.190319353421792
0.220289058351606 -0.575665869898493
-0.639746767498985 -0.115886510631124
-0.957506484766987 0.0642633962157638
-0.463471146881209 -0.762325785480566
0.0566243018832108 0.275635718696682
-0.568997100174111 -0.130903934825516
0.150732728080779 -0.55904619865322
0.144002578341783 0.00322949722044052
-0.212940844525585 -0.530513845846495
-0.632018628352659 0.0858825804498021
-0.189725801900899 -0.480420363775916
0.233021635048295 -0.226131101402492
-0.428132400937592 0.101345677562241
0.209138266904981 -0.161379660782626
0.189986689291592 0.108919738410308
-0.169629635564816 0.218820142501224
-0.024925169448695 0.272228027336067
-0.0116873485105429 0.279013606994965
0.170278915477962 0.128372426140584
-0.0532254565175853 -0.0233103867008809
-0.108753846961116 0.0876205482096906
-0.0292173778734523 0.0711736580538279
0.266262144940045 -0.0715148073385464
-0.104266173325875 -0.111290848727793
-0.117557067764432 -0.134600434708008
-0.0556733917421454 -0.162088998263814
-0.0393572275033447 -0.0425931341823367
-0.0629400796715171 -0.0963033575434982
0.0934700007604054 -0.0408629615138877
0.0108101641751412 0.0276494680469061
0.138660641871746 0.0939269350554722
0.113388790528974 0.13067666895009
0.190250734300364 -0.00405567080474943
-0.241256609630706 0.0321858098612634
-0.145932757116226 0.148705617156719
0.0452040848896127 -0.13213716778481
-0.0497212338575204 -0.32190837939453
-0.0896239156062019 0.256620451041356
-0.383184951458838 0.152730949909733
-0.27183881249854 -0.0601614851128043
-0.0810998253137351 -0.0776322222604191
0.434188184871431 -0.177666541282336
0.410008153586374 -0.199527132927452
-0.290087035261526 0.00302415184488766
0.455777873796225 0.357334726474133
0.530791388202278 -0.188175566517953
-0.119842309051481 0.464867463991585
0.405027280057733 0.262632797163154
0.254565567913312 0.318707951812523
-0.5975785049224 0.413846839713044
-0.127186602823335 -0.519774634908403
0.206320660092709 0.568918022181013
0.0580500282791387 0.647575007432016
0.811828003501222 -0.221995860479564
0.468707547462782 0.388277853132424
0.862224611834444 0.365767220084382
0.533069083547907 0.75161331235205
-0.0646055538046058 -0.778941564734297
0.562773128151836 -0.50795074261128
0.792791763091955 -0.0834979414210061
0.471598241497184 0.830897297050382
-0.83842811920117 0.0109756105385279
0.233230264610478 0.286532649650356
-0.0534501061139207 0.974864379056809
0.684250819271991 0.442780224019212
-0.106057949102627 -1.06742515823669
0.614958702875002 0.511243200143178
0.984897883525928 -0.399609339499795
-1.03556198328415 0.515902499377367
-1.02084512589538 -0.847943641465697
0.837767918350928 -1.00997467454322
-0.557468858780766 -0.989925010854739
1.09244402851082 1.0987087798694
1.39661120492434 -0.50997470020943
1.01110939323182 0.955092688250505
-0.67702313436227 0.692982796675158
0.114379645542085 -1.59773498389181
-1.59274353458826 0.461049247683776
0.93879496929702 0.424633725440808
0.672154155075645 1.29660858860326
-0.478191399261352 -1.54743709971767
1.26670482287048 -1.08140768270156
-1.75346103723158 0.0648068906299033
-1.23666961860148 -0.711909387602394
-0.597602388102328 -1.74185773562437
-1.01375754670407 0.973876322600096
1.29587316371542 -1.34116566994379
2.02578271287577 -0.806896469316016
1.66098744203251 -0.765578934671955
0.966184411882615 0.556354587195419
0.90248908807539 1.32232336688084
-1.26517418350287 1.24515265258324
-1.93684577439905 -1.466751292756
1.44957448291176 -0.799113897323945
-0.592073022204083 1.57291437809476
-1.2764628743675 0.118102186908396
0.0596869597132652 -1.94800273424796
-0.562298041094832 0.82059940065786
-1.12182200568969 -0.0586480497928209
-0.91315941512538 -0.590000327953131
-0.172001282570832 -0.942351671968099
-0.162943883308054 1.68268353211
-0.926126428736634 -0.201669448539352
-1.14924345056728 -0.377375262615833
1.26304781886744 -0.147098530198271
-0.258264553875906 -0.712245792645876
1.5715610734642 -0.20760685782006
0.18624404427654 1.31974186654194
-0.708490555477179 -0.630558649355028
0.326970139287755 -1.15844224447421
-0.651443949356051 -0.628929649844929
