1.634458911287 0.305717110136517
1.59252434840947 0.451390817259617
1.04978177936126 0.243770560220492
0.729079519049189 -0.167248995167897
0.538420199242061 0.512037796535518
0.987459488454388 0.420993672889607
0.685430569571875 -0.0896436192004726
0.76896527278796 0.00472137958250083
0.610853576834251 -0.0260169017717807
0.526872983336155 -0.00854720317718272
0.603049145279919 0.115368246328326
0.609695153763935 0.0647195706395052
0.867370407741849 0.00192275976925724
0.843114778451034 0.13720943294161
0.78348460826855 0.0587798129075454
0.224580975959387 -0.0648507772340281
0.474283375968578 -0.449889034977971
0.957220944217832 0.335858074288558
-0.234207142664326 -0.193118548394
0.455903115069732 0.645732989381192
0.259754313808668 -0.569401991467312
0.112701217502255 0.683723228983816
0.65331198623039 -0.16285107827434
-0.224330253476417 0.174834588220834
0.124235777394971 -0.643729892940129
-0.171512178541967 0.296502058425974
0.578783598390268 -0.270467307531836
0.140318812276694 -0.689912339962532
-0.521971246677448 -0.221394370032583
-0.345184840762151 -0.715062157672438
0.850473946462951 0.268401339920588
-0.219216964509716 0.358589353350158
-0.176634604186041 0.670030776818896
-0.348445187873396 0.131784669244726
0.208628309072802 -0.222608990467875
-0.00448067464046999 0.119103779079484
-0.709337989752187 -0.240774831352563
0.239579896930485 0.208437298732931
-0.425487614766008 0.418189567739445
-0.280400882677265 0.239633322364984
0.027333242455796 0.0976086631764233
-0.388498395535944 0.474945792885008
-0.377428318749807 -0.153100544793837
-0.330387330456903 -0.0881918715528658
-0.637058819037733 -0.162645255578993
-0.298613397450969 -0.45056565069225
-0.749444910707117 -0.125707611284284
-0.489662599797383 -0.138557263775389
-0.598511612741929 -0.052195646119594
-0.564319557881477 -0.0310925583949951
-0.571961161520018 -0.0956090004421029
-0.619907053231043 -0.175517115475483
-0.306718160061946 -0.257781335839832
-0.514667080547097 -0.197310794315807
-0.252279781635819 -0.0468543346301658
-0.218461504767791 0.00730164792605733
-0.172138448473656 -0.0516324120011774
-0.187586417304182 -0.131116424511251
-0.173335391518065 0.042030220695375
0.0119576792705125 0.0186998470112647
-0.462427737263561 0.210056972074111
-0.442255412402563 0.10204501378201
-0.183141346334957 -0.25799291689255
-0.0340110820993453 0.117444933724823
-0.274624290621675 0.150391392701523
0.0878072917255592 -0.0663187761055695
-0.354818303049042 0.154776332564863
0.312795251348123 -0.14244427518677
-0.428445138437921 0.297385149857932
-0.671075284545332 0.294284790525886
0.0461714858710996 -0.553542638282832
-0.874142034009153 -0.135495068293875
0.400033908156995 -0.0939228072765564
0.394128575850326 0.0910824343345855
0.118579061325033 0.566064678148094
-0.486164167906057 -0.110800607241724
0.304638809052742 0.339194655441451
0.405058569978507 0.15945990832862
0.428745515276781 0.130911473076531
0.463587967553798 0.0379624714983162
-0.0195487323116873 -0.0607837678696514
0.0311653166024759 -0.0155512313354935
0.124530574756624 0.0376833548390648
0.0840288108831745 0.0633486443487111
0.292855426342242 0.24669325263931
0.584053834521333 0.0256923501816397
0.297928542425493 0.000691000447393103
0.34848927711427 0.239188616149587
0.271561997317215 0.211131338414892
0.111468473965232 -0.0134698531097583
0.121310274165345 0.253824398844391
0.317865980252537 0.00614676170007849
0.142400851713599 0.0886685786909481
0.154856374748096 -0.160681086024097
0.0880638918241172 0.267558462534479
0.0339795018160701 -0.0262832371299492
-0.0284879618573701 -0.00812711814911676
-0.047277542700235 -0.0811408460022716
-0.236087625518699 -0.166770660355503
-0.0494789733692888 0.266342889604348
0.192159023293597 0.00860572617157043
-0.364857188838362 -0.205521379554148
-0.108433096491938 0.143526653190181
-0.186815071085066 -0.385498480583704
-0.182705380782709 0.22285395770043
0.196393235611189 0.189103699946779
-0.37402379671778 -0.653656120320511
0.113828408513464 -0.222321321886138
-0.0614123416004155 0.173500059343586
0.0193634312827047 -0.0226422564472769
-0.473727830562431 0.327416143475859
-0.761783016279509 -0.349535586731049
-0.755183400438252 0.176240883792479
-0.397180719991054 0.0476013867176054
-0.228191001085884 -0.462825387546319
-0.282527837969047 -0.371573888977217
-0.364844563627369 0.0908733034464655
-0.304676187774875 -0.303197162322817
-0.469078930539222 -0.288284388965446
-0.447917550348612 -0.274459475502274
-0.198979111143002 0.0293110908905978
-0.453327663335804 -0.225479005049129
-0.343627100398533 -0.3542500206323
-0.311187288749115 0.00017093528837462
-0.38620491106797 0.174066359565767
-0.641872189584613 -0.544023732442433
-0.920952161260962 -0.193964788731835
-0.455963669705903 0.382371235427629
-0.48155938389599 -0.541719315144278
-0.508342139387032 0.346340392163473
-0.534001748170293 -0.50581311430302
-0.921258282620091 -0.306114929295697
-0.66899408636989 0.507497472138229
-0.725451716780064 -0.0369398300616753
-0.367219528166415 -0.101247022195143
-0.609814647169227 0.0865942959867736
-0.08577447457516 -0.29939848112374
-0.149311023138132 0.40332945991283
-0.653888661538923 -0.272488115006874
-0.354819254591666 -0.499147463717236
-0.766486829119802 0.227065615234617
-0.70608903709265 -0.415264282691487
0.621735750049199 -0.327227654036379
0.390241758281773 0.507302373838444
0.244381248540073 -0.321309850635694
-0.488109490317886 -0.839553208779245
0.0514223331842708 -0.663761565946444
0.377441431013255 0.196640609632601
-0.0228935694915608 -0.790097573776104
-0.255549207979986 0.442750814227825
-0.725896150587075 0.263578051489297
-0.502882360796735 0.376368871234724
0.117644018895622 0.189090424076905
-0.207010003863724 0.378341845428983
0.255065474161815 -0.463256134718808
0.0260862149351254 -0.541671729359006
0.367324453315666 0.0244343609864866
-0.0773430665341731 0.211996982562318
0.216058610949829 0.265841107261294
0.334309937070072 -0.122128433376301
0.438058716687408 -0.284015474842824
-0.0556955338500997 0.564433851493026
-0.421779036996608 -0.0129419340466825
-0.292009776155379 -0.0561931730545561
0.297170559149612 -0.396933364848122
-0.122152151938475 0.375969312043998
-0.227284853547438 -0.116840977545148
0.0985279496408918 -0.259920587150301
-0.497865557148447 -0.086368399053318
0.236288300293456 0.0362084168501641
0.130239615260139 -0.0897180491998798
-0.0525406183264029 -0.336840898390053
0.00147672236703116 -0.0925770208408954
-0.101887357936503 -0.0767628839086147
-0.0481671324857832 0.0530361272059712
0.0146356039813219 0.142717293729644
-0.0549122035258721 0.0691049210728116
0.116134979050309 -0.310206406879823
0.0329756427287336 -0.397804408125818
0.1975731098383 -0.162908917608233
0.280514961816354 -0.204209004905029
-0.555114696572124 -0.138199862604834
0.135334079746562 -0.336593261355854
0.700489224597053 0.250103879354594
0.295428958439628 -0.476973449615289
-0.0753646176670729 0.603470190848308
0.787931581928496 0.427088414897753
0.135095429468351 0.790882634486984
0.272872444525668 0.776443633802092
0.267852835872914 0.884596233835064
1.66309360896493 0.462311867694138
0.597630954116613 -0.883306658346709
0.309432459893196 1.06665032842727
-0.17387460979909 0.0053020975219437
1.09498669529311 -0.69441537852374
0.463189342564508 1.28422218708629
-0.209477523179615 -0.00849758451889794
1.3386382432689 -0.852590662593489
0.373570507525501 1.66874037268256
2.44935751507948 -0.728221134131469
-0.150554471211409 -0.077883804883829
-0.0557740736251582 -0.0375718760409811
1.60956560584024 -1.25288625777036
-0.914369009305757 0.363402894259507
-1.28884660201186 -0.321787844907921
-1.15163038061819 0.470526818751512
-0.360797083300537 2.44419134480452
0.761074017680556 -2.3050080419361
-0.935889377012736 0.69098460188737
