0.138647495635289 1.9149205890958
1.29787639981611 0.0497224081152278
-2.42853934836851 -0.154522928969131
0.980660290856228 0.067744814467012
-2.16548321250695 -0.05381967446176
0.96940952670832 -0.0697107744919066
1.00751629629978 -0.187489605040661
0.995839073447383 0.143690527903205
0.835438287995591 -0.0613947591882189
-0.168904609406858 -1.16898710799795
0.0433017554038399 0.987201999938814
-0.863031946716005 0.828343055799254
-0.773465396958499 0.64232301473825
0.0382216407894464 1.02087415138523
-1.68508035550952 -0.219413594700288
-0.421218746865031 -0.71721321254565
0.165910122021777 0.781141394543466
0.557842924103777 0.0478589610557262
-0.876878821309048 0.22547811661124
0.67071105253417 -0.041049222765268
0.00712811084536862 -0.525083304738473
-0.561977343957768 -0.0328895567174027
-0.379202476847359 -0.0682719158870825
0.200140596616568 0.43766260984876
0.113673709205408 -0.709989834985608
-0.371967812726214 -0.267625268419948
-0.585015257152553 0.122836880688561
-0.100114042347594 0.514283620010524
0.176765408004074 -0.231069529204104
-0.520000869255078 0.377053020354412
-0.302519010810022 0.120651601689901
-0.278919277160334 -0.192986717877132
-0.210462782922705 -0.593709679264639
0.323938974434071 -0.469701606191833
0.0103613244251498 -0.0702016572841473
-0.376091347041419 -0.371299835668255
-0.516543915397911 -0.0950899359675691
0.231700005661847 -0.0518997202538161
-0.620573120894971 -0.0025357015074396
0.0522056643399889 -0.0632067861738265
-0.281620965856502 -0.298329800058557
-0.385926666553101 -0.420950362877164
0.0839197803168167 0.417374648899149
-0.561925579461282 0.30556784794603
0.323961036103628 -0.33695982386143
0.00207941496011991 -0.178774354533448
-0.124121776470688 0.403377259431514
-0.213306162761329 -0.314028673877531
-0.246993294168717 0.441196228755361
-0.192970593969259 -0.0346260358427482
0.1315164913926 -0.0323444710956999
0.258238820017758 0.290635944442494
-0.0361502877904348 0.127906994956279
-0.109249959574421 -0.0311740098402303
0.389323395359807 -0.0708300127175192
-0.177663434449565 -0.32262346810317
-0.070109764282677 -0.0614999321945328
-0.30633995714442 -0.0692675948043239
-0.113970153428401 0.242243113880409
-0.17355223888808 -0.114044014049959
-0.129684743716947 0.0108174599707956
0.223011831568561 -0.12155211241466
-0.41184620816883 -0.414973241427376
-0.599204497056259 -0.065957638228854
-0.281761357116512 -0.483696493399128
-0.535333542352458 -0.190108151431284
0.0541687872042245 0.263389051681843
0.197583233591561 0.316820091905666
-0.154936444184744 0.0822249499526609
-0.225592195597267 -0.197153248455827
0.336523846173949 0.135081200394381
0.180037004815949 -0.0190431012763822
0.460368081302268 -0.072803526388332
0.17070927685227 -0.0922422511321296
0.886358626335504 -0.112416598139183
0.487631398871364 0.142956516280753
0.613512145128501 0.26118155171793
0.60934239287035 -0.260967343280041
0.821881923272815 -0.0936492079217098
0.611104502138125 -0.367197979114289
0.467825445957023 0.208768007427799
-0.155806300664562 0.243794494316539
-0.267606227409257 0.216275700818132
0.0320348776234246 0.522024346545289
-0.870525448766298 -0.166520518748119
-0.0080521182422854 -0.679031953135221
-0.0389465709646254 0.316849000781153
0.492575886197323 -0.195389316312267
-0.0759224427784906 0.193987361692118
-0.215332539720211 -0.0540915806028632
0.343259789018925 0.21940384804515
0.236488333365032 0.0751290001442233
0.291193651771138 -0.0898910070904627
0.270000777724716 -0.574858819188316
0.0241440790471879 0.513459952982674
0.720569130748351 0.00318085189013951
0.67920337694296 -0.0515261210835172
0.0788073937145675 -0.377972124911103
-0.0361210626889386 0.0100765020431753
0.191001590925867 -0.185784531666215
-0.102597984217396 -0.0806336654803193
0.287350227366244 0.104445177039182
0.252544339352514 -0.487606786695874
0.396678901642055 -0.153438464346601
0.886921763780427 -0.056833604157655
