-1.46793132667035 -1.40723962768781
-1.50772087711572 -1.29851624478034
-1.56608152179012 -1.23676747086601
-1.53127608851916 -1.25817290024797
-1.63437995354654 -1.0613458731425
-0.986166457526735 -1.44101113530669
-1.25328468847555 1.432185037433
-2.09697410364128 -0.316402598069352
-1.71635332489377 -0.829189493057793
-2.4840718583558 0.0795192245747444
-2.23990796836706 -0.5302455820225
-2.00624097397599 0.600090689476393
-1.88871011577467 0.729572031964669
-1.78037332775499 0.389846939245536
-2.0643399109417 0.842725596815789
-1.38160612154593 0.210922056158793
-1.48058654005867 0.757160899021938
-1.1519059440792 0.238354499994532
-1.33593244927478 0.593435439213542
-1.31667410043787 0.647019094262571
-1.17963001878417 0.541955068060206
-1.47536502894158 0.014604159364397
-1.3249401502446 -0.0769693870427402
-1.44948459216794 0.0816341741398307
-0.889544261026076 0.470655310950418
-0.848989850839712 -0.352425168006995
-1.19185511235442 -0.122389935769904
-0.911361585890861 0.769738349179521
-0.731607646947573 0.165713503248422
-0.941096715945591 -0.121206860326382
-0.406434314808375 -0.312553983036883
-0.428723228749964 0.581361001127995
-0.121884977371463 0.435590070201958
-0.60743053244846 0.159913637399477
-0.522952083027251 -0.227483417961007
-0.186964540435956 0.431259460373432
-0.483525746860349 0.12004765047446
-0.170466606434002 -0.25903360695366
-0.152613329258252 -0.516808874289058
-0.00812401151136802 0.542066200001344
-0.198581608365899 -0.00911739947602846
0.110813006561557 0.455577280776246
0.218831520095205 -0.347232991950794
0.243347605316384 0.160276077453052
0.0607432031338357 0.00317138952287408
0.116789089735894 -0.13870856886186
0.144155019442369 -0.0459248514593179
0.307960119451315 0.21520492944589
0.378423010413028 -0.0570032525656417
-0.0318942039608738 -0.218921922816728
-0.1329587682113 0.237980767278424
-0.378520085817837 0.0674352020107054
-0.242106664177702 0.172587163766101
-0.184644606994939 -0.104225337522022
-0.242939511657768 -0.00306855101680476
-0.236291548252517 0.0271033001191773
-0.155538747745833 -0.267892085236164
-0.148776329169709 0.0721694296392704
-0.0181483551894702 0.00946269159379216
-0.305416537471525 0.244108473595418
-0.591749711618624 0.0394452353305221
0.064232212713475 0.0396105195764217
-0.468487022870003 -0.160723686260793
-0.42591139138797 0.532991463074133
-0.345213157147762 0.347470205595095
0.000604927518360374 0.175200567653617
-0.308930424457295 -0.220573358999787
-0.248597898016816 -0.0875621736307842
-0.455659519266397 -0.362430335524837
-0.417772583146309 0.51431366064722
-0.59327694160749 0.546440141823957
-0.530413658571766 -0.0967558980377687
-0.271312041108321 0.569525674611524
-0.198566947975614 -0.121794526960692
-1.14491754820157 0.250107625746936
-0.427564026251677 -0.498084693316886
-0.411131958693818 -0.621244591632317
-0.215567312958294 -0.692484966952644
0.203045999574742 -0.00712428612489202
0.324174217530355 0.00548167946932172
-0.168439890294734 0.599642393082081
-0.0317231074447243 0.694423096895511
-0.151263467187295 -0.794709268102596
0.591396806828221 0.0538462611486914
-0.0350934223872074 -0.704560346981446
0.279123972023512 0.686020331936659
0.602164699277813 -0.0207554301749668
-0.00456454795587257 0.532229005287675
0.333654001466516 -0.399046373163659
0.756747274330298 -0.0982916404747194
0.537591775039028 -0.150616784139134
0.707891258407978 -0.0404542205577608
0.471128300825363 0.172232808797414
0.6439709704145 -0.450943210100147
0.476063859641513 -0.184252473841189
0.225862400197849 -0.355826039960804
0.15248853545056 -0.473310380505465
0.0338469481561389 -0.286855235406817
0.165292532302069 0.192150322156811
0.378411319814045 -0.621502262803833
-0.230150402478941 0.343094599043345
-0.156290020235626 0.410579543332239
0.0567436206336147 0.363647470663399
-0.370369440685005 -0.591605806134674
0.0369987476718332 0.498230426663318
0.0808940202312508 0.569742838127711
-0.277378440938884 -0.459974511625002
0.317617342203627 0.0898136421474882
0.498636053532193 -0.0889184605404773
0.34013034359876 0.65524425580222
0.652656492877467 -0.152149760068535
0.517413601317405 0.412527996812485
0.245788436557459 -0.494856328138821
0.0215219945417402 -0.480658230934553
0.842783647616325 -0.19624166957449
0.979414999846854 -0.155533782820609
1.0823554830827 -0.151948075975943
0.993398034734644 -0.128712553997234
0.784418718845682 0.305619280712305
0.830619932013697 0.32346100017461
0.794438746455006 0.202851896965309
0.832581869055266 0.139828319549293
0.959073359560956 0.230192804367563
1.08446839297501 -0.459244830796131
0.650183524300442 0.541426275485574
0.180854301294251 0.164328857105217
0.663570609979084 -0.318904196341066
0.317608921692457 0.16513214195263
0.741195641193426 -0.255959219429491
-0.103696069293697 -0.206641222430944
-0.154755885173986 0.0263163536153271
0.312028051030174 -0.633613067704333
0.0556475864323693 -0.331145103372173
-0.0601069968435622 -0.88341499436548
0.500462259718935 0.66052151944226
-0.265565781578931 -0.618707560519979
0.691766425888373 0.0384763120745134
0.310274086925931 0.427026285216599
0.179152689118983 -0.328028152088912
0.371055256206952 0.107491515073486
0.57632281357894 -0.0147501976362514
0.607559621115606 -0.0997171312278234
0.667777603831105 -0.163418994522816
0.51653722825479 -0.147447806615632
0.235265624990259 -0.0025055376887797
0.243018011155272 0.0108252458506326
0.612684446318413 0.119358172515254
0.2002591022608 0.0578192693708988
0.144437047584039 -0.0368612531307604
0.416029961407144 -0.375350949769986
0.230759290867409 -0.422721105396121
0.38664689170228 0.326255699049418
0.471860958998115 0.528337163472949
0.403260561539373 -0.506326721882237
0.972159818748813 0.190509168193176
0.294677969730658 0.45709812850445
0.45742826881575 0.279628880419139
-0.014122882475811 -0.163113604109618
0.394710275782636 -0.123992295609287
0.051140009709563 -0.311513050405584
0.049634147961666 0.175288110720552
0.295695259415866 -0.170689177514928
0.377565359410099 0.00641001547101001
0.393558818112927 0.00444792979540338
0.410719943484999 -0.0881971646160279
0.306020773161174 -0.0373859257273441
0.262125977881837 0.0454745516428831
0.233061424089505 0.131385850461607
0.105882453997311 -0.0835642700471645
0.266214625238603 -0.0646224666617393
0.200235166188629 -0.19562795989535
0.0477948719279599 -0.00923536149957875
0.119073186938527 0.0948347328697467
-0.0654047362278698 0.194896994887638
0.0662263696022057 0.151829568671888
-0.0905283329791217 -0.0441678552752462
-0.148184792581036 0.0601998414232189
0.055315659409992 -0.171463135757955
-0.0332749475365504 0.234730426838062
-0.506536431609183 0.114169002531265
-0.156438905028803 0.289096356236853
-0.0361987542060018 -0.241517109303795
-0.28128305447054 0.104663424244241
-0.397617794461856 -0.183752243660731
-0.294922368709188 0.417717139347144
-0.33690708264057 0.19612307912896
-0.269332876920702 0.181704455882574
-0.335144610389962 -0.0354610812120942
-0.183789779700873 0.281832489199503
-0.00533913515791122 -0.0730873130596099
-0.190100155026151 -0.266827786297494
0.0252135057311286 0.287260996998936
0.152599663474396 0.0122868582851229
0.174797125184166 0.209793674067832
0.25772772140964 0.136963820915403
0.285502640053581 0.220477998268728
0.648442067398656 -0.101479106350072
0.0935204188271332 -0.00283373380936212
0.317000822287093 -0.151787104933589
0.300446889069852 -0.124402121074469
0.239575630877372 -0.0249622851604189
0.11901992195127 0.179239325676615
0.244577979146482 -0.104391711582263
0.215873261247574 -0.00644718053625831
0.122950657443622 0.0770296501591897
-0.0388835262751033 -0.0408897198010649
0.0189127351574642 -0.0709510248756771
0.138227552464116 -0.0666796921597588
0.148879154220059 0.00248033329498165
0.0763987160049263 -0.00834989828722226
-0.168036960116051 0.00552566094630478
-0.198334352291882 0.126739229693149
0.00894205017224723 0.219199596192947
-0.197333003100569 -0.0319232317133297
-0.222924451467205 0.1795325795986
-0.122768046735127 0.121207004763264
0.457942763037813 0.0420904805357036
-0.102306569984604 0.290609628707388
0.522729578685983 0.0730905967718132
0.595498304387815 0.107663923622178
1.02767477051574 0.150714874939624
0.321616410972669 0.0717288381677645
0.800299763826118 -0.0416265799044251
0.68508277112689 0.147279413346524
0.454049037975947 -0.298154462621627
0.565455296332438 -0.27161854367025
0.505407564995774 -0.0291087831762065
0.106741045210459 0.0871358630989006
0.594275626030635 0.0178796901492153
0.379112369398197 0.201892714658919
0.155712779275289 -0.314454355084912
-0.0908427402984278 -0.432555733362171
0.251574530073797 0.152521670045609
0.198748719211817 -0.105274819845749
0.224348489195203 -0.0312066567983348
0.318682037841463 0.149650206317803
-0.19393883651596 -0.0498559041126685
-0.166803480858229 0.0445329503943494
-0.264747630398131 -0.00711515542325592
-0.179805966678965 -0.0948409448296503
-0.183899299107627 -0.180652627727565
0.291382726326175 -0.345896512152473
0.214634402549333 0.4246913038065
-0.0203740688073039 -0.0324428107935865
0.25213017465926 -0.4629091696767
-0.191444717747254 0.0658307536315427
-0.259843589776027 -0.593345475235018
0.0103239375433968 0.427241243686761
-0.200902125797566 0.411717492596778
0.131666453847863 0.433154588264831
-0.2994518049378 0.505360737465213
0.257525360563934 -0.259205446325422
-0.0643181297143871 0.511614619182276
0.166441994179213 0.00755601450083637
-0.0809625292232977 0.199171255789231
0.14675765489583 0.199123068775552
0.103786179171053 0.209750408304949
0.0267090765653319 -0.332042111813674
0.104886183473373 -0.109332058537074
0.200936491396427 -0.207147541057032
0.595867655549332 0.145995365980671
0.432444389423436 -0.275699529807232
0.454336011109966 -0.236515296358121
0.567393222038259 0.0832782152399783
0.64633839724414 -0.00159041711125586
0.527345828052719 -0.306915640472845
0.753333592645437 -0.389523506547807
0.822785179921332 -0.08790493422782
0.964179605535482 -0.183975116751602
0.341551276169688 0.258781711941445
0.880421328759151 0.244626813078157
0.775667276108169 0.121566498658415
0.798646743981441 0.260371762457607
0.567269382143093 -0.351841674821477
0.510755235994767 -0.522252575159825
0.276700744153257 0.464707580639115
0.135225730995423 -0.498221218441895
0.165276897261337 0.402362624979579
0.33743410544553 -0.578234741889052
0.758034325119968 -0.205949026994465
0.582128885252082 0.367500357718786
0.393500789679981 0.43174143991934
0.247596297232093 -0.64900451939675
0.559444466408109 -0.0917548760193045
0.680837610574888 -0.131934906110686
-0.0684410475890626 -0.622629034316842
0.250144772231597 0.787201175689566
0.1838363709008 0.629629715038485
-0.424215526521306 0.724178657835232
0.148206789038735 0.661400784197305
-0.578363115530161 -0.363533871867207
0.241251689896809 0.0180125002707118
-0.306003671156514 -0.457406565160318
-0.202284258516911 0.38644770825156
0.276912528663713 -0.0397659556111697
-0.43876969566825 0.447795890599945
-0.39287798869474 -0.156495466707743
0.0891699629527439 0.0172568035874967
-0.227827314602396 0.0419906487830882
-0.00772674830643222 0.254545143962498
0.302555417820917 0.35199160774162
0.555035751179041 -0.398653582601057
0.258384065807007 -0.423246920955724
0.826431500455843 -0.00155891735456044
0.377378372900176 -0.459674683560762
0.588654847286899 0.369386822708559
0.164038951413031 0.549223573500999
0.396440239138265 -0.653155672893792
0.474283183703261 0.403162013876677
0.749299942668601 -0.0551336930265836
-0.651867777606929 0.139700725021357
0.0289205017121323 -0.646854712570911
-0.0731277017574984 -0.710636731068069
0.0693484056094448 -0.600488411316368
0.867326562227094 -0.133401655039301
0.060240582550406 -0.0224685610716739
0.118581300793133 0.474324923369583
-0.463563575206572 -0.0331692658083974
0.040562499566401 -0.655360206598996
0.159646730793195 0.131596902316218
-0.108567057968082 -0.403190657890318
-0.0841660354594412 -0.171434901092083
0.184557314963479 0.359572793909332
-0.350900597863691 0.196644861373362
-0.0482696241308094 -0.405871561992722
0.195982989281344 -0.332864838964689
0.588915394624715 -0.0664856626507393
0.569762598641026 -0.059944131071407
-0.0875835221459285 -0.259964405151392
0.179974158079261 0.244258161115871
0.322572287373594 0.492132396709856
-0.17803619243221 0.0695864480912785
-0.259929338491677 0.154194450221749
-0.0855509439368792 0.201097004947839
0.352810725109678 0.00138822777270851
-0.326095733103455 0.50836977154929
0.216013306714939 -0.0542224514227663
0.312089451967098 -0.0989854139142375
0.255593187696224 -0.157532381467481
0.0241095298880274 0.351281321785193
0.201323744319288 -0.131265733477981
0.280226464933433 0.0108767397780239
0.0632985796399574 0.253213962601325
-0.482269450610507 -0.257904032897615
-0.328708162164684 0.408509232650824
-0.750072453969455 -0.162843401560395
-0.508087482229117 0.398273145112633
-0.474538266698807 -0.247823215599094
-0.21804713874424 -0.022752786844242
-0.396723806102624 0.0101623648950314
-0.488760559961579 0.224576993759845
-0.487247807839494 0.0221027666503115
-0.353198179172241 0.0548716402975588
-0.226636191011139 0.0698581565986789
