-1.53741601327101 -0.78547363448994
-0.638739536926998 -1.36885528947373
1.19215871154112 -0.642279578117706
-0.0696323088171907 -1.32705220982781
0.190006213246321 -0.749913122867085
-1.39471895728832 0.344369921861977
1.11303806426637 -0.476109248767583
-1.14489753436455 -0.384452797771904
0.689879209958858 -1.0956770898035
0.68727630835417 0.759987760240303
0.921839397077331 -0.501239257018998
-0.47742530258843 -0.464042943176047
0.858588327116712 -0.34710629552671
0.343348364971007 1.12878651508699
-0.750573755657381 -0.40510712601282
-0.522258248425058 0.861465158269327
-0.632829792643949 0.375136947585807
-0.7091186386836 -0.238404387209218
-0.146825086572941 -0.52764393883847
-0.647609965272191 0.170524214412367
-0.132440314698102 -0.267790432098819
0.204830444071069 0.115178331382695
-0.289885562129652 -0.29402133085396
0.204168049725856 0.0350132943875099
-0.559248082713335 0.477602169729156
-0.0352965829337906 0.275385664218547
0.375485480118445 0.181140827697369
-0.153365150948826 0.476732309432294
-0.0776813383661842 0.473008242509261
0.113374215468275 -0.273094396857108
0.441056818322779 0.423839468342066
0.32044881875579 -0.0365979342488299
0.546535679851252 0.102260458961889
0.493783809166646 -0.498343325047389
0.894804275667869 0.192669023940722
0.281302836746975 0.363935254851005
0.429112854069319 -0.345630822184391
1.07942335428837 0.216818826763638
-0.637708394800373 -0.130600283548658
-0.382249625959711 0.0251959439620449
0.238234667837317 0.476849574467402
0.501790549959909 0.195634808222496
-0.602439134702173 -0.0833252424426058
-0.219721267966035 0.0184061434315721
-0.359128942620091 0.26873877821898
0.0984531143941097 0.0292475760557982
-0.401456459199269 -0.111001508372382
0.0443603319535117 -0.0845442910813079
0.55224268490674 -0.265510686551613
0.119856459527543 -0.466540421546827
-0.03573943451266 -0.54867213899594
-0.322016172664912 -0.163767834546135
0.736771643294133 -0.450187807378863
-0.357351814862653 0.0488070715898015
0.972556177879115 -0.294565538502918
0.54032987264257 1.02576150167432
0.948783323203035 -0.743582090906804
-0.274543183731658 0.439609814667068
0.786064583148015 -0.699606344871692
0.986578258808913 0.45529264274281
0.0552155774030164 0.76493859534697
0.565803264348552 0.392389736756998
0.222292352339984 -0.590415459365591
0.277545910406836 0.660039826575836
0.266125581301259 -0.53106506103964
0.0226076418865994 -0.589952139783654
0.319526762220494 -0.492439001968267
0.671938637976457 0.156264427728009
-0.300893188688202 0.175477776204367
-0.0546557970063402 -0.407321150260358
-0.296680064137383 -0.00334629263002528
-0.0310525700158583 -0.0866547909127164
-0.16899145222706 -0.0358777522442634
-0.284804602598136 0.148339337296805
-0.381501542368064 -0.194083938300085
-0.243435267830496 0.0578562974487045
-0.316632056438058 0.0343930737445554
-0.273063745183336 0.0756248063840754
-0.134736177396523 0.0107370267674645
-0.174079597001688 -0.168406693680012
0.11110249985585 0.0791006197131754
-0.433379282876745 0.267519188386643
-0.11660758241315 -0.29252831623794
0.582207321422738 0.0493075179014715
-0.861445670064109 -0.200978107775095
-0.614680879607099 -0.0687157856480962
0.696662770311873 0.315023198265091
0.932637470000314 0.209958979367227
-0.64192871340937 0.310030540401652
-1.23361484736248 -0.202293545518921
-0.612324242688229 -0.737708461198768
-0.614557181573633 0.761628907733448
0.185477611246499 -0.0946221966436203
-0.272685489063439 0.609750367403463
-0.650376146305874 0.616644841738643
-0.0558759244633285 -0.215963670305689
-0.100213879503245 0.354192264665147
-0.208465372747965 0.233088481255771
-0.294605270246531 0.307428610454962
-0.168826582472763 -0.0145720763504775
-0.325975419495746 -0.131180861529341
-0.287748379897209 0.062329783173194
-0.082935117199556 -0.118948486067002
-0.498690289241707 -0.0855143546266172
0.149889116091074 -0.333271825320025
0.225952909857171 0.349566547901086
-0.173981340858843 0.314500606651452
0.142178949041072 0.148137905256219
0.00806867356386646 -0.123327654875094
0.118981586848478 0.260965241795217
-0.0846140081540929 -0.113168888974013
-0.0328182730332704 -0.0472188896703743
-0.0140996025383214 -0.15655720563266
0.0797252490680358 0.0643842571614182
0.0534227916323285 0.140938319054358
0.231396019331523 0.0475313913755637
0.0525051481585834 0.161242999588908
0.282005947055635 0.119411849864711
0.429763245534523 0.13261834854969
0.128429499426881 0.32336905724873
0.22123702416537 0.527939389362067
0.22798891878011 -0.038913316734425
0.387830062831181 0.57190277621477
0.423491687269682 -0.168888059044077
0.660779966953636 0.366185450035056
0.581789455144999 -0.222318823524677
1.07394883370822 0.251536368314685
-0.00873492956665785 0.799294169504222
0.0884723113270832 -0.635193253774177
1.0176476958683 0.244767407770765
-0.673907710982261 -0.157377467441867
-0.606165616843686 -0.0184866795719815
-0.0660466742599671 0.562092876102811
0.577860521180272 0.184806369851441
-0.968067583403346 -0.132123962147186
-1.10033211546541 -0.114221237215909
-1.03678643841269 -0.276033388274078
-0.965658685534281 0.68977436220252
