0.515154135512273 0.0228173687717936
-2.05590734414687 -0.254049197308647
-0.312987222621541 1.36820081165617
0.309577381517668 -0.308044966981374
-1.81104501144683 -0.335395724836753
0.351906101948817 -0.222787540169533
0.113092642546207 1.29903868297438
-0.794558672184595 1.4958397788104
-0.890206709256378 -0.948512276946614
0.0537626924442462 1.25087901611201
-1.51560328213528 -0.197524636446565
0.481501709340379 -0.268384207279583
0.26462436817391 -0.129118822472202
-1.33517023317991 -0.432828268024054
-0.658966043404203 -0.796397622196016
-0.722031467257239 -0.692493937196665
0.158160589476494 -0.0386092348183897
0.28114342512121 -0.0954652904664399
-1.12514174181977 -0.235480356371874
-0.65986681673527 -0.49415144659352
-0.590909960598943 -0.487644747055047
-0.480465133977718 -0.530468719513114
-0.0250750192228932 0.721611715306246
0.324143168842926 0.358273691630288
0.186053999536425 -0.0984816221761762
-0.139129907392234 0.757702855714958
0.114497395860629 0.69429052854976
-0.400525411001086 -0.179135280483912
-0.0404685549704881 0.0693169726295147
0.0951470753957729 0.0096318883698796
-0.29018763543955 0.0911771236554782
-0.116962767924819 0.0450112224860005
-0.00689969725279835 -0.160496638255662
-0.123002551084548 0.00351843585562978
-0.0120339630561639 0.15549026923546
-0.00520244719918667 0.203587775219088
-0.171740721384683 -0.197493048620492
-0.109250925042052 0.104634137579549
-0.00236122113506861 0.283515371867943
0.0394554570184524 0.0988090191648349
-0.205707136727673 0.279331464179831
-0.504191345883277 0.0353026241439897
0.0719912368138226 0.589366813804872
0.357753165646518 -0.354393202285049
0.445575248160405 0.255988569226994
-0.415419608110177 0.658048716820376
-0.399930096159641 -0.799220332762145
-0.692438561172618 0.913327297818818
0.850438322929189 0.559399027568884
0.542970893623609 -0.176125864111544
0.482728641576339 1.05823144828331
-0.135375586928937 -1.02248841733755
-1.13394622704045 0.474041433397545
-0.0586939630358505 1.18555729515237
-0.460428230205209 0.54435808989559
0.0811046023726431 0.728162559117348
-0.433352402588693 -0.514876354835816
-0.372192693101061 0.447680653207475
0.399842181215273 -0.189738262857412
0.0166232489019643 0.447982371001166
-0.398578554237048 0.222100262458282
-0.168015158656984 -0.0937853198444361
-0.277712474856364 0.201513026988834
-0.350022393621866 0.0756269289267733
-0.168330063759541 0.0915658531979609
-0.11432529133259 0.116904145042814
-0.457140039814602 0.290891395680128
-0.469649357586768 -0.0158424937117583
-0.417997440008986 0.0925552490966637
-0.241487562726067 -0.0641591408468712
-0.0911394791642847 -0.514383198562146
-0.419338216915072 0.106983719302296
-0.298398742302959 -0.203804130077856
-0.268429556229588 -0.17998422273586
0.0447243466250394 -0.483877606814982
0.303676211857915 0.580301722033378
0.705188881492066 -0.349866475260368
-0.327725879024181 -0.044955731655316
-0.47745277941926 0.508198717005014
0.0188819846701398 0.527379813992762
-0.359700867171049 -0.22238756246153
-0.258857013875724 0.338382032041164
0.0977745839796034 -0.09507178961387
-0.625304260366596 0.332566445477193
-0.579551196103769 0.147243276528241
-0.408758122579125 -0.208180886967823
0.128141806148425 -0.00690772892612703
-0.153525772907995 -0.483744603283965
0.0713778798933488 -0.358132789512892
0.158786702742669 0.472091495286099
-0.0981675146793617 -0.391334102168122
0.00469527041916486 0.293823218082017
0.46808547797688 -0.19108301062591
0.523204708383424 -0.191461077912014
-0.109124719354231 -0.0642304871094327
-0.0624970185841356 -0.255716461735102
0.206464890266948 -0.0868374706330058
0.380673209065129 -0.349794996740478
0.577867049447657 0.0596482378444099
0.346617132244366 0.0267795442107327
0.797785161281558 0.0304996752502397
0.142574821043962 0.0393535492152496
0.764994156918077 0.247463058459786
0.158025587440424 -0.374918251541071
1.10511135643217 0.292425687912819
0.658121016059782 -0.193033197589727
0.395696658834308 -0.43553146116221
1.02366525006376 -0.0242668200130005
0.393788241433803 -0.575615844634136
0.167717630501844 -0.0794399740337944
0.824877701238535 0.205046754521719
0.0228206743342973 0.0580528042637124
0.316100775374279 -0.530403096907202
0.126877051121677 -0.720092664647584
0.618631201404077 -0.0122593175085728
0.0235640790938525 -0.429211231451044
0.51766175942782 0.24933075410195
0.708049408323636 -0.141519016635726
0.515088814512968 -0.0870771653260381
0.404079642856813 -0.31522661062839
0.406774275709796 -0.211763572812002
0.295226236893146 -0.146592631007446
0.391961245808348 -0.0478223175594399
0.0505522990894325 0.402315204522962
0.0620435825712523 -0.052624374015044
-0.0332486565062364 -0.07630763816865
-0.0367406673367391 -0.311336717964461
-0.0444647880076709 -0.0957327165619543
0.0225621746898043 0.15741938478709
0.209103015432572 -0.0357290255874761
0.182062982887902 -0.198185207305084
0.163450682877783 0.246817068946182
0.149149596866043 0.162042617528416
0.000895862323673805 -0.249730106398964
0.683563329450717 -0.316946726661362
0.844028402183066 -0.360270602665679
-0.550088780493744 0.33874782374895
-0.819072844021068 -0.151021090813072
-0.444918716455919 -0.0979051081204416
1.14079072153982 -0.473197749778228
-0.0356232712194163 -1.34231115354411
0.410907767389408 -1.06114641959514
0.721917821436865 0.985412036036742
-0.0253780258545036 -1.0265741804637
-0.343434538678187 0.416716159453097
1.1368298029657 -0.497035699482346
1.06024061220063 -0.491574937262357
-0.466103385479159 0.100439256493502
0.307719100190596 0.432595155951329
-0.0204060194027176 -0.00130849362910503
0.0882114881015072 -0.38281529093023
0.166628676782632 0.343137906467902
-0.20535153466864 -0.306267452048146
0.0132336657424773 0.470343084537668
0.259033918689242 0.0116457475859478
0.348937491481164 -0.266160992062017
0.220895443212847 0.474851364483276
0.549130245779383 -0.105861747916426
-0.311052233957583 -0.119171296636932
