-1.01421847437382 0.150819823063825
-1.14960666066154 -0.5085230547784
-0.964149568893224 0.0762683801914296
-0.966657499067287 0.00912044850230928
-0.88868772274554 0.0402701224264818
-0.232809479471094 0.720324591977913
-0.832712748460023 0.507126017341949
-1.02992999802233 0.488670219356663
-1.02540884321635 0.563606369496303
-0.251400637131431 -0.0331893454680015
-0.809391180363836 0.63085176408807
-0.799070075678955 -0.00773915461435946
-0.455956735014145 -0.110041741848218
-0.588379509850168 -0.307445468243934
-0.955586321256489 -0.25242323900782
-0.42211367908952 0.135171562970843
-0.709008129879915 0.0538275398030766
-0.44276601579556 0.491493754634776
-0.83946253948939 0.376619080122623
-0.769537330277952 0.0213443200246611
-0.604328387707978 -0.0946310475635193
-0.705907294951694 0.0518150497494806
-0.681250190005505 -0.0596515403284467
-0.491825000380302 0.100507950002502
-0.905170065882164 -0.0620899300460079
-0.724163755048717 0.107574522081448
-0.863363920484672 0.434261599018169
-0.522496243588184 0.526435481621706
-0.815504585310499 0.576139243373603
-0.732849981152435 -0.138568458842368
-1.13909633629839 0.235169084025177
-0.209664080639674 0.0471774128748477
-0.867769362790888 -0.162193496727225
-0.970345974210789 0.245512147254892
-0.140969676505152 0.0579658511796261
-0.21418200712222 -0.00924534190582267
-0.512606636193048 -0.066183537837103
-0.364227470573388 0.411853529472257
-0.175223636457555 0.19745408310855
-0.409349880260242 0.331958715431931
-0.532230761192831 -0.02299413115176
-0.537216060433903 0.0634683493943806
-0.470047896800348 0.245008436811468
-0.544854645014305 0.18059029777068
-0.41526178013426 0.166337973011034
-0.565942232767084 0.179559327213896
-0.303317927878061 0.115302393427527
-0.409228716027133 0.303602507938269
-0.368611300949301 0.284911740284493
-0.408037908025551 0.230810369174045
-0.369275314910418 0.30566883903372
-0.411399001843465 0.256600235679614
-0.568330779083808 -0.160478239592285
-0.380460853272559 -0.09783268745622
-0.224554997001764 -0.104741866086991
-0.340617466558031 0.0824336851409246
-0.161908798509002 0.0379139733210835
-0.461784259923768 0.115147586966947
-0.417259190477538 0.201159641264606
-0.3871013645295 0.167158110526688
-0.346997602234084 0.189149692497965
-0.532171447690952 0.16693512062263
-0.332359653279979 0.125429756567769
-0.476671975340254 -0.0271675532746951
-0.465565321814503 -0.0374069734133484
-0.467609139920221 0.19874225294267
-0.397096037514394 -0.0621781610994989
-0.332881594372807 -0.052499765521842
-0.468233079039182 -0.0928717031197303
-0.396857093667043 0.297586199172493
-0.514968583047877 0.120500637680668
-0.637279245204561 0.101764683145215
-0.209048144515268 0.412161255663218
-0.472021108870831 -0.0898549857397624
-0.592940351344643 -0.124786501166059
-0.584111301507978 -0.0686238659846194
-0.517333279223782 -0.111091371989449
-0.262421173960292 0.242561819649626
-0.234777599422942 0.226699768095982
-0.41871823503413 0.261985057777341
-0.483030301534825 0.216515551703017
-0.22421978188384 0.148250208199959
-0.46789380947306 0.139576573673476
-0.57509856448762 0.284081514196161
-0.64781225453523 -0.179163913990617
-0.337808107417292 0.362162307123621
-0.166895930571029 0.0349413717431868
-0.460572095951124 -0.163165153748857
-0.500596146875566 -0.186251938076262
-0.204252123038989 0.428207718236664
-0.461689581433613 0.369287384985386
-0.63899510142092 -0.098845212127475
-0.449125038858108 -0.0385148545445458
-0.260720808674202 -0.0217898162092404
-0.553233255282078 0.0253623624679912
-0.243885384071592 0.0181000897898305
-0.316592478888073 0.216325839703895
-0.370378905539346 0.061294360401365
-0.470037636030911 0.0124861506524784
-0.344618365999078 0.220107363894739
-0.367749569109669 0.21818136606443
-0.230759810163551 0.0729036892340466
-0.454299690176993 -0.0674348393769063
-0.574077532119478 -0.0848305665485632
-0.246373335527343 0.300766879974067
-0.338148006536322 -0.0766383582201446
-0.491508965105042 -0.0734892738640387
-0.158142429949491 -0.024567532451027
-0.0760841386814411 0.332173353779635
-0.306738773698629 -0.174616039218033
8.1639006043896e-05 0.331953922080383
-0.144559918711209 0.39564834360844
-0.128431193986752 0.377992786417416
-0.112798888563558 -0.198433682371487
-0.340868613430224 -0.289977262057683
-0.290690494956242 -0.174927532974046
-0.112003764481571 0.437831866605637
-0.289109992702018 0.542380522373942
0.217066202685472 0.557622061814076
-0.41798769821649 -0.0374299743333688
0.268945890543402 0.46277726287517
0.142178339806468 -0.38873528074551
-0.188576941364876 0.492267817065045
-0.27208083057459 -0.445869909821259
-0.21311671996543 0.527307745536584
-0.226419683266606 0.552289233660921
-0.302746645767348 -0.433955588039457
0.186437265466435 0.577564590775228
-0.366058628818188 -0.397476349243413
-0.580171425656469 0.16222338127664
-0.292638280917595 -0.353355294341236
-0.295436070583091 0.66112785755434
-0.538550173348054 0.769042770477789
-0.939575909607425 -0.130077223186366
-0.26370533781595 0.680784828421209
-1.00552977729295 -0.16909705208798
-0.227785844115704 0.71152166692312
-0.573758707420042 -0.497069351684578
0.00999455817009021 0.754423451457531
-0.669110325274585 -0.280199646749289
0.194869744301241 -0.165762622156364
-0.557404618212124 -0.428672841276743
-0.524955455103053 -0.449932882551962
-0.665481129030545 0.771527268230181
-0.614727161533368 0.758604730023795
-0.390303875909481 -0.534237431774256
0.0393080485786991 0.680733367014634
0.344480607528361 -0.129626231698384
-0.234830521268491 -0.569601656564161
-0.223838368682976 -0.538454637389251
-0.192133120505614 -0.448832717619202
-0.114098927446423 -0.405845145978325
-0.387070368231608 0.569092586122708
0.0854918406153745 0.49569496740686
0.237532748790972 -0.074801979474191
-0.184838000842698 -0.361139927953094
-0.566113207330545 -0.279421231060442
0.0888582397791328 -0.0415002952008319
-0.0883382455867288 0.435357302338484
-0.146466449236258 0.447483911576586
-0.438265824671639 -0.138146326169664
-0.432357963318527 -0.164068875617011
-0.0631344059798672 -0.0145289737985124
-0.526224883927307 -0.112514882697869
-0.112443625037025 -0.0298575904581134
-0.608333760854089 -0.235381027944637
-0.192999361268292 -0.00715549084712072
-0.967844822930539 -0.215602528742094
-0.228381947214795 0.0155057589722182
-1.04672465986354 -0.223507732550176
-1.09981055164538 -0.280232494619023
-0.833494769706047 0.0733840022668475
-1.15432759003041 -0.269174603793789
-0.276273699656851 0.115495199514165
-0.616847627804647 0.611423176097417
-0.766338002486835 0.559480556774264
-0.815047523994893 0.307755547011856
-0.286263997804934 0.277483691180801
-0.848183417650927 -0.263051630425633
-0.673961923704208 -0.293001520356911
-0.688031227201448 0.538227100472478
-0.787421839988884 -0.229534059514645
-0.665458659029793 0.427903150438096
-0.879028685622026 -0.286627892867075
-0.67823602628316 0.418552009854336
-0.692793842076082 0.429571039511402
-0.835628272641966 -0.243562236396852
-0.756613524195249 -0.187747264989125
-0.769290731070335 0.311304023398188
-0.840717672794645 0.292809527258369
-0.850643283445828 0.282518141125753
-0.842965466323528 -0.0381518503637739
-0.825497619749233 -0.0221582482336691
-1.07807114722133 0.160731706625967
-0.82248100015247 0.375197839383927
-0.978744678715801 0.194922873928209
-0.919341297350143 0.111514548415787
-0.908824717093909 0.282067960974221
-0.86037082823762 0.288690150473424
-0.820303172001793 0.210590347204332
-0.934294576770528 0.1717424729334
-0.872845491962892 0.145793758443464
-0.878549845611671 0.202320122705206
-0.716785644662868 0.302778289052218
-0.637021715391986 0.25710038927167
-0.640782875779468 0.316495064596914
-0.766199781389954 0.347089381233367
-0.667886582788983 0.307260010213763
-0.69534128957889 -0.00342456539618107
-0.89392538238916 0.174701216730624
-0.844761612010294 0.182606497835295
-0.626539980241098 0.407656853387699
-0.701696112612238 -0.145720778446257
-0.582645894841339 0.421512141017582
-0.593527698593977 0.487813442984605
-0.784851342489847 -0.239845082125018
-0.916221555673518 0.275849190244348
-0.721298742628228 0.417282769352857
-1.03009913433998 0.258721724155268
-0.837452182802134 -0.31884131297655
-1.08511387992411 0.342721319977138
-0.735695845488214 0.554031144945539
-1.01676772153808 -0.422044518088155
-0.716460969735826 0.5713257554196
-0.491116648650913 -0.58599240519652
0.0419983290106999 0.470017992760046
0.104034474019156 0.479980677139715
-0.74323487462182 -0.529238457851441
-0.963743800650792 -0.560647528987883
-0.242180334102713 0.531135018125446
-0.486271047799753 0.64522760327037
-0.828041503471259 -0.606674776334722
-0.62529569712922 0.431310917362907
-0.811440349687098 -0.651290090524565
-0.156963725299939 0.80079934416056
-0.790341551214181 -0.679462930702891
-0.10240850503521 -0.86686667098299
0.486844452040671 0.294624346733816
-0.455591159130379 -0.656456512144132
-0.00880012462800874 0.759972771755656
0.201145662461979 0.208436597765771
-0.42325604332983 -0.703468417561053
-0.207572246232874 -0.860075292149069
0.0205634730987372 0.821478666179714
-0.229984382933794 0.695934090620754
-0.979729022652251 -0.635620105653871
0.0391896112440339 0.867872799232701
-0.391995427109991 -0.817903586606756
0.319742573291982 -0.0493371041601414
-0.112171215053997 0.866754794986956
-0.542928215983662 -0.739739666311119
0.204686330506572 -0.0977604001782193
-0.115048361658482 0.934755144013931
-0.101398102964128 0.905427150398629
0.0720793591943256 -0.173435811366082
-0.701827368993904 -0.59467192269966
-0.0955507925103792 0.886636215823058
-0.265047755834119 0.810065094662303
-0.10534725895306 -0.246808508877458
-0.756251326560314 -0.455711365215496
-0.788168921581006 -0.261599421342672
-0.776745737142234 0.764785154045132
-0.77158956821809 -0.175342821741971
-0.225252723741282 0.699945303771843
-0.401550553833694 0.617392507892891
-0.988608960918307 -0.146963087367454
-0.395240158360535 0.546178448076756
-0.959382366291246 -0.147225325841226
-0.607359797641749 -0.103667375286263
-0.617071865115909 -0.0203422666663002
-0.897271828158988 -0.119090186847473
-0.346754149879569 0.0296966326615252
-0.636734733238072 0.0237661207657041
-0.518156696783072 0.418472877350787
-0.606619763366982 0.0667280450042611
-0.686840786850551 0.0460049468175237
-0.687995954261917 -0.00457333084897585
-0.420505672624614 0.323977451214126
-0.611556750344891 0.340502756408079
-0.805358509372472 0.182659054910815
-0.604020445243481 0.263378734519563
-0.290990449853775 0.357204362701519
-0.735809590115833 -0.147781876598454
-0.681601812511031 -0.215278777288934
-0.789083599731177 0.279103575218089
-0.544239524974862 0.408283701591293
-0.643443219105307 -0.302735009898129
-0.442354283742306 -0.410499194010534
-0.0463027972813064 0.450014687144578
0.0141051395545497 0.45534988604041
-0.560821407362648 0.572277593606049
-0.738230091252035 -0.427532230134956
-0.560758334764087 0.548376585801099
-0.835588987892171 -0.465555252919639
-0.739275308150114 0.514307194500916
-0.718425081958181 0.556995186490878
-0.157411550266956 -0.606706439836663
0.15695438338213 0.732211318881621
-0.449926944198551 0.764666139092365
-0.386662233895016 0.783825332308581
-0.517822971156136 -0.494074185317189
-0.868881704942625 0.0617019293781113
0.100964805183056 -0.540081475532153
-0.867536685034225 0.0450458071001084
-0.491938491706823 -0.460965904280197
-0.756063180625527 0.024674131695088
-0.152101615424021 0.584980290741377
-0.26873602047821 0.337467957809813
-0.139004013527773 0.432314125376398
-0.194486279569179 -0.282075143257161
0.348323806125804 0.571730223904836
0.313129109832125 -0.516625269323352
0.0370889466336315 0.577413191240571
-0.577481515987757 -0.0950126661803338
0.542776897441833 0.604221388790885
-0.121382854952031 -0.61636850300038
-0.119884404133556 -0.619251966529295
-0.0705903697547283 0.756760532028154
-0.504719085485418 -0.128644309886654
-0.446219848415759 -0.12023167576572
0.516928147692311 0.0612726614950992
0.369569965059874 0.596239170211172
0.90038362318667 0.549533672111664
0.937662207410607 0.527515990829141
0.0514799110270474 -0.800388739607164
0.549551106560807 0.40372263641645
0.649615480759113 -0.885599898784019
0.496436309886616 0.54678538516239
0.708705507738986 -0.910334918732404
0.566982976807869 0.455458961401847
0.635037664441764 0.349663902843218
1.11462976528642 0.336436184071901
0.627131890882174 0.363299447368333
-0.0721548195242917 -0.858341674643634
0.201404672491491 -0.814056904467034
1.14536808829229 0.248990638692679
0.763033332389099 0.169576063781142
0.761627313795183 -0.909845746928542
0.729704703830788 -0.944620266995906
0.760143876125507 0.488039203283673
-0.00691675510498076 0.387270254566913
0.351782739785782 -0.855459810867059
1.26910754725718 -0.0215681897411373
0.82453477948629 0.501245988771854
0.0527708299431028 0.546002293921561
-0.132872343369224 -0.849678114339015
0.771191451669153 -0.476058198298732
-0.138068121710933 -0.767506409672426
0.45802523506727 -0.809149223425273
0.683802342941911 0.468471487648407
0.541834422301755 -0.466977070364781
0.349105143135009 -0.677780313265617
0.315542542515299 -0.636298966478826
0.456790097650736 0.439162509685792
0.656177066420129 -0.168882892743772
0.395141365987788 0.386677440430368
0.156148532149805 -0.540542791734257
0.337354976336367 0.41142467855926
0.501113158332254 -0.144804489656784
0.152040408445791 -0.411000468068277
0.0469745251868428 -0.363263576043937
0.295148458290683 0.425101938267975
0.343170594994281 -0.203190439154438
-0.213187787408638 0.539710043719651
0.273960700143297 -0.275877229597428
0.386834307852854 -0.277361839158124
0.0695750066416731 0.485464649793841
0.34827710453848 -0.300401453114518
0.338616965308586 0.610286765401304
-0.294999461747894 0.750964313688455
0.0595341302963837 -0.452693461767011
0.406740235706809 -0.51713856933752
0.437350832994506 -0.600471974233314
-0.282386999468771 -0.717949981503672
-0.247161366600973 -0.713219220198197
0.118418629730344 0.79108771600793
0.606881772326259 -0.787322235758865
-0.0633385875733682 0.994355859843125
-0.0414172337086975 0.984020257890036
-0.0226986709962008 -0.825908060168422
-0.617913496751696 -0.00983349439220493
0.588822868093549 0.631316690662697
-0.607073407897093 0.0325344905644148
0.366933488001615 0.868276410833546
1.08381743859945 0.686660170055912
-0.453703485694807 0.0860523224589169
0.416058583787796 0.785235775476443
-0.0471991542846347 -0.969764491368449
-0.0165815380203224 -0.916029352220568
-0.256678673751508 0.170888501397792
0.346873221199834 0.660506083012994
-0.212325920554721 0.224801413861456
0.50055364487428 0.49093013578083
0.503614668747504 0.504437627651661
0.491342248271671 0.423489291739915
0.46902907624341 0.500239151212696
0.53595114706731 0.44906157319632
0.404529330366399 0.541207881170995
0.93131184241429 0.507720015715254
-0.0761005807330079 0.114335778926037
1.11797503456715 0.218757838222125
0.666387686063375 0.454584957156418
0.0118445979404699 -0.0212424896844527
-0.288787412198984 -0.0713693224393097
0.140563864473302 -0.815267470637792
-0.324769267251077 0.0100663042248785
0.562763201482143 0.507318841024731
1.0285808165454 0.577136296648457
-0.13658466834601 -0.948882763953438
-0.168868416011834 -0.984456002358757
-0.184806620355164 -0.96793401636071
1.00326041341413 0.758142109627781
0.592891436416634 -1.13603758044852
-0.852323767637214 0.211810670381247
-0.0210737821289228 0.930164339421858
-0.76867573436767 0.1674014322574
-0.236136748475367 1.00804515225225
-0.341348499469893 0.969344366980648
-0.608428131214482 0.339077216007303
0.252559321227182 0.451513486634177
0.0846087306265415 0.69066838765386
0.489065417471565 -0.469821114423371
0.12410626417489 0.363508867683078
-0.676573238350239 0.165217872502521
0.67748720434724 -0.203603687791819
0.00495296305653956 0.399606198582365
0.3340112886027 -0.37091494966286
0.0919175064181068 0.245246762068034
0.0291785046681226 0.340961621888685
0.0681469194689743 0.274659199624083
-0.215341325008876 0.00404595556245649
0.208957329825832 -0.385822551273742
0.228488965426051 0.114236732295242
0.150329214821824 0.202458169191453
0.517586795417229 -0.272579495066784
-0.070550556880996 0.191880612041572
-0.304444264108372 0.0629221059017305
0.569391617446181 -0.0712465229518373
-0.29376263440122 0.0650803120630914
0.462249347580901 0.325256501149539
0.915547825539538 -0.52311910116479
1.0351466501394 0.463837983502435
1.15112588811102 -0.454013241385263
1.26069315350461 0.067443499817193
0.793816242177132 -0.629481549548845
0.297051547152315 0.00846550980703939
0.99666498003135 -0.0805425271834057
0.94297478517156 0.0512123927724121
1.33743937124242 0.29768530242549
0.905287035596465 -0.64836929384453
0.997375953049586 0.0847507362823822
0.901491613236241 -0.620921960006331
0.87271370770313 -0.563785358925084
1.19332884338829 -0.441268841289777
0.777309881544397 -0.240279182589597
0.906054485042078 -0.485099941935397
0.7702951517709 -0.225363048945975
0.80885872143874 -0.263327657490772
0.830640879998259 -0.262046178849329
0.811543721394434 -0.183716207936577
0.839129542159957 -0.295089576861546
0.746959770796011 -0.205018297677342
0.709442136551081 -0.268275402302615
0.73186926003212 -0.228327912716009
0.638380327134492 -0.1615378152197
0.579113312820873 -0.168048245465255
0.568335403106066 -0.268022567129179
0.486816746860283 -0.289463506987566
0.551549245931506 -0.0839188871847893
0.416108746587582 -0.130248655819526
0.414992474292067 -0.339236134000468
0.534942825823494 -0.0661046455232325
0.564711122047626 0.00466719677653365
0.189137900102328 -0.131599870587355
0.485101704668763 0.0183420607526764
0.575870071878823 -0.410091094963591
0.525918319765388 -0.15904124018433
0.503987019905485 0.115815194073434
0.400352244877607 -0.365474114910344
0.827390740008768 0.292439048025644
0.689411387392544 0.245481800139113
0.149557452543953 -0.547446084677179
0.781545060139154 0.297056883866434
0.107305255853862 -0.654217865351251
0.351148896695325 0.298645790488401
0.779161137158748 -0.349955023494258
0.821504013770309 0.34823862485943
1.01606265082035 -0.112009679812932
0.814040958528048 0.435941467141527
0.914079776901725 -0.573072351851144
0.804725059233811 0.538144149687401
0.828989517730637 0.530639189879101
0.829646759911938 0.589367302382853
1.29850023952115 -0.0208424828988438
-0.449697072306098 -0.622774828077893
1.05054490775165 -0.187349979856305
0.0769906472648229 -0.830585307192702
0.806101610856104 -1.01539828016462
1.01677740367134 -0.124792259129898
0.667681910396516 0.93115188975704
-0.751933264337693 -0.995362565396675
1.10014765761304 -0.346655301752663
0.975309982780287 -0.309581932610795
-0.717942554823648 0.995629336057575
0.622477807357797 0.896909709759183
0.903288857200699 -0.379266311547036
1.028677702724 -0.341754839484828
-0.382576596904375 1.21189187421814
0.83778884093447 -0.0837363952720804
-0.0598276747976753 -1.1388871367052
0.775795123343893 -0.0123697641846928
-0.487893505362786 -0.81529399854404
0.53904131874579 1.10512210842094
0.642529200103893 -0.0991087942189264
0.670620560735213 -0.352125366945632
-0.479071537339931 -1.03965481071563
-0.305659094031692 -1.17009123903376
0.449699298094347 -0.0138944800107337
0.625720181809515 -0.2010519645423
-0.960925533237146 -0.507232677607055
0.434252140110068 0.00906029916585603
0.46659966496342 -0.143151688009863
-1.35593396558883 -0.545388833789101
-1.06112742780017 0.93940304578592
-0.178487821811485 0.969450307755847
-0.67513491299853 -0.631302318332202
-1.19301592675318 -0.406389600566315
-0.64280567773038 -0.569712159227097
-0.20554499598732 0.744707879443125
-0.752712025091853 0.0251878638429064
-0.530976367199713 -0.519242918296879
0.0219482708951639 -0.199596157692358
-0.941150983772792 -0.278666342616102
0.264848617886211 -0.162536128477063
-0.880340845419827 -0.21225790447456
-0.435177448476366 -0.518805947119203
-0.364035671113313 -0.574907105305478
-0.378577879657838 -0.607864464792288
-0.431911714539946 -0.603420833117546
-0.0713136359449495 -0.487797795437332
0.441062534228883 0.725671940026872
-0.476087955948266 0.424315526010939
-0.807976626718538 0.292945920503514
-0.681698071472447 0.0993554364244764
-1.07687299240041 0.261280440481909
-0.247923033716213 0.891933615840865
0.311229055116517 -1.00505642010892
-0.320612901323772 0.958303048608671
-0.756957091185128 -0.860159182731523
-0.183669625281898 0.832146593315895
-0.800291783878151 -0.835052771365165
-0.316677630114298 1.02467700195387
-0.479710420638766 0.938478006390685
-0.392816365287333 1.01650413059465
-1.03291433898642 0.225331604310918
-1.01075223658742 0.245643782498988
-0.38251717476649 0.954756060584135
-0.592658144493653 -0.910399009851452
-0.109070291937686 1.0408636812215
-0.194874191508294 1.09411321589266
-0.315151404645482 -0.89748972456672
-0.910180991771314 0.0645991349594619
0.182857981796825 0.917654369560879
0.248521913556876 0.847792720546559
-0.917504274121429 -0.0602503805612881
-0.0811459523199603 -0.742954009205753
-0.0683242065032535 -0.71727258720011
0.0279026492583953 0.952535804941156
-0.504426168285936 -0.821207539300664
-0.0412892436828744 -0.649857095018951
-0.533698786114712 -0.868737183454696
-0.55093861086844 1.15343342590857
-1.16761452695645 -0.299357585523356
0.000928901731707305 1.06566110676042
0.137692027503414 -0.583442425642411
-0.425349605584063 -0.947400695337888
-0.685966915772646 -0.419702778427077
0.721362724913128 1.12889581454187
-0.4272152106534 1.30574118215302
-1.12394231369136 -0.460517942244908
-0.604807200776957 -0.544022048152672
0.463031893041633 -0.683842724083139
-1.049970119241 -0.523829624289438
1.03821145997964 -0.63919893894184
0.473194288950537 1.15366035987066
0.222062187310667 -1.21385451749268
-0.947324263777144 -0.527948541720279
0.505836336247198 1.06162160799298
1.07555497342311 1.03624414232731
0.61352260063588 -0.753864728315273
0.493951301600544 -0.993798686146275
-0.641306022645891 -0.4309005645334
0.634671459643682 0.821266608057304
0.245938075596835 -1.0011651589103
-0.48936194309247 -0.491794980559416
0.734904486895526 -0.604596333308586
0.966196174952549 0.782441215774359
0.376684460464613 -0.937732578407932
0.934838384301202 0.801373959280517
0.693110984204148 0.725910600913921
0.653457186765414 0.824062401486631
0.95313570361485 -0.44009704169625
0.310047013987751 -1.02005339148342
0.265295796497023 -1.09697079987199
0.582128424488113 0.906043609481049
-0.298115214520156 1.06419635560907
0.615366955820696 0.90540703389248
0.0947270862734933 -1.0390611400264
0.493194461674755 0.874752034907418
0.835682011689666 -0.209425763202311
-0.437369822453591 0.862564524518677
0.777222449104862 -0.183373501616853
0.443732570704998 0.708949720363955
0.439086212097104 0.676711551680761
0.662048691250353 -0.208789583629234
0.393691574505392 0.647585777452177
0.669259846177807 -0.250223268247922
0.226961210302759 -0.709340886360141
0.636237418737471 -0.244028457078958
0.446191468294167 0.528522500103144
-0.055540758407789 0.634143960181703
-0.331490309557788 -0.440280770625131
0.386528755426273 0.419547294780479
-0.260172394700823 -0.384570575743309
0.364445376529167 0.34612723947593
0.181129794832051 -0.323478978132668
0.342885866865462 0.289969540165167
0.152972972217181 -0.325286949688395
0.425244724073285 -0.111005030774132
0.205900272690549 -0.144298207500976
0.15051917218893 -0.103483567071359
-0.0589339016143935 0.192595694114187
-0.0990057556661014 0.233339974646729
0.11889989079647 -0.38994139059126
0.26925942045346 0.23877728080308
0.392623344229171 0.0790899915040478
0.0636058177677015 -0.494595002188357
0.373484605155479 -0.605803560522608
0.32313682575904 0.268227494109865
0.319098212544214 0.314530816845129
-0.301758940372403 0.224950145236912
0.320918245860988 0.427479585907609
0.843664775714052 0.310071677976516
0.487170871320635 -0.912891958887471
-0.235387603317815 -0.841219863808365
0.967963826324576 0.392345165328389
0.496393776983149 0.65673660623868
0.55087826776136 0.633264190466858
0.422382817176495 0.787629040684592
0.547553888651802 0.73368360947092
1.24152761945033 0.424044768235869
0.654377406308433 0.741974228064422
1.30724344191653 0.412026594235361
0.184125335316194 -1.05308443162971
1.40397104129759 0.377193110420682
0.0165369505203279 -1.07505284874483
1.02651723604653 0.228614112045807
0.0431771998851573 -1.04246562131509
0.028523803995833 -1.06045245290415
0.969973690778021 0.0984381271875264
-0.00809027962777429 -0.978666712119529
1.00534536972771 0.00210699315360103
0.819878395884192 0.588922919037371
0.356233511325377 0.382691632184734
0.840785132863978 -0.0571190095429865
1.16640804305049 -0.00219065053768436
0.302524759370051 -0.852253331073203
0.598305359731613 -0.90973555881745
0.683918073091437 0.529091882539229
0.29892696424024 -0.783596788553183
0.66616082881886 -0.510048186659081
-0.107560144343027 -0.745291280676943
0.657216268246139 -0.573241719427052
0.622814325490245 -0.558221631931211
-0.0810910975086019 -0.727473920359229
-0.0145217232714142 -0.679364244498078
0.859072723270944 0.421590666475013
0.838430401335441 0.383664460598628
0.91038481564437 0.394291693610432
0.149209041915165 -0.722150753176002
0.238506869353878 -0.692507779373997
0.940365616909637 0.254293206076914
0.940533724840798 -0.448524588429125
0.672692429925621 0.11312155890113
0.504581627956254 -0.654299720126453
1.00481950688121 -0.442288380780495
1.24427750047647 -0.297845510402728
1.19598314940296 -0.333759443537531
1.00042477672751 -0.442527876478593
0.942732844457129 -0.429313075784243
0.961358947547705 -0.398744683153784
1.16197579669413 0.0698841003007576
1.18562469378094 0.0561568619898691
1.22775095309025 0.073809396981307
0.956652701051566 0.03638062955101
0.994335749663221 0.0242285959896231
0.825464911453391 -0.567880967008784
0.515070824270939 -0.194203802960311
0.568327069815051 -0.141285433718517
0.938187812416302 -0.0461152081687714
0.643936453698743 -0.602478627284556
0.912566167941333 -0.144262662375039
1.02900637271077 -0.13719902768688
0.727099209813506 -0.525091564655784
0.800500823864881 0.0390286441866267
0.892569918481248 0.0706340375945842
0.844139226357756 0.0811231337898746
0.674712451271785 -0.43313143130365
0.560928964995466 0.0791143576763983
0.751779247695158 0.129517231232325
0.263115005627575 -0.390923199483664
0.680357149995291 0.155816171877651
0.420213257580554 -0.341909354090348
0.72171583658649 -0.268234753423126
0.661391417002641 -0.311705511618311
0.439690757421479 -0.302391779267525
0.0340484112186999 -0.27909126511995
0.698419630880447 -0.382009106428598
0.311040348613861 -0.432332614505825
-0.00893015107197358 -0.189879543037818
0.738317841631555 0.344812497886062
0.00751419506759516 -0.12598940033873
0.530084925253793 0.23692322255987
0.0406850025864526 -0.0708406090514124
0.0616666620991952 -0.0410976207570851
0.34408175176519 -0.635262622818056
0.676579214071584 0.0631910933815051
0.73289049451963 0.162875377415207
0.855065128342607 -0.726675727317113
0.770348787502618 0.195055952976032
0.223573386902948 0.0307497249784977
0.787658140832382 0.093692900777395
1.18075603788489 0.0635625386297004
0.429496914484962 0.0674544500253803
0.839133013950112 -0.0571954971749928
0.31676828649534 0.074495237041997
0.352255789181255 -0.66880794970014
1.14651849669795 -0.106825583893028
0.42678736853166 0.181684968324591
0.287067951626868 -0.594774811305395
0.687137475328791 -0.286502015405793
0.965450887162925 -0.184562734952032
0.192600659856755 -0.566348873667549
0.647777198161768 0.225251500021078
0.936757149984239 -0.0589815552488516
0.57932881211387 -0.071454461083564
0.161350787238636 -0.588017359341081
0.595587066813783 0.197423022572565
0.0641764833574709 0.125015620106121
0.573677923788795 0.0108963367340311
0.0972625412931442 0.0722527979832507
0.741072149772803 0.0254314913668016
0.390678983844879 0.0477782384677871
0.200070514426551 0.0555481687817762
0.394801671524263 -0.0265964440945442
0.220003088540377 0.0211261166263093
0.237362291721872 -0.297657551677994
0.291451596409571 -0.275288897422318
0.360545691988853 0.0516072446269833
0.1773150948525 -0.277872481978881
0.329272131496975 -0.256727096039827
0.522432018914543 -0.204951884066999
0.445943386076712 0.160040548168466
0.291075190048792 0.181269645918216
0.364623517884012 -0.27263827876961
0.455096844739079 -0.319860447888119
0.61934447634827 -0.377754125109816
0.702914542686036 0.310027658506188
0.43927657335172 0.281650193115775
0.339513855581355 -0.454997582613514
-0.103020194218942 -0.162181841898814
0.487964782529563 -0.207262158728241
0.870041196058275 0.372842939147209
0.279998537181686 -0.671945075828856
0.645170844246745 -0.0103896817736109
0.0446087628529191 -0.103655383234593
0.403980235091311 -0.714858648423691
0.414676101832594 -0.719991379954897
0.372136597806929 -0.743843332181776
0.791869991598508 0.127322311649438
0.76259709349667 0.20988797953637
0.175261233419476 0.033612792056658
0.709686329775915 0.114540640557056
0.677543973633702 0.108533203951898
0.0811547335925999 0.0972582246634403
0.175109155459812 -0.647147016225221
0.334035387205805 -0.568348548062496
0.342205425417253 -0.531789523891623
0.380862873212874 0.141264868644218
0.678995307666235 -0.0999351688951678
0.178577522008971 0.148854790412961
0.762284239673033 -0.111810559574527
0.525209161160045 0.152299380729703
0.683281465929636 -0.136718596350318
0.387705184566078 -0.314312984116887
0.42263004478891 -0.154253587326646
0.4108012130421 -0.0803772096585665
0.316526236637943 -0.0949825344262096
0.165205962120505 -0.215607239985146
0.133827201578137 -0.015243462478158
0.204027587605083 -0.168819338437512
0.295934519125791 -0.0460451276187751
0.135990602537953 -0.167323391499871
0.180990433778552 -0.0483836896580529
0.16780465720084 -0.0507258039330035
0.210368307947538 -0.110225327499586
0.180546759542778 0.0858548937457942
0.155085465701479 0.13911297144908
0.156764130734573 0.137413048530346
0.13678089704394 -0.113545484151187
0.307397408545881 -0.0997638834637394
0.350697762431006 -0.0976971312744305
0.0411558652134057 -0.348023987028339
0.220292283948734 0.360064148285365
0.0617442562058227 -0.428510746712232
0.157668455060557 -0.272010334055038
0.0604236255745379 -0.421257792207572
0.568447757596949 -0.189070284552973
0.578879298464308 -0.192369052288627
0.621942801709339 -0.204355945807621
0.330794953122529 -0.529620812552216
-0.26767926808199 -0.488457413786192
0.361460427026109 -0.564668785946183
0.659267595476017 -0.348480662983201
0.258467078573141 -0.606898755007973
0.129510802004132 -0.37682949184381
0.0401730127128781 -0.330756722728323
0.434185421281455 0.429594369696318
0.1355754256866 0.584784104230018
0.335049004306224 -0.313151216868877
0.24279343704464 -0.492226958184255
0.294700584896831 0.547312700151387
-0.00602723230185703 0.683027781819942
-0.534351744577215 -0.171845062906744
-0.100346227988868 -0.721511243754059
-0.650393608635783 -0.16529206586982
0.000284785690463543 -0.617918683090545
0.144821844551459 0.775399252758727
-0.275771890481986 -0.737403772799281
-0.163210280235843 -0.700252081873003
-0.281748301310731 -0.689179773157751
0.531693323537655 0.845524724104924
0.497025522325542 -0.516348569161642
0.40543825236523 0.863356981361793
-0.365741395192227 -0.67105521728031
0.304593779964383 0.82945362040871
0.21576538579363 -0.298868004859657
-0.414882979575766 -0.636570300734982
-0.397889153860063 -0.571985891793123
0.14452225310467 0.797216168719447
0.336195856269263 -0.135008403995024
-0.618800995621261 0.780668363125967
0.330738595993768 -0.0812251419064379
0.272544210921297 -0.0381624884874216
-0.0437991444054557 0.677996073456367
0.209302990512702 0.0682140968895958
-0.22146114307975 0.565521490647572
-0.679945780487877 0.478163276335253
0.300264304730949 0.155288305267633
0.0591193767896467 0.185590077323158
0.0724685050074216 0.155970011088135
-0.22199127919576 0.288863198800762
-0.175372764705533 0.234624281029031
-0.0155910261493204 0.318939158671711
0.0793354253060135 0.0655455263464347
-0.310967600787941 0.165683546644095
-0.241806550269164 0.237268775699258
0.195634264455043 0.0134631543851952
-0.300355680044112 -0.21548114713414
-0.0986418786427717 -0.189453750571929
-0.277241848344828 -0.192548592379895
0.0822956562030413 0.232485361215362
0.139849442209565 0.251464366626162
-0.274543381951429 -0.107230999203003
0.0487929697366653 0.255826897922964
0.0524245993324477 -0.266866415014197
-0.0991284065028751 -0.351084906696652
-0.286275998263136 -0.014583531123832
0.119130622947577 0.342616846115253
-0.347378491017881 0.0230792085850483
0.135122775335903 0.192097150933996
0.178180754227397 0.22731938397137
0.183953322730133 0.324010751819232
0.17833387882318 0.3342781449081
0.225274275133351 0.38118648627404
0.254102797971681 0.439504174400816
0.698520855871669 0.484257136010619
-0.40379203405117 0.0997350646394041
0.861242069250039 0.601357836497856
0.433413537146444 0.596543357842092
-0.551287527914361 0.132017755988138
-0.4018380841506 0.129415682007973
-0.110738833719819 -0.953604477422605
-0.401574802002499 0.216593467766337
0.664771673578787 0.589607563676804
1.1267121083711 0.683056476308321
0.0653539833565993 -0.960962640455208
0.103970615620584 -1.00383870217026
-0.169641212421414 -1.02564133352839
1.26229843649586 0.260426521940748
0.631727718352085 -1.1270846108533
-0.652646269945132 0.160435192038242
0.781666317892073 0.0929587403009265
-0.0916090821177436 -0.387343011528827
-0.0556770475692739 0.896341552500438
0.0856238198238595 0.859058687665726
0.196035256433218 0.489683984300746
0.653442984334961 -0.122496252799014
0.487503592917985 0.574528342863724
0.790692439802666 -0.248252425818689
0.741723803261318 -0.146828697089628
-0.723042510405884 0.175743455559588
0.80231145872636 -0.235964301902442
0.233975634398885 -0.67200127544215
0.709445011789864 -0.161552329009802
0.70803345962832 -0.299511729461216
0.0509645743496127 -0.65165767264589
-0.346046426894853 0.525112124352629
-0.181015043231008 0.77075619541252
0.49352975847798 0.0379002521210989
-0.378377676633039 0.430330959061179
0.591285583608128 -0.292665367678273
-0.328997709670582 -0.0916401601820051
0.214221972209475 -0.791537641811778
0.870423295153103 -0.237350750538591
-0.649580458117147 0.251500497423722
0.880010576307553 -0.247481557838796
0.598990172004772 -0.456110059747125
-0.619404922944185 -0.21117901963962
-0.0306881327668826 -0.551572355105177
-0.702355351721061 0.0529634047841887
-0.530035288539693 0.490357871658188
-1.00248890229886 -0.148076426358021
0.351377047230969 -1.05441473472457
0.0144578468065484 0.91819174621875
0.618457353592834 -0.643614919625276
-0.29354132447983 -0.821921205469146
-0.808562079790877 0.0525140032412366
0.492732244867412 -0.809971962731941
0.105830167705842 0.710149341437592
0.193683088023522 0.603870267702265
-0.518285814019322 0.0683300072545793
-0.637583275960277 0.157053127566183
0.831269945890001 0.434083992254615
0.247476370640675 0.639982615033572
0.739480703350525 -0.669645860643657
0.751046260674529 -0.658344719427922
-0.237125195924147 0.107205296938003
0.473902614556611 0.478678576342579
-0.172546342588442 0.0731220980836781
0.183830628005017 -0.790978851001083
0.980424150242214 -0.613401570239075
0.65393184286671 0.389373534681604
0.685799336030465 0.329929477410947
0.259092663121182 -0.729942225499427
0.0869926861451217 -0.732516985498913
0.512106615397398 0.195797560330155
0.18809687094904 -0.06245003153631
0.148304361361583 -0.567679589041599
0.495791953033179 -0.00913621933919827
0.12009495088431 0.486193761099351
-0.00517951477701573 0.243677189976316
0.422483927970767 -0.0211035215693424
-0.201668402148845 -0.480707338382757
-0.317732951742888 0.0485547152180801
0.29807700737739 -0.0271628118130002
-0.111376524985787 0.177629712672185
0.36216030884397 0.012581728779331
-0.0867995154011305 -0.134734424927066
0.144603692838364 0.0950962079493868
0.151890033965677 -0.134728539653281
0.215316359445054 0.0624230484903062
0.281913565072621 -0.0737173987336438
0.233717127945561 -0.147380594024832
0.281116555518244 -0.124402492884809
0.25614551694278 -0.115110486487408
0.302603543456535 -0.129024900171903
0.358035164774979 -0.0905201643746433
0.384524581609143 -0.135887712782501
0.381221420177801 -0.118104143186164
0.479761677716985 -0.0974940558606334
0.574145760036679 -0.144135943293835
0.405334971699181 -0.12227075967429
0.581228310133551 -0.109634700959752
0.423652665067242 -0.108824993681364
0.772521595720441 -0.297875202228394
0.650811854054663 0.0119410473175604
0.635438802107363 -0.226897552465677
0.682108955144603 -0.416707638663668
0.752622565967434 -0.527037631409332
0.2539572669077 -0.564549147028855
0.859994189611535 -0.189916256459534
0.524334189278547 -0.471872974062877
0.742219947964916 0.351149895072098
0.324303610853919 0.242179379242928
0.249413736022436 -0.425359620976851
0.369322851291872 -0.604195370847409
0.298625267052125 -0.402962775589745
0.285539408233376 -0.534296296561943
0.554417936691126 -0.178232009350765
-0.271106568633142 -0.453198522735961
0.11927598931487 -0.263056311767784
-0.18393958547877 0.328034310930919
0.314775817191678 0.389890358204361
0.00947042624392023 0.509876709666431
-0.0217388763811177 -0.203688243344332
-0.344791750064245 0.072729573745752
0.496564407044094 -0.0127652816148897
-0.154207074509655 -0.17289379646992
-0.199870418203671 0.063794139883024
0.881686874746781 0.180460210540474
0.75858311518306 -0.559472694766546
0.265503540011769 -0.614209813008522
0.642640447519066 0.230750285570236
1.03717185160526 0.249155361439273
0.655340535199542 0.15973554608479
0.4375705727866 -0.653125781224321
0.734285154396789 0.110020838509232
0.79286261116602 0.0832206668243408
0.176958883329509 -0.141718508241107
1.21622215287253 0.228029948099922
0.354857576999762 -0.109578070390562
1.27135116142212 0.288730476108326
0.956332220317804 0.189165981921698
0.993908822875949 0.231314304957533
0.975408154046372 0.287502089215996
0.974678432908391 0.311751192140571
0.0807993567405547 -0.0427837670786572
0.347088944341915 -0.967817825565394
0.389639657211861 -0.926427105311583
1.25541088519683 -0.681588558481559
0.918320542892177 0.329371062469143
1.6316007011205 -0.444211076262205
0.764005170986118 0.572503480174126
0.782933336418591 0.500284918376129
0.682072510916014 0.576683099726647
1.20474951751528 0.549284013068223
-0.381419956642399 0.184201332018044
1.14520089471212 0.515399082057654
-0.0594452002568765 -0.994093057773904
-0.118909633923939 -0.922078693487735
0.473716974901732 0.749332918766331
0.534262675631531 -1.10135991578143
0.484810363899719 -1.05891119599525
-0.226405471755389 -0.899159693604544
0.0299667137972293 0.815757382243685
0.325210695261305 0.783627475001028
-0.656209793376123 0.456266328779815
0.790755009581207 0.315316037169008
-0.614829376241084 -0.799313385755731
-0.211236495464154 -0.715187912294128
-0.220107380443927 -0.685293569299257
-0.576265471858141 -0.665681164095567
0.590931063491544 0.260156215481922
0.580961163357986 0.234895298495092
0.0876761021890446 0.506403052286111
-0.0478482554559978 0.419552304680597
0.52161229887203 0.223496723663066
-0.0250993083733172 0.332999122157758
-0.395062595040193 0.219958349761898
-0.226409531660981 -0.49343205638844
0.159509303126854 0.290454688489182
0.402223869848183 0.20410242458742
-0.0451268955794625 -0.38146659819169
0.290461886359587 -0.441018611782729
-0.0316767623685881 0.138654949089512
-0.124943239738316 0.123018666812139
-0.10704329650417 -0.367085667646305
0.216072184951847 -0.359593903965848
0.432857186678964 0.00309777899213422
-0.102955861181399 -0.360562403151492
0.409172462106723 -0.055644086053995
0.299333643543548 0.285438532937903
0.142707687508411 -0.439053290423588
-0.191755589016653 -0.470495327405345
0.358284198030588 0.374866503443465
0.311190467013893 0.385633964580678
0.69924801363436 -0.117980812078113
0.13579604596303 -0.637826488504459
-0.313090097704054 -0.638024549925927
0.447853774482448 0.589319795743682
0.437948471442971 -0.563459908045791
-0.351612987678121 -0.734716761582396
0.908658451346436 -0.129765586996221
0.40109684736589 0.647800014241088
0.499813766659505 -0.67988219878275
0.481316372183715 0.738472803033875
0.561901165418184 0.814221195291567
0.571437588871168 0.847428446428635
0.883721328076795 -0.210489942204879
0.184466131007875 -0.942045191607859
-0.0323603552646467 -1.0822351667086
0.449295314576095 0.97524299183681
-0.587992340799039 1.10685879027839
0.440893333259723 1.03723345713666
-0.293640609176235 -1.01063032835318
0.464834614112446 1.0778242862938
0.727083114615 -0.309641698057765
-0.713095820937346 1.13287487032194
0.486710541112722 -0.257383921964019
0.140689903017057 0.970298709951222
0.150606051465416 0.938426585779718
0.463503576336395 -0.166782012324712
0.115258023249573 0.871531751319716
0.473857969273024 -0.121905772254041
-0.345083115767253 -0.796088579790323
0.410908853462629 -0.0978399678522517
0.0761489434428809 0.759272351477628
-0.589385883340922 0.72403023258381
-0.798730184306453 -0.466346953640854
0.042322132434256 0.664852615994182
-0.802780264724442 -0.418955237594834
0.0812874560673579 0.649856752313676
-0.334454896829349 -0.545375664923365
0.233049549704929 0.732137174228448
-0.437570133023842 -0.429832983408362
0.454570051921553 -0.317164484893779
-0.348361165135306 -0.686444492661528
-0.328425198278331 -0.7147169733796
-0.433124892456116 0.993493870659026
-0.437942689171358 1.00080273501208
-0.323449993452806 -0.78125487592666
0.185172034385676 0.8778912211195
0.696318410777235 -0.513000638605083
-0.192551323310682 -0.896456955052459
-0.561461111249602 -0.363956126970348
-0.342049886667213 -0.919091727133758
-0.397634876680465 -0.917985473333219
-0.37705102284862 1.15032933151492
0.121705458363566 1.01556990159695
-0.00185854039171164 -0.716034923850265
-0.717488556616495 -0.113219712311492
-0.987905566824448 -0.108802625486495
-0.141359329925878 -0.72583252964381
-0.0494402175343145 0.918449923588264
-0.11354921203461 0.878767188219563
-0.482055761129509 -0.7411723245014
-0.50416984316146 -0.711801365762596
-0.324040574881345 -0.623411952005745
-0.502107310463051 -0.663122666297847
-0.346145902618612 -0.578100988289222
-0.306069580209505 0.557878097273605
-0.375209435527291 -0.5239714431737
-0.680309577204136 0.128188926949389
0.0606229516220675 -0.56697376590532
-0.694582500315159 0.118689236635958
-0.628496339519451 0.114733365257219
-0.403377992762588 -0.366905219805546
-0.636302417273012 0.0550336045457168
0.00641619603133315 -0.373143489678932
-0.271985333659091 0.394181985941821
0.0727767507498849 0.416714121958396
-0.447303261831546 -0.29185072049226
-0.496703353581312 -0.284361690767086
-0.49764065558073 0.226704565470361
-0.714074443452075 0.17685739320286
-0.422405290932221 0.44371611125336
-0.539148812072767 0.298096275043612
-0.626747743950263 -0.228940194080496
-0.860700636609613 0.2018236827114
-0.678459484323669 -0.329445753498035
-0.660935675013642 -0.318383354348191
-0.977116388629933 0.184653476319515
-1.00519595293286 0.223435895602499
-0.544798047163756 0.636782520319246
-0.513190197540416 0.669521241316029
-0.520010227196765 0.704820856096327
-1.11130977495782 0.16050034029166
-1.06344853529093 0.150507831422251
0.159331062799568 0.725507783447835
-0.672947786524078 -0.525801815987089
-0.58741785788333 0.770162358132147
-1.01519201273289 0.0518632731369567
-0.681342469122244 -0.583007021049791
-0.407043835408638 -0.485846985650621
-0.419293295608162 -0.465564102944992
-0.623106329439378 -0.538287046375898
-0.658992058852505 -0.562095546809695
-0.774379163070884 -0.0898678638234566
0.197502454541521 0.791525387451419
0.127953295139743 0.71223022669343
0.100421693596128 0.716458280665679
-0.60626745148772 0.730977161403217
-0.280747889250081 0.655743929581193
-0.307006521710424 -0.359510524571804
-0.941817362928957 -0.0911230169623649
-0.950292198287761 -0.092380647381122
-0.595180860344911 0.694510475249168
-0.297376249142714 -0.33137530239572
-0.216672342910051 0.609741121286316
-0.461368436821961 0.641502117151435
-0.54405273433029 -0.360663225423131
-0.829148071750097 -0.0699088201182895
-0.468281329552199 -0.0535126479559494
-0.772812070581358 -0.0723828936351067
-0.457029686060523 -0.334404743228451
-0.553051826802082 -0.0481923231744806
-0.454916932438747 -0.00632534316448205
-0.168456510017534 -0.266945658151288
-0.398981501702953 -0.210649087000416
0.0464904265369517 -0.1962409675787
-0.011375026749525 0.546812648129201
0.0716221573437593 0.456825687379437
-0.344341860794273 -0.273810711870214
-0.0936338655127747 -0.14798019476703
-0.360939093767763 0.452091064897753
-0.0999377381994253 0.395345144567095
-0.0419356706151854 -0.183101192787328
-0.572321169683837 -0.129225850283095
-0.0553577229654002 -0.144498441222683
-0.256289240217776 -0.136158839108459
-0.0348334239000789 -0.159952542477932
0.119649074971047 -0.116620706727777
0.0479295917028074 0.400158146154787
-0.30809258181649 -0.175187694789031
-0.223873288186892 -0.120011680202501
-0.312048898440583 0.288487057499032
-0.304938771137338 -0.118988693802436
-0.07108209806472 -0.0555161479557301
-0.252407242718296 0.0151632311180272
-0.380802002187112 0.06442379109554
-0.214906535616516 -0.143098308948398
-0.303975917913415 0.0837134643509682
-0.0298139732775159 -0.137736897227963
-0.0196749738712621 0.253929863605131
-0.363937698584587 -0.073553908787107
0.0517617217541816 -0.0744746772086217
0.00746934403248857 0.19115253216674
-0.153647928743591 -0.115500445740252
-0.355312639919002 -0.0903077183651167
-0.097438487444 0.186695154260127
-0.138623816521847 -0.0492447412791986
-0.380385567283094 -0.136949545246118
-0.246015653006248 -0.102212496186393
-0.155748561994839 0.234267424397805
-0.172242806475381 -0.0232542973178307
0.0350179830260495 -0.0288882849177951
-0.252760273846915 -0.188420637208619
-0.0303373928406327 -0.0255474860830805
-0.495689187590714 -0.194601951925416
-0.329049392045179 -0.191691592476374
-0.0336793725831639 0.0247487230828485
-0.321651889163342 -0.151158819906882
-0.0893550353970073 -0.0286357145017781
-0.233538980646723 0.215818125222224
-0.213129345346337 0.200919472040001
-0.107413252490071 0.0470696151125615
-0.205515938452888 0.164872796812709
-0.205795320277966 0.193094567299238
-0.399278637008354 -0.0572702501480858
-0.297998643083807 -0.082574300880713
-0.10338402337047 -0.0771315773772029
-0.172702055658449 0.173052611085892
-0.330236330249015 -0.0520177346997081
-0.229464257914534 -0.0212504139963556
-0.0645565026607869 -0.0909408351649892
-0.123029937716913 -0.129526199609881
-0.222802349009443 -0.00612021610990142
0.104450563752641 0.216267990780807
0.00451437068630191 0.240674056606649
-0.131347079464039 -0.180983204012767
-0.143221074108431 0.0546089319224318
-0.12434536575116 0.231048263695297
-0.124192457314075 0.21134967541863
-0.267142005499125 0.0294781331464635
-0.270277799220088 0.0193037504562336
-0.141482823399621 0.0306756477694143
-0.137323995258508 0.107752137651121
-0.256116834395323 -0.0236306494656229
-0.155952225441223 0.144938037781155
-0.208067570042626 0.0523684426402757
-0.236006404717551 0.0750943768024488
-0.289408368459345 0.192058811370666
-0.348028615204481 -0.126753144819144
-0.286791921526379 -0.139751110552272
-0.268071680448804 -0.103226181616286
-0.305393943456711 0.166640153998398
-0.0610017759178493 0.102569406972537
-0.283310862203937 0.18457302410081
0.00451959533988382 0.0791766352651577
-0.104984556342581 0.127588806325668
-0.0703051244036253 0.0338519072244186
-0.166321056591409 -0.00357181028341879
-0.201185399661469 0.0130203594360737
-0.211604425129613 0.0640918548723825
-0.222132465862248 0.0172168203664073
-0.173604555519154 0.0673251048657792
-0.178521356739355 -2.61861228889283e-05
-0.182227237713381 0.130112396888755
-0.233805334920381 0.0641583587329662
-0.154935828398295 0.0898660911527664
-0.264312576763373 -0.0613493122935952
-0.256968307433314 -0.0854919978799845
-0.181476498625427 0.136526507530856
-0.299428512843831 0.160536532662371
-0.335592292172435 0.0946844754802432
-0.19459590840307 0.184914766719089
-0.158010660586697 0.198883103541362
0.00276049228510304 0.158239644765734
0.0715987176111873 0.154436316351959
-0.166762724687212 -0.270357196459017
-0.0843124414911585 0.220853233219711
0.0298398102855583 -0.322044480780432
-0.0231472903521699 0.271684391669314
0.0911378814455781 -0.356131762959722
0.0702537019778453 0.163726527370215
0.0781680194920848 0.139432448344344
0.316028526186269 0.152109447463837
0.00238865203601202 0.170485635211334
-0.226580333228552 -0.298682204409561
-0.141806875241056 -0.277813313500465
0.208642479898795 0.0797630569124171
0.0085587535025821 0.170736513302345
0.0267451102868994 -0.229720943125953
0.00695108736811898 -0.186721366150693
-0.00882735864732168 0.0880539523463719
-0.152249403741303 0.0671230014094068
-0.0885363941568995 -0.149016651592634
0.0290389912912537 0.114073208038114
-0.094520400553373 0.0346112138537482
-0.180688533001726 0.00369858444601479
-0.0746817944011562 -0.178385416136328
-0.0789959796676061 0.177488328763279
-0.186509366357821 -0.174292039561895
-0.192328562317193 -0.193245236374272
-0.170135761109913 0.0299033077831465
-0.135579994509498 0.157224301912177
-0.163820060786328 -0.0907684879735513
-0.201052445525762 -0.0758024381445443
-0.191318306200437 -0.0138525719372427
-0.111880345326461 0.0697413416871185
-0.167299437619332 0.0662808641738647
-0.12319243613439 0.00412138497174906
-0.197395515383665 -0.0242971614973921
-0.148492005114747 0.0229972397116705
-0.148615358302428 0.00366255605587604
-0.17022521515356 0.0805753823063096
-0.283312179491051 -0.0708394463181327
-0.235249497064601 0.119300585925979
-0.128004749601333 -0.0877990690283436
-0.164995770017651 0.0824961068362259
-0.194102349577992 0.0841971627251824
-0.0816305218784483 -0.118375736184182
-0.192604715572928 0.0716774793021673
-0.153525802340728 -0.065670759183487
0.0101249638545977 -0.0901679647705798
-0.183813834788751 -0.00758758514958969
-0.200965515539065 0.0058956372052443
-0.0931314474277689 0.000592879106328093
-0.0431093090444977 -0.0378211839589273
-0.054829870769631 -0.0722154509470011
-0.0691925234928911 -0.143846502262494
-0.09715392232975 -0.100272690858377
0.0439239795569157 -0.0314740239016874
-0.00315441868198638 -0.0255855809577718
-0.122156229322535 -0.115476774910732
0.0180826073644645 0.138572586355698
-0.0127612631366325 0.171083146890637
-0.0578451675786142 0.121255822020055
-0.0224609669151126 0.0410159740319158
0.0764146527440841 0.0644628765737897
-0.160486509155198 0.0550252333515542
-0.074354567477948 0.0948229293476486
-0.144334431427051 -0.0575678990955616
-0.142926427647578 -0.0320726828771774
-0.281706405226937 0.0189562556310816
-0.129618276254686 0.11273266293092
-0.340323422547915 -0.0585214243386195
-0.223398402329333 -0.108581296653037
-0.190845932640115 -0.146952836485732
-0.235865126814183 -0.122331812561568
-0.295787846740645 -0.0720711911620889
-0.273798876669067 -0.154135367845109
-0.0115661381138451 -0.0664551531221836
-0.141500501841274 -0.112940362432392
-0.206836992711434 -0.152533648689296
-0.127813280358297 0.242165104498278
-0.175150748063256 -0.160725550361751
-0.452222197042169 0.0697419863906741
-0.053566994183462 0.289361823689337
-0.431496814258075 -0.2109310868994
-0.342910664438136 0.410737565246621
0.0144583280375142 0.39794187719845
-0.0288848470961966 0.316297419749139
-0.098934490868433 -0.243503592414922
-0.0465261725355873 -0.202826645306086
-0.31600633587396 -0.182515901974048
0.132816880849898 -0.145871745453642
-0.145654335413624 -0.123400586755946
-0.349500633475044 0.079790694326293
0.0307047115576195 -0.0743134477197319
-0.0546543858069055 -0.0443270565495051
-0.150969090449016 0.0416970839901556
-0.0739868110455342 0.03222463599145
-0.0245613608312747 -0.0243833322880364
0.0223799430536711 -0.0201181136483742
0.0623205325172495 0.00883282693491901
0.0966314047677268 -0.03356123820862
0.0706776668132262 -0.0415053591491508
-0.21924030369654 0.0383151498761945
0.118752513033298 -0.046238734430643
-0.0160086631487276 -0.0154446699648144
0.187059077161349 -0.0694528552932508
0.167172116212269 -0.0100791309539702
0.068667582893124 0.0164303136796887
-0.0380156626125118 0.117937525634126
-0.0310506908379395 0.0343290866642253
0.121754981037821 -0.0990794214999681
-0.0614728491347548 0.177528561135978
0.0534410569534772 0.011581956705495
-0.0643008214797463 -0.0434013741957647
-0.215796308139413 -0.0775983400050625
-0.127851203027846 0.00666560799649889
-0.325493120043902 0.146898598398919
-0.0253966922396326 -0.0253823091781058
0.0190658422618664 -0.0154416305836072
-0.251810813623321 -0.198348939706371
-0.0325090735697669 -0.101837852409175
-0.305998707367901 -0.00118746193994717
-0.270520610799582 0.285339490895849
-0.516160777754084 -0.0731898939252891
-0.228032480997823 -0.0558332119075545
-0.161420521453969 0.240154964820171
-0.103609700821879 -0.011965877772816
-0.0497421182339877 0.00880468593179162
-0.329862586388445 -0.125171371911001
-0.0670806832943991 0.0349846552397559
-0.108493953572024 -0.124609322616602
-0.0947569048776703 -0.0953046652972943
0.0277880680626827 -0.0693553813341017
-0.212676760940513 0.0389140218396445
-0.0565884480982647 -0.114269083934185
-0.0912859783869672 0.00103762733386873
-0.0773703067202461 -0.00610276613341377
-0.0630900032287239 0.028096785375642
-0.0356520376701216 -0.00175348124443871
0.00541022713790018 -0.119495612677474
-0.062326357199082 0.0339509122433718
-0.0691177079366331 -0.00129420788797224
-0.0827280563401645 0.00442301310636274
-0.0910275788070823 0.054081135930777
-0.0534031543377586 -0.00701154478853961
-0.116446511798311 -0.0734281292756372
-0.0255111280904997 -0.104406602197723
-0.0184224112494517 0.234076484354532
-0.458783657381188 0.10293108278189
-0.152801770801712 -0.228292479326739
-0.221671879252887 0.173175389115846
-0.0235200520141564 0.150030916540816
-0.485736835638254 0.0040168673876659
-0.310483094292992 0.241645140110818
-0.0892898012230277 -0.161355685643454
-0.231991425694264 0.0798563064431407
-0.238556785715738 0.129326312779955
-0.264672462834252 0.0149660625539965
-0.0686119705789431 0.16169054949125
-0.216347751192716 0.121570922639416
-0.289704445472392 -0.0106894035062912
-0.118329832829276 0.0789006942226348
-0.190342836063701 -0.0199484719107811
-0.177969570211084 -0.0198315023043302
-0.109543446532155 0.126054404950714
-0.110883940187932 0.00334163902662555
-0.134148240651302 0.177835412299592
