0.195035211996754 0.600897637951645
0.778378555685147 -0.441007883214106
-0.0833056848198292 0.0463037330611929
-0.00127979532633405 0.00031654108101997
0.344630278965378 0.397762813031994
0.0692381395906212 0.113461071169479
0.179055335666356 -0.0252822786559453
0.322129925480007 -0.112727238734671
0.41573544262546 -0.233518347342361
0.237330793639888 0.0637324206202727
0.340742430092468 0.0597711904731661
0.42484460627588 0.0776529450899712
0.297501343893596 -0.0661970753505667
0.270122337488877 0.074330627990527
0.475930379672908 0.109159316138622
0.217013230887652 0.0409487990489519
0.214618226016983 0.0950473214358206
0.302971724554231 0.0359837850747645
0.334013314555792 0.0651917484775485
0.506338033540148 -5.5171676242978e-05
0.515727677071986 -0.173938885132949
0.53500704575111 -0.0855870070343757
0.563835761272328 -0.0883480297705377
0.159853367531333 0.105112240345514
0.389449781807663 -0.338955623962497
0.537917442453401 -0.146004910749291
-0.148949788701359 -0.064334595545919
0.501541000069607 -0.242232572817112
-0.149350158831523 -0.0306805828257264
0.314808656822359 -0.449589732862748
-0.338514955631525 -0.147289761621525
-0.398623865443246 0.111935252281445
0.477119996542094 -0.584365913090059
-0.102077816883823 0.636619017862478
0.457914579820272 0.589902043598752
-0.466641065020749 0.0853150898612564
-0.215208145975829 0.526150599665438
-0.221250354713753 -0.510011400306374
-0.722760906498977 -0.0668882248758703
-0.657257599457741 0.0358508350038988
0.213576775598467 0.503872490026206
-0.302799697275773 -0.5436682078749
-0.0573827013289554 0.726915971065489
-0.637430286656237 -0.0275673434573322
-0.675128924526547 -0.657299975089993
-0.77372316504875 -0.644511108386746
-0.0801371891787412 -0.4611472605836
0.136333946653579 1.01233410145325
-0.334868589070742 0.860962465639634
0.00852664309600379 -0.864130875744273
0.732823263922197 -0.413441450327282
-0.431935496024931 0.245590769700754
0.48564830607904 -0.434766189106581
0.108412483368748 -0.736513729577908
-0.210127551793734 0.201135160252583
0.531287915722478 -0.307402675012164
0.650358398435238 -0.0800974333720093
-0.0378316629737145 0.243740494014773
0.313487244883757 0.793116987559813
0.110438444137876 0.211188302495505
0.0432207738632317 -0.210105175485706
-0.170743272058485 0.0239820130961543
0.411983175068371 -0.340450149030351
0.820253323075645 0.0482629370768273
0.30698450920246 -0.233163939472234
0.894322131887338 0.131117801973509
0.0473472585212444 0.678367545088905
-0.428860949866753 -0.0262549370096725
1.20626842958556 0.119382946585513
0.642636057353435 0.595981628869869
-0.282159878223932 -0.899747378570512
0.158667745481167 0.830026741404478
0.437812611372624 -0.93699921703726
1.07593587179755 0.216309149071116
0.89045767053892 0.285103912467343
1.16322688556358 0.113179590029487
0.035698956686603 1.2387552879904
-0.0769230505910727 1.18007553349278
-1.75485688027014 -0.0925087047354671
-1.08415610094714 -1.07451406679616
-0.293445879023435 1.2424914859095
0.482044315226625 0.0714575907510945
-0.703709654734208 1.00757151921016
-0.366225750632923 -1.22037522974808
-0.393210417076975 -1.14420457233758
-1.0263023120224 0.645154382898725
-0.552290759024036 -1.05106157355353
-1.35388752084863 0.9649064561801
0.024182681872669 0.189300359169439
-0.26260127427364 -0.178489188611949
-0.719030823378849 -0.722953043625859
-0.420649138013969 -0.121952449563591
-1.3679330569985 0.376486908979001
-0.911943889783733 0.359880711995129
-0.457914971805158 0.0564175727887441
-0.752082386354478 -0.446047180733083
-0.813444761816019 -0.455287025522549
-0.798094505576608 -0.26562038291731
-0.570701431063697 0.00995896600683704
-0.730536355210176 0.117322633154572
-0.568977549393118 -0.0613242412156815
-0.701671068844037 -0.0494757199630453
-0.573296653540794 0.0600393509978281
-0.609290894132429 -0.0592811373517414
-0.459546834279306 0.10332311102837
-0.399530215908164 -0.0150734911951878
-0.41012601450608 -0.118557738346123
-0.611750502933102 -0.095841112065194
-0.257958741058874 -0.0687287279348863
-0.690714253299146 -0.0396527889319171
-0.621530132761193 -0.0706672968058015
-0.565338363073977 0.364637054063833
-0.563133634885815 -0.250550236613582
-0.644058892861808 0.0594964671185438
0.0576737735389784 -0.560957688044701
-0.805168917138746 0.179528305962884
-0.386868099865934 0.615143091448408
0.194063010807092 0.498998633002938
-0.387659143101776 0.689146919199252
-0.505876073772576 -0.590515392935037
-0.460328139810535 -0.611646836718739
-0.419768606219621 -0.757241181282542
-0.655879303833253 0.811714112089498
0.395024142313888 -0.628309046257255
-0.275414028756575 0.688671544157922
-0.451851989960739 0.890504623769255
-0.283752542571749 -0.491677499734622
-0.457041646321182 -0.94967597338928
-0.997388351898899 0.276430168474338
-1.11754337885695 0.236756152121266
-0.874227889369512 -0.621811698753942
-0.601514083140935 0.977214953644906
-0.275976663278216 -0.286719267533641
-1.20496257225487 0.292424415599536
-0.95614084398891 0.717437657797026
-1.58406951084421 0.482920072253407
-1.18198722234871 0.128423489134248
-1.1700520352432 -0.0300708882370449
-1.1946917744273 0.0976728230015897
-0.512393601503725 0.114568809620139
-1.09343734422005 0.547354645280835
-0.919985163908392 0.45045800322892
-0.882148515487459 0.511375234496224
-0.860365729601849 0.575814570826484
-0.94520055204029 -0.518264683503327
-0.856150112029664 -0.361997566593928
-0.874323790718638 -0.543346584215096
-0.79287047455823 -0.395072089239985
-0.722511620664089 0.660193014181757
-0.090454736894357 0.75807539822204
-0.962687386870978 -0.764946512171605
-0.942272717399459 -0.848801372723957
-0.702700398891517 -1.04537688521576
0.27635035967591 -0.839094758891256
-1.63494305804138 -0.0878973417815954
-1.3393605949597 -0.942372400379057
-1.36497685604807 0.0619046508140796
-0.173552263804595 -1.08269328950669
-0.391141543931927 1.15035265054913
0.878698006205441 -1.0087535261607
-1.46676944683982 -0.31240864407857
-1.58623596284239 0.311323304833538
-0.0599813432811743 1.24573423591399
-0.030252008071958 -1.4954083158817
0.166317210033018 1.25221171449317
1.28848054052856 -0.905531422940889
2.01008135473405 0.159406395747423
0.739517725601186 -0.769044824161539
-0.706117935159704 0.404745982948286
0.343496203486194 -1.27278548776692
-0.52147188839008 -1.32384893844847
0.252942462523985 -1.1334161801894
-0.703054878647692 0.263917840973686
0.930609425126818 0.555259286427705
0.989876810795287 0.662821793992017
1.13928666962154 0.139752832214847
-1.07616237157628 -0.0364697324470804
-0.798118393077922 0.329536883750966
0.773474051959251 -0.284189606951379
0.258921200929335 -0.721828638246013
-0.447539803949234 -0.655640561167698
0.0163062388928682 0.744284511809312
-0.090595304935113 -0.575417913478743
0.833046517450235 -0.26945562640541
-0.651570967171546 -0.349941979980281
0.186781198410907 -0.899111141619972
-0.183942941892388 -0.966049614788771
0.911533228264699 0.481095335760898
1.1191117150786 0.119844586569949
-0.0308096809519569 0.704910244727669
0.662317401862892 -0.739442236521487
0.60411766336 -0.278705969862675
-0.295428226495155 -0.0967792562167025
-0.0604007759025895 0.0173555782852712
0.455410148891049 -0.233881219425372
-0.67116620273331 -0.211333634163749
-0.238863889166138 0.281239235863671
-0.055066636390837 -0.45148894717618
0.709088138157744 -0.364563921479955
0.536849969159132 0.427143904566255
0.464398548086739 0.30531786484732
-0.0318598881878802 0.363773768796173
0.59586762145173 0.0172093256818275
-0.276380181797621 0.457717709901654
-0.0555899860838543 0.203334077279968
-0.0248818657215722 0.235033922151115
0.95362719035258 0.228428126445158
0.454208789164767 -0.530198167698598
-0.179757687893043 -0.105463984741444
0.482216152945833 0.421797379974842
0.795146289767827 0.406385687296291
0.59897539167299 -0.305738562709427
0.629958418681813 0.0168904993094985
0.162221123249635 -0.301916527397029
0.0589674147282977 -0.458428640355915
0.390001355489017 0.517041705644183
-0.118458954006098 -0.403951875149193
0.614039327662866 0.170503784826944
-0.628022585133442 -0.0269057806233095
0.110103871571531 0.468646264645603
0.120686899268786 0.432049825097912
0.0216402357473864 0.573064141598382
0.153250450896434 0.547617376287021
0.0177762140385945 0.627763361632876
0.275572987438412 -0.665699354197852
0.0152049699991414 0.718137454694604
0.935163833555067 0.0766465245671387
0.374996904089587 0.741998156597768
0.406709495508453 0.843713070617433
-0.484866544836466 0.856570343359403
0.756229935825492 0.0166311735779679
0.125961740534397 -0.535869344806941
0.934172729285993 0.217303578839636
-0.432716154358679 -0.482447460362931
0.341705953341958 -0.580721004117184
0.398392310649434 -0.566158097085318
0.334385127199189 -0.447785186344271
-0.33513532822816 -0.475324832594271
0.249921792045986 -0.507313031374002
0.265725339429089 -0.477486771360289
0.259155320031723 0.0676204170791079
0.307520904931538 0.470106555402946
-0.333205939558608 -0.56723954108169
-0.132384704070366 0.249270256828206
0.412979217388507 0.47145455305543
-0.0967035557733984 -0.359894598893847
0.280604749250344 0.373855459508416
-0.250949459458301 0.677065006539392
0.363481799535008 -0.215623386904832
0.646679194978777 0.378343607014191
0.462787733733515 -0.215341483300957
0.0477626423271375 -0.57752725645031
0.615971179983755 0.514964176602769
0.0083437548683608 -0.530172094068145
0.45173269842511 -0.500536900214546
-0.0300899823104517 -0.583246618345716
-0.174839217415278 -0.539064000262023
0.626000143351752 0.0747380527876748
-0.540098563220184 0.00431125540525704
0.0478651037336154 -0.405061629819
-0.426150878722093 -0.151052268552183
0.167391727743311 -0.744847624169241
0.497904830123683 -0.502580906967744
0.827373880676031 0.780789256448772
0.436739995587723 -0.63880774402236
-0.100876857551851 0.017443243428205
1.20291600057525 0.565789372940349
0.735123496631015 -0.577135470465194
1.20510444912974 0.689929567947424
-0.47279563580676 -0.0564334068237949
0.517906507979228 0.864699639707038
0.228043328845055 -1.20566330164119
1.27295861997837 -1.06607301762624
1.44622549393116 0.984121310375876
1.29156270516248 -1.19493679676134
0.0145691540168559 0.404278962969509
1.25181100509669 -0.248515274700722
0.557987106421416 0.0853182710491809
0.86285728837989 -1.02886677276012
0.149028409759148 -0.131503938014432
0.0374689174487051 0.0327016305862442
0.84720742167822 1.03211111146394
0.216170644683022 0.0675739663452147
1.22302306154651 -0.385753607827863
0.785549440622736 1.04953273784449
0.966267529893712 -0.492276073113809
1.01265997616023 -0.259596518521413
1.01070688523859 -0.132346554316236
1.12680803900639 0.520012399703699
0.783513259947551 0.576479810214756
0.31274523279923 0.0276562559951226
0.714669919004791 -0.187912308901539
0.716040715643305 -0.204858693380629
0.575560700105879 0.521488188404935
0.485812828244096 0.621556009298436
0.487917658965495 0.493818275344444
0.833093486058494 0.519263671811305
0.581133816779391 0.0289425792728914
0.690767547156449 0.335675128679044
0.722903816224197 0.252667351216039
0.357176128315505 -0.323680650892219
0.18560915808306 0.320865329190546
0.244402465262799 -0.378750542029916
0.551686188830611 0.0334466522227926
0.23367537757674 0.406616278284398
0.0871927452139054 0.367827697467171
0.284340873692443 0.311327473277536
-0.272883764894584 -0.271301897512965
-0.674987628825893 0.00818175143190432
0.093965706058108 -0.473485999385803
-0.411778657584821 0.563689580773487
-0.347664424137219 -0.268987035301868
-0.0409162011346647 0.339228653604524
0.0296180676671489 -0.38644377476204
0.118527502759924 0.275189854647595
-0.0123514419009357 0.153234829785215
0.240340368206201 -0.357296417472584
0.0248843362855343 0.454606162482084
0.0626791750776349 0.341656993400552
-0.18594381749911 0.0802138690204836
0.375177194584018 -0.217438715920534
0.0634765829986588 0.363371915689475
0.37304746897766 -0.206614719839739
0.218834617623677 -0.134255177700154
0.0578895590503186 0.498332405697647
-0.177033553919252 0.235894204807034
0.280412491994692 -0.0263408710395059
-0.134701095244533 0.478786369364894
-0.531099168388538 0.44178454351679
-0.0284337777411897 -0.599435404378865
0.370781152790338 0.00304651173026683
0.106987579801628 -0.543949548804404
-0.0705524864460124 -0.57761032200108
-0.187325313406714 -0.442510870118412
-0.190049125096827 0.399597289931704
-0.191767222516624 0.348060484808796
-0.394272255358986 -0.369434674677895
0.262721671784596 0.0594821491203036
-0.038516771271319 -0.370173312662874
-0.297859574109233 -0.27822772791285
0.0782764916096587 -0.339842028621055
0.0354044353848387 -0.262699958829683
-0.453312335536989 0.000507799322129293
0.015110889495809 0.248875152510008
0.0281745924226184 0.166104858742922
0.126014235207119 0.224941227504416
0.0374209516328099 -0.182643404790683
0.0737166690182994 -0.310590803713031
0.255179981815112 0.167707517598693
0.0780000719733686 0.261368239479349
0.0126691438479866 -0.0222263666255462
0.365077143169142 0.17868391329793
0.259447631202195 -0.105699431598997
0.0717770216717512 0.144380363376955
0.133701515507481 0.0596516697078382
0.138793710953908 0.0388318836702245
0.259436772414499 -0.059927461121221
0.256661525535109 0.1301515888364
0.169877221117468 0.047452638965762
0.0502431755153235 -0.104216576834751
0.133165450365376 0.175644519889765
0.140622246300485 0.21550527847106
0.386753382848064 0.0759526783140816
0.313388803466716 0.0712294870810523
0.420314486696863 0.0843031093769166
0.461708613573953 0.14527137093682
0.270105729295994 -0.185830842954951
0.327922677538458 -0.0190732142160168
0.306419602279191 0.101366935735025
0.129712732374393 0.0124136250502072
0.297422851429137 -0.0775743328706953
0.299104612961686 0.083615213590172
0.184002787222337 0.0301020616077228
0.136584532737421 -0.0523447071984291
0.0511374192145355 -0.0125073324003274
0.0896976013301603 0.0120660058942951
0.122955931695014 -0.0151458172111267
-0.00125939432178601 0.0171791882078804
0.0601652388048156 0.0814796114179964
0.0334285283040623 -0.0720954631015483
-0.0203073705342343 -0.0518374030708928
-0.0146941602660573 0.0827691504660189
-0.0410101604354981 -0.0264520391707174
-0.171723948287971 -0.0192867157305002
0.0217366595568446 0.0216408289584333
0.0592582298301122 -0.0127841376509506
0.0829568440445934 0.081162451641453
0.0599631901354199 -0.224503917658854
-0.126045609615303 0.175101096953303
-0.0448149843935291 0.11292832339939
-0.346077394857552 0.0555671139940371
-0.417327005994008 0.103919552136092
-0.393962158096912 0.0408385923052421
-0.301389969874447 -0.147351835787351
-0.498177205722068 0.0876137829510034
-0.479266807996934 -0.00406087869605328
-0.578484753961118 0.0896300232023448
-0.0895606288255757 -0.362488280700521
-0.466735612295615 0.32277089360026
-0.428638278549398 0.068069405012344
-0.456650186325491 0.147675281309921
-0.248545018129178 -0.0644729257230925
-0.26112172774123 0.103312072909793
-0.425258604733745 0.171551740983779
0.241452243956664 0.443850923798691
-0.123145923514434 0.45112850603845
-0.311507693235597 0.177008917723489
-0.411575895949867 -0.340910092741808
-0.151506359390123 0.372090754604841
-0.070666799138725 0.125257875538661
-0.343326810652272 0.208876780665874
-0.39424453968457 0.294637397645131
-0.0358665738703419 0.0447458219696899
0.0857514942538391 -0.0241065902780472
0.0233848254131372 0.00319755422566801
-0.272045443009219 0.288551999019903
0.100526392982338 0.0627617407874058
-0.209122183246318 -0.305779336485624
-0.183194009384446 -0.241292226631293
-0.212284994893934 -0.207043303821839
-0.105740807107055 0.0495396204494209
-0.422754960549399 -0.0927993164346416
-0.0734243999856547 0.00382809615258658
-0.291177056148848 0.170282351370982
-0.079394153941015 0.110985036348776
-0.384103991612991 0.119584239668472
-0.212904882535998 -0.0257112030854922
-0.152447680172774 -0.0713200170470194
-0.2357823419771 0.172949170029362
-0.360655667865283 -0.186692589509361
-0.226381818967478 0.0989624951629514
-0.364712101619245 -0.0260308948916516
-0.365833242786424 0.21273506089828
-0.37081989519384 0.156270923470129
-0.367232543862275 0.0142145363950456
-0.212893876750889 0.193224532323603
-0.453570836845302 0.320646298881077
-0.537798106917834 0.0845356502417045
-0.17868193068743 -0.0554682299514938
-0.206377613285011 -0.321145596618293
-0.0935775486832108 0.272497269664384
-0.352299693140437 0.132704996692712
-0.277223866293329 -0.307047597591847
-0.182696889058082 0.187143615253058
0.0235534470373931 -0.0293426029343698
-0.0658939616269134 -0.251365803810861
-0.188984247052613 0.0163312206450939
0.190773030695621 -0.0172211316785165
-0.0833015136588401 -0.130729795071246
-0.144959960445763 -0.0762060323104193
0.156028800591904 0.0435257028980373
-0.0821330134287778 -0.201779073269084
0.0135641863196889 0.0413759587487625
-0.0718720408232455 -0.0088140460575477
-0.045081607661943 0.126885708783981
0.0631394910840617 -0.0376334567166347
-0.0852075288517713 0.0191897746453108
-0.0836523206617575 -0.0180308920423718
0.0971927107298255 -0.0387057265276737
0.0558112697328613 -0.146695679371549
-0.129942122627884 -0.103979441914065
-0.0950659882012841 -0.0374694126918318
0.270004721255385 0.174760775127473
0.0825685092132373 0.0758587854874162
0.102316002628344 0.164746121018413
-0.00228197345374652 -0.0371211259004955
0.226239986067587 -0.0864410522639953
0.487277708731889 -0.0168035857110051
0.257607977118886 -0.123030832909786
0.479979029109965 0.325701397984877
0.255116582473776 -0.128875524986116
0.211552877547228 0.341455556169695
0.153756543645572 -0.173867271975086
-0.214487729928484 -0.0386669161501715
0.245773567361389 0.105711412810154
-0.243102651299924 -0.0201502717439543
0.245088273754033 0.305704292456248
0.00953283579347511 -0.289578654721945
0.623297746176794 0.191085677943615
0.0531165289751817 -0.241675404118889
0.147299671887629 0.196976850410655
-0.399384142553921 0.207189017447331
0.348514242166355 0.143934101672769
-0.3473357373271 0.382410802519257
-0.00326056669413838 -0.302581339387202
0.146727591584128 -0.00287460078029076
0.151401964874252 0.0181943840635489
-0.220870069027793 0.382348998671174
-0.243074759312714 0.415092087790275
-0.566009894471968 -0.345177232822638
0.138570545725179 0.0262414403311635
0.0888092335082639 0.0360155882579915
-0.248266223745675 0.442542832065903
-0.298404394722469 0.447539745080119
-0.30400486611949 0.413840404676826
-0.404814204993619 0.332568990520147
0.00349634953720879 0.0699871724796922
-0.157994125503993 0.0216784677658789
-0.731293153984852 -0.324472436198648
-0.776535062381523 -0.19464565333895
-0.247282790010728 -0.389867775055512
-0.3413233748357 0.252682319286808
-0.477285827742794 0.201736692461171
-0.469906329962109 0.173195038414768
-0.302997377029868 0.199766050727267
-0.189596415985798 -0.32732346441971
0.0645907258531962 0.0719023353893115
-0.108799645764178 -0.0117325996602061
-0.508982696111347 0.276135013481572
0.0337967047000813 0.00383726866153144
-0.247149430955363 0.0231409296148565
-0.194177595184988 -0.135882841265169
-0.151849142789469 -0.0100755594936966
-0.201724208018015 0.154638578883381
-0.26684413447177 0.0181639430616938
-0.253777590160433 0.0725309182610849
-0.140625224959025 0.016369387257618
-0.0691171860880577 0.103248188660147
-0.244138411191022 0.0903251883781652
-0.140401464441331 0.03113419987244
-0.120394887430125 0.116040266875447
-0.11023663181735 0.0389895297182268
-0.0277601674705065 -0.158770210950463
-0.273828015768819 0.0181748858888187
-0.0453373559381529 0.180271296995218
-0.0425592159204617 -0.0349659691987116
-0.325424908505051 0.153166592178171
-0.148018792691058 -0.103460991201558
0.232752619601813 0.257192111319676
-0.0532752791619546 0.316905550243745
-0.328477741797129 -0.175167284456338
0.13347180398646 -0.18595854404984
0.0135577876781075 -0.234885880335243
-0.0512169787740343 -0.283181047683618
-0.150666083209821 0.174698761406336
-0.556784556326688 -0.0276632093517047
0.407936691265507 0.13860367529098
0.332694511563266 0.0279633786429266
0.201706674294834 -0.24755189378726
0.202022242317641 -0.288046201320066
0.401818249546023 0.0509728309652943
0.254207272332079 0.121250900939982
0.0573275003456024 0.21016884040055
0.354145670400582 0.157848321965083
0.195337120579613 -0.00912727101584452
0.189891810431321 -0.0269298744745936
0.313770530488435 0.0698739756511048
0.169483367009638 -0.0853104913788662
0.00108094907187005 0.0486750386832606
0.130960642871992 0.124482810641651
0.0278777875500053 0.259580152187833
0.0625638555019336 -0.110114604321747
0.154376356162148 0.0290174800204512
-0.207276752602435 0.0650933922642312
-0.185924623587515 0.297285562285345
0.123405494746044 -0.311657834866913
-0.132632418137474 0.322794860244617
-0.134681807773858 -0.208889274323443
-0.556692037550341 0.255316118990919
0.235193685261937 -0.609318572636663
-0.710513158746435 -0.155956782327384
0.353866959168326 -0.688581028488668
0.21906582900169 0.759376238636297
0.176462769721831 0.977195920867461
-0.32574674283492 0.832222920210796
-0.623307907851141 -0.932598079012627
-0.178916953848709 -0.943804109487615
0.059479924281196 -0.72632900690242
-0.8877422613311 -0.377802945743893
-0.680459110291951 -1.20983219589444
0.640145954616843 -1.20620522633779
0.720929933994671 -1.23030185464626
0.85099063321959 1.12196680627952
-0.934914496981131 -0.027107585717918
0.0144566883630129 -1.21403487778077
1.1035673507532 1.0196762239203
0.0707578143770323 -1.09765686052549
-0.686020564961218 0.044454304017557
0.520252108734639 -0.893957764659606
0.211536331967657 -0.944712028238509
0.104303792214166 1.06981845458299
-0.409115468966749 0.0283175377598106
0.327474005749477 0.950705499718232
1.25165467404072 0.482990911079535
1.15486661760259 -0.870209485982218
1.12493030136589 0.816584826943365
1.3259699858486 -0.558887207625898
1.38567181459978 0.450246918094864
-0.180738212607265 0.0115898040944951
0.22704807312381 0.216304420885661
0.0527070615422271 0.0377316477689974
0.563654631019935 0.798142520311279
0.408639343135696 0.145427796389702
0.390353355376934 0.127369443782136
0.472821152423312 0.0911553553022467
