0.150139888486478 -0.811595955717236
0.860480893721825 -0.262206559902697
-0.484100844192706 0.446768379996138
-0.401420377545624 -0.918106950572472
-0.0282667280824378 -0.743754293868227
0.273556623090158 -0.141686412112396
0.308611682021992 -0.0495397214824585
0.341587016189662 -0.0669307444672961
0.221566421800327 0.529483367355406
0.2789851578936 -0.0384828843585447
-0.338484093920433 -0.804238570090469
0.287552993794441 -0.170174484157586
-0.589423532594263 0.524694108483995
0.0969695987398232 0.658324999387929
-0.42089622069137 -0.662813107488259
-0.700997141622884 0.590580379153988
-0.605066030492024 -0.750739012621443
0.0763401532981575 -0.0644834498689584
-0.461198989376953 -0.689857040182359
-0.857537216657218 -0.51298191315286
0.130119625746958 0.0534252908976949
-0.643686775712752 0.944514632101747
-0.318023401540574 0.669592373589503
-0.963560972357392 -0.0261011316648238
-0.52542612444307 0.533995314314705
-0.370255413722619 -0.293143984458293
-0.246588669829204 0.511559386900011
-0.440561453615491 -0.195963550403362
-0.90351005169577 -0.219870961073343
-0.360132370088036 0.700584164590228
-0.909913123551272 0.245348473292436
-0.380560820769023 0.385812315856197
0.0564093727860794 -0.0413599134137073
-0.629964260951775 0.0630595504344641
-0.200537719372935 -0.388154968976503
-0.310484258825612 0.258126963483226
-0.382177346591148 -0.431474179316953
-0.874164321448712 -0.157338542032192
0.0530692371368265 -0.0889834768974808
-0.611577036757724 -0.601233275719161
-1.15474998456413 -0.164998976602626
-0.475421092798388 0.573255208815508
0.296030005427668 0.104940424184375
0.0821965548736835 0.304331526817418
-0.485063193780154 0.674599935556449
0.341258504904214 -0.554509504668912
-0.999198122727201 -0.669112117985532
-1.04189792764831 -0.332127167001592
-0.325119906279497 -0.615057316812116
0.456605397754105 -0.222747935115521
0.641539790624517 0.565401919955577
-0.605671069388502 0.814676096964307
0.456764538007888 0.697964437887128
0.90406791746946 -0.15782337815729
0.809053250769201 0.628437800015251
-0.507017501892902 -1.00767470273788
1.02878778616137 -0.386405278537506
0.956672798132172 -0.348617779450449
0.626709195501423 0.639478989126268
0.518222986953121 0.630220740333571
0.699566326435832 0.578871531710431
-0.994944970760552 -0.296834676433384
-0.180020420252803 -0.882979432667407
0.457803900551477 -0.0761752374162175
0.349300671388355 0.446244824192226
-0.44520850914791 0.433067379200307
-0.275806157056991 0.50590590419648
0.335124508827366 0.42897842717409
0.146401496577835 0.475414411046708
-0.597524492646328 0.432042330565594
-0.512427704957265 0.432128181209966
-0.396860168195466 0.199961631223387
-0.096946432122627 -0.447015948602707
-0.307071159200825 0.466549409888518
-0.463912194387367 -0.313930830219671
-0.366683551405173 0.168927992277813
-0.152151579305108 -0.0695256601384996
-0.592792229248462 -0.114293699001713
0.00182658368163658 -0.78247625401123
-0.84613385303145 0.14797111379707
0.646714474441442 0.493778629995953
0.967361544715491 -0.273990712775702
-0.0447481663427096 0.750748832219952
-0.573172728070417 0.219965608676315
-0.147103722180648 0.884910425556322
-0.340682477573729 0.508140257564084
0.80822598137127 0.479785121423112
1.2041592366313 -0.420396279181948
0.0423998957895008 0.908544570078062
-0.522651556810499 -0.119210148600662
-0.266583519842718 0.438745788083013
0.188494077702313 -0.657573915464076
0.599150415289913 0.155547764471673
-0.692590851847321 0.0700323228563037
-0.466768066441427 -0.327592239103187
0.908037490464443 -0.115281955737236
0.370597096919528 -0.823718446740595
0.741251209356188 -0.0373366716902137
-0.05594794838654 0.644088933177626
0.675703752197835 0.0670925948246641
-0.284566560830516 -0.470819803104284
0.831213577698558 -0.308088893307723
0.169210915641241 -0.564670539959043
0.250484892390799 -0.599623962396665
0.120783192189065 0.301045274711705
-0.540951430917148 0.0347804213934636
-0.0593718707271366 0.109959731390929
0.300413972108257 -0.150847580757016
-0.181574453835956 0.263719252761145
-0.0868107939755652 0.396960488078635
0.388727220107547 0.154709158384313
0.321567868288289 -0.0802671949812672
0.0100915916926934 0.0102032227461735
-0.100128878427776 0.015877806186417
0.351636131765841 0.0789476524531403
-0.00873060763911714 -0.115554461908996
0.0911351312566717 -0.227596382010054
0.135175118985621 -0.13127389009933
0.0750422441711276 -0.00926265743082887
0.33541275191374 -0.158059851550879
0.291078007586266 -0.169099528368228
0.444626224600188 -0.182152029346846
0.377820312731079 -0.0869927727481558
0.443882501222329 -0.243818859807745
0.547389184396354 -0.160437684991753
0.625133664533793 -0.0142438763307134
0.661566778375847 -0.227210732451718
0.725382508287953 -0.231967654976901
0.567517881949876 -0.219018158188306
0.439919340373746 -0.0842778994771703
0.570237758177824 -0.194744958709674
0.488500552686953 -0.138371337495575
0.190100656581545 0.18343915743935
0.209373540062634 -0.0250077414864005
0.172143083297492 -0.0643417638914831
0.1269993949289 -0.395166443227709
0.192393446346566 -0.00960913002278633
0.03830154933999 -0.164058989004147
-0.0992627782138228 -0.102487733250525
-0.0684704360317841 -0.183239352181848
-0.192023603467973 -0.0518070994939694
0.0487691565445966 -0.0615894297565772
-0.352038348519578 -0.0624665303594432
-0.221141385344338 0.133655934252815
-0.265451563070372 -0.0795375083124169
-0.204091143657865 -0.00624247930620229
0.159342875830587 0.0322484247052752
0.161520239161088 -0.0205438426106533
-0.0865395404177649 -0.24974112997024
0.155868559310398 0.131796639566877
0.255449618033333 -0.0682869706735369
0.0531377844497328 -0.476946199419684
-0.0566381106398448 -0.472610607926776
0.0508588507862927 -0.335580738101389
0.0623346945008526 -0.185889255012463
0.203826322618728 -0.562026784793331
0.0101887720702508 0.243923313071955
-0.287026862814314 -0.244877436051814
-0.156386382973697 0.141767876880141
0.387663941174558 0.239117977479762
0.0548760811726234 -0.330614625111032
0.546822027070548 0.307853505528094
0.363919290492254 -0.426321165699903
0.563479330044551 -0.126606040265117
0.556448650177491 -0.117457190950567
0.51412477569833 0.112987919018865
0.443940608415783 0.195016882820345
0.484878307837224 -0.317076144540083
0.779047756101554 0.0546910577101351
0.558209436585065 -0.175429181290181
0.259190827649214 -0.0232945263845848
0.728348446891411 -0.65396236830021
0.708796195562169 -0.686588175540907
0.583015275499221 -0.869660520474581
0.319360447693867 -0.385764894151672
0.449837448901625 -0.447062991655361
0.267575666837484 -0.523910210366796
-0.15641520753932 0.0161887706053582
0.806062373305597 -0.253081466742626
-0.138531951254667 0.0605345415915698
-0.182158618249264 -0.436102123678351
0.0770926644229294 0.370132606069498
0.0432557018808262 -0.292732355238309
0.190970437300992 -0.188296307598634
-0.522814617211794 0.0756258438004063
-0.55671298928877 -0.0324892712078659
0.328352392450293 0.23895436964618
-0.610755949595433 0.0415263102152213
-0.564622870584777 0.0650714947788671
-0.382081735165808 0.479327429434032
-0.172828514770841 -0.373604845496701
-0.131857237700457 0.231315894034822
-1.04241367749361 -0.261861103728077
-1.01132710151826 -0.0904518338550333
-1.2610740582224 -0.0828308460329383
-1.20349697408216 0.178458886631604
-0.404541375579198 0.0765444057173051
0.0372781750182567 0.533178519319147
0.708606001555759 0.78404514822395
0.130846716192407 0.71332019122968
-0.441630766223686 -1.21114206295758
0.131108661261434 -1.3377003753316
-0.0729712630934392 0.0315168503423437
-0.465880787835059 -0.55812787511631
-0.331780303960549 1.32249012344995
-0.181416957953685 -1.18270031021911
-1.06768270604886 0.246184910021236
0.167254107540444 -1.01473560787238
-1.05176211139282 -0.280043158441147
-0.127734310985478 1.33890053721341
0.446580036048299 0.973191020870662
0.105989855842776 1.09686417994973
1.00676805584921 0.430057754273212
1.1422362597223 -0.17803446709986
0.314511231303116 0.841466808639682
0.069314818722642 0.793270512039293
1.00183981744551 0.509504181744862
-0.485431989086819 -0.465707954963005
-0.56204828710206 -0.341138082784864
0.799281464795103 -0.0341033559685731
-0.680655716333262 0.0902310586175439
0.535315830807462 0.457716540947708
0.545077476534535 0.392300061504213
-0.285970448662732 0.0905054271609057
0.0107821425677277 0.581611909895682
-0.740689738876958 -0.0308277183600256
-0.142743620817733 0.376455463093202
-0.161115906595634 -0.00707485638674423
-0.410166450127261 0.640649399108061
-0.230812287510043 -0.104778900723916
-0.873406039993612 -0.34455205445299
-0.594898434271405 0.177862067707993
-0.0866765089807774 0.00045014866256296
0.331808160904889 0.639889446774116
-0.713561293891431 0.26505709572481
0.113232393301837 -0.196859365042397
-1.32279986702032 0.135500148861457
-1.44561579915693 0.255306532191214
0.309080816763456 -0.122586251283941
-1.22320883749073 0.248898244952027
-1.0503897137043 -0.75985232866774
-0.598084955453095 -0.85227903615334
-0.665599819315226 -0.764005453499944
0.860462262060504 0.0759039764960037
-0.711133651254909 0.98517356875259
-1.48273890122256 -0.489871115627225
-0.526530723560203 1.40630111938527
-0.741164013388153 0.851064476511098
-0.400664997443736 0.942832752069909
0.589929198125089 -0.202811688488678
0.0623719916154231 -1.08308655208442
-0.524698231672189 -1.1412420563506
0.631421918549119 0.972698525974951
0.581009009138033 0.814281503528992
1.09083861057965 -0.281508849493092
0.500534424647487 0.695844249599102
-0.60167218229139 -0.232285270930582
0.823605478881842 0.451917701883437
-0.347572362491989 -0.224791760772262
1.04041630568613 -0.439852780122827
0.300192969365106 0.186409412796666
-0.0171848382297549 -0.374386925024517
-0.128384457126473 0.500268489848238
0.111744210149467 -0.399583188110887
0.0524279076132094 0.354494646907139
-0.465752423689716 -0.180263114594798
0.39787896151073 0.264188493564166
0.00342415149254094 -0.451077566691383
0.185841740143465 -0.175213853776898
0.276409788857458 0.452916943958945
-0.105112261901563 -0.486309700031464
-0.34311270719939 0.221704790380811
-0.422988599475171 0.348907044743893
-0.377600032364499 0.217853225340505
-0.195344556935526 -0.257540496233098
-0.414025702794764 -0.130363760208361
0.137198343809329 0.220510452259737
-0.0532499429386642 -0.33885003608012
0.0236057123665103 0.19514726479473
-0.325799767791732 -0.0498793420698815
0.306423665304517 0.14638898030249
0.211903017796295 0.0536318274937869
0.511744926181799 0.280607344862497
-0.512734793690035 0.0231616400215024
0.390374368093408 -0.208894646688241
0.398116763860504 -0.351343107989251
0.0866533884639974 -0.559684217754518
-0.221274484064436 -0.134548031808428
0.508945887503723 -0.613919919832728
0.597178430719161 -0.357063564472144
0.453296728446015 -0.500986441664956
0.137738134447923 -0.0900225590421984
0.694199897196647 -0.0243348337371166
0.345812389489806 -0.282987705902203
0.333454504103211 -0.2639692613291
-0.0594725681376778 -0.00310509703797731
0.343161958243725 0.34313025742652
0.382828859099054 0.149876225802976
0.135851939519625 -0.262910305004154
-0.075376260759011 -0.0946780574492354
-0.0597185057015762 0.324553065344458
0.142902616320862 0.168871880586062
-0.00982225457410973 0.0913863759508382
-0.0856289649956596 -0.28986892993158
0.035146420135722 0.0806425954996959
-0.361588024865127 0.0702555964588762
-0.168733611326756 0.13513887525036
-0.21034661456483 -0.196029415275122
-0.344682162038875 -0.17999853838743
-0.138731707335641 -0.491691113368063
0.270558894822632 -0.210648620250484
-0.436769421521332 0.00401810983123277
-0.691913610012851 0.177002267856705
-0.178529984102076 0.60255301053577
-0.174067918441202 0.780388362015112
0.591542910803425 0.285300877458061
-0.113788656835756 -0.842501898496717
-0.546893158117776 0.228753850476088
0.181532775017236 -0.299482029933614
-0.0529140666536026 0.704634201190992
0.845875464429452 -0.319206389491426
0.820445549517143 0.603955478126579
0.403693594914552 -0.75525623412619
0.0254403254266143 -0.517730210368479
0.601621726518457 0.0797681899518071
0.919088372731515 0.122669562002192
-0.464583322261702 0.0761554786587447
-0.168249539161324 -0.611581007355066
-0.169239301526855 0.155530987227339
0.236808876348803 0.784970614921451
0.261822945542247 0.663496543279852
0.98640072996209 -0.0754219983149182
-0.10261645778809 0.21893632519108
0.0510812972624425 -0.746717162297058
0.561517363056998 -0.242108438187857
0.661577149028289 0.362899857214748
0.816423774548434 -0.0367605477379857
0.463985538231673 0.0623220217121238
-0.575068981873498 -0.171456326123952
0.176342838782773 0.51514909225568
0.534387447918226 0.308644508282014
-0.566339432882433 -0.205839484488367
-0.690856214719635 0.101492865114926
-0.017682989772683 0.501220734309624
-0.658901289654601 -0.193265322906997
0.472865277196873 0.498102563251396
