-0.48525469149606 -0.737967337489874
-1.15330351316947 -0.322714704968949
0.134941017037411 0.0369449808026164
-0.247230860139103 -1.05703643521707
0.0194092176370332 -0.0161626615500882
-0.281796607612883 -0.926146608020308
0.0729294609856749 0.180538415575753
-0.0611473387264887 -0.90865331517043
-0.484465566738529 -0.337139496278431
-0.806642230485811 -0.20111004220138
-0.390263078177964 0.461613188628311
0.235388829468408 0.242101650268845
0.221442186250332 0.119674168470636
0.0868762015486712 0.245591329329014
0.371009387710462 -0.338749760520878
-0.544216385463744 0.060450743362029
-0.135425222738808 -0.555414931740723
0.493155529914585 -0.276950577792599
0.246889412241396 0.21362010529978
0.206228439805258 0.423265524547452
-0.458624686138428 -0.151584234926063
-0.23410575548395 -0.170381715557625
0.418706179353796 0.511542226232725
-0.405990163333836 -0.219856236430238
-0.445799668295257 0.174138723792786
0.511605675421626 0.584095604909629
-0.35927967416059 -0.206150046654445
0.660429958989775 0.0903455697882059
0.278459041051208 -0.515385879928595
0.463104381679796 0.0607086373005964
-0.137395755691208 -0.279553083631528
0.404979292855081 -0.322405206931291
0.794508039510857 0.129128916989252
0.521847091506523 0.0776426272468818
-0.338337173377041 0.362680236599582
0.299599785090777 0.682125328687786
0.529214848532273 0.164127394089015
0.296312230388138 0.675304623239871
0.00237732847867297 -0.103689532803237
0.558538456873382 -0.0917425337191845
-0.00617448837400447 -0.0839189464111729
0.491736649468325 0.354516905667727
-0.0544047781419525 -0.00433942753844646
0.114937191346411 0.929156007795968
0.205497606473395 0.608766513274783
0.733179035345689 0.854320477261437
0.718709177572849 0.0106610917850611
0.260827297591588 0.278235975836089
0.606516112854454 0.198365321329573
0.402670110005966 0.405596334004919
0.0315683824895018 0.459122953643518
0.235877502404164 0.60923378482201
0.0840049450591322 0.405379320966822
0.251935427089463 0.337426391682885
0.287538212236826 0.494745534666663
0.0836393411881363 0.263599707437377
0.185779022170797 0.063028613903907
0.142591050790217 0.323204332072454
0.289068791854722 0.160310764955371
0.203048694406001 0.210897833855622
0.168502155057765 0.249742211389286
0.126273902212281 0.220986297601968
0.175274483332981 0.240028105165882
0.220201907544763 0.202524222373011
0.141455046681325 0.115041636022988
0.132213218635826 0.0673885781648396
0.259364184347486 0.30727524948487
0.0391444670133175 0.196091328094408
0.0455501417753357 0.252299421164296
0.224735851676973 0.269523982305671
0.163734190680586 -0.132282087440294
0.225499988369891 -0.0384638577076668
0.272587063585601 0.142090395559563
0.360770407319771 -0.117201930587716
0.0821506914361134 -0.0853915313650807
-0.281132159994887 0.17780550004322
-0.289915420159694 0.21369827304283
-0.0970347066639154 -0.276551878951418
-0.0360093695317905 0.102974831995364
-0.144514340631143 -0.378839088726935
-0.261388656688386 0.0234563466420623
-0.0858592758410997 0.0365568616116408
-0.116244711907858 0.13134720112981
0.0822981678101145 -0.0134640837082192
0.046952470557729 0.0701201544964614
0.0726408269598959 -0.333538085353531
-0.0869977991989486 0.0293730087154348
0.0670458859637569 -0.104231416255022
-0.095890597553853 0.165083131896131
0.169274109027232 -0.120578772983415
-0.0598918570495146 -0.0920158682112883
-0.0820733927198307 -0.140301436529036
-0.240571487891741 0.186979018331811
0.511842241329273 0.131325673185472
0.360986836791018 -0.00684738086988391
-0.424750031655883 0.233256176326468
0.371939659301544 0.212952653808377
0.27648332195873 0.525745166867521
-0.436528445365917 0.255641871046897
-0.481808976192425 0.264471365169131
-0.716804297603329 0.219785174731498
0.772828576075395 0.346636730808035
-0.416811799311651 -0.614277992283832
-0.338177926577884 0.30563104441724
-0.973037270724573 0.194864462208407
-0.730301282824377 -0.1596549476172
0.535681763573132 0.817882107761343
-0.83860259407739 0.324496109397392
-0.900153696166868 0.301481127862643
-0.88085697065477 0.253799278579712
-1.26804281740544 0.137363438301831
-0.264894475744106 1.03173451380707
1.3033402524371 -0.275872294475928
-0.866997502450689 -1.14357382907207
-0.158236026264632 -1.26842902920122
-0.497272463460625 1.36760384458718
1.09565336617329 -0.662923630837221
-1.62012112025676 0.064962546907984
0.764444993883411 -0.74951189840011
-1.39714304225487 -0.409242761062908
-1.07773673204804 -1.4047897315062
0.863124124354373 0.338476153287297
0.804916215096716 0.602411310159161
-0.964664746249993 1.00786696827317
-0.299608131502983 1.40022428797456
0.842076998893537 0.594275484583969
0.0841761997644096 0.0777850742023651
-1.73161115025041 0.224057091955935
-0.14784058839363 1.43354895578547
1.40060808370664 0.533472016293939
1.15658239607756 -0.89879604026816
-0.44900329035028 1.67834502089607
0.291012396084477 -1.3667426726573
1.14539811078863 1.37301999884482
-1.30258882227531 0.398917506388953
-0.437406748199457 1.6401001034826
-0.0914706926131624 1.35160670796738
1.39021675795125 0.411014632135582
-1.32321940260884 0.976985966133267
-1.24449236470888 0.352885373619517
-0.469095258103662 1.58350214544806
0.958515514968482 -0.055219061930118
-1.51453295913739 0.232757974021576
-1.56433836435978 0.250497325520507
-0.186797055372112 1.27314118002701
-0.370498693839086 -1.21799593958941
0.929094855584261 -0.0374872543402896
0.962626567227313 -0.797854404118903
0.319922089495082 -0.809651830370591
-0.0567149017259517 -0.13118270183704
-0.130260239782629 1.1753204585757
-1.07112679834975 -0.509143937169974
-0.206758666292686 1.15128240042631
-1.00227464742339 -0.51013947320496
0.712173409273438 0.377013782557802
1.03740793932262 0.341484311046707
0.28472379274837 -0.74182828382677
-0.771387719731498 -1.05879106129746
0.865095339287141 -0.708456144336113
1.27584625579185 -0.29299728053857
0.084892635344401 -1.01013388668933
0.385419177960891 0.884411245779879
0.323809950360738 -1.20428129644858
0.0673185764427354 -0.0132044082442991
1.19619258177282 -0.293115861892002
-0.3428399570467 0.477861345753866
0.753986504086711 -0.92859088489633
0.924925208369523 -0.31328074077992
0.332692918340819 -1.20176263430967
0.731531175457142 -0.99222218820605
-0.724369389633318 0.585224191297015
-0.733807474308407 -0.989342114924134
0.31121657447436 -1.12496309525996
0.365712623074593 0.727803141401994
-0.133422204846799 -0.878566013555465
-0.529282486226297 -0.447450397485323
-0.00588200575842682 -0.0210359677579453
-0.477696236394426 -0.395473157956174
-0.662097921762959 0.604671281865077
0.329732314560429 0.621202251790694
0.111869652028994 0.727383733303811
0.792806540515062 -0.342197736096622
-0.509295755597635 0.0070980338257686
0.0755158515581194 -0.00396586766521729
0.73940982980571 -0.357488124446888
0.034543450285685 0.012274224237416
0.690678504883563 0.246474965343869
0.535590093893029 0.661943822907975
0.59225373895069 -0.530044047962596
-0.141047677782828 0.354190134975047
0.516015182749928 -0.718312509504825
-0.487450445653747 0.127420548179683
-0.607895099895716 -0.865391484655434
0.33016298233537 0.158340520411071
-0.278311486195921 0.63982967938201
0.372066815012137 0.0413829661752085
-0.265942835697005 -0.662946589367343
-0.0358425433394801 0.298355846767197
0.10642793404499 0.407238554156652
0.361065776582393 0.395511118652352
0.132086302215785 -0.631260485014812
-0.681642732156616 -0.0232758622844047
-0.586581140990446 -0.236240123534148
0.126918181512673 0.285044962479479
-0.310337065430577 -0.238708753903487
-0.199223720854956 -0.237303210013993
0.330121241730148 -0.436708433333269
-0.25852302108943 0.422456198221548
0.1995791008474 -0.336450322123502
-0.109211490228396 -0.4710019635088
0.267382335259763 0.332843777455957
0.252330760803053 -0.272197610271955
-0.298555691303036 0.21625108595461
0.223224481481946 0.231713514913244
0.169848606439641 -0.280101968354374
0.445060809582116 -0.171370807493125
0.156575842897486 0.0418160439318144
0.361533067571102 -0.191072828105724
-0.221348555167387 0.116834169602845
-0.116674042674534 -0.179571301415791
0.388830531953312 -0.159882176131343
0.147216454864502 0.0895027657657827
-0.206473467082761 0.149681768794114
-0.216833576186017 -0.0404880329016721
0.0209732711194045 -0.276895880101795
-0.145071354509437 0.0179571256323623
-0.120396582821992 -0.11638706472815
0.175182155881209 -0.173244627386526
-0.182995435820426 -0.104734476146648
0.158084011181976 -0.143441821653406
-0.00278850351986322 -0.201924113363633
0.0829841926315837 0.0909230523306848
0.168359611479743 -0.173834972387141
0.0870359509159117 0.0719491773734224
0.00896303722497155 -0.0718464907146746
-0.102577170899816 -0.195138795180143
0.056702419290967 0.0256739884568352
0.102162297266709 -0.132941228049561
0.0024748804110997 -0.141043996300751
0.0189001980731081 0.0889317147614492
-0.0175100861659832 -0.153154115028012
0.0587923667147901 -0.130632243967608
-0.0137834000471889 0.0278167989777272
0.0160544497097588 -0.0929771722966089
-0.039729442559181 -0.0554668329252485
-0.00162036823189861 -0.0438793059592468
-0.0105125536262746 -0.03310999497526
-0.0268154378297647 -0.0530263942772463
-0.0131968112385124 -0.0946638368175328
-0.0375178522435308 -0.0238055211011347
-0.00150836668799051 -0.0406132622498154
-0.0474526355154938 -0.135469970831674
-0.0654972112556878 -0.0941081015071694
-0.00944058173213841 -0.0473506526695476
-0.0302846893725366 -0.0618704162347852
-0.0328876703750697 -0.0131552003366312
0.0628436609560876 -0.169752653428863
-0.0790074833514081 -0.119716033556801
-0.0909967697658729 0.101077107335802
-0.121879840919646 0.0166174188348046
-0.0912638766753152 -0.15331797657293
-0.197016183046854 0.0600907632865074
-0.166171958623603 0.0371244165320505
0.150388074651717 -0.115306906422689
0.170674952954457 -0.196306062695852
-0.0304787942812862 0.0837138353076712
0.0214547235186837 -0.248526735860423
-0.0100010127213969 0.247807075285491
0.222191037655578 -0.188396201751276
-0.0342133538933062 -0.297525872476118
0.0990268600174377 -0.414062469379916
-0.184557072976639 -0.17663269713791
-0.309219401247401 -0.465169468047221
-0.0455279728248722 0.285030689942649
0.103736886274871 -0.510010862388856
0.303046672381632 -0.291884472935642
-0.428242528733893 -0.332072977595296
-0.435973153090058 0.00797882356714491
-0.415179971073172 -0.528711650283513
-0.394639672177459 0.0343865895284476
-0.475631881969204 -0.376535626530944
-0.260996757357569 0.184754364388269
-0.00482624850767302 0.439721624488915
-0.559562225225498 -0.354517522367897
0.0204345120203659 0.350742224779992
0.332073678103757 -0.0144395988777339
-0.0365671917507146 -0.56254496036473
0.0145225830740373 -0.625779434035582
-0.611634161659582 -0.392505553768794
-0.282782203495197 0.229910293333333
-0.560652592066248 -0.790376374247951
-0.285932401396184 0.73421545861873
-0.692568958349164 -0.417661287362545
-0.912378283249059 -0.0315445172020179
0.407007753638683 0.0145874342926399
0.042208413758003 -0.737528898763907
-0.00920249088177962 -0.722814140301567
-0.0212249868153921 -0.683583376003762
-0.753102728529444 -0.489087274858242
-0.718356662206988 0.341349284368065
0.076971552497639 -0.625769676303011
-0.683776375823044 -0.923134719236452
0.20926024617017 -1.07333081807997
-0.632661711082627 -0.335806653132521
0.750452138822192 -0.478028033604863
-0.86738113145974 -0.532737461029432
1.03374369262555 -0.322756710180062
-1.20344312269646 0.0179593636805631
-0.786287024006229 -1.05778285393837
0.0167750585651269 0.838731848141477
0.268625190996048 0.709852025392555
-0.327660878261376 0.889834714785149
-0.871228393814001 0.442293052662501
0.304352507237821 0.783708247913155
0.748395132829898 0.848246112631926
-0.999273988136381 -0.560489480499537
-0.882173522246283 0.585254183494924
-0.470176831852064 0.50995344944203
1.08806912186355 -0.346470998124307
-0.689841545950783 -0.31698761946332
-1.05487185419968 0.30075257868975
-0.130478994265032 -0.22072725065302
0.29787347851717 -1.06789266163264
-0.578460195224396 -0.400831607306121
-0.893146580056881 0.66616108209697
-0.582553497760927 0.633220305577436
-0.452594427616183 -0.470727846125132
0.349936903012045 -1.014185378292
-0.501145473700944 -0.198507317230175
0.227115771501076 1.18432486573387
-0.728877715017065 -0.468366694420499
-0.73078894951225 -0.420804737760426
-0.751058477966453 0.611675407687837
0.43369587359423 -1.01914669116839
0.220467971575093 1.07106954847407
1.01592473067327 -0.114915960392307
1.20345500913283 -0.0526813259385344
0.82077086362674 0.974413079963339
-0.619293586892176 0.559700228397775
-0.95639741221411 0.335825442826121
-0.687351501358822 0.546176043034591
-0.949608382599106 0.255839601066341
0.420552129874234 0.86873930317407
-0.425568082513892 0.570482644439956
1.0932148342595 -0.0206497540861045
-0.441619639669555 -0.66342520372426
0.820266627290351 -0.0513359648876397
0.128628429640027 -0.381482348004584
-0.676923728710278 0.281589747362982
0.549026156269082 0.273997383858227
-0.104919906547648 -0.536462754408623
0.675747922599079 0.814045967041963
0.146569621217244 -0.371756936667208
0.785006936466852 0.253795420584401
-0.171763915336131 -0.453448280239763
0.60425408633026 -0.377493521352004
-0.0745590765687526 -0.489075029321864
-0.125885533956524 -0.382848385420865
0.0742390405333125 0.587188570493838
-0.355934312234826 -0.509066604050505
-0.0405832066546035 -0.502347383963577
0.49068417089892 0.286801455567889
-0.487083858114747 0.326166810479889
0.0325936555319145 0.703096853644895
0.57071505813651 0.668613565671598
-0.0701299304034748 0.656662883101595
0.0880073675603691 0.510883153189268
0.431552157330862 0.250170792561893
0.43185043661956 0.0149204229240504
0.465014040555209 -0.272753085778605
-0.099085287114946 0.683692857328264
0.530406921757361 0.623205622762461
0.456397537867154 -0.240575016126242
0.480236029807046 0.60101630196551
-0.0758693162905171 0.35758903401027
0.0503483219936369 0.0642647612236153
0.421806754915617 -0.0384985585847734
0.509085575551276 0.233576248788697
0.077508794986174 -0.224706858088836
-0.00174116897909673 0.627335452756362
-0.156459084344956 -0.248145635975152
0.232936893645962 0.392758761565329
-0.0492673099018922 0.172980187144393
0.162629898995691 0.434868585939041
0.29229761600075 -0.0315656108869946
0.417908275423509 0.165469289911526
0.280716621228804 0.163046378574547
0.103695327564094 0.110194901621114
0.0435784186610735 -0.152272098648257
-0.166275224983916 0.00471288188404621
-0.236898498336077 0.14960796002085
0.244758202514972 0.214228237087421
0.0844394342430882 0.356162881930677
-0.0784671422804131 0.179592542261917
0.00744872499531343 -0.0585163452465064
0.0124351880426312 0.163769924975802
0.340068568518232 0.055720884522336
0.190033913596856 0.0441951986917837
0.130511931421894 0.0942070344190157
0.28677134713766 0.00548102829140828
-0.00940906234310558 0.230022289581062
0.161541135159733 0.1990082691204
0.240026661670898 0.0559213067249147
0.177769286991691 0.0190805315826626
0.141830175138331 0.171669303497428
0.237193976807072 0.0377116619090949
0.0617253624524736 0.173269159201176
0.0887883401636794 0.141052312853881
0.206660406339425 0.051340200744345
0.158243574370301 0.147280616301347
0.0424727790158382 0.1770346152625
0.112947907097552 0.171949547578987
0.151538465780213 0.055698354658968
0.0901504571529242 0.133395824526593
0.0228323946286067 0.0293820710277548
0.180448519033273 0.0147512852505635
0.0827517389636877 0.0547173919119014
0.124647457907578 0.0980925236525717
0.0507106717518463 0.044727605732295
0.0713207216664693 0.21926557470628
0.134077402684437 0.134207769316396
0.173472344848836 0.219757131312315
0.201070995405061 -0.0027024134431597
0.112892165543021 0.0893484453823428
0.103174431295796 0.0515719882850718
0.0188891631292733 0.0167977572991452
0.00139860188923391 0.106119369460752
-0.009916598708294 0.173483996531209
-0.0402136443035963 0.170353125734734
0.0201566500308255 0.0102633451452476
0.179877418556808 0.284340845458774
-0.0838309409735857 0.196283242357033
0.0692617885141912 -0.150892472772474
0.101545265578756 0.237117651054808
0.363294289381142 -0.053391144026686
-0.143726566467996 0.0230038503670961
-0.143014314511506 0.0973952524868502
-0.325799255460779 0.0290887261887914
0.0711355289938018 -0.37715256582353
-0.212977623138625 0.111471114380593
0.261699604045093 0.260941532363068
0.201105548909981 0.282268919821013
-0.313396052523328 -0.451859972197321
0.433538416487669 -0.194022162968776
-0.310974265052735 0.0667510574584573
0.0822955300818494 -0.563889128799146
0.285848385774632 0.270186159523489
-0.582040456390725 -0.0623191515798915
0.10004481669652 -0.621447422822653
-0.390365408808086 0.00236897496900672
-0.652586232073155 -0.0251235771697888
-0.254952484688857 0.478064958135616
-0.456678402339702 -0.0136953606633122
-0.43028882926222 0.0592759621254997
0.577040323930709 -0.262538252505821
-0.297164588192847 0.535576723335633
-0.310545136156314 0.496532962253823
0.638975300402905 -0.278595817245258
0.342535779041938 0.334681975149554
0.033284849407448 -0.810107544366367
0.320514601648068 0.316190655369486
-0.309050843353396 0.637527509920379
0.361840328711235 0.372737809206427
-0.331398360853915 0.63164134660087
0.65772012989371 -0.366634504930681
-0.396749863900673 0.617313940722164
0.262710016668511 0.306463104468961
0.384492927123627 0.47950682101465
0.697960784995396 -0.394489041482099
-1.0101693747265 -0.0530998982350507
-0.409176837801487 0.782808604864778
0.73634638325424 -0.415210335527562
-0.840541532874 0.14261779091091
0.0195401357054038 -1.08327764711095
0.849180924609243 -0.458339839869868
0.867396031516767 -0.413797549191802
0.682357688689363 -0.475586652845881
-1.18905564372372 -0.0564029946304281
0.347439779959766 0.348826688782197
0.456807606261544 0.626468554259826
0.687997756821838 -0.469582311937144
0.241970527470236 0.572859461711582
0.149912023761105 -1.28230417704015
0.937557317347112 -0.50129820981773
0.893604681649379 -0.49156921396179
0.937645665706841 -0.50959638458697
0.848411660112837 -0.53463642948633
-0.993875889553032 0.171800222876712
-1.1657691340289 -0.235596171193741
0.365170025096433 0.416028971735798
0.653741180156775 0.518140371504223
0.0219137464456433 -1.19896237632836
-0.287428873373932 1.00577636469379
0.845779678646844 -0.395671270723608
0.758531781417437 0.666045129332534
0.465104604848231 0.726380536824036
0.499204571490198 0.595281934400053
-0.268584168828988 0.9627200192885
-0.747800989105535 0.45107217349394
0.894719552356781 -0.178021516161712
-0.64776266410267 0.371380834052447
-0.632784413407338 0.324879196898355
0.479897958673587 0.598436113997815
0.812729017729677 -0.149001784709289
-0.621211348637717 0.120495848487715
-0.73700518453374 -0.0132034226129425
-0.299448728012588 0.573316718709886
0.233388980932457 -0.726570352657326
-0.109766606410283 0.590468687747897
-0.363691100457581 -0.544479307918601
0.538390828315598 -0.159225064963103
0.174856536030768 -0.59239736240362
0.051077561012568 -0.41633744460855
-0.509704660131708 -0.230234788959633
0.252518743299714 -0.495202868116285
0.371737543150528 -0.291597902138485
0.0311937147206691 -0.614349430418669
-0.296998429133705 -0.0261694845141128
0.351128702620683 -0.277479085964844
0.295769115591492 -0.26486046442876
-0.184989448464291 -0.238219681172394
-0.0793908609656703 0.102446470816395
-0.291039369627907 -0.292518915519223
-0.334161556623977 -0.0936893599085538
-0.311896086604129 -0.124824497811191
-0.275561505979983 -0.40012279875521
-0.011915741875939 -0.350622423449974
-0.00751166773705845 -0.315323058859994
-0.106306324909543 -0.32888846558344
-0.135254041133649 -0.343620585107682
-0.173152613172082 -0.32857747456527
-0.119719586119055 -0.301649770772058
-0.234628260110152 -0.370767343158078
-0.266819429600672 -0.41484170889349
-0.0393606808863516 -0.411328602642551
0.169738372641873 -0.272349309156912
-0.00434877626712827 -0.455213992333238
-0.242439615335934 -0.133246423173881
0.0180993119899077 -0.394106024874315
-0.416707632132283 -0.594837358999882
0.223283390788192 -0.127078196739785
-0.606640235742821 -0.187093680341758
0.0753346379539093 -0.107327071200409
-0.265949364068326 -0.127021278837385
0.0115588124841864 -0.131296292247329
0.0450208800866339 -0.0887997239374209
-0.337764906906567 -0.206706245969451
-0.0136895946598965 -0.0771594291116799
0.0363514369264888 -0.0748026456338444
-0.272505358857087 -0.20492634885956
0.169755289215229 -0.297378407241711
-0.110410980033398 -0.413101769586213
-0.330876142831419 -0.486990136402651
0.024322380825794 -0.360231187622675
-0.124534013320352 -0.253042123503751
-0.216510775193246 -0.253795053352814
-0.295810743308371 -0.0977329760316482
-0.404157050694468 0.0971819657208209
0.112367937721613 -0.573771980325634
-0.365876966473989 -0.483389583643881
-0.388383351262953 0.141942140984924
-0.307824660874589 -0.481736124996109
0.0152841822647407 -0.419890213968308
-0.12683624556542 -0.219340946923873
