-0.0198967249083396 0.922578534474791
0.696273486884171 -0.241102489398086
0.13879696671276 -0.655708648532895
0.442750029681652 -0.265157373167239
-0.0069716717736536 -0.492764973346243
0.344996621541483 0.520852170658388
-0.204571718662662 -0.116370919946673
0.335619695826075 0.185049480624461
0.56065132353671 -0.284018517101355
0.194467707497166 0.074525961140216
0.709453122888324 0.286272362265982
0.276446823499057 -0.0989950277254009
0.336559394236333 -0.0162250605195609
0.156303680402763 -0.115916265662847
0.256289061803392 0.0651521238296765
0.229527481641168 0.102664509497241
0.456617159736891 -0.0939599104966161
0.387699191889601 -0.261627735421347
0.568690563076037 -0.104381464677297
0.286346244593072 -0.24957913558734
0.362170319233372 -0.366893284323228
0.0923337543746003 -0.512382121083942
-0.00587341530869287 -0.2890703165701
0.550565593894776 -0.169584138487892
0.673195221103656 -0.0446287482057407
0.227653112119608 -0.523414099572552
-0.0550388420274226 0.696922753594543
0.842914389412698 -0.159768272034676
0.533251443155715 0.114960502015267
-0.0978039375680155 -0.072217391538366
0.799745164839708 0.423901231850296
0.78028746779692 -0.348549040645757
-0.197417597005445 -0.00219020980187712
0.62404771240176 -0.187998267395406
0.517808789728485 0.451968042201174
-0.207372850522317 -0.0746888193595639
0.422187265219054 0.14676038684743
0.352845184350812 -0.21552080173197
0.698679373941226 -0.621999358984614
0.432382983944607 -0.146170656080134
1.03932613380103 -0.243391722730818
0.828145126250391 -0.281495339038191
0.725658986662402 0.125378812660773
0.705787715102506 -0.363957848572639
0.959981086842909 0.108228478540204
0.786365827212597 -0.159067506892983
0.509267045377395 -0.0212772780761284
0.740963208952235 0.0321412491677396
0.728429995815549 0.0853622078781075
0.69240727362836 -0.0178266167170311
0.870899185973327 -0.199664856605606
0.637194397592171 -0.0223255765973535
0.584862591946635 0.134978427521634
0.445379986173399 -0.121894768582766
0.462998941931182 -0.159610760172459
0.731062789026792 0.0273130781401287
0.969148129129839 0.029864608517799
0.59714453606043 -0.307483194764425
0.950828394490269 -0.226550053615115
0.835822770048465 -0.409999652221229
0.846523225856186 0.388410477641605
0.644289903340221 -0.220817419232428
0.78777940344641 -0.58346775076046
0.97587911172297 0.353191687785087
1.41942420859917 -0.43547409207087
1.08440319537976 0.651570230112084
0.778196627634347 -0.702117638668452
0.905654315799368 0.334435233919559
0.581985731552167 -0.611724693524917
0.196015700738971 -0.381694934405727
0.754536737758257 -0.163067098074412
0.168279499357539 0.258117948078587
0.776482685291936 0.44994376292669
0.940143513346374 -0.331120974004799
1.03516124837433 -0.41002408573327
0.142084736868878 -0.186238471010483
0.669110722494424 0.403962261204856
0.616994965007449 0.50791737229484
0.557407844602799 -0.623719404688717
0.517824950815955 0.652142362079181
0.103225316257687 -0.126562934717705
0.405638562035037 0.852619895872611
-0.312835146908149 0.253636413675002
1.1939118995202 -0.116138642737455
0.793470013969634 -0.501148809264085
0.0240406024330697 0.773209116753468
1.34267404023629 -0.149357895610056
-0.391746931606465 0.0848209964992605
-0.424594406641708 0.0127905126552202
0.266767897139265 0.772503546837912
0.259600475791115 0.596271952979971
-0.324755252540117 -0.0172282328372022
1.12640256082471 -0.72245663900658
-0.381695161008684 0.186008164962212
1.146795689302 -0.0890281592345906
0.111278161143053 0.803909264332535
0.529070944011862 0.302762284324195
-0.767294347334957 0.159058277557082
0.045526705931424 0.327325254550142
-0.0193688385138683 -0.327557646766791
0.0806801358526636 0.28114666850745
0.169696786691044 0.300437006184835
-0.278080625633059 -0.247984693174498
0.0733875207556871 -0.348266195256658
-0.341733296771723 0.472791477088748
0.121860394307492 -0.0957703082848153
-0.0876153677514956 -0.604347205286675
-0.320506545884304 0.480177341582112
-0.548526576663495 -0.693164963846503
-0.328177575903325 -0.587425179731296
-0.232801575429204 0.497700357152086
-0.556468416476463 -0.0555382105074986
-0.499862419751322 0.0632868624548
0.416960870071188 -0.754325536474382
-0.297374702586357 -0.870778896422506
0.599866584961716 1.02312804641437
-0.588431825363714 0.174238929898513
-0.395220048355582 -0.779975118603299
-0.064200209939654 0.562120841935496
-0.251770318921447 0.656860978430831
-0.197861732579217 0.399292225018862
-0.081489196359484 0.172135156025114
-0.222858640965854 -0.291942232272127
-0.0159639195129887 -0.12747663970834
-0.1530395005735 0.189109954930997
-0.571636244718281 0.169267166131535
-0.810178074331197 0.206474482837729
-0.122975721482472 -0.136445974061624
-0.399989991051023 0.229870758734631
-0.285849263104172 0.0443480627665283
-0.440776294806546 0.219524563553395
-0.235908499165768 0.170871347800542
-0.445960518094882 0.266752335957112
-0.631474050732962 0.126870043327376
-0.522859259593163 0.0633303958671571
-0.200276479162868 0.120492298434657
-0.155454464806395 -0.155565228010252
-0.901456887355217 0.393541557020048
-0.598076878534166 -0.294733124868401
-0.00897433875569223 -0.0152874410396939
-0.625888414622267 -0.205200684241097
-0.470044877783097 0.662460527117216
-0.221655208615003 -0.763355477363246
-0.463103845907226 0.546263626838874
-0.214623972120686 0.442271253645049
-0.7836170215672 -0.0283118999545924
-0.41000991307628 -0.399280634732606
-0.509395492908258 -0.0831000086073061
-0.432759946269731 0.0217163155190286
-0.21734953702582 0.0968095120398623
-0.194952431165562 0.075066853897136
-0.0530988334923995 0.11742225117969
-0.267713434115438 0.0667750291767664
-0.386185011381324 0.0474712659055785
-0.296829152044752 0.117313503768881
-0.296422384507498 -0.217239631346292
-0.225523220761624 0.294910645642028
-0.517200063967626 -0.141910205905062
-0.590372047488062 -0.0727672737223051
0.0166347971440823 -0.155142336610436
-0.403274147766811 0.402544936445718
-0.709185116314721 0.326979773904742
-1.00266401946378 0.232086585487143
-0.205863786196649 0.112467876238109
-0.918297761480615 -0.458988361160383
-0.660985600641589 0.120917912467962
-0.0966758628080025 0.436352012503112
-0.760956624465473 0.607630303484421
-1.0279251396183 -0.812441947405162
-1.20105016230009 -0.340784010219479
-0.55268669163297 0.481791062645042
-0.792664441393198 0.505584917181129
-0.241942792840641 0.204517465350723
-0.334661671867496 0.0366875838580912
-0.754816318188331 -0.601312874229011
-0.0951860185232365 0.131164973421411
-0.653423136975882 0.306682726012332
0.000630417549675813 0.390497482260704
-0.452019008542515 -0.260607790195527
0.406137592675714 -0.0511483968012283
0.378978337227752 0.283854050376218
0.477810450298593 -0.204665668625354
-0.0835301121562716 -0.0481087416844968
0.532134303690923 -0.2286126087458
-0.0183744706847585 0.327058377952993
0.0559276968772664 0.124663799406906
0.442806508036078 0.630891270718766
0.578287143822508 0.566844100524709
-0.185720077469307 -0.211553442412917
0.646993194776162 0.682996753967681
0.13408717289074 -0.889955846366988
0.917086757452002 0.397792255690142
-0.00432844604572562 0.804974788370712
-0.620074496815206 -0.871906953343619
-0.0774746284421476 -0.786383997083628
0.39620832459386 0.505422984165229
-0.3017272004732 0.031863845917677
-0.189074638093987 -0.811644995885999
0.268802084471253 0.21886735094336
-0.517347530928741 0.0185868824155476
1.47052524702404 -0.154722027959739
-0.193104786787846 -0.0367182670987528
0.00395501260303893 0.0707165298981113
0.713755491116572 0.273465407681524
0.463517234735575 0.586838708756122
0.316443009446909 0.830035106839851
-0.564788103448578 0.141642980981359
0.0695190947277627 0.702591786633422
-0.121082297475622 0.5741217666713
0.177799330988926 -0.414176641096645
-0.28004314684483 0.302777409167877
-0.532949508999827 0.0424242067689656
-0.449586123159697 -0.19406411196739
-0.504120908173711 -0.158508875855821
-0.360974640383238 0.0917849542973205
-0.641059636759379 0.172604592879783
-0.548896824506768 0.12314284563987
-0.500116423645056 0.0940202726819603
-0.841791562215454 0.0894852875215069
-0.624343316402713 0.127075664678013
-0.73650215766027 -0.214176686717806
-0.812212764569197 -0.242884576186223
-0.595186036377191 -0.00650549351998899
-0.353949658438222 0.176720491003926
-0.76798553399224 -0.0812299208211711
-0.590219004788295 -0.246308238348867
-0.8678692956056 -0.0528489879059225
-0.571773925567436 0.213523968431556
0.405995651478607 0.448125882483054
-0.127036468008158 -0.579532257849542
0.111096606178548 0.514185368359328
0.140339206276739 0.305270403425159
0.733538774171462 -0.293628572317198
0.67710503731269 0.536179309914248
0.403566137046143 0.0631033414675563
0.172661121842693 -0.35785280867742
0.231966852914096 -0.276775934813302
0.413216052534128 0.0947820889669035
0.262450680948238 -0.0746466541805886
-1.03484383370056 0.0824466353270727
-0.579852825877273 -0.384422240055642
-0.0573226714420092 0.0392091845822696
-0.689159038797365 -0.363686103569979
-0.323338882260736 -0.033870066805153
-0.966112372038926 -0.240807417407731
-1.09588208721396 -0.196668307416236
-0.78649035126799 0.765216842709671
-1.28886535839331 -0.739789697462046
-0.555343707690668 1.05947044681526
-0.322820531334878 -0.0234501230682436
-1.22166172953446 -1.08846647595051
-0.993148036522718 0.899559679573516
0.466176211533281 0.327238484667281
-0.83433133214098 0.509204348257544
-1.59325988045169 0.00531458507500683
0.475622923824943 -0.439021036921981
-0.332320891993276 0.975467742737058
0.351739657477369 0.572709612103811
0.00703580742241128 -0.801924112539942
0.347922998413559 0.487073405608866
-0.15541606971953 -0.83729535015258
-0.510141056844772 -0.817129311296724
0.327908529557289 -0.494251094824854
-0.295306409637986 0.61021137018742
-0.347097284239075 -0.916181144224373
-0.389284373877728 -0.706043245497909
-0.755059417953855 0.137251682276649
0.239769643323063 0.545599054914636
-0.572160645657624 0.118162982120291
-0.470816709536884 -0.0241931192477854
-0.170205571772209 0.449964157638339
0.126616147943029 0.267054454162206
0.29571356024548 -0.771020128961933
-0.678725899052251 0.306197216553274
0.24736300548934 -0.712767077614702
-0.472483360422126 -0.272456643380179
0.656463725282068 0.986218548307991
0.777866708499217 0.0376215578394857
0.611753751125983 -0.248507829839754
-0.345702633862318 -0.715530089728104
-0.112827365474944 0.434263956519372
0.4792304674983 0.447975618504891
0.361904485642235 -0.512738167464775
0.140739297918516 -0.462823856669165
0.695867985852911 0.101649047234772
0.570848866739721 -0.260095912013882
0.0167108801639883 0.0999452083510135
0.483225371218979 -0.314930216809687
0.0495755374904162 -0.382696288797466
-0.208266446376657 -0.350593371203382
0.0999804915575653 0.430376717393776
-0.303420278582802 -0.188570957747639
0.435772285598859 0.219642337728757
0.233829794693751 0.183459700236325
-0.104035940809119 -0.731395706439142
-0.302073553342841 0.703943005123703
0.0642495993054703 -0.969056502944452
-1.08214231994924 0.719083940355971
0.367385051412179 -0.103806099979311
0.221355359967631 -0.0368863098611034
-0.895161691596651 -0.791291975178776
-1.3208292870948 -0.874436703306169
-0.062892463993346 -0.232863935408849
-1.06555145119977 -0.498106530182711
-0.583586097365383 0.826113239814785
0.0551301624070852 0.164548609088007
-1.1098824624772 0.486020138395593
-0.898532633824656 -0.607267164521168
-0.692002753678957 0.661546704076222
-0.549661121115488 0.468082425879366
0.023730868603482 -0.445432725169398
0.562898506837753 -0.0426263379342014
0.230095878228296 -0.0598332696568763
0.0595426826564944 -0.0122612120165048
0.186592727549315 -0.258486644443303
0.057014337502711 -0.105401369337809
0.219454286603753 -0.165433710226935
0.213945231837408 0.0713810909336187
0.169403649416549 -0.196117032884467
0.0478219698577515 -0.0224156030831302
-0.0595632706161094 0.0216517148399201
0.0560642866298058 -0.246918527690234
0.162758024937676 -0.0799521687035973
0.197035335064155 0.174126815998398
-0.0216367314235561 -0.18292002715545
-0.246524772630006 -0.388868024160567
-0.0245155262501277 -0.388749742440182
0.186748411344408 -0.0421563079264873
-0.0965169912202937 0.453223090637886
0.132159721470547 -0.0178507572270908
0.0798385930718732 -0.143457523611305
-0.164754895285093 -0.556282355953885
-0.203229078694227 0.692453133177791
0.021592058143296 -0.0509659683938514
-1.35260090798026 0.166823642490231
