-0.218832844877881 0.126063426811722
-0.197186596545636 0.232027587030748
-0.131926758252084 0.00916506765001352
-0.0840535807163801 -0.0769348860914689
-0.12971027287337 0.110814011341734
-0.200700386506769 -0.0214621303289436
-0.0293676283240578 0.049886589343723
0.014888988104462 0.102322359651989
0.0662343362346954 -0.0151694452281773
0.147727728007395 -0.109523300232376
0.154253209867231 0.0946635220979234
0.147857335828889 -0.125534052132815
-0.0890477514817726 -0.322015169670541
0.282934099843134 -0.37674307975151
0.137791396253185 -0.237232033150764
-0.4696001820938 -0.0351378966850643
0.0864954753182878 -0.172137866587625
-0.121452449995701 -0.537472676737054
0.547096406562304 -0.424452448722796
-0.446286577736614 -0.108965857202225
0.0607845318233537 -0.541862705562297
-0.0429078788152056 -0.0611508105444229
0.612373388403262 -0.527280411549786
0.0595706892995568 -0.108118426313271
-0.0955617074124986 -0.022883618004429
0.470048578086115 0.115677497213834
-0.0830713883823467 -0.782982229759108
-0.206514890018987 0.171592671224175
0.424785246076056 0.0995065169419163
-0.24309141135742 0.482342618096614
0.474446864013945 -0.380377068072598
-0.276335853730416 -0.518950074062048
-0.344800913920443 -0.551224458728852
-0.439910182511935 0.23266573465074
0.206159738063994 -0.100626763610208
0.180871900494258 -0.170117089656783
0.46194628854673 -0.253883845959766
0.0473651338407878 0.449458849333972
-0.609903910385838 0.265385288341415
0.224101682265071 -0.409987832362861
0.151397141370345 0.479003321835093
-0.509476329437616 -0.472633843399946
0.3052327177736 0.418698466979602
0.268935286952594 0.671169630442653
0.235297407614122 0.679190301973945
-0.511158951664989 -0.574457458372619
0.535277020392916 -0.616646427256764
0.463566263035237 -0.576505752898895
0.297935590711062 0.768254220925137
0.541558017554078 -0.64171556103601
0.150441039095002 0.63623290666224
0.664048181353603 -0.837399522635084
0.753364605429738 0.737712582150687
0.78986242526944 -0.463022307204674
-0.8579187699841 0.494402107280375
0.327715258299954 1.01630321734093
1.05644022743929 -0.63726371872777
0.990467832371286 -0.105641079118407
-0.902655589015024 0.746251786961289
0.363660836060091 -0.807082542826066
0.00723154933874218 -0.710054681943357
-1.06535802630138 0.230815405575968
-0.566860675942677 -0.311461695260991
0.770360392981067 0.903892041419131
0.818693072661611 0.422883797569363
-0.201749918838645 -0.943333833347826
1.01413879226452 0.497095724707304
-0.785853882485913 -0.107307786781204
0.255244621624225 -0.294409397825154
-0.147734173239377 -0.292684907953371
0.628438557399308 0.120315321577581
0.308530327563391 -0.64163252163204
-0.198445369808784 -0.0772518472928974
0.603091667642006 0.142428580330025
0.140875248406504 -0.137683881933461
0.583083402407996 -0.0928004497155211
0.125545890032401 -0.379489771694066
0.421334080097762 -0.0777865097842555
0.39593461091378 0.182361383613975
0.223095138436607 -0.0343707812232117
0.377627808654033 -0.317772594426313
-0.300776222227037 -0.533721565590633
0.262069546252995 0.223323651584999
-0.142866296521587 -0.24844135743902
0.0309880994148933 0.224668033475898
-0.29372567064492 0.0667084729262651
0.1011533514576 -0.279036891051504
0.17610714804605 -0.0546726118782799
0.228347215426396 -0.277656033376379
-0.0499192886541822 -0.00346537114277385
-0.127526598764239 0.0657054396437186
-0.0251666423482076 -0.41541970896368
-0.0262041395277293 -0.548664589808023
0.35157155536142 -0.0281120747252172
0.380879361685964 0.101393188768895
-0.0732299735159852 -0.022446448911624
-0.0473852603820006 -0.248804975156113
0.152594197358261 0.0370295780764857
-0.0704838505310378 -0.281798591075518
0.00659456907667427 -0.197081597777771
0.0969737959706819 -0.145759540311753
0.0733422482478494 -0.0389523696164349
-0.142712007469853 0.023837745222712
-0.133056834996223 -0.108101705288639
0.188874676465203 0.179527468328882
0.21824996930564 0.123102677200806
-0.183080401127504 0.127093990735998
-0.0842253237826521 0.0771773372592586
-0.230688913624763 0.0946347372045888
-0.0264785013518093 -0.107384966463405
-0.00484858704453184 0.0341320587029462
-0.119094815410016 0.0745435693905833
-0.138608148567974 0.0605236385679853
-0.14169666724962 0.0454588248991952
-0.177521023795212 -0.135661045782332
-0.320766024021291 0.243964355188866
0.117979853050844 -0.0080390810624111
-0.210262596750834 -0.185830015097451
-0.248249022632172 0.047297838863512
-0.217916728181109 0.0374160359413813
-0.175144511530272 0.178381605004459
-0.173324116053241 -0.0758725152338519
-0.101547750286848 0.0986073403016827
-0.191941611041178 -0.143573196808637
-0.253337607709817 0.126224043806248
0.067292548807128 0.113134490713811
-0.298097256909942 0.15320506607326
-0.303637625144601 0.336690704956717
0.338831471806624 -0.227058971164052
-0.296834437770651 -0.271267166624175
-0.230667522842345 0.132686663373114
-0.31839829393229 -0.524953883458048
-0.471838093013382 0.097195732978661
-0.211718053232885 0.221332130773097
0.432579894707849 -0.556416542231677
-0.23711995640725 -0.395860357874243
-0.383044210899859 0.280282269016694
-0.493307996677449 0.179161468426176
-0.353667758874786 0.0716938821246649
-0.292628728158045 0.119221980456425
0.248395216458435 0.144619037519633
-0.268880038773019 -0.176416693624882
-0.231759183942565 0.198824657992377
-0.0494522480217456 0.187667573481487
-0.0217030476730808 0.232925682020045
-0.133548917672809 0.120388939882446
0.0391204196350188 0.171961326410795
-0.313527581781628 0.0457679539348008
0.20017254800394 -0.252050352080184
-0.286672774522688 0.191033333412063
-0.358552753890098 -0.0307200100832973
-0.0382252639743483 -0.180058461484397
-0.282827981751164 -0.0374164004508331
-0.0221540379876996 -0.162918372527712
-0.0327839320960386 0.260626028303322
0.105803493514625 -0.11029285283192
-0.109781578367188 -0.110846699962499
0.00144562629050979 -0.101045643902661
0.0053582175024644 -0.158078699873671
0.0430337075486227 -0.101092274035627
-0.0252888737430269 -0.0579227373583691
-0.0180605415225443 -0.272928417241625
-0.0489539685535457 -0.0577857440638995
0.135460139514354 0.0253585933653525
-0.0500517293258002 -0.120841223777951
-0.0121052647235786 -0.167889490743833
-0.00658299673676969 0.022182473426452
0.130967850160903 -0.0614651495567575
0.163329165489775 -0.0790116784430602
-0.222498458245563 -0.0570729392268615
0.312939600045919 -0.300563126996944
-0.152460980689148 0.373224310875777
0.305527713421948 0.310056365416504
0.0385448254966151 -0.530436640222137
0.47341061481082 -0.0215593635389963
0.414439767934926 0.440119520230165
0.376014612932945 0.64603130715174
0.553045955233598 0.0210592466726367
-0.562931005817701 0.465542636601028
0.174510274682139 -0.673940935401337
0.558669931792004 0.602174348148254
-0.549076172558691 -0.298480604717484
0.570166053253922 1.02539823478192
1.01527746865761 0.799382955969346
-1.28100847669046 0.459669625596098
0.82001625238703 0.877042902123088
1.3790051069083 -0.844043085154331
-0.0808870046600645 0.783594724313774
-0.983832280001599 0.985307950228371
-0.220700953454327 0.793010409772511
-1.29812997214302 -0.677874630654456
0.888007374616671 1.09739557840218
-1.12822521811574 0.786490719768043
-0.190003706810165 1.52592405787769
-0.9385324949733 -0.640183077692993
0.151458918331147 -1.22835947706751
1.77948544911171 -1.1330692006876
-1.76191682902107 -0.353506004967983
-1.17012524448206 0.00808349556921676
-0.855870737341391 1.60993258496979
-1.59589006685766 1.03202729518237
1.43182685427472 0.397289883713454
1.58590029319192 1.91002205223915
-1.54901918916138 -0.0192337114223089
-1.11967955337501 -2.010282437712
