-0.842678661233163 0.183857791529571
-1.8775047713447 0.421901427083878
-1.31920512193678 -0.513541600318404
-0.491739846945489 -0.334037140536345
-0.825754167038799 -0.0360311903720792
-0.835012375294236 -0.485074207314375
-0.878490418671852 0.272274145997293
-0.859532225270692 0.206547669755434
-0.855064782320686 0.163279945283048
-0.535795914549634 -0.184435815925499
-0.706898082979175 -0.216286991702914
-1.10130788063833 -0.725510960950405
-0.0346401962981561 0.191549624475635
-0.850753788186391 0.721249053867581
-0.887736503032576 0.241458204235249
-0.402321055754223 0.517811463609541
0.334691038334093 -0.249321428981877
-0.291047641114373 0.19557282503475
-0.110963688356768 -0.528704900795709
-0.779345318714413 -0.612634500822082
-0.0738367253486652 0.280887474356274
-0.00369979491620084 0.538168145060614
0.22523505119327 0.0313021506340359
0.403985081420657 -0.0233679748182646
-0.0923271437382465 0.711661603601704
0.623107533448422 0.220667913262303
0.0595872258415065 -0.835254596151924
0.00543646138442111 -0.930246055352228
0.540448117301523 0.683236645820507
0.233686523803679 0.500719047266845
0.229613713386236 0.663670113680441
-0.413527994910379 0.129847924514035
-0.252046485930393 -0.00284913833045414
0.219868788430817 -0.289633573900637
-0.0950006160188831 -0.0405102586107273
-0.0389908895880837 -0.25881134499761
-0.173348862418624 -0.292737746338637
0.175782028887324 -0.343279003524202
0.423831077183852 0.00931447826417654
-0.581268263168746 -0.353115374810921
0.291227763691065 0.42362711027791
-0.416821524002609 -0.752862439949974
0.316555556374887 0.262703574707142
-0.62111183874301 0.240513780912541
0.306847810223164 -0.0205589384475474
-0.547675649411553 0.250066190469205
-0.131753998510489 -0.616157599845824
-0.301690632988526 0.807693052361231
-0.185600630791688 -0.932485886231244
-1.04524554636037 0.735363053874615
-0.258878156472585 -0.76496559073877
-0.536740447075203 0.700582994454117
0.211854641637386 0.218939271736153
0.211821158652669 -0.266039483571045
-0.394264480178952 0.921310547588237
-0.0731787930245535 0.870813116472431
-0.137672359680253 -0.495125115091091
0.225040282662895 0.280450198033946
-0.34261089438696 -0.602870156905124
-0.287983565876507 -0.179963150319326
-0.835625477888636 0.1812485114922
-0.483222536707967 0.473914667787604
-0.228594782744895 0.136525269477059
-0.424593298369984 -0.156867268947786
-0.816956769198117 0.307562636202409
-0.853557712702087 0.436852548064584
-0.207674887568909 -0.0664594794999621
-0.962658630916667 -0.254269796763175
-0.548833514532395 0.378630225616989
-0.197276873877319 -0.462191111783199
-0.294777788545708 0.360025389918919
-0.89426555122769 -0.315320671709294
0.107627667583876 -0.186396475967048
-0.0861987916850252 0.375911134276364
0.185033836992783 -0.611766720553211
-0.767397108113445 0.118580363600916
-0.370792051581933 0.86501115528779
0.0760643691360132 -0.633996812182508
0.527659958602433 0.548610438054539
-0.398911180243793 -0.365227403210816
0.188897249744591 0.538286741420978
0.0150611613232241 -0.35628847539394
-0.165261461312768 -0.300357918845786
-0.0338483405189714 0.0348880523192283
-0.233521024751098 0.0399765418311776
-0.382644094852084 0.110129034708517
-0.170940875315067 0.241439260603379
0.1114101110669 0.22789846991861
-0.246232877814257 0.373997759671804
-0.161486366951141 -0.358771710950798
-0.277109356008774 -0.351315195702474
-0.576804925756425 0.0875577540004291
-0.218063508668826 -0.103454206797928
-0.259685863960978 -0.569471627047039
-0.2496286857435 0.49353505303051
0.131970157756845 -0.77719835596492
-1.06595890357593 -0.0337765877439945
-0.195182516501287 -0.603409153796555
-0.278091493135664 0.753484540396538
-0.0434907921687587 -0.67217026799507
0.576613561989059 0.754834577391768
-0.121678355402722 0.664866784815751
-0.675902017434762 -0.289980136944997
0.894537501999935 0.558351956636814
-0.649188740161369 -0.0463413406880197
-0.537497547630969 -0.0922102249498332
-0.477125228830607 -0.0259004284814976
-0.50539047444155 -0.0518453579534223
-0.0454209358413262 0.719171816606158
-0.188567800549494 0.988599879922297
0.221854303236931 0.831823892182794
0.227775300491371 -0.8673443077609
-0.243336474214208 -0.545876841459965
0.874050283205603 -1.06075140711797
0.744066704857754 -1.19380068954716
-0.220923306373668 -0.781163586550643
0.220806006085863 1.14937015848581
0.00610241982646149 -1.24027472966714
-0.052448428614992 1.11878612113133
-0.710985636664846 -1.02929527019288
-0.661765155719404 0.435324628635355
-0.324038726346162 -0.791296027857512
-1.12090122669635 -0.450041904030664
-0.626497488124791 -0.434705931095087
-0.731448424606644 -0.57535805313309
-0.526555066755941 0.519935366853238
-0.86285871175608 -0.742814023055
-0.107987799550344 0.0131995444939796
-0.974690934619381 0.332770873488956
-0.536399060894088 -0.315465604223541
-0.140285123337642 -0.224329994981389
-0.212513236040452 0.356064112168332
-0.386030631148955 0.24854358318836
-0.632269231389284 0.276728381296384
-0.631777470906424 -0.0889475118128283
-0.361337547257386 -0.250284681666129
-0.598340420750065 -0.00633509898726163
-0.887135527516295 -0.133905836478859
-0.461145443708207 -0.0930476677719887
-0.634790178294165 -0.19579880659222
-0.828051460532308 -0.0715241894483201
-0.449162144398803 0.102911721371367
-0.473918152566567 0.0992201101950489
-0.596944390944813 -0.265988470678889
-0.35201162774434 -0.111061310408141
-0.51323905086785 0.185866149317885
-0.540917309558165 0.3225932192614
-0.745464301720479 0.422986732387111
-0.562355884469034 -0.575871886595412
-0.294903161583867 -0.52137982455921
-0.416630828144627 -0.521414385955366
-0.348961871539489 0.117927409719662
-0.285212828140672 -0.0426014977323371
-0.263683311602471 -0.0268314597520665
-0.192112040400183 -0.00622043009110556
-0.138034060109175 0.176269082061523
-0.0296543540583914 -0.227037977758452
0.0129590378026077 0.198238720398813
-0.285840725110728 0.369921668361868
-0.046269216522733 0.353468879759387
0.75393617153307 -0.008790669437059
0.105876282481155 -0.201239454185694
0.142552829737415 0.60238010943873
-0.0747768138437047 0.617598561538059
0.209427349098647 -0.0830411091049624
-0.0938558504195679 0.018544635358461
-0.350482300787731 0.363579702594579
0.521185139137762 -0.345714396098718
0.131788544605521 0.755718706346431
0.840359208414185 -0.488289218077871
0.665036288600448 -0.33658017085515
1.01542207020146 -0.5229260652248
0.0638891924051123 0.209403021620354
0.875846772859169 -0.611718838836815
0.719161836635848 0.469991298687659
1.15381348083558 -0.345339520806263
0.447536444400335 -0.394023967661212
0.281210251209665 -0.56298594329298
0.46938608227217 0.781690177702377
0.483243688010335 0.0224626454561456
0.578196857120955 -0.296310033094789
0.550918512879754 0.772732667301914
0.699361826916458 -0.648512862834613
1.29708468800682 0.210115823039071
1.07800268474597 0.226620361795119
0.827577591164338 0.261768746562595
0.35674739811483 -1.03851223192945
0.16404819397356 -0.868384731284828
0.206392984101742 0.768921514811659
-0.530789648298331 -0.751784134201942
0.0566469758151797 -0.921099883605465
0.10881551025907 0.531322589590085
0.232045690967314 -0.756339493970824
0.0151624796087957 0.61562293534336
-0.203316696684595 0.732822365048327
0.387681477748893 -0.0629568479546331
-0.0918511198240317 0.284818710542245
-0.0751396617790523 -0.578860376720877
-0.209374335021478 -0.67704186720395
-0.288967115804138 0.0615603772586625
-0.0612006976922468 0.0346157796114748
-0.549610461762039 0.222601823124661
-0.376688940731551 -0.312905020711574
-0.255635121872507 0.107723585442356
-0.320024739019522 0.146813852766925
-0.5995597137876 0.0719963143297814
-0.384676121847878 -0.104437752643921
-0.498088397932246 0.0873088862084223
-0.53549360343767 -0.111136348589021
-0.76809169164364 0.0117395938610347
-0.36084361156732 -0.0155530611507045
-0.329627422265618 0.200681683742878
-0.650064975437585 0.0577039467870929
-0.144506317738253 -0.170906726885667
-0.00735726005964808 0.0134226739233431
0.0275250159819439 0.150470736563721
-0.0218158009380479 0.205195956875267
0.244360160204942 0.0687379739844215
0.430410704684843 0.0607047005239035
0.188984667884181 -0.142462562690158
0.135660507317448 -0.104398693911745
0.53498174353948 0.155962869087014
0.66087233871208 0.240494667947738
0.74187622040526 0.286346341615946
0.220158421933163 0.488065971187075
0.727799453823358 0.246224952553942
0.399854400797389 -0.538186897767135
-0.282317590900965 -0.0530304439672909
0.218222961001587 -0.473401156083959
0.0261782703728275 -0.176408500397865
0.486810937998441 0.462912390054626
0.360251683110058 0.671933354796186
0.389936547834413 -0.611907774213026
-0.203263037525835 -0.127228536438784
0.306250241775172 -0.400918208247094
0.128661774256792 0.676140944340086
0.609063737054005 0.0957559158077366
0.19812517188984 -0.373811936291027
0.0454753426527527 -0.620342050519678
-0.155508157911786 -0.161148098538134
0.366094784483295 -0.206909954951995
-0.229060669384873 0.359998326447075
-0.659936465527407 -0.160566295353613
-0.379298720903306 0.459177814270728
-0.362701831129432 -0.153238633246479
0.171066572581717 0.207163395079511
-0.704907218405375 -0.191698037112578
-0.26856753031762 0.539105151874381
-0.368029870757104 0.318858766742972
-0.29891591409401 0.43420334886632
-0.843787123484332 -0.0905093921779289
-0.655385429740613 0.614699165267773
-0.663571590508525 0.369037168303466
-0.0134532025293432 -0.0153226921845627
-0.364761822899626 0.52503551856861
-0.540897888400908 0.0891529294145672
-0.299229473693757 0.0298913123788155
0.108375143334081 0.185479495989161
0.154463123227277 -0.0614613985860808
-0.0260746125233415 0.0755751085949702
0.201152013347318 -0.0100600238714682
0.338275051258081 0.12926500363372
0.441947187682571 0.0859781535011407
0.526482885173514 0.152498530068765
0.368100981628596 0.0872272009265154
0.477035462835535 0.0400777551644535
0.595360178323256 0.0538122346531767
0.617724851703934 0.255611541014387
0.756612067890651 0.110828303392694
0.581452077928817 -0.26099230875757
0.799500468338822 -0.270088102122683
0.281738416993548 -0.196687313773583
0.43436408383618 -0.326460736513438
0.392176156886167 -0.343663775535089
0.112329243216368 -0.427845477161111
0.415587869183569 0.216622031600203
-0.338672562204851 -0.0812962764823816
-0.146608117271188 0.126979887037549
0.0567662546696559 0.280979133567831
0.449297531686778 0.0330121255369155
0.11675928973536 -0.0054694021020773
0.345608233235708 -0.112624721658427
0.290607131103001 0.0513645051533531
0.46695655015231 -0.0993444425664577
0.55167502962844 0.0685398865104495
0.637437587032519 -0.130311708045672
0.477201543065972 -0.255942176024359
0.918801504944161 0.0808059166716001
0.781386630407344 -0.443757246407943
0.953226788020879 0.146782057464207
0.571907105582579 -0.456372388383278
0.0137294197731135 0.513598997513507
1.07266915951479 0.165006726519142
0.288363220271503 0.51982299417271
0.388260084442207 -0.507002746069747
-0.147405022442751 0.881998694149715
0.722084122457342 -0.260286654100603
0.420414182031754 0.267457848697311
0.178629238029655 0.188833473430048
0.344586068368401 0.230893500064184
0.316260346910074 0.0422675695273367
0.445203504859508 0.42112799744303
0.704369230609223 -0.153909221835178
0.0936810175558426 0.0712463139618309
0.51775319703499 0.478468859931365
-0.144112143391578 0.0487684478873064
0.334595014008815 -0.544851235531512
0.980127719059845 0.361296122793571
0.462151685232262 0.717510410356577
0.397059097353811 0.909870441415618
0.762545122521027 -0.577786698561517
0.430743837697053 -0.901344676599944
-0.123502682505231 -0.11698800245774
1.36659959615405 0.4024197783646
0.0769784825902431 -0.214421283077609
0.683321453224918 -0.621846028741371
-0.0447300144798435 -0.0251512982214754
1.59510683039695 -0.0526167621110315
0.537468170656203 0.569150145458122
-0.153460076328466 0.195998211585669
1.3088475045344 0.426580684339471
1.10598821921816 0.543694526707177
0.686102636765844 -0.111091642892419
0.94291011814914 -0.137637614402929
-0.0469217699716776 0.488402670310751
0.624944970564806 0.0399867525921001
0.019996425519647 -0.0942674770463239
0.362461416313486 -0.749117208946764
0.691413221173851 0.122162078320708
0.245788773921065 -0.848796956234608
0.365673017776841 -0.711994521486822
0.195944622609134 -0.498742762119573
0.637369004399453 0.357084568793063
0.490512477231898 -0.188837501015746
-0.125232327265315 0.0948457280316599
0.223053562117614 0.34378015265539
0.157302241628582 -0.029295229450281
0.340990473989986 -0.0136569953500865
-0.0205866963500711 0.219807391733326
0.528141409952812 -0.189504670631961
-0.0788922298728914 0.537818294532462
-0.0564784073212084 -0.512408935995699
0.629822578136381 0.0173771465917681
-0.156593135320843 -0.759187088566244
0.297789440899562 0.734156564524688
0.92156570761501 0.506597231648685
0.422475008277317 -0.430152369429806
-0.498547883375046 0.124735980411271
1.05445689235534 0.289386955638482
0.0124411802178643 -0.116299355327391
-0.346868259394028 -0.183988897130554
-0.307319167284702 -0.0500322286657309
-0.222082494178474 -0.00670266701420103
0.0358291070861921 -0.582854146607603
0.298854262486227 -0.695819906513324
-0.111069412265576 -0.837680916143172
0.00466571275318012 0.679486457762759
0.506425344264739 -0.938858712765833
0.951337221307187 0.802022365367059
0.189818877003059 0.874951704867934
-0.695159080465971 -0.449820516120036
-0.06602618806933 -0.773940046134
0.745532210146666 0.687312299733087
0.704301444112951 -1.02580678637732
-0.010051438621867 0.337371407149185
0.554715632827451 0.941661683781467
-0.255784080913696 0.821293882952866
