-0.460063638006355 -0.619995570214521
0.386104479287219 -0.671637818543692
0.546919925955026 -0.476003080063708
0.502160844813845 -0.526206348776586
-0.521912469807646 -0.820362779566066
-0.148361864883438 -0.698221839618028
-0.483355823854844 -0.583135349153646
-0.452222988200281 -0.42297541131942
-0.616187280755796 -0.625288494052694
-0.473013434474042 0.0190720194626225
-0.437022302096881 -0.606785879612132
-0.539662942683395 -0.697226016818926
-0.522368709970171 -0.140124839830943
-0.0796679916681051 -0.126210553890829
-0.530029330315429 -0.431020648210739
-0.104910068634567 -0.615735504587493
0.0221834518777658 -0.447529167748175
-0.41979489549535 -0.675283046540293
-0.46076846665231 -0.374488724118522
-0.209235134118175 -0.238514591955588
-0.0768774437558641 -0.160526171577879
-0.0635325099922063 -0.476479630334279
-0.33259165403188 -0.471502865400973
0.0831935303333176 -0.259014512476874
0.1325899470298 -0.286468933939253
-0.0636142822730035 -0.34076612966882
0.179164601541206 -0.167100180183096
-0.0741500003290056 -0.424165007432356
-0.243707125887642 -0.00882856039939795
0.0574061561052579 0.0851400847264296
-0.126860849148158 -0.27714726909305
-0.0771886677500534 -0.200443061723673
0.0824767179667406 0.152218243776011
0.0422973941219993 -0.0473684877744316
0.140548517217809 -0.212545116017286
-0.0841290114657304 -0.264154794272919
-0.221912366600126 -0.0910209746417335
0.114889495053862 -0.18040881347605
-0.322626248871929 -0.267165528076277
-0.06972718425899 -0.299187716277037
-0.288193005617461 -0.372772937890187
0.0420154694199997 0.0154278949215981
0.0703318776970374 0.0114028380377971
-0.061774646845904 -0.111396723950673
-0.372954074279577 -0.477204411120545
-0.412321111548883 0.0423939838889003
-0.381728794270223 -0.374940366582491
-0.375768087268878 0.134565877383251
0.0823675332262893 0.0921892013666315
-0.0776083365562568 0.0407789597503041
-0.243032721776093 -0.139483493855453
0.0623064009124826 -0.194786516203166
0.045286937820619 -0.182203288630001
0.0295473081539674 -0.184651991768092
-0.25264641129279 0.0867585424198424
0.165016569030039 -0.253574904936654
0.157834079210359 0.225625621009698
0.198499932118585 0.291952866761132
-0.366852437395369 0.338648582279403
-0.384896613233056 0.230063469599823
-0.323364247601659 -0.0486450993182162
-0.472064963228013 0.149772192513688
0.0219758796032757 -0.394977909789898
-0.349222467461727 0.259247231201354
0.0559614725922762 0.206100663375163
-0.302476892818097 0.110584391281771
0.312384275008481 0.023587594374648
-0.33390692151917 0.0222486226079322
0.0784959333019817 0.0987891982602658
-0.340259436051023 -0.114445888449384
-0.14953176704532 -0.409386504517603
0.137701506084995 -0.433558004013778
0.249046768918128 -0.0943688373908532
-0.507216507997781 -0.0949079648828454
-0.0329639141932412 0.000382430521167515
0.176391511917349 -0.268471222047276
-0.141125371077704 -0.507046374054278
-0.43365402860107 -0.491011042345802
-0.231455134838906 -0.474036512870112
0.405267920152067 -0.248170961161056
-0.478115016159788 -0.348717136542049
-0.0579224405865812 0.271761915479376
-0.0612761697143373 -0.360590661229021
-0.281871891584459 -0.542258160305738
-0.468233315704561 -0.085422592037638
-0.386753243146641 -0.346442029961188
0.144438157821645 0.180261727078134
-0.308779009417115 -0.334601346532696
0.119095598465389 -0.144837570802494
0.276238665516819 0.0158892786812944
0.336056159196569 -0.502356860854746
0.286272273144739 -0.227967949943974
0.19631160076399 -0.124026363474409
-0.428019901031956 -0.414923700325734
-0.560825301004008 -0.268047874883943
0.0648250044287886 0.187029529906267
-0.00319239813948242 0.199467148618636
-0.287332682959639 -0.643798584740206
0.0200129201438292 0.329004699955954
0.274635861296787 -0.481370317853432
-0.0301795705752233 0.387793258391959
0.280435855952103 -0.532378985693019
-0.135240114764073 0.220244987180145
-0.223526770031979 0.200269823716361
-0.411210638067899 -0.504704381247504
0.490437480652085 0.387868897593758
-0.455263437235242 -0.262213026541354
0.57308928639752 0.498353692233084
-0.0336566323547164 -0.339604887024387
-0.413859892992958 -0.457011642122804
-0.680850839777448 0.491426281629968
-0.849854512309718 0.384473143952516
-0.642635598488145 0.526161924788769
0.292008722359656 0.806575749791023
-0.104237674165895 -0.434392135610976
-0.482306204611823 0.63690766325713
0.313269816161758 -0.546647463447401
-0.308238311082261 -0.437244478963886
0.50936268913498 -0.271488332551277
-0.181745831576669 0.470892358271126
0.397728255258307 -0.233156999387434
0.211867720030198 -0.49092742514002
-0.255089408117686 -0.343346947852187
-0.396309884708514 -0.245304538490556
-0.188735338444424 -0.30591684883649
-0.309415287005407 -0.357916109768578
0.311315906256112 -0.108198811952318
-0.208400689998625 -0.0817339146582863
0.313006279942863 -0.0517688856779262
0.240136046456817 0.0129317454375231
0.279701501907222 -0.0343288701201665
0.213026759165145 -0.231015812441059
0.111820787637117 0.375201707695373
0.145167163461702 0.35197388489966
0.171336891347164 0.367200149503791
0.319176478868521 0.084368254414614
0.223553711692515 -0.272737825585318
-0.21002716337729 -0.202187853143698
0.246099700816921 0.279171860131928
-0.20844588862531 -0.362364202622373
-0.0856181453173511 0.287545527986802
-0.272524630152678 0.365965545757758
-0.345142738577711 -0.234875848369147
-0.0429165647833067 -0.281507222856728
-0.308053824707393 0.491321327777669
0.297487086023609 0.723376157101099
0.473762326010613 -0.0758204936867465
-0.478427478918501 -0.0254598745834485
0.49389583627778 -0.586082445522345
0.635567076826913 0.472161009676971
-0.604669603047234 -0.233307783104451
0.598677654589461 -0.260487619484852
-0.18708905806568 -0.371282043067426
-0.507560252339941 0.495942484141441
-0.360533051317726 0.482437309199711
-0.478636496933466 -0.237531330397646
0.476427683188107 -0.39942970056325
-0.518361595792893 -0.0726690894752262
0.501185430768528 0.296923988781676
0.362481244863505 -0.112031901449353
-0.369643275675915 0.322031912102194
-0.32131171435193 0.306384549356071
-0.253118464805959 -0.214478615573343
0.233094069619982 0.361035075668499
0.218261831090623 0.421755925618404
-0.344594261981396 -0.318141894882037
-0.411044183985335 0.380335300688843
0.46631264549715 -0.411436787559593
0.0830780641528136 0.400101769773708
0.45425362646557 -0.388183278407448
-0.312588392725463 0.384640376390979
0.373701264359337 0.143932035338411
-0.464466242605098 -0.23447679826884
-0.108497434040124 0.53380240004872
0.534887104786537 -0.2117397738172
0.431668781547046 -0.202122487697744
0.529203741785585 -0.110391314250297
-0.11264854044429 0.43504331729186
0.590428440322585 -0.106678131806909
0.536294901090378 -0.0780967209942444
0.576662669340039 -0.198513125391146
-0.122013197984509 -0.291851308815247
0.464449528040082 0.382403920257031
-0.128093091270811 -0.186249706796957
-0.0983595441873388 -0.208580423590885
0.548546804527566 0.396057185367084
0.546272396996826 0.295817161464723
-0.378211507510465 -0.111252387616679
-0.12543554511122 -0.190700340665025
0.359512065725634 -0.215779015701876
-0.143947457868826 -0.111272567790005
-0.0518096748322435 0.1860211806915
-0.169629045104169 -0.0756160424465066
0.0183527333134332 0.246951183730037
0.237724202622563 -0.0139630387900042
0.0243850984407071 0.248278972853367
0.182278034438182 0.132266249651965
-0.161021566582774 0.31463267716397
0.00593704781811152 0.47357970131578
-0.0950152528507703 0.365877838294158
0.138201982409124 0.273757197054122
-0.0101216656678936 0.297410071832889
-0.198212431577312 0.290738625405655
-0.2236916598791 0.395322727491302
0.34719609351205 0.267963963223718
-0.0682856403754523 -0.226578518901321
-0.332005685102354 0.529514963547587
-0.109189043004597 0.406321668282763
-0.350928523806723 0.344031424676056
-0.314153985355935 0.571797149672209
-0.208981830587548 -0.306300302142632
0.412081525942125 -0.119057831656842
0.369378843832259 -0.196580002096144
0.451289960287872 0.342405299443971
-0.0545415380888377 0.332130545994291
-0.11968280371653 -0.033484254772709
-0.286323296791726 0.0750293351768601
-0.151028584460963 0.39366940293458
0.18592072112477 0.109397225367834
-0.384306161526651 -0.0492973911791885
0.452975245418842 0.263869203162145
0.350962612234098 0.259275378115505
0.492692391539342 0.331600829082582
0.0381368895826803 0.61806982125361
0.556600805520965 0.149103965264055
0.491942715863373 -0.198222494574483
0.498351429227622 -0.336657385962515
0.603295455762687 0.0107943724703114
-0.555507885713572 0.251804688682049
0.671476137658649 0.0293896387649393
-0.286034575831512 0.0298895192001493
-0.387811565724036 0.54109522517902
0.314563591500105 0.871415894359288
-0.142956033965983 -0.173447628207953
-0.167584238274059 0.0157200646390275
-0.116011583813386 -0.163575671008196
0.423342005433985 -0.107856549987863
-0.159280922386903 0.448899202879386
0.140640030499429 0.104654187851695
0.438008984117826 -0.0404574501883279
0.0257113950743179 -0.0326446725287594
-0.163613561168765 0.218375421563751
-0.0409829601488116 0.407685919060387
-0.119455547884086 0.561759156225852
-0.14152406787721 -0.103459000183317
0.0731356696908873 -0.222114400601694
-0.00280388461377768 0.440371400182347
0.0804777238649291 -0.306366097554572
-0.38946195286669 0.344466655662893
0.0294647994491062 0.016154503503559
-0.406168652466397 0.176055986862053
0.234604858070083 0.212936186995569
-0.19146502951222 -0.10995829724891
-0.068072128426207 0.281289769053086
0.370081400764712 -0.259296948267128
0.320672130637985 -0.103102120556657
-0.232041424675248 0.00505336047847201
-0.128102632988711 -0.195363346769049
-0.153459082155907 -0.00476912988709112
-0.0327592920690638 -0.0477922047079539
0.212956192623884 0.22189875520187
-0.0211719966289468 0.105671410186165
0.203265604641518 0.276200513280916
0.0182727280184974 0.095505301789516
0.0616063607782038 0.131377113455021
0.0885625095629152 0.204755510520098
0.166327057242064 0.467027508273327
-0.0682397748145558 0.246132243921811
-0.105662771869187 0.234808339587594
0.0411389483860905 0.0544484743324341
0.307156214570599 0.05094574650339
0.183848586501212 0.0268860010964198
-0.0658122681268689 -0.0586684229698637
-0.0191952575079039 -0.0946615833176419
-0.31247119752541 0.0710973888296837
0.0812773140702105 -0.170145782404234
-0.1066636105661 0.0570826611475298
0.00861341327683709 0.0628479483028318
0.258567601142213 0.127780507153007
0.173343202312772 -0.277355625833765
0.197483017537248 0.0799371599557437
0.0880247986540028 -0.202108526813351
0.289852360280264 0.166656747933063
-0.249963094566408 0.138287011483642
0.269528953669255 -0.0634644331781246
0.012011657827988 -0.0019121703597627
0.368587911660772 0.3123238685006
0.315790581243061 0.135232046492737
0.0625480753701975 0.368259385313156
0.00712543248535245 0.146393395305177
0.302896360678978 0.390902450772962
0.0768280993174016 0.377003092617508
-0.209191946664963 0.15834112665042
0.0355331430654829 0.482814199412421
-0.142875228530347 0.215108859831131
0.114851101665073 0.230384881112593
0.121518424400192 -0.12750931759239
0.155169879921441 0.138979699035951
0.0905597358530951 0.272181951129927
-0.259821366901337 0.133048485480686
0.0296085041815277 0.158181167822328
-0.267996376395087 0.0393401875400721
-0.31621895724753 -0.102450309242463
-0.0538023528536571 -0.283679128231572
-0.0290717049034937 0.0901829686346975
0.214426848504577 -0.0814272876829945
0.154119205105986 -0.221172138853626
0.107118389762724 -0.09854960777147
-0.0593230037450868 0.106499728733548
-0.10351091593413 0.182128156965601
0.156737653792873 -0.0767469097097354
-0.00515384509961615 -0.0320381554432768
0.021417100100189 0.113471293856726
0.0244666877445628 0.0472927092443369
0.01818646349973 0.11374443229905
0.0488860791224568 0.124464005696581
0.0715652941598783 0.225145705203961
0.0490907747877393 0.220454379457878
0.0702262654570459 0.203929229789967
0.113054090924132 0.187236090023102
0.0230522546591069 0.223441691076388
0.0926924669769735 0.0958933931115783
-0.12239409205432 0.0349475221314828
0.0384011134466839 0.0054099207359835
0.0993839144061804 0.0608066608472195
-0.0808877190321403 0.0219730624646671
-0.23262666600115 -0.175805904164868
0.116591288336313 0.0798206726718127
0.027507847158333 -0.00173889780703791
-0.0144525745399842 0.0638397693721617
-0.255125900887788 -0.0188995095290193
-0.0610350939879695 -0.0174596519596648
-0.330124763969862 0.0250545499482836
0.10595668813349 -0.0037689754946748
-0.0481939054060551 -0.317232142731948
-0.130133950435391 -0.356342841005623
-0.386776898946522 -0.372885007485226
0.275961979645372 -0.203532470639501
-0.0281528626260208 -0.344663159824554
0.0943687251611382 -0.206098438520677
-0.0501730799076049 -0.273534072173884
0.0407411352945958 0.00814489106146736
-0.0602324271802909 -0.0699961575768204
-0.0757163167058545 -0.159406718569381
0.0526385655172394 -0.0100234335007803
0.062443105135907 0.162115123049528
0.0329874215108371 0.129873810492312
0.0278911984353196 0.145674314760982
0.0241330220357344 0.15220035604439
0.123668719716511 0.197551119216379
-0.070184414234922 0.168408755638033
0.254807121928723 0.20697481216399
0.138662158395633 0.114431520220146
-0.0853230312058757 0.157906641516807
0.170057207380714 0.173827255325512
-0.034371393496966 -0.0318926542029544
0.0374368375004098 -0.103622361303803
-0.0689041650705164 -0.0864507034278315
-0.0129794836235988 -0.00389011304244257
-0.0637343959764252 -0.114999881427238
-0.0890043520669994 -0.179526624991808
-0.0577483615924319 -0.0589933897404635
-0.0654273237542799 -0.131022080814397
-0.0828453308031197 -0.098726050175527
0.0874672788271732 -0.333867071127263
-0.181939473234903 -0.0413228082396814
-0.0929836445092128 -0.112139094925915
0.0398961011214706 -0.257135966795669
-0.0719461715608617 -0.119046079560717
0.0335757915782451 -0.049557471893957
-0.0560960606772467 0.0109192848026143
-0.0613412366654722 0.0431712919290856
0.0371791659488557 0.065946467126104
0.0829389302677442 0.0872156914584394
0.013009752241054 -0.0478457700539185
0.15252074351061 0.0277954998761516
0.0970121101186622 0.0829628708256093
-0.0105605557488514 -0.0888092099941942
-0.00490572458395068 0.158486352017757
0.175753706971163 0.0152032425967629
-0.0859141650161665 0.223505265284164
0.0828374070772261 0.155503506671148
-0.0338912715151625 0.138030516964716
0.0614425256672073 0.0215353769062652
-0.00655007487108935 0.0182454395695219
0.0298868786819856 -0.017473398815827
-0.0602765932337729 -0.032028658446915
-0.13001816126267 -0.114708719524803
-0.13561924834229 -0.0468927151234974
0.0693385691331672 -0.244218631565961
-0.154188111673078 -0.0623873266492272
-0.150561557055581 -0.29632708476614
-0.175520472868848 -0.315584152345508
-0.00553848211214056 -0.343522069761013
-0.166796371273265 -0.250658595212448
-0.114014780329915 -0.141364478457195
-0.0727062057709769 -0.114932644760425
-0.0889561209237935 -0.103856905871028
-0.0521540248176635 -0.0693554925346108
-0.0817797264605034 -0.107405610735268
0.00919735653843743 -0.0643593322973521
0.0171294689484356 -0.0627232520767746
0.0944316858867142 -0.0132179177111871
0.0427526083679817 0.126602428225092
0.151783689054673 -0.0833216485030992
0.00187521668535887 0.136631950757541
0.0282086515874149 0.149574958874959
0.0462519476622711 0.0788465960583482
0.0520522734392836 -0.0475670096395779
-0.0802815854764533 -0.103327396451497
-0.118173673195097 -0.125423076834058
-0.000935052629087649 -0.141263669928812
-0.0702117684818202 -0.0304340063679028
-0.150184713636563 -0.0946495139210056
-0.13896205153556 -0.0771590397041664
-0.114970237344077 -0.0832944507210844
-0.017639050829906 -0.140187670205402
0.0148105500989808 -0.217386036747213
-0.269190851897358 -0.283073894076684
-0.315870050022515 -0.123524288530306
-0.131140171840653 -0.309149669988797
-0.312208619814438 -0.446513059923482
-0.357419429052381 -0.525867232497762
-0.418818279040288 -0.261682780861404
0.104948039163027 -0.400516841104536
-0.287014654983995 -0.26913299945256
0.0895899223311154 -0.359115481296988
-0.0602666650761072 0.0130889930549407
0.0901478015324061 -0.272692126104308
-0.158877681800307 -0.0768776042902301
0.0219020277453074 0.0195611511360311
-0.020785527925895 -0.166920698949934
0.0597988370589299 -0.0752658493641488
0.0301653988734598 0.153800551136
-0.176166538126264 0.0685433838356217
0.240941920293405 0.0245486911816938
0.175716794521236 -0.122609840450663
-0.0567984446617681 0.0938763683441817
0.115093585364409 0.119685755804643
0.0370431590136075 0.23994221299463
-0.220580512512727 -0.167294644218445
-0.00443506863326902 0.162899274945231
0.213053588681341 0.182936183225689
-0.107470317645379 0.0186687786075627
0.101891332131167 0.0803168112436263
0.0352013564911976 -0.133229420840448
0.0282760487575443 -0.121426783703886
-0.0138755682042348 0.0460492171760042
-0.295447832774849 -0.237438730318356
-0.0830180012723931 -0.122399319587391
-0.194853945020494 -0.26328793165382
0.0329755672602675 -0.321762731699641
-0.0113487329642884 -0.522701715767844
-0.349926123293327 -0.393821997184235
-0.299179016450553 -0.0657716819646388
0.139006795391687 -0.157409768284437
-0.237713150745963 -0.0691962564522611
0.0634629166984022 -0.0489793699775651
-0.195983278640053 -0.229341616073384
-0.268629138536825 -0.0482657515276528
-0.134863905307116 -0.0160546783411293
-0.189563933932149 -0.00484432512377512
0.161532737797772 -0.0789721152524961
-0.0752760858143834 0.17480814770379
0.161585510283708 0.0591275585601807
0.301029115314313 -0.233541695015696
-0.261240154423654 0.210979678435663
-0.27541044515682 -0.265762902276989
-0.393809700289124 0.328227617334047
-0.406558359895523 0.0310537785161226
0.533380369099636 0.119440053737826
0.661527726214109 0.132345603486234
0.633330203988832 -0.011777923944918
0.586960733205132 -0.654908288610018
0.4779344624181 -0.00231107145019964
-0.613720343114694 -0.551502727353285
0.165667160836643 0.398470294462089
-0.733773345058784 -0.543597675416148
-0.734727668075767 0.269546265065933
-0.751639385429124 0.326795326985599
-1.08802168477563 -0.036880066156985
0.181687915513514 0.4462148472914
0.134614002901786 0.328511447837242
0.309579498501881 0.486021818981998
-0.715914390969163 0.269297811460971
0.925549976559612 0.149813379820329
0.805368005725498 0.106023919362421
-0.131708647461432 -0.794909171593606
-1.07820066761807 0.0778744681019876
-0.149533358537755 -0.842810793703581
0.322033830010221 0.366871055946108
0.834098942936917 -0.194947517458896
-0.797087393490201 0.0764627019172742
0.249720213143429 0.372270959399732
0.225770212138542 0.383065324340209
0.0635329871486698 0.360397062719271
0.223678043490139 0.376435147479677
0.655175473656675 -0.0633517572351471
0.260819174550486 0.412661406829361
0.655722845561069 0.162442308934001
0.328845876550503 -0.0918770021064794
-0.503076219850421 0.253334221193776
-0.124704288933108 0.148674829794087
-0.20670845994382 -0.323049390396206
0.417381181153244 -0.335882847489166
0.058442107178439 -0.13242375699758
0.266077274849722 0.271191312009736
-0.232136800697957 -0.0226323434160073
-0.132685924923757 0.249974611932854
-0.149605691832381 0.368833931717298
-0.292830864319954 -0.0304411251883364
0.394404878839859 -0.213783222600446
0.464849364636588 -0.147238491390408
-0.262020807852 0.541812340289828
-0.152525955817533 0.416018605017988
0.253317553415461 -0.344495680382709
-0.249787347779567 -0.512817037558686
0.308076082096588 0.229917428856195
-0.387420363605056 -0.426103532783139
-0.145792151000969 0.298226277749301
-0.024933268564298 -0.402584376843189
0.574043386324537 0.0102599671697319
0.097167114794227 -0.554142654516276
0.523717878262802 -0.203394031116565
-0.869037889092479 -0.0384313822505811
-0.538482424427503 0.104884013950981
0.0726474645336302 0.153204178784279
0.0248527913181861 0.161221097920479
-0.627853217303114 0.0877274230654699
-0.619589711041506 0.013369716188276
-0.659930796237397 -0.043864967232844
0.387213818767413 -0.897546772889695
-1.0280837226441 -0.254061153732534
-0.0450803407387702 0.0278630281783517
-0.738237720063415 -0.646143540695955
0.0117700662973433 0.180439793864335
0.72938958503647 -0.00701098904459228
-0.00616023573635022 0.0210561356405277
-0.556780575591682 -0.0447668787046261
-0.0339770228144976 0.301208329782335
-0.174422362404003 -0.72652306644486
-0.0359582883743004 -0.0859262849960011
-0.193530771130273 -0.700933326710287
0.434853070409981 -0.381048418102892
0.191465056599637 0.191610444516952
0.567768102130842 -0.22976657548355
-0.175350718742489 0.346682369925162
0.260440528480854 -0.562286160533645
-0.344265775315962 -0.0132771344049409
-0.532674148656532 -0.392102340838615
-0.292105682391693 0.0973543953035623
-0.313501582399123 -0.0236160012101395
0.327422205583026 -0.432438733452533
-0.354363810416101 0.0890313029192034
-0.23839593182092 0.31560791786127
0.470047692309415 0.0448305228673122
-0.136726268339289 0.21647596848318
-0.293351760922745 -0.287038224273888
0.322167248825392 0.330148158601088
0.235874448543085 -0.153732973724084
0.365092344716723 0.0470435090484369
-0.0070013383936542 0.385902730606334
-0.609740032254213 0.400714438270152
-0.0428630109642176 0.500301521541253
0.0504643661202872 0.0957133046509651
0.590785546853258 -0.828697126730329
0.0273299267013405 -0.719428438254575
-0.738650039574093 -0.726114193223568
0.73870521658482 -0.218078109744832
0.594657507637994 -0.99727545524805
0.0766167541512665 0.266667253689347
-0.835815383058616 0.168175093796151
0.0785615705757177 0.247333780055453
-0.743281948301478 0.140387761073399
-1.08267260198112 -0.167545317643163
0.770472085801922 -0.262025123678159
-0.689707897752145 0.101761217274485
0.0940091653409893 0.282464400055382
-0.74945585103085 -0.633788042455911
0.124453188343127 0.220570844597669
0.134479516738733 -0.587570340610016
0.120668226786179 -0.584631410030993
-0.55077947524341 0.150533498845679
0.0104957045533784 -0.492832979631655
0.132549486626071 -0.646560408537155
0.142356648998525 -0.6074495639041
-0.0941362765805476 0.239681647600675
-0.352534205262307 -0.460713659163499
-0.273114180420497 -0.261463838366611
0.188103692946666 -0.0102941104605636
0.409200066741255 -0.229345379219574
-0.208836053093208 -0.0445411250592653
0.158163382805155 -0.31145565996484
-0.100501011092755 -0.317305805421693
-0.187403345012071 -0.355547001801055
-0.351452627580933 -0.287961830746785
-0.147876064634295 -0.403920843529808
-0.350664424602981 -0.166082440322611
-0.110322100675612 -0.327024986930199
0.244398467522994 -0.14440861750864
0.212028023393117 -0.320908615921931
-0.110692431350589 0.11977941390188
-0.294720326136785 -0.155609157735133
-0.114056097726306 -0.286296080725385
-0.199483484572076 0.112265558556412
0.256653639574861 0.0342465494072949
0.0925705068069224 -0.205242643676857
0.157870301090349 -0.0539055767276567
0.00955647871674025 -0.215300657922336
-0.00345818592458035 0.101119053892866
0.297012368800667 -0.0126048680208484
0.0102743189774203 0.099836804030343
-0.401281859392259 0.106288265921181
0.0602210957330275 -0.367666102514734
0.380490048101125 -0.0887944829384504
0.162161738513584 0.261876618806357
0.149930086862421 0.318889396188011
0.151614393628869 -0.523105319718057
0.501262818099771 -0.701378106907015
-0.510832159038892 -0.948825993992444
-0.711831721438963 0.220038594161576
0.788993979815655 -0.00952977682511178
-0.740886814339332 0.352302205512195
0.555052997039169 -0.837271896417123
0.865858055132858 0.106913209208796
0.666455837869019 -0.867761352378072
-0.525584586929184 -1.01628063916789
0.243806269699654 -0.771281789904968
-0.745012712232713 -0.54171826606818
0.2875290081902 0.463796551767091
0.38480331103175 -0.662416968414898
0.397813203033168 -0.545027999793569
0.4629758792009 -0.0155095434800935
-0.00451052739545879 0.739356873470049
-0.524744731152127 0.24044384511959
0.475115521878404 -0.369503656720094
-0.507702690957549 0.173091188616407
0.487883298051738 0.0198025182594425
-0.415605292738828 0.691292489940334
-0.513049842311994 -0.206972086526386
0.579045033214286 -0.159686272832938
-0.604517595864162 -0.0728794861911083
-0.15403656837517 0.542740440704054
-0.0575452721698467 -0.159642665234478
0.56842790616347 0.45835726091584
0.443220619598023 0.402083571981508
0.42435899625871 -0.0184405943225151
-0.126458910706123 -0.147718585969466
-0.11693995872995 -0.212343797066059
-0.140593375998299 0.377067519059599
-0.149660510879053 -0.259484574204024
0.484107933267171 0.385663621292194
-0.395772268731978 0.575454150526357
-0.290315989226032 -0.330074011841194
0.531310735471307 -0.356528666111513
-0.594101612126949 0.0642510779446423
-0.213533404191395 0.274129915608197
0.411325247636233 0.0988373728584905
0.0709693158640645 -0.453437168799039
-0.426410667814904 -0.78024794843473
-0.701571214343819 0.25813754910407
0.0223584950508747 0.717258115944618
0.759454452460663 0.185232133758705
0.248281891340722 0.299599740790248
0.630176519545836 0.121329053652701
0.182385777717514 0.4724050553302
-0.354315936842053 -0.734780244058786
0.0606438348481393 -0.450650523310597
0.590871324026871 0.124230428725887
0.207823208336793 -0.449678545854653
-0.206572440441416 -0.438573907871118
-0.0865789244984229 0.301554405434225
-0.273877264824389 0.453191251587559
0.0888963413299264 -0.0396427434862335
0.0309426469843858 -0.0133419031884051
-0.205522441739066 0.0602751600727973
-0.201205544370682 0.318382676059786
-0.006287519723831 -0.134490953578507
0.0630905494216232 -0.216605172979139
-0.248819280729201 -0.369635471662114
-0.359005901176914 0.285627120421416
-0.0160596738417592 -0.343240757068811
-0.243090688613673 0.459138212953831
0.271582009044813 -0.437834761862842
-0.586477461273397 -0.047361487359717
-0.603049492772734 -0.109289042033702
0.747418656870714 0.285409289934567
-0.694841427108135 -0.462236617674826
0.40701975163181 -0.455578684411409
-0.57720395542893 0.0037533712738368
-0.385629255366283 -0.555784487019813
0.496206267921031 -0.15668392563259
0.20822843786074 0.403745791727388
-0.328660016384998 0.289008209298487
0.117450258119302 -0.280617777741748
0.362517237147782 -0.0312789256369097
0.307170218241926 0.116701214599812
0.149215160523338 0.312499577723523
-0.257040890574275 0.255529197570117
-0.187296260827428 0.223502866033291
0.218664436640352 0.325802457126927
0.248818235501688 -0.179992728226628
-0.275446094335554 -0.239585955689899
0.504915194083124 0.185921724489298
-0.481908184345323 -0.213411593903643
0.240878110528592 0.310290716852487
-0.507207558501277 0.0923187272084265
0.387985791807391 -0.16746128005667
-0.607662131454864 0.102724821958511
-0.612345818655489 0.141175515351275
0.554776611220912 -0.142031726770364
0.459745334849939 -0.0726509595179638
0.0869765440226867 0.13343966970468
0.32155080734698 -0.77176801574793
0.0209333734370366 0.083785925889549
0.485748509834598 0.504697767319629
-0.680652476278051 -0.468055275832865
-0.269564498781757 0.176731941379866
0.0400112302762965 -0.56634609800761
0.375303617046401 -0.0601605976099373
0.347653293881 -0.33342693237999
-0.391979549397682 -0.216178707788246
-0.0406444947888135 0.337201093299563
0.518118304812699 0.249134590653928
-0.114440375150831 -0.127525341599208
0.401711234884307 0.358406137688448
-0.134285646547725 0.286386441817007
-0.287162240667698 0.121748451130066
-0.0961923042652627 -0.04303145932937
0.25032845685306 0.656244239799947
-0.123545842401896 0.268596445439171
0.377709054602343 0.0863734733283368
0.0242005417326286 -0.0368708074589851
0.54611557034455 0.531957006517758
-0.367456261782332 0.206687419296573
0.410977168707489 0.115527701927388
0.172915999965586 0.435824546167147
-0.0274733987789513 -0.218509776137491
0.255635070688093 0.708387600050795
0.352580674600305 0.158648916363832
-0.567725210193873 -0.260088391090747
-0.606952452093736 -0.328002374393421
-0.270266832633335 -0.612786031838424
0.208844820164208 0.329878728203222
0.189449436161957 -0.521617997506179
0.230711463556681 0.458160760199438
0.261655866575731 0.503896622310103
0.32931116210302 -0.65221595255861
-0.348025472903989 -0.721403678293887
0.148742044749468 -0.438294383944812
0.0263209474789117 -0.535766391073189
0.312051894485189 -0.442683946215906
-0.416665136048495 0.621194507771852
0.0687282444701143 0.507318401668997
0.611674072700456 0.30237706465106
0.680353893225659 0.412777306525281
-0.19617094154617 0.519430820573392
0.472261385250743 -0.153543175838295
0.553648471913303 -0.0980343418668323
-0.0507318252560497 -0.0642287832226236
-0.0833313495397829 -0.107893142720389
-0.304669260447191 0.291562558354183
0.583401046511412 -0.0449246005024229
0.423891268600333 0.58602001146735
0.61441040825265 -0.0693130326581203
-0.439910421567649 -0.286373904790567
0.48419155371646 0.358613517629182
-0.0669257037781037 0.809774293620692
-0.58999373805194 -0.105024751483145
-0.538963922336101 0.137588101475368
0.0153053194368012 0.753848094840151
0.0429744019712719 0.526287269297411
0.689525469320743 -0.0344128839507958
0.129895652551407 0.249846060619263
-0.751281512036581 -0.666228845584417
0.140756335512433 0.391260035222783
-0.596836108528121 -1.18770048718945
0.198269767043641 0.693758411695304
-1.0278498480614 -0.741681367001544
1.04070121358086 0.290935354903193
-0.837430548005132 0.525267842392706
-0.84829211290738 0.521581832749145
0.856491668099234 -0.87301360061994
-0.599703671851899 -1.15236892999638
1.03287014945991 0.206622324416129
-0.832901470604473 0.680769954625658
1.06227511478982 0.3390178335561
0.357073242005537 -0.931046014716342
-0.93833890383992 -0.595276231851447
0.439683484399583 -0.903260777851951
0.318449231463196 -0.909963609636441
-0.83724708890312 -0.549565020911176
0.878806728936914 0.254525654327812
0.701165441470556 -0.724079195388699
0.25081503681809 0.733072275532098
-0.761151136615414 0.582943839562623
0.811324886464102 -0.745253366449599
-0.743279007341649 0.585487563245734
0.290276190612773 0.677073888920126
-0.647951644502026 0.484587282045891
0.0888177892406067 0.785618602843044
0.143894348735324 0.52524957470752
-0.602673132747918 0.562271308681548
0.681389118471858 0.0684506874192602
0.0284985184862503 0.560806302102538
0.630085777871441 -0.489460623861057
-0.00415252398071432 0.408305694580554
-0.342965864238678 -0.291000591030669
0.520465152232074 0.0155267901027855
0.55953289303264 0.00750825740945402
0.527528281849401 -0.285766542601719
0.516227627177757 -0.354169136467324
-0.308530095007019 0.618686560893507
0.425608971908251 0.0917494026744162
-0.200764926191241 0.43987874792999
-0.0354959924322417 0.72805782290905
0.190118940437052 -0.152368127076191
0.587591097985077 0.460509586374593
0.159332177340261 -0.17240965725414
-0.688381455714627 -0.171366039479648
-0.471348194428662 0.786113349379467
-0.443227905764143 0.678625350756176
-0.556515976801226 0.691102537686951
-0.475181747500398 0.685532557209344
0.583053521421123 0.0639030081420819
0.14439959442513 -0.763356556449924
0.637020833447494 0.0829450264296921
0.173979413137998 -0.860776167240398
0.163710943133281 -0.822339135903715
-0.940904601399692 -0.494255668963592
0.729854343857202 -0.680543648711647
0.235111293111222 0.890399555556109
0.0773336394273529 0.949557463676321
0.131573313442657 1.16672957828617
-0.978512813381844 -0.532461166357462
-0.734876591387925 0.857290015782137
0.932506891957756 0.164711330985241
-0.733201559187904 0.522027668767327
0.76570514457346 -0.621440197616637
0.372699023964202 0.746816191360293
-0.563480615924062 0.62324882358853
0.21226926403379 0.727889935508529
0.350650257381554 -0.586127078026905
0.374075756373261 0.713062413757881
0.127380947791733 0.760868492048342
0.145833071225544 0.576035695970189
-0.425220496684623 0.499754011967678
0.0948096380350503 0.582730642560934
-0.359493529611879 0.574462946604387
-0.366208620903852 0.503610248675455
0.137231498671554 0.589672200896137
0.573401972338965 -0.16205943197126
0.737541760056011 0.261578849016687
-0.473027939139988 0.302282290389668
-0.479344552234315 0.734287007667876
0.198576121052758 0.883707889805779
0.864194991442162 0.473036981114604
0.245124160381214 0.799008394814445
0.30222350705575 0.786334113561578
0.770797666687356 -0.532088082824683
-0.856677317630069 0.35236824142573
0.339088742942237 0.863958374220571
0.285778127515734 0.851259126352156
-0.678185532619594 0.618696593019708
0.827672212111131 0.260808535408507
-0.769636178888749 0.30393357119089
0.330352293186125 -0.618572275125292
-0.604090785493296 0.441486528585032
0.196200722688821 -0.587952740278468
0.752520153986262 0.113482175346635
-0.531331856200137 0.348708988278839
0.560022700348788 0.0823601196022148
-0.531264097845925 0.281875305265428
-0.536688810020445 0.231149742585454
0.121826768519371 -0.516377403347804
0.106716787860372 -0.458652534583878
0.031445151897529 0.199041399641597
-0.00749531635795903 0.150938953771998
-0.0987787084301106 -0.496656239366205
-0.0938467678291879 -0.567576202000623
-0.453337500391469 -0.94611700495057
-0.696851120428464 0.287039495565676
-0.109092355669947 -0.661250473419925
0.71369418963178 -0.238801591643424
0.188121775351049 -0.731455517995606
-0.800121935491652 0.00816966118803684
-0.0395029855175552 0.37719795404804
-0.0530281992253419 -0.0525129008985399
-0.235514654623177 -0.819555931391389
0.883889305250374 -0.231752886880038
-0.0342940354624738 -0.0103167436993677
0.92558596597361 -0.248822328696835
-0.77155387864447 -0.0491896625784414
-0.161349470311632 0.556634003562286
-0.815874574237833 0.64419561882474
0.464347639505046 1.20282200943265
1.04743077338175 -0.0381995205888338
0.645347439485031 0.842781851893733
1.07084767345385 0.04653684098392
0.680357600370515 -0.65647368051278
0.58404815933258 0.535352211831494
0.963103845052873 0.0986196321694758
0.654843576135821 0.892456495028108
0.010216404441037 -0.978741412424461
0.869039615151473 -0.59217266459401
0.538886931623433 0.986664362890562
0.815056688216029 0.178843702197294
0.513891684382953 0.635524672909224
-0.430365421005277 0.749998885831842
0.16631434843622 0.445022900238401
0.0591157936168986 0.869154061097458
0.337719968191736 0.700925670953143
0.606168080186338 0.360458381680518
0.092364998125592 0.292977516306867
-0.0878636075993165 0.0640923562423895
0.581184052187518 0.383578618193064
0.193560073714584 0.0424016958576765
-0.244518312061365 -0.174449094300693
-0.342919268724997 0.345419326477415
-0.0295193290838461 0.582201399177111
0.316516455956973 0.479900321398659
0.513821052489571 -0.399410075335208
0.116770389462348 0.531267612992095
-0.653519780278487 -0.31335077882893
-0.662204677113864 -0.349236741822101
0.1291009710213 0.636218450668846
0.210722822880554 -0.664447559092329
0.77556264743332 0.313027579966038
0.192436091948971 -0.765482524268487
0.914573091718218 0.195955927529111
0.974654136760813 0.119598755849951
0.194083070957376 0.978249755216297
0.667570534199901 -0.736184465674443
-1.06438808677223 0.0727136911843466
-1.06135722610798 0.204044724727621
0.426548483571136 0.933403783369295
0.786770984618284 0.0691989571059896
-0.921748555883065 -0.724998026025965
-1.06012927864174 -0.712237005815825
-0.88992727314128 0.479895479858371
0.589628753234442 1.00490939838811
1.08423911725447 0.121121998369701
0.965982075236789 0.50569984492618
0.139335475569411 0.538526089841889
1.14328080416177 -0.00338230423829804
0.60828626046034 -0.918754148549379
1.0501173224851 0.00341666269584622
-0.753127685415929 0.235436854860909
-0.48156826234961 -0.975378378646537
-0.619725282740057 0.655880835545995
-0.659510336037716 0.894023723568318
0.608690372686898 -0.54781449974907
0.344311572217106 -0.51179735334674
-0.0271158967413502 0.631770384224113
-0.676020928989748 -0.209057373568528
-0.330023365938336 0.5813472640443
-0.259067270585914 0.139740612076477
0.307220669970909 0.585333871172501
0.524564770169847 0.320447210449489
-0.330869259280941 0.453406754778078
0.505444017362704 0.622504817735786
-0.0830517143368611 0.427590380094528
0.0374085198203745 -0.0682764646399899
-0.0370753750216877 0.0492229070166533
0.495281994094273 0.229057045824902
-0.175166326889469 0.777003223078917
-0.043995491380014 0.51937220927283
-0.176227927744336 0.595635498212775
-0.147277862807814 -0.0434969911453103
-0.558234868353084 0.0454170865295736
-0.65078630538701 -0.0191259921655251
0.0574049656807875 0.0535891631492426
-0.261310034559562 -0.468857420191104
-0.46542101512756 0.602617541850088
-0.554504412870854 -0.157308777065862
-0.698228358414115 0.687208845537462
0.785955755583241 -0.599395642680175
0.665698057041568 -0.0757045851429304
0.449035737097498 -0.961810922775599
0.778345394223109 -0.0241266362453543
1.05311699088973 0.0127631087431614
-0.986574050262416 0.443083226130015
0.12299326591116 0.730593728864765
0.049266828262272 0.879039536328432
1.0217263592053 -0.998499817727694
0.0174934200718433 0.71376951799828
0.445721135123358 -1.29190865420423
0.183730954800297 0.350365710535528
0.749852060890798 -1.27554888857058
0.458537155917525 1.19110647246127
1.24297489627746 -0.0492206648786887
0.520807977370244 0.914737628561734
-1.79835926678153 0.195271019962653
0.475229104809638 0.914554096313344
1.28773524154177 0.0117348269761772
1.45326989414636 0.0265759105784817
1.48887987058453 0.0448036112676562
-1.30122509989398 0.897476414090246
0.55418352827867 1.03921880464712
-1.51718367473627 -1.22163556715363
0.430371874147922 -1.44321246230603
0.329488358303701 0.828276481379897
1.32727994425094 -1.50531666746012
-0.939678669153888 -2.05236767287865
0.303598934599528 1.07427165418365
0.204846958424915 -1.56768399145206
0.479792235421118 1.33668494190573
1.66089929686008 0.196412025888107
-2.01636193502037 0.327427337337333
0.277574878087186 -1.6734985109638
0.409410487911971 -1.61843450754061
-1.38589332011809 0.981779042431565
0.502828337771873 1.44131722528285
-1.51502729198176 0.910275050305669
0.466001450174222 1.23418739778333
-2.05657330157875 0.244018612472775
1.38708992749495 -1.57661783248644
-1.53987591605058 1.05833681273636
-2.14688176701939 0.0715858009833039
-2.23336889116742 0.245775693171888
0.425392691689894 -1.81602989007143
0.433014978866698 1.37639713470395
-1.85438992902556 -1.41895316704922
-1.69398367108766 1.23816409683138
2.03019591141772 0.429348761222764
0.67389560893341 1.5548031250521
-1.98152238994794 -1.56283847199415
-1.76929751316783 1.34872384926146
2.20257259396445 0.593044457489654
0.673324876510236 -1.87944313150759
-2.03257090804535 -1.47857940120002
-1.6861464665691 1.16967470330224
2.12536888688399 0.670007303743882
0.207544062298864 1.29001078065308
0.129862320320173 -2.01494421968848
-1.69499174011476 -1.62294508252608
1.75672055393489 0.0517484356314964
1.68106118360283 -1.81310780148313
0.0390344482288788 1.29793420506921
1.67288113791007 -1.85088459824065
-1.98494407487609 -1.56023438399899
0.180776070079884 0.511034493060775
0.181326950416487 0.548294202691381
-1.05030771434176 -2.29486079259832
-1.60216486493744 1.13157846378923
-1.37204471265595 0.248045011479035
0.738272050791694 0.640939222549606
0.181844037107675 0.425082160124458
