0.0392133055207533 0.279445248336754
0.0883024896276505 -0.153460455701282
-0.0375349305253992 -0.263085033747425
-0.0687068847299457 -0.17104605536371
0.278642262038737 -0.328789675656615
-0.0799082818220924 -0.0238165934505547
0.304861706599378 0.239900694306356
0.419864420182063 0.00619457957854773
0.0812846584601775 0.0614037547321978
0.238279078834178 -0.0816405209722018
0.110251479667705 0.163002393827183
0.0723320585346767 -0.011187557013177
0.325513528885987 0.0161298907876289
0.303145062202462 -0.0149406202564577
0.275609865698306 -0.144527355701685
0.253526613450724 0.0894458784970312
0.271357765963999 -0.00142833227827833
0.362926583193675 -0.00642683127140742
0.140662799552767 0.00551029792221706
0.280961479290251 0.0252114478391295
0.237867510686409 -0.0449015637129612
0.366374122444929 -0.00946534730822428
0.181714886699459 -0.0973619581183457
0.320786378846324 -0.00586463342185312
0.308381550713121 0.00263119204499212
0.222273953542025 -0.177475887168219
0.383718161690749 0.00626778979406819
0.169300990674598 0.17151633502449
0.330299341989767 -0.0240990271727952
-0.0329272257990633 -0.23907464798288
0.114244564225147 -0.0812268537650358
-0.328832538946261 0.0240298377540303
0.227844390451437 -0.0951683397103205
-0.152433002504603 0.345302487565169
-0.44314395545249 0.00372693907414923
-0.175678618117309 0.157021718691487
-0.105241775693704 0.200270501620689
-0.125381333721339 0.123792925001936
0.0380492872900465 0.26255258494396
-0.209366112426355 -0.236602307446919
-0.0945688304674943 -0.137284469513272
0.216341389023084 0.0170644111045426
-0.349637882950029 -0.0103110411198301
-0.246318717768485 -0.221920060836269
-0.191145604545022 0.237424147238812
-0.286450733554191 -0.135145662560402
-0.384721620788997 0.0237213124164653
-0.598065905756069 -0.0628006490756133
-0.460635451493501 -0.343951393510147
-0.409270703329391 -0.248072446914154
-0.687421540650455 0.160345499492427
-0.370471711630499 -0.263900229918689
-0.414728785940874 -0.401140568196478
-0.213396004799106 -0.142646115783617
-0.655562648772045 0.0282826321162687
-0.640954977355766 -0.133582169423257
-0.872114485750591 0.215211227192497
-0.684486302441773 0.235869339891038
0.269147947178019 0.366319080832853
-0.0797130201257897 0.38742331337032
-0.417714348159838 -0.585141649533455
-0.309065880677848 -0.687367270026909
-0.671013915356476 0.289137288576422
0.82377582775166 -0.0180240164044717
-0.27512807894376 0.843048775214062
-0.278932453826452 0.862353127391859
-0.58800500765661 1.01740633935029
-0.24887880965933 0.929956527143153
-0.213293376446144 0.945609767246767
0.717710834140863 0.535554596624195
-1.43314722018649 0.0913357271799396
0.754586327364896 0.546798609292676
0.393048646687008 1.27441351829931
-0.217307366424361 -1.1414176687027
0.275376518323397 -0.653883036066935
0.862247028966293 0.633649491367556
-1.23429535519472 0.639499949721992
-0.510109810107358 -1.14614099876803
-1.31690268555031 0.683278828701942
-0.872341616478612 1.43379416649744
-1.4219544593375 -0.65384318311554
-0.215989093235632 -1.37375104794953
0.319030706545476 -1.57948964533522
-1.00079412744166 0.736517694491514
-1.70990621880524 -0.167170304141737
0.704471733094619 -0.620066165910679
-0.972200441909581 0.652594393811525
0.218309387071895 -1.47278501646119
-0.349258311222746 -1.31842527671469
0.216542433459938 -0.480184592582616
-1.92176714901721 0.0626322386721428
0.22968509053367 0.52142747338667
-1.40516961219146 0.746286567506914
-0.907847986959099 -0.655648509270617
-1.07626213026795 -1.1829947148384
0.638915703429584 -0.485935135102425
-0.239569863607192 0.0128667713836488
0.144992178607313 -1.30711720191533
0.203154453332311 0.495547632812559
-1.15783156155308 -1.12478896081129
-1.06491267189673 -1.09312719793623
-0.175117914040499 -0.0440460599947258
-1.76165059191092 0.0889094818816372
-0.420867840354508 1.01792152017929
0.0600021181608415 -1.23030927440675
0.569470009583274 0.393631522785383
-1.68714846521251 0.0550359072608812
0.10569539468189 0.424003587568556
-1.60858723458018 0.0444803418040347
-1.00693501387702 -0.965132234634591
0.138969795095605 0.355123007945026
0.158491333374649 -0.214989743741478
-0.827992387617547 1.02837912480065
-0.932294284560626 -0.969216294912178
0.140977646343275 0.312536327789859
-0.91176119632101 -0.894199325049007
-0.0914233179443985 -0.0420155486678922
-1.19895907172394 -0.167135251348635
-0.577242071159298 -0.597673886798262
0.593758680884338 -0.0324559464822146
0.441699312045676 0.116387211093038
0.00114861632697116 0.0350396383324418
-0.853113939856846 -0.817973187089402
-0.297887580674115 0.744191083367448
0.406589335355238 -0.26534284032652
-0.527256975703272 0.537490469353902
0.383934829466858 0.0745169997754344
-0.845949906795781 0.539416939988385
-0.732397305344789 -0.672671257686968
-0.410450791141926 -0.440073989277134
-0.710466016871383 -0.67174417035105
-0.410455010562834 -0.447713622977336
-0.454123971957305 0.511229718802167
0.0961242608719442 0.215300748293097
-0.637401931401788 -0.58974695517983
0.12980639023596 -0.130324030817722
-0.137192509935877 0.56886026107634
0.161808373895631 0.143847012512425
-0.17383884433407 0.551361177981715
-0.31551307563633 0.37890804046239
-0.208129782189373 0.412068483346572
-0.0650515569914367 0.545624412991703
-0.420761480082424 0.11156757010592
0.18669584506138 -0.0155434712208487
-0.0173049124341376 -0.0444611569381209
-0.542877023029958 0.365457852833754
-0.293047140303409 -0.346396838836395
0.160274391330719 0.0969592736804983
0.234026482092992 0.113449326742522
0.204399596818658 -0.114625766107668
-0.440713876869497 -0.33642846158458
-0.697533993415456 0.0442386817976416
0.0902282712534087 0.105684493497848
0.1428927333968 -0.0604666347564506
-0.361404598964641 -0.305675464943285
0.227594202645393 -0.0139336656681905
0.0958690824748907 0.0774315037517735
-0.197636148179509 -0.0650283903094241
-0.131098531141344 -0.209006334295518
0.207104564197709 -0.0323823448203664
-0.164760688915908 0.0319015227677772
-0.27563522601401 0.209521187607205
-0.433778775393505 -0.0363195506135179
-0.204486970256522 -0.194597983659098
0.000856716736997169 -0.010115099757259
-0.0692208742534197 0.0146033764630875
0.0591991138792322 -0.0747793155111851
0.00811700770691216 -0.0153388836699057
-0.0155286916018059 -0.00353472003920489
-0.202806694018117 0.0929754389579031
-0.15740351738018 -0.051101000528732
0.0345056681296539 0.0340617340137393
-0.00514193646460809 0.0138761472930582
-0.190449438797027 0.0467107808343022
-0.156556207214035 0.00662018200415817
0.00268507032354194 -0.00124552787341161
-0.0170858269630184 0.0192732930589674
-0.108671114833878 0.0352102956364901
-0.0625102197165588 -0.0247186643875697
-0.0727800266547554 0.042720782900557
-0.0740581215395688 0.0619369302315689
-0.0388117246509101 0.00569214685452613
-0.0617478816195065 0.0414450056324851
-0.0594417447958491 -0.0475039412386455
0.0182112094301952 -0.00690691427899552
-0.052723623279171 0.10130149025936
-0.234749143280868 0.0050683461807363
-0.173273151179611 -0.0225378439602303
0.0703882731386463 -0.00543582098191589
0.0652644049443842 0.0295824633992496
-0.188517476387356 0.0899970713973012
0.0132958649407481 -0.0881109380447326
0.0684386159187417 0.0521295969618948
0.0710312934623433 -0.0139650008702054
-0.315280293959629 0.0441401549952042
-0.312315444722118 -4.40834462615972e-05
0.22531644972873 0.000661213164829876
0.162817487007916 0.0115124082113235
0.18678575453135 0.0100480229486984
0.058144513279875 -0.0274596361320384
0.155528499900366 0.00565713174743786
-0.091142362553273 0.148528193661081
-0.29202017244127 0.189302541724851
0.114354953731337 -0.30518301366991
-0.209325641875102 0.310375013806474
-0.0322324704425404 -0.307902049021796
-0.505536455118073 -0.0107057353328947
0.212674361357408 0.114887776877399
-0.117136019464547 0.269381120076729
-0.251460163360267 -0.428978704914758
-0.343144220361449 0.249007617156851
0.0453493317467864 -0.371852529959872
0.105082227822487 0.0242780956568687
-0.611236854391588 -0.0256510850447494
0.0360040035125884 0.426290961618428
-0.197370541808362 -0.470262583487777
0.117838334196472 0.0228671734795744
-0.43032275848783 0.289060184658163
0.103839385636271 -0.457494375950455
-0.624734729607251 -0.0141979542198449
0.337281665208335 0.210595497480134
-0.156454279110941 0.323057346677573
-0.243498936083384 -0.625277853909993
0.192549808524995 -0.0211269190810995
0.0814056844147367 -0.477733163529392
0.792397563401958 -0.0356366197227041
-0.697906872029079 0.02729231345312
0.0792744008350628 0.623345247626597
-0.322319511587371 -0.718598473847926
0.144548323959325 -0.0125563711566174
0.906360385933043 -0.0126429759813761
-0.304138537657884 0.776052458258719
0.423112885882449 0.287022834034708
-0.852116196085371 -0.0141499729830948
-0.780428725142635 -0.00161225478566911
-0.812639481743622 0.103804487356914
0.467337434788683 -0.877342304550269
0.671896992917961 0.702938958401733
1.07006594911498 -0.00079406084589051
0.549929461811765 0.323055053335628
0.242044907205557 0.0088596190048265
-0.183997772938435 0.448363737379317
-0.697105742844423 -0.207978645923323
1.13164283605483 -0.020304332470502
0.595402020868453 0.944319811082531
-0.382738609663308 -0.993688772111084
0.306157753652787 0.0115675478388234
0.683304983469318 -0.218722661652917
0.991739195949829 0.35623861525667
-0.424544447483016 -0.99982613565595
1.2517110848319 -0.0302622301162577
-0.230897212563627 0.602849701865104
-0.373410298851291 1.1400974153539
-0.521299889462623 -1.15901229361806
1.39086995519905 -0.0426150520954968
-0.349345007318937 0.633630901665584
0.187579149631482 0.0325857836024221
0.0869307664942304 -0.00548906492785029
0.106221533924201 0.00940094398527816
-0.0363124776053907 1.11743314663238
0.0981134220025421 -1.10818984623833
0.0140271923970801 -0.03766326263177
-0.985134127339416 0.595207179555562
-0.578798550453576 0.57165222032765
-0.570352950638669 0.52902234156866
-0.598852331182779 -0.496502313211489
0.0666079482779272 1.07060291553998
-0.6742783841979 0.170368633556952
-0.596609095231152 -1.13375965135875
0.306956886063628 0.679534580789196
-0.558004357693547 0.407354192572951
-1.20760094066205 0.0595428435359452
1.23549919692047 -6.49681347319366e-05
0.313759950080998 0.642136511788817
-0.554206916716827 -0.352402214351164
-0.24470187909379 0.00424448855587708
0.0469457173319396 -0.937676251339994
-0.945578116361305 -0.0953890502825933
0.0785021281096422 0.885903183975343
-0.471117112416235 -0.946043863538941
-0.26366937675208 -0.0344093870812384
-0.101827312934504 -0.798141413524609
-1.00194880091574 0.0202316061833022
-0.950145058370522 0.0395087910188916
-0.0536761247564596 0.869380531387039
0.746124612926041 0.485474675553664
-0.894416983926273 0.0306062567671151
-0.695295437467964 0.276115015398131
0.000918237706809792 -0.771963995439592
0.77769081719585 0.256949965651766
-0.154086209009689 0.000674806995034314
0.162556280615842 0.5856245838982
-0.134641029811364 -0.6610412351878
-0.653573507196005 0.247761037476782
0.496385282119822 -0.822868130702361
0.210228649107743 0.518652540407605
-0.418691041744598 0.074414382376071
-0.224580890423998 -0.0438181954166037
0.221020113810044 0.459682761124283
-0.670143951664081 0.0107020800345228
0.935105862143555 -0.0162557357923021
-0.55005158580492 0.191338407441011
0.00621266094110159 0.581546163748949
-0.598820608837247 -0.0025522485584438
0.126842873808024 0.454366793083883
0.116659474184983 -0.396475953576345
0.515208720401913 0.38026051594232
-0.103987273624164 0.589571598860656
-0.340318004009035 -0.0229702956576655
-0.432909515500954 -0.124768241302246
0.0561077646028894 0.296002859614952
0.095564655458277 0.441537479384703
-0.319483212834748 -0.116073207873633
0.434843591493324 -0.368815832966956
0.337917128047573 -0.450761171983332
-0.330325020929356 0.0809898009862885
-0.12477963724042 -0.425477252822162
-0.256330601924896 -0.0704509324532121
0.0133061243854799 -0.305757955730016
0.275318372843157 0.212569792605512
0.0640271980718771 0.282581585299845
0.247820769503726 -0.399744063988556
0.533159313058652 0.0211178636199816
-0.0575640891734927 0.322247641866658
-0.0115712810614628 -0.0846730644988986
-0.0371629401655779 0.290502805645694
0.542533676406847 -0.0545227601754709
-0.0207476086647295 0.291825427010938
0.379413630104546 -0.0104180524313527
-0.249795021066468 0.041242105025305
0.0153872463477479 -0.228494545336093
-0.124349520586863 -0.000209764790234908
-0.153764599697514 0.015399890453474
-0.0219680270705648 -0.0909806898596526
-0.0238545689697972 0.188573799604832
0.0251169244699249 0.0347996128207544
-0.176036141607558 0.0638735528116604
0.106146678427634 -0.191580822982373
-0.0513266977069775 0.024629573658988
-0.217100438517862 0.00961992488320401
0.0614305703959546 -0.171145836983848
0.0160393161710091 -0.0988914835848128
0.0648917392234785 -0.129219025999053
-0.0418608983061312 -0.100021306780014
-0.155043303285971 -0.0314370856631454
0.134220040840918 -0.0485545312575085
0.121322200947156 0.00936937576840045
-0.0749829166669605 0.109998140618193
0.0231268007878621 -0.0813931473292916
0.0622915276813112 0.140148560006424
-0.0179151889411795 -0.131958746589191
-0.18097227185059 -0.048978598725223
-0.0135656435185159 -0.0416746606594286
-0.0686550495263324 -0.067801849825643
0.119457500653124 0.0434251801848303
-0.132528008793122 -0.0377886189903747
0.0700612412469054 -0.12830533168222
-0.155920893196934 0.00374090956200462
0.106021286919698 0.0516067272888059
-0.140185025957507 0.0149938210194165
-0.100892664471031 -0.0097429488039702
-0.154286965847753 -0.00463978412501954
-0.166248007707244 0.00376722961165482
0.202954098326924 -0.253300167356262
0.0998383300433483 -0.0753481392979942
-0.19998631358797 0.053003170027021
0.174571476817987 0.161257269806251
-0.0410459647112279 -0.0171717808015936
0.265236718620056 -0.321680645709315
0.313860291518449 0.195132044416776
0.0400353670604005 -0.254738748232416
-0.0398384705626854 -0.176844121299645
0.0522950093741951 -0.273777639322053
0.00352969947276263 -0.273951231489066
0.252658910743396 -0.419483760583222
-0.280409306603593 0.149253506968919
0.266359586046919 -0.485600341703015
0.368494190312085 -0.248308229886483
-0.140839399295716 -0.47055882610434
-0.0212598430896947 0.0349852875057696
0.648180423496626 -0.00249916772343253
-0.170139897659117 0.210961272457524
-0.36670191203612 -0.059031645701271
0.0520076945290198 0.527811753399978
-0.259028804171749 -0.4107152825824
-0.628026295242385 -0.0105625652099616
0.0348308482626468 -0.481091987513667
0.0078246672356398 -0.46358554737274
0.197256495323202 0.363063657267391
-0.480313452939025 -0.279645564863823
0.0905411777207882 -0.606996819473892
0.28245842031686 0.351894143938049
-0.249519878824237 -0.669037378657098
0.45250989916257 0.624716399525971
0.364188973167234 -0.290313983702649
-0.473549164582923 0.327438286164822
0.0629228321458971 -0.6422580151919
-0.27490516448282 0.371289972497583
-0.563761428272055 -0.367592135810484
-0.58010194765979 0.387706090432201
0.714668024932113 0.184943358844854
0.411941028741456 0.367295383071186
0.0401932018262172 -0.712672551289692
0.747360362311903 0.371142486347538
-0.641584893969141 0.457221592782828
-0.318349795693953 0.93316122524071
0.394376338418269 0.476857528407742
-0.729426590461375 0.437485056099722
0.167929817123064 -0.874237305209213
-0.382365054914565 -0.956865868128941
1.11831562294212 1.8600952035904e-05
-0.775809172854935 0.461346323293758
0.169730819829068 -0.952355573084127
-0.747643810559136 0.489432234563449
-1.17202262453355 0.0584311990181199
0.890061630034279 0.402349022424498
0.52104879763293 -0.551461635007655
0.127849207406703 0.964170731211427
-1.25155789950639 0.0655691537406716
1.00564522258213 0.44335426550253
-0.827147011338611 0.616008882113158
0.448912396714406 0.633932637555002
-0.64425056593485 0.175326953832734
-1.03162403841976 -0.16912950251508
1.4342999745424 0.00635160046202458
1.02783903869698 0.538375899441186
0.435074878736503 0.726349133989245
-0.959377931856236 0.516498426463256
0.995506253008846 0.638599807735288
-0.134926279358707 -1.16159666313374
0.256140449919849 0.794623427389277
-0.0422505280247683 -1.15528481128882
-0.189735428653936 1.07066000287135
-1.47219598073174 0.0848365040304955
-0.201811522485963 1.05552436984036
-0.66064329522667 1.15135320392732
-0.186002707382037 1.07233089514551
0.360664348779311 0.469237499693062
-0.0394416225396683 -1.08617042620839
-1.01192756686432 0.70756552576645
0.496287705599809 0.353763291446723
0.98966345667893 -0.00315733103142372
0.0703215969320473 -1.07529358122763
0.593383086213763 -0.113391871349667
-0.22726404302012 -0.846928135056631
0.0295170891307964 -0.979550557537573
0.223932440319061 -1.09759753421041
-1.06271240481307 -0.371502773659218
0.581838453440246 -0.0555756193604071
0.525695942614565 0.125258122994877
-0.231880139738445 0.69013339811641
-0.763335044814313 -0.651035485307855
0.653971794372358 -0.201142951247242
0.578533764454386 -0.160840192026729
0.406246046400717 -0.150236490662654
-0.516828129459357 0.807349177618655
-0.481843427288361 0.745702976960586
-0.0184170338923931 -0.674549911466929
0.35275905135747 -0.214464940530035
-0.388711435246701 0.751286739625546
0.626354232959925 0.00164227902754685
0.481962480414004 0.110479399018472
-0.18444708350466 0.422754417857685
0.348731244096263 0.567661748300856
0.485861219419354 -0.125824259896981
-0.0417389786568897 0.581091659414177
-0.108051497692513 0.424032097355154
-0.772150710764164 0.0194598884686034
-0.769381630148987 0.0313178338611427
0.325214385552701 0.075804845305256
0.29521941832958 -0.0132526648235067
0.408762698043746 -0.0771954835336689
0.358864895856296 0.0873454927550315
0.271599792057563 -0.0219002892042501
0.100347027786837 0.474074983617824
-0.604311850548199 -0.00682208182406898
0.420360741047188 -0.0410150025858884
0.368120690897199 -0.0184056573893083
0.178617014271372 0.428127181383767
-0.569244772857258 0.0332941650430911
0.0776489896205371 -0.371039359195138
0.355962392073081 -0.014469794176449
0.404376151014092 -0.000405351125789663
0.361983875405776 0.0059015463138862
0.39976519104987 -0.00293765017381211
0.455447261533773 -0.0269843124580809
0.405990033780678 -0.0460703822710953
-0.0830237847674459 0.318053603002614
0.354053652237465 -0.00952736408667769
0.255549000827374 -0.369189164523777
0.472300059868266 0.00377436764907747
0.319107502535919 -0.0120954972541589
0.338218983137311 -0.021532330939227
-0.0891482534074031 0.233582645802903
-0.249429817155525 -0.0386215243173606
0.421276336766269 0.0465708689319361
0.475425533554385 -0.10729819147094
0.0585507860205431 -0.365963722950368
0.337394767556818 0.314681260392037
0.0934003058649245 -0.147809044244042
0.198259418485175 0.00949270055148445
-0.0181236553876077 0.104520856000321
-0.0721487939015694 -0.022318096100422
0.249890458134473 -0.278658633543277
0.497411993672762 -0.34402018475327
0.484552062597659 0.302866088619005
0.291267794966395 0.286925416822218
0.568604240602326 0.22548610753123
0.0719949193676754 0.00372542953664291
0.035976716017824 -0.00808817773002757
0.0458423871118244 0.0455561521382287
0.45061645348402 0.353771378920044
0.436305308282408 -0.388388859042297
1.11310255977994 -0.0215896631163648
0.141034566367176 0.00569699192775425
0.497708256530768 -0.395310973466931
0.0785805076698205 0.19218319690197
1.1282707244031 -0.0409692243548501
0.643212048553199 0.365377485979047
0.406408587771303 -0.479696953370524
0.410394375612555 -0.0242105101550589
0.629283829862608 -0.67730408595076
0.889650103398329 0.188077474388707
0.163631515937731 0.404298579030969
0.76687414121003 0.129951752125886
0.557448975937943 -0.310007912205032
0.887469720171792 -0.0108610304680068
0.767195956676317 -0.0112152958373622
0.401395686074745 -0.586203940494191
0.837831531005865 -0.0355639320154584
-0.483940190065581 0.00494359588117398
0.499626049701349 -0.64553170117755
0.514887028481863 0.417940350776273
0.94954920674265 -0.0221105256026588
0.371466164033151 -0.434885281573316
0.0298121638555748 0.391502941569972
0.158519723478908 -0.50968450505036
0.56918937354847 0.327302529907351
0.881035863855076 -0.131418891071946
0.977048597506921 -0.0617330499371191
1.02138178556173 0.0261793120717286
0.734500814258386 0.325426413357395
0.37213560994476 -0.315627236257574
0.148230373403378 -0.0096779508674602
0.309933666468939 -0.13074752914321
0.60785584204113 -0.0230277132254355
0.520826535810791 0.0132910250848176
0.897797507407018 0.158289992557767
0.613411784306247 0.259278546208144
0.394995368967387 -0.0455084252177559
0.971582736560378 -0.0255630526475495
0.427102807894889 -0.00417695415844026
0.494018303191227 -0.0466960187682166
0.566159216023757 -0.0831268572577398
0.684386121875492 -0.13261293345158
0.77863760422134 0.0378344245363473
0.531208715167437 0.128950548619218
0.801538045822195 -0.0282872145388456
0.786129764339395 -0.0216726862330232
0.922361846567085 -0.0138232307289292
0.453121639518301 0.319638016380847
0.347717025078439 0.256429962816549
0.12278759175737 -0.00322273785802753
0.0451788649542358 0.00745919885335639
0.564267491534718 -0.283902141580104
0.84332687406018 -0.157452047886221
-0.0324923993463524 0.0113430612512471
0.125912934200789 -0.272922383091914
0.098032212257346 0.32602697391427
0.100412299593242 0.27806458980068
0.290498679284898 0.276145067138311
0.276228235837245 -0.64773923934569
0.290476367087044 0.135378076103661
0.187223548096625 -0.299978858436764
0.823428665178751 0.599535999673686
-0.307502604469169 0.0299745488556606
0.329804991028789 0.0105264706236495
1.04093221474878 -0.462028829176456
0.870124310539262 0.726056014965982
-0.288211906967087 -0.143608440888771
-0.46535237966276 0.0380715578151804
0.392053491001209 -0.809774567830298
-0.339623135839615 -0.0474605011076439
0.421453619065148 -0.7478593149032
0.527915012022446 -0.645670097685521
-0.382636209988118 0.197817455235741
-0.446936202272062 -0.140314616824485
0.327644884722637 0.758244725810382
-0.269043233785072 0.024202779850433
0.538675673628208 0.682594154694309
0.89194582959225 -0.795932113293997
-0.507377814804926 -0.0588474733103346
-0.54892460527779 0.0336881361415761
0.111894432971044 -0.838045395576836
-0.0389187271574531 -0.929703190210323
-0.0395396972610189 0.919197254046418
-0.109901044203674 -0.937369280016524
-0.724298103980122 -0.019096171741094
-0.136257321998807 0.923887169025689
-0.124194264754673 -0.813517148041054
0.62529413167262 0.899920142132446
-0.872430692156352 -0.0523519093126637
-0.924750547429773 0.0313643116903036
-0.625623801147909 -0.717674964315565
-0.863271978350834 -0.0813960620690135
0.4320921122145 -0.75819706200147
-0.351623822372321 0.775575951296613
-0.313835492398347 -0.576318125038742
-0.887087705618093 -0.0764364655657861
-0.687287292701392 0.470538566691908
-1.09263345115165 0.0474104053372143
0.613016365298653 0.00410547703645981
-0.493252149262706 -0.537840804986705
-0.777565200791498 0.0655836807984613
-0.693244053054229 -0.190113089283112
-0.662819443198156 -0.625544938244087
-0.467120233728263 0.380333669352739
-0.856442798715568 -0.0695172362073734
-0.578065508737504 -0.556309096354223
0.21878788891908 0.127169995354195
-0.589476479653914 0.652772050787753
-0.183714311229254 0.000918416116891625
-0.226347392005704 0.538387058986739
-0.943938142850145 0.0365939914745288
0.298701343689778 0.118318855793689
-0.00830225740267457 0.579970968214653
-0.0835681739803392 -0.558569667603065
0.510096381250913 -0.020444951555839
0.488155402094556 0.0978681927906188
-0.0804725380411424 -0.459704836520556
0.436336666008456 -0.0422718908560752
0.244906782551164 -0.708903542946265
0.620547325060782 0.0892130885743578
0.311609671789575 -0.76249801299953
0.536505038442292 0.133521134612416
0.0117490757853876 0.529769278797802
0.624012013970168 0.108219316082296
0.613260482878532 -0.0117955781131026
0.443345429243595 -0.429230068180057
0.322584292026657 0.592024606113664
0.33065380638517 -0.648878562646227
-0.281887227879208 -0.500154209720245
-0.175541159547193 -0.604708027460412
0.847521969280242 -0.0599659700969621
-0.502865913271525 -1.12883797609923e-05
-0.0847307304774419 -0.46186276671822
0.397302898442401 0.303694574871639
0.527514113692713 0.436206701622812
0.771865194796721 0.390704535360719
0.089021291206001 0.658827595754356
0.475983689808989 -0.502930725948425
0.900765914933936 -0.309723959282634
0.72002503682263 0.550429877357581
-0.154656911704657 -0.197971192739504
0.857903683881562 -0.397821294599268
-0.158182088732467 -0.129930167411601
0.205771737067437 0.666097704563857
-0.209348654379815 -0.0750614734779893
-0.149739687656311 0.0485041232004492
0.476933440127998 -0.323893940341337
0.0480721275778292 0.716788846316211
-0.132712332243978 -0.00308157755830541
-0.0591598363097705 0.729841361959341
0.109752838482242 0.56447634055809
-0.152485988438242 0.72716523434091
-0.375765076406342 0.0684590171211441
-0.79306243085679 0.0323940182970222
-0.403926504684208 0.284079266181803
-0.0982625242409559 -0.680672472281932
0.393944607640273 0.683183710073403
-0.990555101136642 0.0421131401562297
0.137635485330899 -0.291558939113581
-0.515363022499234 0.768315462342097
-0.204662640754897 -0.588733187491778
0.521150141730808 -0.00227936374052103
-0.271220372082428 -0.556184960696773
-0.323512812531479 -0.566020249367109
-0.054310215575241 -0.189204541608348
-0.337896030649829 -0.475697342442892
-0.395612248088521 -0.47774854423379
-0.401890791749379 0.354115242693274
-0.130778351741676 -0.0939325832952488
-0.380199855522042 0.157689098087924
-0.146018077183241 0.123498122765743
-0.606920896427644 0.368723699110444
-0.376095204586526 -0.326571152612502
-0.637611525065877 0.326436552349849
-0.497919216071012 0.218356772866278
-0.522087129186192 0.255089664692892
-0.355725779997333 0.00731081353238439
-0.325842684940018 0.0151211090557452
-0.604008751111052 0.068695372232187
-0.634412143514677 0.00381027512555722
-0.676377769689672 0.187299088741257
-0.671415470697097 -0.211689003516931
-0.894231726446093 -0.0269339341432001
-0.748439254964392 0.171786197458994
-0.826234235358587 -0.134708594927219
-0.643917837848254 0.0507716790968595
-0.888349631921926 0.15785721912183
-0.823409129146011 0.114632660676301
-0.797515153712183 -0.0739507480059512
-0.875176942699883 0.050343205897864
-0.975710530505545 0.0423796761444438
-0.872097693156843 0.0957743599986212
-0.797316631944595 -0.123880946432724
-0.546688221869262 0.103655731180373
-0.84148791400596 0.148307376041778
-0.415758113909063 -0.000180613433639521
-0.761202079995352 0.13194537243257
-0.854164641112735 -0.0116406364694605
-0.682697520192574 -0.271086518507376
-0.678496081399558 0.237721785603802
-0.855839916854458 -0.268002843893876
-0.832707330236144 0.319174774626299
-0.354883904929861 0.00478853470344998
-0.551659376063261 0.26667838021508
-0.852147253736974 -0.220917067453239
-0.437088395622828 0.399422992840306
-1.09715063738824 0.0601717899332045
-0.775946457566137 -0.231928354545257
-0.0051548253151971 -0.00664311312694098
-0.463911926213412 -0.0457767324905018
-1.06633652286506 0.0431721067646776
-0.848116398629409 -0.0974777728969212
-0.30513133104218 0.483403482893724
-0.6629483038509 -0.402115778163506
-0.257535059567043 0.470186838553568
-0.361997283274836 0.222903832118082
-0.983249101273086 0.0365018749272396
-0.993889482081012 0.0415938664728562
-0.355846824695099 0.219411609393615
-0.121177105097237 0.358006921918304
-0.900552247462705 0.148471936283968
-0.179509667389182 0.0056433307573652
-0.697503923241923 -0.444239704989516
-0.468691243763522 0.415728079723631
-0.282900001525693 0.210311696865734
-0.37929881077032 -0.0128262233192905
-0.439539040495633 -0.188139278456692
-0.519363947563014 -0.00667057075610063
-0.380992900027672 -0.174100264601148
-0.344659501393433 -0.149909178730968
-0.296629946166429 0.357590548774431
0.0770016098547402 0.057424509883422
-0.341540132973642 -0.106648634744143
-0.533436522843657 0.441599307156611
-0.64317237889984 -0.158770983846189
-0.219054646412316 0.43516881555456
0.144339448399428 -0.00426602671288974
0.145626195328856 -0.0285068874648089
-0.731889588921033 -0.242282760450083
-0.188953640702195 -0.557460789347049
-0.241304125924707 0.585560515799572
-0.457474256124244 0.243868557076876
0.169195400876316 6.47284781123375e-05
0.453058552291509 -0.00671936984768669
-0.357151388744374 0.579728532533562
-0.951789826299775 -0.258704090881484
-0.366022259886748 -0.650632686129198
-0.831266485405762 -0.776139476487118
-0.0184201497451303 0.880705224426192
-0.0857790840318748 0.934020706511839
0.256632162824839 -0.0171736765443042
-0.924931988977666 -0.869456916536032
-0.830061053797102 1.03168075363807
-1.52420643428553 0.0728972714461576
0.432326225197986 -0.0267301783996605
0.122774555381521 1.11486044280314
-1.26548675558386 -0.334252497143857
-1.02015445701597 -0.912762678567736
0.712880004220598 0.0833919672723813
0.855275525356633 -0.00616233268691749
0.916263130679725 -0.043446262223768
0.178861028309654 1.08570922838468
0.829464136314435 -0.0326293106572823
0.885867178652524 -0.0270704815482574
-0.885441742340075 -1.05432506710545
0.986286321915116 -0.0324388392181997
0.440402463786005 1.05428773127648
0.672428312789109 0.00358098926303933
0.271809860983298 1.00505282218612
-0.918985634856319 -0.678423641140456
-0.471915567842615 0.988017388911154
0.612179084826701 0.0011223588882971
0.709513587501613 -0.133583063045676
1.0601638663372 -0.0319883018494421
1.02594975209705 -0.016095135192016
-0.860720778652222 0.00895222312299658
-0.822564023576645 0.0054756712761079
-0.276653347257584 -0.762011292662445
0.5812342247545 0.59335874263352
0.930188276735964 -0.0322746434428223
-0.141726957373392 0.755426256190188
0.53214921082905 -0.732970398707148
0.907848810757207 -0.0330833076198062
-0.0718412414427554 0.677506424534661
-0.574519246957439 0.0182213358844695
0.0271828727476163 -0.729145067135493
1.15585256965784 -0.0323636641873179
1.00433932304745 0.0768282121748596
0.0910644700989091 -0.520689449287736
1.10566331963249 -0.132855708262002
0.900258814037452 -0.0094217224879869
0.868624877685144 0.514458091234426
-0.104462505845458 -0.022156573238617
0.36526081935806 -0.490264632274624
1.11963009838733 -0.0459475739379611
1.0702905251816 -0.0211284744714433
0.884606793554348 -0.00502614750979838
0.761023116795117 0.0109973116622823
0.905693891155793 0.0521408892521005
0.542064494029178 -0.225598968319143
0.219115577181915 -0.00892153680720316
0.894425765853101 -0.0143457251477209
0.215629667558011 -0.000401582509548526
0.571244068707661 0.195665767807615
0.459530829456714 -0.203200420034364
0.440119858471341 0.0346720857971226
0.354306274655422 0.0531994350547257
0.518264756497127 -0.114467842876961
0.184010831302747 0.0135960927743404
0.399394830238795 0.286239153474609
0.177429371655548 0.0078977044731208
0.372855861415936 -0.303646606227504
0.104956540844663 0.055727191840279
0.430872684803927 -0.17926890704091
0.149924364360723 -0.0103151096576748
-0.0838100246427281 0.0218451856358543
0.314445084054138 0.376753880499505
0.29912172368945 -0.481376749307711
0.148193750708773 -0.0434796313384962
-0.0682098329060195 0.133872709958754
0.50355315449531 -0.413613145996472
0.177232812054409 -0.0051620770969339
0.825862523033558 -0.627169431177071
0.930103076112109 0.553324791898675
0.382299686344179 -0.697792183235381
-0.0762823128016528 0.15855921436672
0.673516321467852 -0.521336440591181
0.675178051025027 -0.581335726391744
1.56368707826562 -0.0293792020341609
0.461618193711325 -0.837416068364073
-0.0149153564192771 0.14305176361313
-0.374648715303719 0.0139470665328101
-0.432159680642104 0.00848027094810585
-0.434193394716632 -0.0377515565886391
1.45347222830099 -0.032867204748706
0.86465929256566 -0.797726420845963
1.37179787747324 -0.018397758460771
0.290424406190838 0.0248984982800492
0.300705362506793 -0.021810901312694
-0.119155744162862 0.245537618863772
0.460273604776175 -0.413847222264595
1.07307019285872 -0.0157626388132961
0.191824008078544 0.559803679207666
0.423689796193481 -0.422092624353442
0.323957905560383 -0.0180224844218803
0.698380781189133 0.0680149176084209
0.357097468534142 0.360792572267466
0.574458121130668 0.186375292543012
0.622583706772655 0.116743737657213
0.394054692317772 -0.110502838539129
-0.0497819098859776 -0.00823398652248812
0.406309326913972 -0.23755219274152
0.625875645272436 0.0342226383488944
0.292106903938859 0.061710649708355
0.509126599420919 -0.0454267006264352
0.395765538824468 0.0230472125838858
0.557045840297671 -0.164583451552872
0.0591184171382896 0.25786006959432
0.587093602461464 0.191009227906848
0.437314530481989 -0.0249886300392844
-0.0154693977091224 -0.24333135291611
0.184545365864477 0.111758512644977
-0.0768360190720545 0.284798608924746
0.352677169452767 -0.00306295131133765
0.453082166230364 0.522195610361162
-0.21686707065448 -0.115653411822895
0.790533130786657 -0.7369011717864
0.329254234844844 0.0392289008585775
-0.232857072757397 0.332980089009499
0.124061254218497 -0.826637644813386
1.38423112094162 -0.0467938831720542
0.0551653120273847 0.359762567950924
0.227897493260256 -0.013461470129499
-0.00974324049070627 0.389877674024514
0.38589631251762 0.861698850751424
-0.135236465299428 0.213201365795145
-0.053126045747926 1.06098840407458
0.415894022270211 0.894048371341289
0.184569640724803 -0.00393146051274121
0.0960206496711435 -1.01062870657549
-0.75746283364522 -0.0405712811152724
-0.0326470198458147 -0.946476656256984
0.412475050009223 -0.694996294405254
0.323791411949123 0.798334094768763
-0.353647269797236 -0.292040205517074
-0.565603357436846 0.0123695227529477
1.0574106790321 0.145341876045853
0.713928998703254 -0.179374580508765
0.709620740145664 -0.275139361303875
0.378811576002133 0.00318946620944897
0.495198099505087 -0.552884182749814
-0.366430938595561 -0.00957917355613772
1.09175295974362 -0.00965777181056574
0.527927371255284 0.00487296098991322
0.26470882858116 -0.312066560163608
0.668431657145075 -0.149325660768394
0.307725087807118 0.19684565593728
0.218785416964016 -0.375387499329362
0.75380827556843 0.117380383705745
0.29682010353264 -0.321468599432834
0.194648901492519 -0.0734037227635593
0.318085462404167 -0.257752317672228
0.454400090991691 0.00701850463195588
