-0.533803768281041 -0.0265489625519941
-0.269841041923034 0.241066954289519
0.767606653985137 -0.732234283899887
0.287730798858554 -0.0131359668044624
-0.15549918667263 -1.2708850556686
0.782917009319541 -0.197118421025129
-0.9816661385417 -0.0179385298036774
-0.800775650493504 -0.0368510739763916
1.34217765467306 -0.0476886882815462
-0.677206879845705 -0.151201300764171
-0.0339425317895136 0.659239537666955
0.276670234357123 0.524237755225324
0.0190309132568997 0.500209391277311
-0.836160230949396 -0.255427092591064
-0.910040370375738 0.137986997780834
-0.482658751699109 0.0853203579163519
-0.353158143020034 0.541045771752904
-0.580080056790134 -0.365606885421966
-0.759759081791181 0.322564593034122
-0.50106150414376 -0.455871885796553
-0.660846526817613 -0.529144884737391
0.108967385731931 0.473658186398424
-0.311369641729033 -0.507084544220808
-0.383546774846757 -0.726666926547673
0.317560187909192 0.733262442821675
0.417205773168346 -0.901354990320522
-0.115190462176057 0.901420541477734
-0.126846600219553 1.10023630190395
-0.785985163726072 0.247278765572749
0.473696485379864 -0.262944788429438
0.796105027240828 0.513318071363988
0.177741732309136 0.974204220192789
-0.948070300608737 0.0325404246511333
0.509417934605677 0.0284842895715055
0.83566669918498 -0.473901230520863
0.985919094355974 0.0547061667047637
0.91371517225842 -0.126690644783938
0.230910042084991 -0.477313645902944
0.390407306954295 -0.600246390340522
0.934391388113094 -0.459474534963038
0.850288728672276 -0.707417427521734
-0.101096155070602 0.0363696202888921
0.710821617834737 0.261419312789261
0.251386767785458 0.568537039264903
0.39540368251821 0.344653173568999
-0.0727429240237456 0.437272516673741
-0.0741624092360634 -0.221650702643808
-0.0639323308427083 0.192435823932468
-0.236706877928241 0.108612075813697
-0.337997750773567 -0.0562471134843592
-0.293577810309696 -0.157213598305351
-0.5151620089077 0.00363064297265191
-0.218565119911019 0.0916218720317268
-0.418849140447885 -0.185527707187856
-0.471604601172188 -0.00424694237393778
-0.603639439366426 -0.107144086296975
-0.548137721802462 -0.0410086389492597
-0.32910319833355 0.201093522625618
-0.578219907678113 0.259073478323653
-0.697601636755975 0.304187525699679
-0.233195684958639 -0.504600748641847
-0.666231272608638 -0.601668413908388
-0.266256782254065 0.630509576850678
-0.409699328654869 0.318870130003075
-0.561174975772467 0.0994794720374673
-0.473774952604461 -0.215928928429458
-0.433129964854893 0.0270147649180358
0.000535540859422555 0.290347858347754
-0.0973825707192591 -0.071040834275755
-0.0404210590710882 -0.165873298549056
-0.0919798061612376 -0.00426170673043362
0.302005351776758 0.331772086362198
0.315632339244484 -0.407679891086735
0.456036691372659 -0.625002089160546
0.0730742633657706 -0.193818095237391
0.660682327281486 -0.130292004915831
0.155214712095266 0.945500457133122
0.281223777627056 -0.449231692193104
-0.0123679323779315 0.986990049252125
-0.073169600032415 -1.04067920319507
0.113988218346786 0.789854593885931
1.12907216727549 -0.0123348161910161
0.845379253254525 -0.00900593418955973
0.824379541357302 -0.194475648139632
0.970973020165717 0.351325321568993
0.443686548340694 -0.100783906168206
0.253611925143089 -0.148583591085826
0.757747999186668 -0.410028997428391
0.70272926027935 -0.00993061896799884
0.0953645412941391 0.111611295789598
0.148965833565271 -0.124662898354626
0.536105193213763 0.0362959755123689
0.162301516679831 0.197674330427996
0.199570316687056 -0.261752623634334
0.0539194518793696 0.364939108063991
0.300292839023596 0.040717120016858
0.604962554610724 0.0154546419034974
-0.0260122964910527 -0.300169721448723
0.543501794254161 -0.430806010672766
0.552927837161495 -0.324964130872807
0.331266642991375 0.670528295581848
0.438970659317185 0.409502291247582
0.344043561931574 0.525035340014071
0.0192667483143658 -0.093563242154614
0.84380791889144 0.656516664376952
0.537604816514232 0.373338744476437
0.392353014397279 0.423926997398908
-0.106147319942906 -0.339349061857948
-0.0367205975144129 -0.0194799024815688
-0.0280863088947297 -0.0863324579171839
0.360592133968994 -0.393568105697844
0.132188758319221 0.178533817164506
0.0932553416692148 0.379322723230627
0.507862644978722 0.295534379815636
0.0672162279931382 0.212501992686427
-0.0359091012919856 0.295761016872291
-0.262889632328318 -0.369200504117902
0.191342347046189 0.2326240645521
0.0663640111546984 -0.592594292483103
-0.413946599212132 -0.374507797586426
-0.0779631474543057 -0.572905688555454
-0.859823633039259 0.0252371457943714
0.477857126114594 -0.0155119559201238
-0.34357152695232 -0.62682598116741
0.0556010284814323 -0.848853981448929
-0.0954260351681176 0.7204578688302
-0.631857666317621 -0.905435824123674
-0.657027342820266 -0.622398041824748
-1.02749509719932 -0.0940820134073177
0.602320001577705 0.372966563037739
-0.982035471813173 -0.0522568758201787
0.931820608340448 -0.0314649205393601
0.181984019817752 -1.07202088515081
-0.566323647515487 -0.0873507831100633
0.443673335902471 -1.23304654252064
-0.743238073097634 0.65657319372955
-0.599527392809528 0.490898928147536
0.122308763933102 -0.354854151435485
-0.671197654411022 0.642706966375305
-0.432722479037219 -0.605531415439578
-0.551252397006152 0.102676845242835
0.129953334235829 -0.21862486530415
0.0478270796928973 0.0429359784057101
-0.283634329793324 0.331314491367034
0.404301045782011 0.119698494051187
-0.425417982614839 -0.269316068498737
0.108747765524472 -0.407387353847138
-0.101459682912237 0.457476388221319
-0.162624117528042 -0.0348996217368907
-0.326627149242839 0.0455472400844512
0.0322593871378268 0.791568391281655
-0.378142985903781 0.139742349465067
0.607514786883257 0.497242328964708
0.44249446208083 -0.659752882339776
-0.424062126825063 0.0937695910625463
0.206496286983371 0.45995381986341
0.496876326468187 -0.365134479198393
0.984005399074833 -0.0108663224463657
-0.329279572172589 -0.132424099284075
0.513701080269808 0.0183096107133565
0.384324413019874 0.18604694868681
0.44223879629709 -0.116965631086337
0.665586695461871 0.307356043824532
0.686589870112198 0.142581295320749
0.403272948086899 0.0639930378199426
0.4976482013103 0.480586104529586
0.944741085081186 -0.0345451616297915
0.463065558495816 -0.436329233674478
0.327750144497668 -0.62971341455472
0.673994955872979 -0.534206865944928
0.416624497116044 -0.218953319671586
0.34928310882079 0.24250231776793
0.0176949119038637 -0.311314377770839
0.30401444304232 -0.136464900823114
0.14838482961617 0.0315762055764494
0.129102687490199 0.0877413555677806
0.381261823111509 -0.00166210309901986
0.256216499566949 -0.0926016705385774
0.174994865962403 -0.151945560552899
0.194707948500488 -0.282179586308485
0.266004265238576 -0.338670794842666
0.204718986305434 0.205017595897066
0.190574187402835 0.268606775615044
0.0711205393501177 0.510651009824585
0.127427344538204 0.277091475064144
0.357363990084917 -0.435896017952714
-0.0556498270263513 -0.463904734922173
0.224780186918415 0.469163819596435
0.399695764556015 0.520971603974425
-0.207175141813587 0.0148326951604614
0.685542173475452 -0.768807417150112
0.825640125938429 0.776676113233264
0.431033104139368 -0.810932574974006
-0.112896215355069 -0.923965310109537
0.272136643575637 0.852741697301913
0.894995899499314 0.302129829134275
-0.207995841610341 0.403630942109663
-0.0543852523454327 0.46406786170357
-0.140543221326285 0.444819941663474
-0.373125302269036 -0.558509873517195
0.430802338990346 0.241080489329137
-0.146898303073785 -0.13146629792281
0.249535258919893 -0.165527733306598
-0.178454784368211 -0.0808763090296413
-0.192505739849318 0.161481350343971
-0.0750693665659881 0.0157128745915354
0.191352639659941 0.00441992351177505
0.944248381986485 -0.00952479276522927
0.783429496810808 0.41080841697734
0.846588157875172 -0.594393688129646
1.1708010695273 0.010990774133057
0.216669059065729 -0.847450831742289
0.540421037208334 -0.454918849133826
1.12961781711475 0.052468861774337
-0.277595597270468 0.9965834760085
-0.0350056830425565 -0.854309863834301
0.0676675309392875 -0.673779350683138
-0.395961636257753 0.226901893644735
-0.210614697878625 -0.607243957898065
-0.258005158163425 0.484660809863518
-0.472728696918311 0.132439259179598
-0.795741264201056 0.0171723955553984
-0.786606706133926 0.148057954167128
-0.382531576885941 0.547751131045538
0.0496931859603921 0.0136443855124494
-0.0295859273753558 0.711156464962706
-0.268415877787802 -0.455464239541161
-0.162172012997128 0.818025975611695
-0.190915846916896 0.295130455931896
0.648198331102828 0.600863854860608
0.121140780289116 0.781556714214116
0.174963375972206 0.697884902306662
-0.297214798882999 -0.213905952242917
-0.333521252289533 -0.0741714103386552
-0.474751807241808 -0.120726892401821
0.704226353254885 -0.803821320186274
-0.549397197970918 0.731615210584765
-0.625218812213173 0.224639057847515
-0.246060478537651 0.634414388538377
-0.681157599011146 0.269439445640604
-0.870263049039402 0.131643723114211
-0.431317511608337 -0.863100952868685
0.364835718463145 0.772449810845009
0.266918321914715 -1.16696056204428
-1.31296218110657 -0.237809832132757
-0.527657931630363 -1.0881193498024
-1.22142381498793 0.104491703737987
0.67913703246916 0.017717976751096
-1.01254730028726 -0.576621515614816
-0.371994738280333 -1.08206664885468
-0.877426424539114 -0.282443157595664
-0.919319072743278 -0.493959805091538
-0.494975535680748 -1.10969775596543
-1.49160696516896 -0.0879967683980271
0.0642364221852514 -0.656938131916598
-1.10016734317296 -0.196038783455173
-0.0264055305029728 0.020378536670448
-0.791336896256526 -0.435015808532725
1.00229692102207 -0.0034779159924364
-0.113310863311293 -0.549488165933534
0.13247785039113 0.638198566167698
0.409738152834049 0.62842501724654
0.358542862650947 0.168454746744779
-0.374990984818252 0.13809965436435
-0.533706388274632 -0.294431711488107
-0.212976299691663 0.0319575502184155
0.0219533115644149 0.149056739973433
-0.337361778961535 -0.173723844638614
-0.613042726203591 0.363431026882081
-0.360747889797375 -0.144419361573395
-0.820126689548227 -0.444611070559575
-0.0364454610388474 0.233142880971739
-0.330141230604038 -0.336421520485344
-0.256365391351079 -0.275023961397182
-0.387264736928434 0.537810064048936
0.197070814812597 -0.207473109070993
-0.602037297963389 0.646151386271087
-0.320995686305116 0.599920009142323
-0.496486540759883 -0.633787132915784
-0.920685864589597 0.210123143827615
0.239630787898697 0.974209600959016
-0.0137758613578252 0.992469070451751
0.356813764210426 -0.0108116224774058
-1.51457709997513 -0.0292571786117483
0.767772339234867 -0.01934824781147
0.20076773375505 0.665596353252276
0.0809454021788954 -0.564206266308032
-0.37856096608668 0.352632113160275
-0.0976189617459622 -0.23734383026773
0.0218614350940745 -0.295633143106714
-0.116838900416447 0.0128354838540201
-0.213289591257818 -0.0567216912233891
-0.443316692394612 -0.20737512440893
-0.543168893066935 -0.324416029956362
-0.249327546031503 -0.240575144597091
-0.832220024683003 0.132061412972415
-0.700162328684532 0.334917400813269
-0.514766571137431 0.296604225548875
-1.10132148312808 0.609921113322174
-1.44396099264273 -0.181632153676494
-0.915055719711399 0.696777900207227
-0.725860766546522 -0.771925820714036
-0.389080731063525 0.847243967478168
-0.849059794156875 0.981678218626268
-0.179264852339752 0.789895063740348
0.0120271167026471 1.09673549160711
-0.0281881764248197 -0.957745416856699
-0.360578249999771 -0.745732330953597
-0.244376384379275 -0.837565875931206
0.16484154365226 -0.690740429735906
0.293721448075221 0.0373029270974316
0.193200802179863 0.0266312707229528
0.298515424406358 -0.101014080044435
0.142400812664428 -0.401423236084235
0.258299084448337 -0.0572209846320634
0.0160603213966308 0.184874616505669
0.0454013309003065 -0.185835724234889
0.230225536066626 0.14377486069395
0.327641356940051 0.25236563081186
0.340275709716514 -0.0206188202167459
0.255346235100612 0.0289843311184718
0.492138579889276 -0.37348239799665
0.40357154322881 0.0777893962090263
0.552049248957966 0.171852893487545
0.713141460900692 0.0837888413694317
0.42580715732986 -0.055218727924442
0.468382315800257 -0.0234880379184651
0.71725644901606 -0.0697803920461494
0.633610160938946 -0.0742017131699775
0.488055181875602 -0.148580221654027
0.497169087037739 0.16476113377264
0.860719365853185 -0.00825123393373121
0.63211197893534 0.0366390953765427
0.785226495223839 -0.0562002317469544
0.909642214275771 -0.0333646680615148
0.726372764044805 -0.0523449736948422
0.408383466041882 -0.36108709775904
0.715148211457165 -0.31238820805645
0.658977507866513 0.0216811632934139
0.146147799328408 0.234530701218469
0.0479049373663245 -0.302191345982021
0.745879105035951 0.146927558132943
0.372495124282723 0.539009680188508
0.256499294125415 -0.249615587000061
-0.215251343626973 0.552999696952179
-0.696650050170952 0.0250313110041404
0.334370655636306 -0.0499745420116247
-0.527865549172517 -0.649562789627924
0.155453165461969 -0.537006212078835
-0.772527638165087 -0.0365188745660496
-0.0204023361203139 0.743668282585923
-0.223078661424414 0.432950839747994
0.031408517054333 0.682566514837721
-0.709905969987305 -0.381616892028629
0.166347554740536 0.897912000632136
-0.441545395229794 0.620912518645326
-0.484247181726758 0.574980327268117
-0.52229905405692 0.402868010302799
-0.0731243243326338 -0.0803527532049624
-0.410895708841817 -0.185306431609685
-0.22486178892671 -0.636981996530285
-0.260450804070621 0.460124713158047
-0.241738783786307 0.309754299500471
-0.0791112477154092 0.00239167925878739
-0.34160878938061 0.557222056585
-0.227639191357827 0.554452613222533
-0.51578031117724 0.350160714295528
0.160956505789688 -0.0416908887513167
-0.0621462360437127 -0.324839093453192
0.0488231403523601 -0.240952235009749
0.037138653647266 -0.465973473859061
-0.353923853414759 -0.0646742201779644
0.751364102993721 0.000781645700803045
-0.332296254360189 -0.401612016161284
0.140632527259133 -0.684572912413239
