0.519620081465811 -2.09391987746652
-1.3540665911371 1.77084895182073
-2.21596029196674 0.386603991853419
-1.31116764083058 -1.72362798559942
-1.12931821520484 -1.679827087627
-1.14302539888072 -1.69610857602279
-0.519730250791215 1.98224345882228
-0.876557806928954 1.92507510394852
-0.180682068927283 1.73816054861267
-0.289170242980253 1.82634622618177
0.939232923645827 -1.61229571291568
-0.777577741898873 -1.55585544286435
-1.21534268858829 0.578123353845384
1.1960721344796 0.970774085277259
0.745300888804469 -1.24072551523422
0.118974728711233 -1.75642901650489
-0.431825021442156 1.35489520383125
-0.94170227527754 0.134338086498154
-1.06668142558138 -1.10909576549367
0.244977834986724 -1.21404943499805
-1.0578445467045 -0.0326213506135381
-0.518468222243309 0.0987780131129196
-0.662691410688029 -0.765725065961115
0.205473025775032 0.510802356141432
-1.0011605024711 -0.138173893869019
-0.813051563167913 0.799658905414042
0.554752780810082 -0.219719331413968
-0.83012991695604 -0.409440763850262
0.388933989042589 -0.0621565067641409
-0.162053310509194 -0.765790300785644
-0.515620829047437 0.754659428754151
-0.152734172130129 -0.645655480835438
0.0105268256596812 -0.718324064400552
0.56237400640067 0.00561988589035859
0.582152194597189 0.0266792575413888
0.414251535323988 -0.313027050962734
-0.0811563746194397 0.728005856115681
0.234382680185852 -0.545261537645119
-0.00515155283214131 0.632863496311578
0.364538240752428 -0.44247088504584
0.804234544997568 -0.189029805975734
0.461545247442315 0.411944036784315
0.56581126561352 0.394703036854751
0.828471455685842 -0.139419900197957
0.0580472874559939 -0.324590327506094
0.80361419440327 -0.145845451558439
0.593236342626197 0.252892309743616
0.39827034105397 -0.340740319998543
0.38160799424393 -0.265238897203778
0.543593045160583 -0.326942473269348
0.418140522296047 -0.21018049369396
0.546498641290163 -0.0934451463316778
0.465819940389406 0.104579327618803
0.63711913462674 -0.209755227319841
0.660166803258653 0.0884545948725447
0.446560656065907 0.0601691090322982
0.810816384657772 0.175386081626493
0.795983164278743 0.325549875285809
0.708172586882884 -0.2894572751386
0.781887687852492 -0.348442195688496
0.589417421801286 0.294693215292625
0.896965404419449 0.285716750916978
0.737737430444316 0.119967209055605
0.805107904643371 -0.500575101358677
0.388489977220377 -0.419793319291312
1.02405217995398 -0.0416222615431978
0.847189641131844 -0.101753586496138
0.689117746561096 -0.254160192681379
0.781265540879443 -0.0918521945912979
0.70682341722301 0.168944164829125
0.459139825147366 -0.0948483493149794
0.813952254689093 0.128736976610285
0.41044442549865 0.00353213036238658
0.421988652660512 -0.278953061532461
0.571579565061592 0.234209306181416
0.395825279748916 -0.0436747971378793
0.60069188496065 0.0975155469060074
0.736251983403959 -0.164811307203679
0.716381439421266 0.0599978150818373
0.618364623030032 0.063545958272666
0.852537370267322 -0.390425829617201
0.897746635660396 -0.301631693994365
0.787223262725689 0.0067521667419321
0.513481945472471 -0.544168902069807
1.00623632884332 -0.28136911524769
0.68013955812624 -0.193255564359453
1.05916954151506 -0.147837744366399
0.021745844532714 -0.165860506729442
0.548746656202709 -0.439979335548075
0.725251509897877 0.076635865673385
0.58006937628702 -0.386447907140599
0.559203598280022 -0.267249045401333
0.164116778807519 -0.188389067854006
0.674409626779669 0.0521382864555894
0.272939762856988 -0.444362211085829
0.325082119541471 -0.00965543048431101
0.35044817671456 -0.097050408794938
0.111021167805575 -0.00812646722079363
0.328542628309087 -0.0459836238353693
0.375187272022147 -0.0187193589170029
0.33384975768887 -0.0117266542849049
0.642372704972065 -0.076865433422503
0.467144739756825 0.0476378318072478
0.669339206154475 -0.0473211787897072
0.757612722015977 -0.19582257741015
0.445180909655363 0.011350481752758
0.562274634853912 -0.202100825006837
0.831117209227606 -0.179598184321748
0.709398504674241 0.0167192823192662
0.86077133749418 -0.150996786433123
0.675971968974475 -0.311860422539893
0.64158409895636 0.132605067022409
0.410143397062874 -0.213243218608375
0.61194111515342 -0.338231774611953
0.426085898779041 -0.185391769417754
0.407357632060945 0.192390188998352
0.295410885356174 0.212667451473365
0.0303262894125678 -0.421746376924772
0.639674080476492 0.358810878111486
0.250000236857401 -0.345458611817289
0.348895813193672 -0.0540549302822347
-0.1150431893143 0.399789816046839
0.224370498402024 0.438358924905871
0.561375029707879 -0.198396200284661
0.253977330289807 -0.426072102623351
-0.250347462455019 -0.362929136127238
0.296861036185139 0.382131930985179
0.357968325574134 0.24902646488811
0.242307079969912 0.0747306400357223
-0.288254824772866 -0.0730551214432488
-0.352524547610923 -0.0691720655898409
-0.240163246156579 0.0370152584387269
-0.0170398428204691 0.24158937197169
-0.217455304460682 -0.232425619866784
-0.239331358560561 0.0356251775770276
-0.229072969312568 0.054959268863161
-0.2181657109137 0.260082142649107
-0.440714679299288 0.199269306713037
-0.190804670256071 -0.0179633522372619
0.0362281190396477 -0.154050432898722
-0.0593919087961008 -0.218959498965779
0.225701059559676 0.053099623730853
-0.0493736667021432 -0.120197464770489
-0.0246617844680347 -0.239487194006761
-0.085716606512645 -0.143894735517382
-0.0361934702291217 -0.0584390566524391
0.0299888449607229 -0.0767428135476008
0.324795249878505 -0.0671093166160487
0.285839287099054 -0.156199361056069
0.287698558663782 -0.140884757501429
0.154592700651546 0.176598383986052
0.300176888566645 0.0183521033796525
0.119636182873904 0.0168042884447613
0.4907181728542 0.214946670802463
0.256912311400148 0.216550084648919
-0.0686043708013399 0.0766035800987497
0.155639231149858 -0.0103751839660142
0.174422945561149 -0.377668054716969
0.305725477787276 0.448680569045502
0.0148143907943522 -0.120421859709708
0.248348334054688 0.303780217422174
-0.224036531774595 0.338248766367878
0.189640451882812 0.428505010499346
0.158492002890935 -0.468593323223745
0.198237260415893 -0.424175045163322
0.384737838577055 0.582864519413911
0.638391505360857 0.533109415498426
0.560735678895112 -0.0461508452353247
0.323085929129239 -0.433564207689955
0.558369289138288 0.004756315743897
0.446431019248987 -0.215829312051456
-0.0210430616403548 -0.171230712760703
-0.0948159643731267 -0.0522017243428371
0.097179696355227 0.152238664794964
0.529457886293301 -0.368271970284656
0.577851187037253 0.442878786680121
0.897928238036279 -0.174761977746928
0.614725027191478 0.467738294563657
0.555614414314747 0.152656254679794
0.59012258139713 -0.414757336259429
0.563910525246793 0.206949699888731
0.590367500298403 0.0772580476908006
0.764665226673671 0.200416024746264
0.706073758083708 0.313050182542834
0.553707669900046 0.139796873755206
-0.0839510104891395 -0.0538773487297244
-0.073512397169269 -0.203234376316759
0.20666848826111 0.297909787677264
0.0716085700010207 -0.306068762908111
-0.0952121766443782 -0.279447907667143
0.252941995894198 -0.240702244720968
0.340879463703312 -0.165200601251583
0.332821280023496 0.0929820271044257
0.498602850037605 -0.267178696287796
0.413477770894637 0.135347882140518
0.53906659316331 -0.345375536908446
0.529981103824988 0.200708573946108
0.794075047075367 -0.0844993705548161
0.970748134719233 -0.155442864630835
0.594628439577168 -0.164737592295115
0.467590884603076 -0.227572481370081
0.56521102926151 -0.157293949701267
0.176200633659313 -0.298095640865912
0.104310794462388 -0.29320150713208
0.0801799496783875 -0.215190467650425
0.200689209739703 0.262847245341651
0.427421979414798 0.365212925470663
0.0303229036677769 -0.40135747807544
-0.032161916521091 -0.278493506706298
0.148947607350613 -0.243100577770641
0.0310192830763693 0.192355014289843
-0.0406296003803715 0.0514760001485461
-0.0310975858794791 0.0335172754279403
-0.0809690276721682 0.0757688847840269
-0.0195385353594883 0.0248691766746538
-0.0425928010589603 -0.0398342620914522
-0.0602125715103176 0.0905312149154133
-0.149297416969746 0.102874477172133
-0.131342348771962 -0.10270487066587
-0.459891751820299 -0.218571183960147
-0.446772035855386 0.257382179070572
-0.429521397004964 0.273330407292599
-0.0420397940641303 0.353774181487215
-0.679342726510842 0.24913036559377
-0.0911847358821444 0.495060714807978
-0.570082142338401 0.249783830387752
-0.489456019709384 0.150220876506468
-0.569751656252095 0.0677174418999527
-0.26396661408986 -0.0202627849739359
-0.342297166030713 0.0815269468351846
-0.295749492687342 0.194783862397817
-0.233493226255009 0.178605996437896
-0.229939590615028 0.248930047924791
-0.224703912998814 0.0891181441017725
-0.176313786176286 0.0911607669138248
-0.303342858689687 -0.0856272698329646
-0.44083303354532 0.00827707725981462
-0.231913348099592 0.116983414488791
-0.825595429859684 -0.104694534962915
-0.715217851769339 -0.0338253169604348
-0.706534151587375 -0.141817200689467
-0.264716935451953 0.0514222988327262
-0.56531249369352 -0.198325956053995
-0.0719164430196495 0.07056894428173
-0.781271045259975 -0.248321424384456
-0.540402274465312 0.212490162887919
-0.0878961008019583 0.135417240920729
-0.703334861273099 -0.313693965269222
-0.043516837948292 -0.106149681380352
-0.66926594489774 -0.0159679632882296
-0.991288419345399 0.288283721128585
-0.936420156974474 0.0558793795105712
-0.800506566807299 0.199490321083396
0.0698429242121144 0.50553112958448
0.0384829859605356 0.366836407375191
-0.430594987926341 -0.350729556135688
-0.468022714354757 0.482175387478795
-0.558441525014585 -0.140529813580896
-0.498845294762757 0.29047940436903
-0.325756524319551 0.0684922779835705
-0.426252348532438 0.101846212702232
-0.49842813167277 0.245883529657167
-0.484709055423692 0.261550097533717
-0.501884923815414 0.087506433273793
-0.742138522151464 -0.0981288310681864
-0.514933492347696 0.0919284989790057
-0.634302931890291 0.222547598701278
-0.636428147117642 0.144724940627112
-0.605049933117928 0.181606947257875
-0.681540351168714 0.148553406813584
-0.723729465938986 0.169955129178006
-0.430087943231303 0.318812066154456
-0.343242103491713 0.418980591388984
-0.121771814586536 -0.0888196403704266
-0.554493674405376 0.183094366352847
-0.69521581405506 0.177672822643609
-0.0790890883853377 0.558524703741576
-0.24210756315229 0.644846259895203
-0.535080104761926 0.392251222113528
-0.269035979861934 0.501936137124171
-0.621025849514857 0.108352288403301
-0.393668900801824 0.438628207921646
-0.759606931526456 0.0474310615393242
-0.352823879425855 0.71260831094517
-0.399398074120508 -0.45501573910404
-0.78204639239642 -0.610345829059349
-0.559240237653636 -0.541093774510259
-0.596615056324281 -0.558226547877251
0.201287976720038 -0.550710311113951
-0.117651020271662 0.730823474848713
0.444465909373227 -0.771440564323241
-0.591580387672049 0.19629209113357
-0.292721731484585 0.825871416244077
0.154166507930511 0.806018921431145
-0.661900920190386 0.0979827927148688
-0.130905919536189 -0.935821271682352
-0.328841456846682 -0.81654909772551
-0.770396156608652 0.126506849291897
-0.231035446499477 -0.947881554283531
0.237908231754116 0.838325910871021
0.184898636336814 0.71729653231172
-0.0262602293480033 0.579388122960626
0.566447726453585 -0.616245504971888
0.120100253639707 0.622646992034344
-0.112624168106892 0.529320901381755
-0.0833258616112968 -0.602862055165673
-0.588544205240938 0.128726322443898
0.589793902611044 -0.515906152268105
-0.526138342584817 0.356774011105087
-0.331764731695891 -0.654462317507065
-0.436455152367918 0.185371895433702
-0.490472551063454 0.212831845138905
0.254659196530592 -0.288039768406643
-0.308708368869942 -0.496358597673049
0.0212459726378792 0.655419648914898
0.304788486417043 -0.841501968389535
-0.710098658943514 0.179209791008775
-0.730079102244648 0.149830674162474
-0.265678124668295 0.742382075536475
-0.29990841508071 0.869056835075072
-0.910624241621067 0.196167916021782
1.10013402536039 -0.189815384137805
-0.686034076630744 0.00301378239585897
0.869485391782552 0.626791518777576
0.542689867200426 -0.910682150985911
-0.913968693218183 0.309920473289764
-0.494162861756342 -0.785102323419842
0.00903641371211255 -0.994890024559
-0.315661115259322 0.71047271863169
0.76305435937316 -0.130902538770451
0.00574331217397398 -0.600353892009707
-0.700158792208778 0.101590604697599
-0.0406918128123937 -0.421030347976584
-0.293159799074245 0.207118914732813
-0.0906127526460163 -0.247019502147286
0.26785630005797 0.308345369374493
-0.46473914618788 0.0782954159112141
-0.25873153600046 0.257627057488774
-0.278122848641924 -0.207539000212863
0.260549716275989 -0.192967126069103
0.630224830907895 -0.0985174528333889
0.34424459868497 0.132542998996678
0.509228984967218 0.227404434960707
0.373041831023633 0.597427601023568
0.114858497131425 0.634730732284618
-0.0192224023660649 -0.243715428201325
-0.50983713122746 -0.134999917048633
-0.17292477194537 0.657307925527839
-0.664412774733624 0.67689360221064
-0.260015468377959 0.68416362570683
-0.159913230541843 0.684927959622883
-0.785412954824449 0.666749131583421
-0.501197327398925 -0.655523926450457
-0.872454764540685 -0.582160761034667
-0.697065637367155 0.866576245521225
0.00780232135529723 0.844147844006848
-0.95671091950552 -0.524887973724976
-0.518178318650042 -0.314715298836254
-0.843948131290251 0.582968957296764
-0.922782349340658 -0.341909548384138
-0.458110541260092 -0.12749015958592
-0.600943701139544 0.466839449041092
0.278818999257672 -0.0320966476418464
-0.304116010954344 -0.388049798741836
0.463566874481119 -0.0354002668260478
0.277774170464539 0.561766859695196
0.482816734414616 -0.0867685977450928
0.344234007752943 -0.0813558093281874
-0.375809339460582 0.384481071562742
-0.306650759217191 0.332158653201532
-0.168400537416391 -0.331597000683462
-0.24334676439919 -0.429909993391304
-0.288090370147478 -0.448787450558725
-0.740631976256953 -0.441906298266335
-0.432896197069271 -0.112637435162318
0.20153111387783 0.132121385133136
0.416739372903214 -0.0335019634899351
-0.00670399428224653 0.88378389640552
-0.385549307491514 -0.656775882030912
-0.325628737882952 -0.753555569218517
-0.446828062266768 -0.677192212068689
0.384945698375141 0.0587001262586096
-0.453442967635587 -0.700983925156992
0.104611071359913 0.759163394125793
0.206637857209964 0.697896899432922
-0.0955506201055751 -0.428189591567493
0.335619743341611 0.0570949245470312
-0.381932254584129 0.302065412726213
-0.207214906511254 -0.254203894914829
-0.00659103174333822 0.315310270251061
-0.256409518404381 -0.227418069876055
-0.120922489302871 0.192039099475549
-0.102493701136152 0.0713720418329969
-0.0732091690908872 -0.0161004830270499
0.163700521556287 -0.0940008673723486
0.169094382777412 0.00491341124243398
0.108265352333008 0.039184545168406
0.161292007164434 -0.014721124379834
0.128835864173147 0.0874431960721517
0.132713331642445 -0.101515204960419
0.217785357202406 -0.0649004026758478
0.212114530402033 0.0143000086840346
0.245165124815 0.186906262854024
0.447311603213998 -0.131930349977434
0.286688702755351 0.0186634443876613
0.466527309904964 0.196772474428614
0.48693821683259 0.300652311620133
0.357285912341185 -0.210236829190138
0.507957970826734 -0.0374457139120537
0.488335517699567 -0.0398596020908692
0.423500689199743 -0.0662471942558217
0.302329377697792 0.0155264911115667
0.398098144867838 -0.101252277964553
0.192398519917217 0.0847272471503862
0.24024693665679 -0.116560340309088
0.210202351915075 0.056144709208877
0.357119548910497 -0.0590242425831367
0.167707474863489 -0.0489973539071451
0.2770295762382 -0.0154572437824832
0.183101162297934 0.0890550173664288
0.00472634079142702 -0.0893116548385319
0.0253080660619838 -0.0114119081967494
0.00506391487740744 0.0719675066427045
0.0361796067518766 0.0871983957928128
-0.0296869935766589 0.138177643272764
-0.080118196699742 -0.132383570405802
-0.126772403769859 -0.168530097225571
0.101859797493845 0.0475744353186835
0.153125901204061 0.157235186776986
0.0681007015693923 0.29033754268961
0.227699030927037 -0.19904461517354
0.393260620595306 -0.216811840492047
0.23612822838239 -0.0687294370731218
0.371436838502316 -0.252027080792165
0.134746842007778 -0.00341590894130956
0.0682034345523556 -0.0372704659158058
0.213925255044385 -0.0135711530433037
0.0883005218249702 0.0102466188995301
0.431176050533847 0.138352940150862
0.229853975799877 -0.0223816052410775
0.455540036370399 0.254015246718407
0.30145179927062 -0.417996562405709
0.397987125455435 -0.303960454155939
0.734827325188952 0.341812910541757
-0.0627655991744273 0.125486472965366
0.374437401879236 0.477672175546938
0.0102116537642268 -0.574446576737998
0.652151305282446 -0.488547716604386
-0.186223572974619 0.0678380565373245
0.0324156375825107 -0.663851754864765
-0.329402477757895 0.161907230622899
0.226913933708865 0.599922357717054
-0.0728940474851931 -0.537514552446157
-0.205472269899733 0.111770625811332
-0.180679598658812 -0.0402544635462984
0.389301241289468 0.283626053935343
0.182799797568819 0.292877940209554
-0.291092697449907 0.0615588545888312
0.454616183309406 0.0483446253723084
0.495746705851432 -0.108307409642476
0.100211779015503 0.227774533757678
-0.297012452396681 0.049166117261047
0.353459383848203 -0.44050957776805
0.258317149241287 0.485770247089707
0.393599981854365 0.337147787912487
0.762091531005834 -0.0736391511593953
0.379460502477937 -0.608111567539093
0.247395734477366 0.43547977519038
-0.180132166195114 0.499186419232524
0.151239736273513 -0.514062163648704
0.399364834170593 -0.0158178220905466
0.476463598268143 -0.151514113497546
0.0136753399787309 -0.561627352652978
-0.27399820459872 -0.580324201099744
-0.194784181996339 -0.685896627220917
0.533862914104153 0.475497431062021
-0.438207076973167 0.0718621235362084
0.124684486875323 0.405294457212627
-0.205202523019569 0.0651023305943914
-0.320765360976194 0.152264794624952
0.418681533550353 -0.515716392893413
-0.334601128474756 -0.185700616860792
-0.00618899808836006 -0.137880425475277
0.16633571798811 -0.444578826357965
0.174769216139264 0.356914245482535
0.238592376408278 0.32157505171491
0.119161513810217 -0.130397186566497
0.133015387437206 -0.268370411980969
0.233696913264924 -0.340814925453836
0.579263503279481 -0.35724386684464
0.63863755456123 -0.234824145580625
0.0602002050766515 -0.492794082229665
0.519542753574584 0.266180841205062
-0.178184542951113 0.0502520662936476
0.977851140911104 0.456454489521902
0.661156159743581 0.349056395215441
0.869492299862701 0.249456672088378
0.72517882464108 0.253521432456676
0.331310220157185 -0.555564268858345
0.223100745030865 -0.568869170558204
0.496635712531193 0.217864448441233
0.288487109450242 -0.0545543606802442
0.425995825912596 0.0898566407333369
0.0825890756482223 -0.243880610179692
0.00845242896882929 0.155218975709775
0.267682942799711 0.248933061152012
0.11454065128184 0.0940495727924663
0.125010267897404 0.0783650881145017
0.116346408313868 0.17004293416584
0.0363884710249072 0.10129465593601
-0.255050069871228 0.0965397117772041
0.144917801758409 0.17347942845111
-0.308487553553113 0.0600021426743928
-0.0936792958921447 -0.288471943695607
0.173622485406025 0.105006841970581
0.0925798307977322 0.243620318206871
0.170906060580113 0.436691623646441
0.489675016315003 -0.0976237156896106
0.266102478885925 0.578653744193817
-0.32333206049415 -0.245476909218878
0.111265317460028 -0.640233510659133
0.264294813400398 -0.578698695010561
-0.23708877647336 0.45773375934392
-0.333987299051765 -0.608347975441646
0.428710233693156 -0.610807431659789
-0.0964278587995431 0.763376854793444
0.632975141785575 -0.0575642341284435
-0.543525611832543 0.0700969571333812
0.0731151745525853 -0.448387486932075
0.286208318543874 0.499061727385178
0.265212982438405 -0.207522089473503
0.319192805240512 -0.238195158887601
-0.595614347656668 0.247701787286708
0.0411165634395055 0.479559151187122
-0.384358192045772 -0.286325201378271
-0.512284746658422 0.435581877463593
0.0278054437617326 0.0403848571194424
-0.0869630930784467 0.174888242016411
-0.299114845630875 -0.279625971508996
-0.345665587038957 -0.0174058377321035
0.409436143275928 -0.0596656067156162
-0.41286838743265 0.0845886610994228
-0.241924724467879 0.374684336132204
-0.328613875044554 0.14053975062836
-0.296256495569249 -0.0140188227294003
-0.127237576164411 -0.249066213294533
-0.167715110441856 0.219384061284147
-0.135890257929268 0.399963983545285
-0.522181665223097 -0.181551278061311
-0.602586358631307 0.126907284364643
-0.300723150760051 0.403328363791615
-0.103329784502142 -0.0769276563490458
-0.483402803563286 0.434464877306604
-0.444102745183636 0.150102877864591
-0.555862698330845 0.591324329948632
-0.823068782219316 -0.389042089292148
-0.119953030806252 -0.121694485898213
0.194491114578323 0.32030830787771
-0.602184048293855 -0.399806622731497
-0.681567382380766 0.756379516309615
-1.24792980379329 0.235024785750042
-0.530063908185498 -0.49052535469041
-0.938146465372983 -0.486548757861442
-0.857374815653656 -0.308635074244744
-0.369840052769988 -0.337311510085308
0.128722370819464 0.613206186919872
-0.256033478564641 -0.470455304333731
-0.317866857965746 -0.403204218398428
-0.499681048691145 -0.158508906381587
0.626553760100122 0.442507779256854
0.667839477580883 0.498982580291371
0.152537782912793 0.583284972101139
-0.365054415936242 -0.834965575931781
-0.550105639205112 0.280146359312917
0.248186663366597 0.752796248783031
-0.114467112212041 0.926890246301194
-0.266449337917669 -0.676325375370164
0.609685456224254 -0.551490200788913
-0.168342995619835 0.410147742134915
-0.486122965241143 0.345941274321076
-0.0447540196063118 0.82320042404769
-0.698406583502217 -0.177182253991969
-0.581898104092558 0.778724209375477
0.128570971360793 0.813676883151762
-0.659480157056447 0.991548631536002
-0.63959793446113 -0.537820811102105
-0.970532387587348 0.698256692311595
-1.312254076499 0.225661738040165
-0.759508661634511 -0.0468358545942382
-0.680921813978825 -0.139368955134623
-0.562358508906258 -0.712185357282794
-0.341947055004972 0.698819355512905
-0.344478780555316 0.575293484414457
-0.74593258007244 0.352068392817776
-0.612568670434749 -0.629944020194473
-0.0287818815413454 -0.704068936399743
-1.02750354374224 0.194355912701288
-0.703425854960081 0.458130064479729
-0.630880430708493 -0.52893740237706
-0.363267544612157 0.771402237844549
-0.622680849500608 -0.503300282669821
-0.0320934547504887 -0.872618656031792
-0.779737635573334 -0.653301293504359
-0.91664944870397 -0.173816082670189
-0.741567520650221 -0.339305548434726
-0.611878563021289 -0.787389726283811
-1.02093058602383 -0.852982010581045
-0.620808951241306 -0.225973144203238
0.0505483488561306 1.03945667922054
-1.18474521082305 -0.426589985594453
-0.413851117229419 0.688361134576028
0.332961738281384 0.417351277499986
0.554336058359355 0.344679755264429
-0.143055158095722 -0.930191831567315
-0.737934035136389 0.644419828234103
-0.869816208779105 -0.441714565971757
-1.21934383914193 0.201418394850719
-0.828871583451585 -0.405260176683656
-0.119440385125193 -0.588625637269923
-0.167473522578313 0.79902483976974
-0.142978655972857 -0.619563854912621
0.529215986737106 -0.759162432377636
-0.304624662996214 -0.811724813475243
-0.587606419077883 -0.00738115525553824
0.642103122415292 -0.864250667520087
0.0622774252297834 -0.856372284598498
0.11872724424032 -0.718492463364986
0.451509713385907 0.862047285273834
-0.642253314712531 0.409748358268433
-0.18404970451221 0.382745242871828
0.256167320212978 0.762708314034294
-0.045670753220958 0.961477850294565
-0.250220632051038 -0.267461226464846
-0.434272325160683 0.628531137970938
0.209672645737659 -0.757476059881189
0.0244972470097294 0.939082228786112
0.178474231830108 -0.783187043755786
-0.339894350542561 -0.342035914702742
-0.9056705573747 0.180255825855341
-0.122795038327347 -0.809901945005437
-0.374801124976204 0.492730077149344
-0.850230756780738 0.303653001859398
0.189745501087804 0.972259546482193
0.320382052190108 1.05673605974915
0.848089710572156 1.05124013100265
-0.293851562248842 -1.02314590940319
-0.986925057290123 -0.309261937878707
0.415987083644496 0.969683878455583
0.441319026843576 0.889024298335309
-0.416771496799501 0.462708332288487
0.19597341981966 -0.914590580030179
1.00432077073599 0.180241647743309
0.696441523444749 -0.715123790003009
0.0455305146824743 -0.357870380595075
1.28037872831086 -0.238593238844089
-0.613544983740863 0.155805162714421
0.707758348100916 -0.735194658920947
0.770168168262771 -0.646901712379875
-0.17990821132871 0.207490102917818
0.839263418051782 0.546848200018477
