-0.857095679217068 0.322476334542025
-1.13786286667499 0.113075384904133
-0.739857139023449 -0.128624172962113
-0.992287697415349 0.00178556375859534
-0.150391449358873 -0.677732764751591
-0.251507710852698 -0.599421493300055
-0.249731576931232 0.0323201383234817
-0.274191373414212 0.17892406747004
-0.205303194892875 -0.375102441634237
-0.445517835425631 0.0375495753852863
-0.506784868370412 0.00140975934734729
-0.306529336655797 0.0262313325905399
-0.46084824574315 0.115516717293165
-0.332774615588155 0.104489304794036
-0.346951278669489 -0.0410904275714378
-0.385178387585527 -0.227728275394724
-0.217317000279102 0.279843580311247
-0.272987809044618 0.308905097156665
-0.049025879315662 -0.161809878465821
-0.16951043439229 0.0461072119186208
0.0884752018932739 0.0556842919881186
0.0526317654150982 0.217712873046644
-0.175570468365718 0.0840591620576226
0.111636132802322 -0.107736099188024
0.0731821869164097 0.0623391479460389
0.102508483463161 -0.00228835384478954
-0.0103918211649407 0.00194858570249539
-0.0607324709494478 -0.026957996973811
0.0912583095229579 0.0946858930852873
0.312931565593096 -0.00362580077795058
0.12577914424242 -0.0465871127044992
-0.095875613475211 -0.0710093288107991
-0.172380096671269 0.212235178643167
0.320642963634674 0.0607111322042163
0.227429761264936 -0.0805495319322762
0.26815386767168 -0.103680811461735
0.445962094029588 -0.0464367491621583
0.227469954255778 0.428890614031539
-0.0476577731998497 -0.0261945415058594
-0.0143066329365544 0.103608144431751
0.207992379879127 0.354002779587797
0.0612487095225993 -0.184357537811562
-0.0724304780864689 0.182087552252467
-0.403791702049877 -0.321052661149095
0.0755324060504378 -0.0306447750432168
-0.318906050395558 -0.177521028803013
-0.398798181051396 -0.371741321827703
-0.368695922690233 0.503611924355404
-0.487551417933916 -0.374195301079808
-0.365835491017938 -0.287544689382307
-0.679327597363339 0.0795330013344864
-0.272074959709797 -0.19381458163442
-0.434328299488765 -0.174794530003875
-0.498024922738069 0.0178710958191733
-0.458753317830952 -0.108594954655411
-0.0367168635159132 -0.299540747761756
0.0121413342926529 0.423054359713046
0.224894752302856 0.300323903510067
0.18536785650849 0.582517966924776
0.800734086943041 0.0981184975304515
0.0786027320408602 0.602170780692553
0.113849248543948 -0.460863242620909
-0.287580440727652 -0.249309105454952
-0.219734406101598 -0.497521279507814
-0.681170851655329 0.162629596238677
-0.190908250817678 0.228593917788851
-0.187364149555476 -0.263543811382169
-0.377261645098067 -0.348129046370579
-0.175879554701371 -0.442633366827398
0.0409346618605106 0.00111324318256845
-0.354313300025001 0.0463012993638435
-0.26247798692898 -0.00413431440764445
-0.33018148944567 0.271446632346217
-0.40283990156924 -0.0819339659057856
-0.430512853049551 -0.0285624728443116
-0.175624886992157 0.0606081104190623
-0.301062759278039 0.243903956564755
-0.290408647335068 -0.242004688118304
-0.539002074126937 0.00747460819959944
-0.501549549645468 -0.0840396848942587
-0.155852647276688 0.0483202718895731
-0.713192137017395 -0.0063706983081629
-0.620833693988464 0.0362208872714583
-0.117720696681991 0.252982593426559
-0.766141828972916 0.0292804415360473
-0.247184719773381 -0.462553546243578
-0.804838487230665 -0.0570012205116477
-0.256296611768279 -0.654342591260899
-0.0270501004864144 0.70347874176339
0.0545093039569243 -0.430111069519623
0.154411269050602 -0.436877278082281
0.103404764444758 0.604571570068927
0.0595575856494366 0.583281574019863
0.123532276830017 -0.603913176372463
-0.312900681141951 0.642662982578054
-0.283432566480967 0.041196430027783
-0.33790858723113 0.567391807602243
-0.731990895560977 0.0238618852802981
1.036863078197 -0.34463779620301
0.450772546416607 -0.95958331412169
-0.234774689022827 -1.08454014886463
-0.755313497787897 -0.390486667038273
-0.279463339432295 0.116896044372874
-0.960226844482429 -0.040223322819347
-1.03652976763637 0.510113709064392
-0.96329942418428 -0.41080473880321
-0.161137153155862 0.877973705718858
0.101910263085659 -1.25334918409195
-1.10999214840378 -0.593247476537071
-1.45673584342331 -0.0342375581151759
-1.46782189369292 -0.041713634247939
-1.39467042618162 0.429949216461469
-0.572856463162725 -0.960637041153993
0.166979954613943 0.152821900525271
-0.0761837483104316 1.02692689358163
-1.34294861839744 -1.0405995747276
-0.606642105706295 1.02669555695601
-0.558782192813002 -0.958521975342941
0.554419185727734 -0.0372269154065605
-0.983402462983065 1.23425484143018
-0.795062310921119 1.20819117961471
-0.0251647589333031 1.27652271229269
0.866267500930806 0.0924581159426442
-0.463874736031253 1.22129883981864
0.236135587871802 1.23202123584897
0.985178413134399 -0.432266522514656
0.93989082920108 -0.252966361528487
0.919896647520042 -0.23127618468082
1.09861093244848 0.138662602869555
1.15131623916308 0.0823999547131228
0.797395660302723 0.522255786387231
0.811045055504466 -0.362795603877939
0.805836309003641 -0.0979554984552652
0.934812527229955 0.014167498415828
0.985670154006133 0.148536367777552
0.903518392379018 0.192711726824804
0.97031013618217 -0.105946907022052
0.571258901009784 0.0328306912349103
0.827681909765513 -0.41593624520834
0.333379416203804 -0.0133553238726718
0.744544153803209 0.387546304446399
1.34217879584041 -0.0127269166688417
0.720025136629476 -0.740724963245592
0.50101187252505 -0.625527471296378
1.29350674182078 -0.0178197697597343
1.36775837638617 -0.277649921195089
0.737059176434588 -0.448326878635823
0.248776414820969 0.955247036539142
0.686479168616403 -1.01993878836971
-0.0543472251328816 -0.956909103139859
0.057358973563388 -0.827618167193696
0.453512973407556 -0.793902348467509
0.246556181741359 0.689255158207599
0.88722881931275 -0.12824480261765
0.396740899695053 0.359362627844403
0.775798771178108 0.456155043794227
0.0959600268114316 0.077311336355685
0.0547057473548224 0.0386840078400138
0.444712974634018 0.137976629677712
0.130105783675015 0.0257713563165764
0.216229790550247 -0.00362301436505314
-0.0440961383695648 0.127693616685973
0.0783210162875416 -0.213554990464093
0.159906423493518 0.131931500592642
-0.0969737939168844 -0.255018727553763
0.0866522314211762 -0.178106696174015
0.18827356566449 0.319735130203108
0.00053960295153163 0.331151177514033
-0.0303453279515785 -0.290511628373774
-0.162050842764121 0.396956139609796
-0.266494065193138 0.037937396927985
-0.228212996422499 -0.0529276473498255
-0.63111407558777 -0.0601018096201268
0.685370002865852 -0.206303861740724
0.412222787182443 -0.699486021360268
-0.0557610508075794 -0.72510579427874
-0.412384638396025 0.438905908685596
-0.77598902270001 -0.11102428133643
-0.469408936445284 0.150488249480497
0.153392016217151 0.098917928120539
-0.16212298284431 0.36597452650407
0.357551495127034 0.337165433323256
0.494195416620548 -0.033107480269273
0.155220258155571 0.506082327779388
0.606102861604472 0.0249624220901679
0.587383061856466 0.00477092883439961
0.553277333032662 -0.0587554107649125
0.36701100726706 0.0853714452252431
0.136481985092029 0.201310343963305
0.312294940427572 0.492759356562968
-0.0457291258008468 0.29458795520364
0.224017973335071 -0.471624443343815
0.162304029630603 -0.512374705147093
-0.211107339250363 -0.802252827108414
0.308591609888819 0.515948416102134
-0.468054077101502 -0.0489627165458103
-0.629613158933778 -0.449773072189696
0.481383178067613 1.11299261323006
-0.563839600669679 -0.0529887908013461
-0.424861501945091 0.61188090712948
-0.635521887159446 0.00603646213182332
0.142781767845123 -0.729507737032576
0.208686937078762 -0.670355304360805
-0.215608305745088 0.0574876116396317
0.486050053780941 -0.659650648274566
0.309780151471516 0.638462774543459
0.236168615303482 0.083994575808425
-0.0222337870367294 -0.0701389349966024
0.335959857911724 -0.459034874764578
-0.2692319997356 -0.0272834323895056
0.289242361233603 -0.156235076964606
0.215057891241235 0.159050508675726
0.507247450500757 0.097845690679307
0.323803991976633 0.235321587512958
0.604059933478893 0.0964074488935455
0.46194291001575 -0.127023347057191
0.316561188276242 0.164864749311197
0.41092644615684 0.456759813623239
0.559247796793164 0.479822375413791
-0.0813394491531295 0.000424912046934425
0.615075402741035 0.330017855513976
-0.267312044591776 -0.325073400438958
0.266055189691453 -0.730991465379711
0.81055490976193 0.45033488301487
1.071785789738 0.598343178225903
