-0.649476721508715 -0.306927511433104
-0.891566027648707 -0.15446468950439
-0.223263724675435 0.220880480091083
-0.515186022857262 -0.144650852695929
-0.180255265794094 0.396596970354936
-0.550913513009851 -0.163828085382343
-0.531249275397888 -0.0366924194329569
0.374601105042508 0.0502483050010398
-0.415346006079348 -0.0707538738988931
-0.264974881728064 0.0278296339171474
0.0494966695436851 0.294722030705342
0.0167001308724673 -0.098218688173765
-0.0324071297991117 0.117798020833552
-0.151251225884932 0.117540193299347
-0.316028656755828 0.149669954429133
-0.335303784420542 0.0926262076182469
-0.181298723476719 -0.0791132997384752
-0.0634874991296285 0.0581577485420661
-0.212559072528559 0.232059117070421
-0.0954714029299511 -0.193514956580059
-0.00278822582359934 0.181477387967865
0.0307588413686727 -0.213487357877271
0.0138553209847304 -0.0582668608040953
0.194688879162446 -0.0303900084803414
0.116354998941493 -0.126285385542658
0.0101414454974222 0.0282947647183109
-0.0138864889856815 -0.0286366136752152
0.0979621317050096 -0.0137605978666982
0.0778701584325391 0.0551691637852165
-0.0641386019944077 0.0148139665850495
-0.0514173717028831 0.0741402841167161
0.080199245409189 0.0873434563250284
0.0768301237585437 -0.0598967893236689
-0.189629762440597 -0.0235312193416351
-0.0417464125657109 0.176077821947319
0.180381987288812 0.0470953324071947
-0.460382384244115 0.0393177864327268
-0.127316469098104 0.200305019192478
-0.343394793224096 0.0106851503172968
0.0631548603932302 -0.127790610565809
0.123533259263083 0.24723000677687
0.163870224235564 -0.0173790920973089
0.130949985841321 -0.16640994001313
-0.0532747605937515 -0.018333440364658
-0.0867489289537686 0.0945615385265053
-0.11915587984064 0.0498940780836616
-0.0897021164111018 0.182606425602104
-0.126652034295434 0.244835260370268
0.0186502674137625 -0.0244835856044045
0.0159195031528449 -0.213320879169118
-0.606000109270781 -0.125475982367559
0.0916763893638221 -0.00647407994900012
-0.492633883583635 -0.125539469527184
-0.0419721840251681 0.0362197283430033
-0.407553112513171 -0.211368623864766
-0.183589223133712 -0.149485111767739
-0.253955792343121 -0.228691024437659
-0.138019536078464 0.228168302969356
-0.0668592712035039 0.239409372646103
0.0479332024662374 -0.145972608623068
-0.111785121735721 -0.114425824776688
0.097404146495885 -0.288753388457916
-0.314773214101568 0.144715755571295
0.118770450710399 -0.349252892682543
-0.38214973094547 0.255538969981219
-0.0203734862666952 -0.349086559769932
-0.262273210516319 -0.526193549319969
-0.556344986059436 0.0131364458274693
-0.188550975548986 -0.218721619254765
-0.574565138118916 -0.14675885934529
-0.242655504152719 0.182083418984626
-0.229383512169657 0.245218404332258
-0.811037831887118 0.0261204894016986
-0.425702923896071 0.238853323472438
-0.278677081861673 0.156724617388511
-0.313448587041637 -0.144855625594373
-0.24493712305509 -0.111431122088615
-0.217971693645305 0.00260787865407065
-0.0968741161373912 0.0594645475647154
-0.207807408113676 0.0584992388525923
-0.176211850025361 0.056618431511216
-0.20096525505465 0.20599807223866
-0.278048034475067 0.0940489321428122
-0.374114037813476 -0.00068897860676715
-0.219875325254344 -0.00375413077064227
-0.286099054608488 -0.060415188550839
-0.420380364061982 -0.0273853430403906
-0.329870432387815 -0.017844371348569
-0.456480763248997 0.0391445834214588
-0.159724991192336 -0.256563287728884
-0.048154520353369 -0.20562617154117
-0.225122406039038 -0.385203882344921
-0.218990225231924 0.309777777794342
0.251890321728468 -0.502800559241426
-0.146570025424947 -0.269438201323584
-0.180534942994135 0.427334427412835
-0.158573921621657 0.0812211998361227
0.0755641266059327 -0.358038508764392
-0.320233660437222 0.016697388825763
0.165199538401713 0.523833784878216
0.797508499968444 0.0630616587386523
-0.455524059018603 -0.00321005949827004
0.100930989362311 -0.595549754270136
0.870971338724487 0.0690558484447727
-0.376333450340843 0.18834897705873
0.273522934650766 0.432234290651247
-0.244144300223641 0.294618631111587
0.109331501309249 -0.4731536758138
-0.00684367820505268 -0.559787042932174
-0.303333606862815 -0.653201324334018
0.356941597747505 0.198887224354851
-0.87486078917211 -0.392983863122228
-0.192818264696643 -0.764925793071702
-0.455265077348391 0.568166284415196
-0.620139257210961 -0.504316768962837
-0.584641497181781 0.470888785686591
-0.184298834473718 0.69676782002713
-1.00917356132225 0.475278864394188
-0.58273312508341 0.65682020293627
-0.344236953709791 0.68137231115383
0.000581746511807949 0.166575898305692
-0.764677481380866 0.669584198134607
0.0654453267421101 -0.0261020108850616
-0.145191272077435 -0.170106176164974
-1.22458805036849 0.40457943055419
-1.08352403691469 0.781147529892844
-0.591594255014466 -1.10012697375255
-1.88664991738857 -0.310778666647243
-1.48385478790438 0.50193802611415
-0.316470824849704 0.405534469223479
-2.73710404229559 -0.187051115948995
-1.23645859320133 1.06545046676958
-2.70489483286339 -0.206922272585918
-0.625945420623472 -1.38897362650812
0.403493373637721 0.0526222461434006
0.483945273204602 0.0864451265247294
-0.289102743724012 1.4321564322189
0.591242671989422 0.057093756899609
-0.318494275957972 -1.42306978886367
-1.75554432616269 -0.676226886585497
-0.14891057895087 -1.34379542904435
-0.0738946403412046 -1.31080659770626
-0.3187080382302 1.21054980281136
-0.968578556841216 1.06079871479673
0.0664118625260219 0.952616215059377
0.625660174173315 1.06528300211141
0.862626917025038 -0.0625986436702108
-0.124521353449814 -1.07645378109102
0.76401804387223 -0.135911276153379
0.771496242748673 0.496686944523507
0.393927022627997 0.726012900672845
0.327826719012994 0.761837735074179
0.637581091185483 0.556407355044944
0.555539379338084 -0.676589641042762
0.591994255352435 -0.606069121865355
0.579699646927514 -0.507913300058262
0.114802294099891 0.457584995306785
0.639709824383731 -0.428631983467982
0.26554529472238 0.513672615657054
0.778109059696122 0.166631371242408
0.5231995803979 -0.25102776734288
0.345855895643108 0.044457931282303
0.770704117753144 -0.030957920908627
0.665246800099023 -0.0473498456916243
0.747701108025392 0.129332427601349
0.748542357232928 0.0822764615036275
0.872427398957268 0.0323185447365362
0.97111366694591 0.0149513401540759
0.917712088546314 -0.104262396080764
0.928582576389559 0.215069720097467
0.808192647932865 0.346416057151572
1.18618417765455 0.0237032910468344
0.701567313983535 0.11057194069906
1.18568400057848 0.409169582967046
1.23012282026756 -0.0416180709233504
1.57541035211224 0.249863313673671
1.19614804386035 -0.153152962627262
1.10977569229089 -0.368563128872157
0.548138896401892 0.212713955490514
0.573075530060344 0.126454327946376
1.17675114595407 -0.423196116582257
1.16528426550915 -0.429394259808977
1.08798624907705 -0.49939309928029
0.254220534113255 0.141857075758879
0.269048736677409 0.189820106238906
0.765823189742186 0.940057823970924
1.32626051157451 -0.89525216270382
-0.0190811703491691 0.365775056860372
0.950965778788134 -0.390026107958824
0.185275801374479 -0.293234476532439
1.38618088325637 0.312738631963915
0.639167339832305 0.694732953326019
1.15851521699513 0.78241013706016
0.433104133608994 -0.799778630189381
-0.381998914905929 0.021555200037005
1.37430977242884 0.107791623375638
-0.137296453992854 0.0762597274592224
-0.222278598624481 -0.0327368151402286
0.610043888067767 0.747883368934962
0.745640857552151 -0.565215838503431
0.784986274260179 0.51635036058233
0.0990804387998335 0.756763239529431
-0.0281021832167349 0.737619856929178
-0.497828153593337 -0.255168172722489
0.466616217482585 -0.358373610150059
-0.566163542368892 -0.193178024073589
0.0604877637757292 -0.560832791187438
-0.119524799271947 -0.338884182503048
0.118225755477282 -0.380325636021789
0.329581204270632 0.357031062771648
0.190072625779887 0.443379575958701
0.239087125351504 0.36829015406748
-0.0482034111210064 0.0726787452866808
0.0809178038109409 -0.0177820048022847
0.294125489659394 0.0594565800525475
0.0752681951908845 0.0533555034958402
0.0277354123893971 0.0181128784957571
0.107547046062581 0.109708335817909
0.0182883184008291 0.2084280878189
-0.0532347789318965 0.0255400678518754
-0.178409290426925 -0.00851689618078966
-0.211370051274594 -0.132999415962127
0.0109498558096772 0.241896056623509
0.225616652958206 -0.20100137612746
-0.432574166784219 0.00911121980945801
-0.429791217668491 0.0673117711697968
-0.45643659531936 -0.000643800561893401
-0.25407388749364 -0.131207533655882
-0.221511868769818 0.502910060317739
-0.352332998824852 -0.26809553877878
-0.150534497384379 -0.397542047581357
-0.117318550936878 -0.116802603275605
-0.17581137628237 -0.263494840167525
-0.674459429006059 -0.0221223300000539
-0.0593198109963733 -0.34245215185483
-0.181258079564419 -0.3872666118902
-0.0681943050186907 0.36715657048653
-0.335325787039994 0.330036342671731
0.0902543963531504 0.176871166410893
0.352342989227012 0.289861675365337
0.451955604157956 0.0460281739868602
0.231763699004494 -0.324362060541826
0.384474283601672 0.0222480276392638
0.36633249534696 -0.0113074177038374
0.279081594187354 0.0439527834861967
0.156822994626431 0.341747285381894
0.100135351047328 0.401712411114378
0.379438359465894 -0.46524051250683
-0.0771660867470927 -0.326732205159384
0.0542413265218027 -0.396508077995875
-0.565622288942498 0.288707225784267
-0.113325919917926 -0.531321762936729
-0.704967028573687 0.208840879905418
-0.0250658675665682 -0.591011742854784
-0.12785140927273 -0.747897711447397
-0.775557997130366 0.0345781601819092
-0.116367941702032 -0.600440232667642
-0.519273903556234 -0.34272921106118
-0.352901033328099 -0.369150712657427
-0.101409742412404 0.543862649159285
-0.42364008539324 0.0123888016037561
0.0332330516026247 0.648677089972514
-0.263476267671747 -0.366706974767011
0.0510561190731491 -0.336750610381364
-0.33135056730619 0.101239279276315
0.0834677496803985 0.455018670122276
-0.39101450987844 0.00348266338400422
0.184659881024133 -0.134247218771839
0.13377373397358 -0.203141438545668
0.27498924930736 0.00482012930471245
0.239676277992104 -0.253338149380452
0.444527090315393 0.195368209932308
0.434311071455575 -0.269554933672684
0.14069832002509 -0.336718382671321
0.00318990665765763 -0.166774097338955
0.344888159366406 -0.227676644232053
-0.252172919365716 0.0358101172247349
0.305154714821748 -0.395431924594733
0.300225043617756 -0.439634355845906
0.25032370428298 -0.557281557641616
-0.0127838309517322 0.719255959439821
0.762766422186109 -0.336465358150546
