-0.600210855675589 0.575087430792262
-0.225748955020154 -0.0215134834544595
-0.0994387302752676 0.0150889370070918
0.112378305616086 -0.0731347018180276
0.107285732300819 0.136553396826618
-0.41520808593179 -0.519076565985047
0.144850238119538 -0.00562618855490134
0.266231075866727 0.100876706975819
-0.277514262801973 0.653555165002057
-0.365622149698348 0.634048894339767
0.315793037312361 -0.0717756359854563
-0.295591404878486 0.786042020729526
-0.207751759982753 -0.738864526403916
-1.03093642757162 -0.628055795362824
-0.836059850730133 -0.682205397042136
0.671185746562563 -0.078774455894794
-0.0355178373702552 -0.980214858934225
0.132216470325183 1.19353828627342
-1.25683785458753 0.150060515527786
1.21068249768362 -0.0196808572245511
0.374901550520369 -0.9529203160141
1.22869048364353 -0.0332008318036281
0.674059909540048 0.94105719196028
1.06154508469369 -0.114165353591183
1.03121767429651 0.177463307616098
0.866024512195569 0.644320211486841
-0.350717974172523 0.0547259945477513
0.697471675038743 -0.628483801172197
0.395157565248229 -0.39981630285743
1.05225156590654 0.00515770703212949
0.31616851166309 -0.399822741555565
1.0884508275838 -0.0233792564408899
0.949287574881706 0.546229755705473
0.656993897938811 -0.582138261540481
0.823422407491478 -0.0239278700220702
1.07622746020923 0.00630150601753393
0.824440213732297 0.349676026206587
0.262501933614049 -0.415279429216569
0.531372024376597 -0.483193362443514
0.76287685809341 0.0831238002630802
-0.0602643834555316 -0.525181023343259
0.452993498108778 0.708946494857256
0.175554146282835 0.70502182715871
0.661287904395199 0.127032714546538
0.241351710885941 0.767899938954894
0.759346003196137 -0.234687489575756
0.10603633552814 -0.762883947415952
-0.0146653837942389 -0.712546657735015
0.386730491146196 0.320222365710265
-0.870943559325933 0.123052607208636
1.14587944632368 -0.0616086650767811
0.600448010421334 -0.935849889420188
0.00576651580865518 0.105758768409069
-0.332298664842559 0.254911877734363
0.31781135094269 -0.856816703016887
-0.241977759585466 0.349892431947287
0.316292503969035 -1.01811500881896
0.970411818238405 -1.00601649035787
0.612819543587484 -0.86711109834493
-0.509712184417521 0.246796435329037
0.246224283079613 1.20726717721042
1.15969671208433 0.812433062376394
0.117748354079633 -0.952506760127461
-0.627436361165791 0.0577061482074735
-0.000114776690771973 1.09682840995599
0.85370883156109 -0.807721470784954
1.23224599731083 -0.0254026344227316
-0.919895149633396 -0.0179785398678748
-0.585423810630967 -0.881458401222721
-0.256912365274845 -0.781232867101773
-0.307561714566671 -0.770242240164506
0.566432284206318 0.409154148733977
-1.00327593885748 -0.0517215577811444
-0.00965864120448715 -0.82766188158509
0.608578480771841 0.0536445763871113
-1.21545322512046 0.202127931435181
0.427299312750692 0.0425186131201934
0.373125586881988 0.0305656821050369
0.0217017463103667 0.252625642684293
-1.14535343968858 0.176325122556613
-0.802291617582406 0.26562556310182
-0.92211196862542 0.0683614658053585
-0.729946449264646 0.160035955539256
-0.513815803984319 -0.143837745682245
-0.83637866825295 0.141412224247244
-0.730672612968982 0.107258235742009
-0.821524521729663 0.159257325742157
-0.489763421546605 0.374277073712903
-0.475318433039977 0.421482010002567
-0.779019982827955 -0.229287075357447
-0.626572630764543 -0.0470618905806272
-0.42494574974981 -0.30330355884711
-0.911280538281554 -0.397241447482919
-0.703944784840025 0.539969233714296
-1.03042683699266 -0.504854513510395
-0.90331507522829 -0.231566015994031
-0.357037778915967 -0.875255463266453
-1.06270087238129 1.15037160311587
-1.22825885370201 -0.897961210148507
-1.58258357346834 0.47956717830046
-1.42910937278913 -0.590242716943879
-1.32748737427354 -0.183975426278834
-1.55396539146312 0.0505712596742749
-1.49467869019093 0.59791433966001
1.06010216767352 -0.054241325841344
0.725411167088258 0.742369191034502
0.197405324095629 -1.23661457417685
-0.873949655182995 0.382076749757884
-0.768188046922559 -1.03271966124636
-0.285161695537507 1.05779625639958
-0.766978728218577 -0.247478498159582
0.638417478523409 0.47034276772993
-0.832680117710204 -0.642057279135009
-0.342748689672377 0.0676973347572429
0.0346795257725983 -0.364393416776961
0.0239673402837406 -0.27443548862836
0.43641420491587 0.323327950444501
-0.550558497774695 0.306954795942544
-0.0921961282188612 -0.644597191961824
-0.0447735154832762 -0.14166741646481
-0.527618715852124 0.370632558158877
-0.202814316264831 0.482388315195527
-0.316052241036295 -0.278206606696718
-0.179919684862292 0.503011201028986
-0.0738656231164332 -0.0890648022476093
-0.261669565666233 -0.350765302783809
-0.388377224971501 0.0142739238176037
0.0186498878977518 -0.342942564300281
-0.0847440500908128 0.35650243367184
-0.218256678591103 -0.183930083844078
-0.390289460837168 0.0326183311137863
0.00926172272976736 -0.316892205900016
0.124371793434355 -0.412872462516419
-0.0106330056141104 -0.40851757845614
0.136158746642516 -0.355601211837654
0.0354146786267061 -0.199133896899985
-0.0561248691593284 -0.26929301329319
0.0097737839719721 -0.127604303296896
0.37975716474139 0.219444981696519
0.146333463482938 0.239792109896234
0.0283506856555284 -0.0628694924247967
0.0744926632312065 0.0967853520575178
0.267033740010917 0.183117061648132
0.291582069342585 0.0799663544952823
0.42190031496465 0.0246094981219673
0.37459050051504 0.131181729456903
0.322086760437858 -0.0118549623020429
0.394148201659917 0.0107126270338736
0.275954314926007 0.0754446125879942
0.285339219618172 0.00670732355352907
0.204234454147126 0.216743887817958
0.333044503706124 -0.0323463956205373
0.521061596920542 0.0871973720396969
0.240222028360623 0.222753132485789
0.390905055437561 -0.155040415663821
0.569118385207356 0.00987046828652018
0.323666588467129 0.225543532849987
0.18363808119072 0.260672639634755
-0.0153591700759494 0.0413228376695379
0.0685494058160874 0.0244516556355545
-0.166356060538377 0.0916131470619916
0.141651522390452 0.0899219227624936
-0.0706442996186546 -0.0542169622240151
-0.158588387960963 0.0597372297757224
-0.0910740639544733 0.158762744715744
0.0648325195936802 -0.178544145258014
0.201789599868008 0.0133298835259742
0.0555367835513128 0.226420383958597
0.0850285070464187 0.0501218614701783
0.350125753214017 0.0714122792037158
0.118382173854029 0.142925972786467
0.338842872966638 0.0119658332812145
0.0864197960391276 0.16913521204763
0.269507301266922 -0.0492773017454655
0.0740548816829662 0.0291364528780923
0.197952160968369 0.0837716286058516
0.077867857539091 -0.00498899525983133
0.25030598163044 -0.0136697042665546
0.222096089735969 0.0395202465309439
0.271739310639364 0.0749258671881168
0.29028284586955 0.115349420014823
0.171403725788706 0.0455956577612024
0.0781931765024097 0.141942170153608
-0.0328303450592875 0.0994128043120681
0.022699165015234 -0.0207207881896859
0.0953844731339196 0.045859438938357
0.0911700840708894 0.0176047625783276
-0.0571096391908574 0.086087281750776
-0.0308713330093634 0.0350062990177129
0.2153308950231 -0.0850281543924385
0.0186768225291708 0.0440020554209773
0.152614500231044 0.14614429025719
-0.149822646331356 0.105299232367932
0.101855313132391 0.097957939376469
0.199140476855639 -0.182623395205826
-0.130861879159736 0.0912401234797092
0.0311101390767482 -0.0292423104740278
-0.112794848297958 0.326042086076773
0.119762071124072 0.287136378804915
0.119445839288281 -0.131758387163288
-0.253994708597868 0.136862755031532
-0.0861970944743164 -0.207658105019978
-0.180184188189742 -0.198337640730821
0.0676449927645536 -0.364704052181968
-0.270331011796877 0.105505997413788
0.13961328457678 -0.18326859851403
0.34835841029976 0.492478787120435
-0.111164055832761 -0.426781608866712
-0.463210552345236 -0.0241147516906918
0.0296920614054527 0.0470385333386091
0.778885772667721 0.304532599429125
-0.410070579040008 -0.000632831370571227
0.657494965647424 0.594383014398091
0.049647874854437 -0.477428912658724
-0.243556210215344 0.143516199702264
0.0960796534526839 0.639001117074404
0.544988993530949 0.230184539978788
0.502266212711 0.275118896128767
-0.436115491002181 0.424091842695628
0.0487870098407613 0.436127244218729
-0.0854662040533754 -0.275100591699495
-0.107484568276845 -0.315445558176953
0.199493116624135 0.0386136787035792
0.00464864812808139 0.352264020849733
-0.322401139240481 0.313924859786233
-0.43097531852343 0.3863650043757
-0.182347123866861 0.30302137252757
0.199751293473724 0.125578351022526
-0.147967954672129 0.220501163986142
-0.363774042467543 -0.0336522000456444
0.174550087663331 0.0841552398441933
-0.0451989968521699 0.520807021049502
-0.303784944524402 -0.293967267232408
0.334045283723448 0.0538569882725419
0.335028854950187 0.0515216780480961
