-0.284730877519549 0.7946934512338
0.967364734617566 0.0553206238363142
-0.257283621663278 0.571926469596979
-0.0324232192447816 0.709916296984438
-0.165430658752417 0.55868271613586
-0.547536244581351 -0.0428820809417973
-0.0411471087851599 0.272834627636162
-0.257355502180567 0.1924487208229
-0.2473802010783 0.123390450467179
-0.0946729883095771 0.093403297025275
0.110428817619837 0.0192522657509337
-0.160581406713627 -0.388882641016501
0.215750803497877 0.0636558879283168
-0.277532046698402 0.0767772557178339
-0.0368127739615676 0.157463104611746
0.17890007261712 0.273274358104069
0.159466380368062 -0.324599508494155
-0.144676850068512 -0.201155295133209
0.0680814355022066 -0.0134677996298845
-0.310728732665584 -0.195136288619457
0.471672866074066 -0.0268462151343633
0.0890766681408148 -0.392904529766722
-0.126246224653244 0.337180902872579
0.234476391494313 0.737806937270377
-0.205623962294377 -0.244289956860947
0.131063659555772 0.53669909426939
-0.0808807221741729 0.543529945662959
-0.476903501845874 0.0714535368555429
0.814760700255952 0.360923888709127
0.660301356855991 -0.0674130584727759
-0.663722663257681 0.282582007393386
0.0136291797661802 -0.477758903026675
-0.610146134515542 -0.183335002379779
-0.39157883204335 -0.225107373302747
-0.603064851999377 -0.0181179291683581
-0.723273501569805 -0.0341520632910128
-0.481718915033315 0.0319703299889137
-0.487807386626573 0.288764531526283
-0.320832659540668 0.279392281158967
-0.381555496980736 0.229063814680876
0.395450940969798 -0.00955829731018489
-0.500201221150553 -0.523906865322184
0.732463529269028 0.0165585843749828
0.550741353812304 -0.286516429046717
0.254294126340422 -0.490125932209242
1.12344189897269 -0.0606873334726999
0.917185752311736 0.701785739685264
0.434190561410783 -0.710197875845234
0.635992897220562 0.795987277767421
-0.824286323456903 -0.00644622038254492
-0.0546677280028628 -0.746879627299923
-0.334463222702757 -0.525459006642797
-0.221125854978817 -0.359413726984079
-0.587754274784276 0.0276668945865545
-0.20576830644332 0.0129358810341307
-0.385210189471173 0.0652880884138883
-0.35110355478678 -0.0167990902841245
-0.405164548149974 0.180036689460604
-0.0223807814042117 0.0544515644509232
-0.149989819203423 -0.194843172991965
-0.443605354998406 0.485900073163056
-0.659794124243369 0.116504334447675
-0.410278218718903 0.000976517660905269
-0.621045001794874 -0.370274310528787
-0.896306788684297 0.0134722997419793
-0.554967947017681 -0.20295398100361
-0.191574921827268 0.0958345053995696
-0.726574605956086 -0.141772027120027
-0.285659802273707 -0.494525487018677
-0.581834848463194 -0.309868927491788
-0.482689563605637 -0.0697872054469857
-0.348676021210737 0.0791947587157281
-0.414468440098309 -0.572429003645884
-0.16641310033388 -0.154355454174072
-0.440701359215384 0.527268572994301
0.267618868118892 -0.230474365350633
0.151181173935352 -0.0251495887003361
0.0559863292528122 -0.0278408867004886
-0.0509531889254859 -0.00946536776623813
0.148812964963347 -0.0493506219886254
-0.14571590177533 -0.100048957804727
0.481625463885093 0.139840802530306
0.305604503323211 -0.427717793931136
0.350970331924779 0.240086079078445
0.330673084051942 0.46387530337292
0.0606611549225606 -0.402280947572342
0.600632421440047 0.350081167629144
0.0564684019814635 0.57220931093088
-0.51318090342267 0.0201003242164168
0.639791083856721 0.425997680152383
0.946369214313725 0.052671239969039
-0.329312024326811 -0.270525580006358
0.359487177669608 -0.376612383081511
-0.0917204818995658 -0.493348034675198
-0.00107595815319159 -0.45168778595145
-0.413177393900388 -0.122306767360223
0.0462118552220211 0.0451475670135316
-0.0947034207750737 0.65421996020188
-0.228235740337691 -0.476169325272328
0.215064978338805 0.0873703797111349
0.264459747677265 0.133464349891027
-1.11331359134903 -0.163129330881626
-0.618670622392166 0.375209476038943
-1.16234733797529 -0.06168878679189
-0.811100989885605 0.425676935514588
-0.413393862633269 0.716748410476753
-1.31715013072567 0.121546543956517
-0.83772687873917 -0.665976368717468
-0.0549837714880862 0.93204068713037
-0.526729615454058 -0.612373367185747
0.694977882788182 -0.140192513674895
0.142327402919201 0.432369946930902
0.0264626045503476 0.192539037296521
0.294290407397992 0.165784913517755
0.354853517219887 -0.131415027658249
0.321757373674621 0.0673094543121646
-0.0595687342942254 0.0823930453767248
0.547930714264878 -0.186421742986271
0.559749481547868 -0.331849599420461
0.0119553058848728 -0.149083796940748
0.0599006753022077 0.314158393399719
0.580428527132252 -0.43527364526116
0.777782680539246 0.130468945203285
0.618904729648028 -0.0444926512914474
0.43435450177328 0.68877787710063
0.81125481789764 -0.0102625492096713
0.444239083850691 0.590562319590518
-0.512463031862883 0.141393849759346
0.821232503382233 0.193070596744851
0.368582169153791 0.431772000766865
0.619362073828704 0.395741465440601
0.597113330330891 -0.184012372107206
0.143905663053988 -0.0834666328531253
0.749945394907034 0.253876276028466
-0.00477887397256275 0.0386302767857036
0.532045115440453 -0.506243371625333
0.0774047960270729 0.161816922622133
0.0602411777285894 0.264030917611793
0.1945410370467 -0.358035124942354
0.0402784257387612 -0.439540420656689
0.293554788906266 0.451457122163117
0.0987227583975614 -0.18342973316837
0.492122598431613 0.0431431297981759
0.386113755597231 -0.00884136401080464
0.422580010132272 -0.0260355173687231
0.287764252133046 -0.108512554657713
0.330500589481219 0.275558505295551
-0.0683962177173787 -0.0443666228782215
0.329287766501866 -0.508841737057555
0.964819297400963 -0.0781258638034898
0.561542707602595 -0.0136023499181207
0.412596374696966 0.0416097275813313
0.230392529013909 0.134863974403736
0.478125805913775 0.0202220799939602
0.268414596765046 -0.0433478774188676
0.426853158155838 -0.256995055263899
-0.0879572236726466 -0.145632640580829
0.0176788967110618 -0.0600951288397603
0.23903489005995 0.3948258921378
0.20062699661787 -0.183826374584603
0.3247941732785 0.354992459407094
0.515317753100972 0.446013749530535
0.022441938569233 0.0541142356474651
-0.30883577176231 -0.274972738822688
-0.139259944332597 0.00763615275233693
0.219948013591536 0.545973900659182
0.0839762310189451 0.723004287357075
0.340905529018263 -0.149417829876176
-0.417126811227836 0.339453272276935
0.0999833662147222 -0.942852331270194
-0.399410820186374 0.622205931968642
-1.14630367813766 -0.021517851784992
-0.799743117352383 -0.416814456536644
-0.654961572116013 -0.656875276334523
0.315247991693496 -1.2608605472164
-0.447327780542126 -1.45834023338768
1.30063435426997 -0.348005125980462
-0.752470939548925 1.79336885609137
1.2755668499532 0.435534123468936
0.0172804276243135 -1.48518308010814
-1.29880318822254 -2.00856420407704
-1.25667636700085 1.9648618931003
0.472926218408791 -2.05174950530169
