-2.77660817703332 0.960955187282734
-2.17706648824807 0.0847022388689508
-2.00560290201733 0.0513067317907921
-2.07784432516617 -0.0509008361181571
-1.89163570498076 -1.12171679727679
1.55614343280897 0.83032021963516
2.06442587084998 -0.116892993456484
0.291377926217988 1.70634535389365
-0.908060645734033 -0.550105741399865
0.0506511999898816 -1.28044799964077
-0.241261787559538 1.36573523106955
-0.224560528975573 1.28108394621225
-0.377401281016726 -1.20355622039408
0.932521355975125 0.17079534226734
-0.030952679397627 0.309616751499415
0.65914360678664 -0.4312877375091
0.615365085453332 0.522011836254528
0.568801033884825 0.0104600348527418
0.286060805715108 0.0193701394849192
0.287656473026804 -0.0148173255953653
0.106627266481612 -0.282529650762966
0.365137964273443 -0.134635509192709
0.46050635816251 0.0550906000122123
-0.455695645220598 0.155842325968218
0.273629415110759 0.173833165031165
-0.340868897008723 -0.24166107090944
-0.357477018292689 0.650614025915296
-0.221792846810213 0.836940050592402
0.113666073059115 -0.0721808205471401
-0.220082522332872 0.30400783107401
-0.0380381368189641 0.04448527837668
-0.110255744029994 -0.00484247809900117
-0.111603986227033 0.268136163900516
-0.0321493191498121 0.318003810784479
-0.0343834718957728 0.240098852650843
-0.0204505419800516 -0.293556911503343
0.0414867956172938 -0.430858096931809
0.483811453811917 -0.471148390693037
0.133502300981811 0.0802612714796533
0.538151940157756 -0.762913344755251
0.55531543125085 -0.404639123164242
0.0713733032505659 -0.358027686314888
-0.189565401613847 -0.758824374498319
0.0302472783151832 -0.818861802444423
0.0589173180826026 -0.816129932676088
0.396964040612219 -0.514748515111984
-0.0638623638730876 -0.276299745307092
0.0367595646609023 -0.624242119011937
0.181328626617735 -0.552509201664307
-0.0670952424852692 -0.214758959367278
-0.0288663208658443 0.107735121899162
-0.0485047547198737 0.280894094302037
0.0321848498224931 -0.101187368948613
-0.132314784654419 0.611431609485518
-0.0859416715602312 0.563245026571775
0.402295715247119 0.501842714542853
-0.21625288047987 -0.494622429768283
-0.19960541062702 0.597905744285453
0.465774834629107 0.434046191124313
-0.0687884302988177 0.326090846347616
0.010176278667673 0.101032842005256
0.142977728243551 0.096613906733311
0.53249959314517 -0.321677966202914
0.206456656088769 -0.0804677539163247
-0.040323676506126 -0.251450369038289
-0.0149604554085893 -0.0463579809189828
-0.113240782254917 -0.182921668603276
0.0158401622279584 -0.112943879809319
0.501497372304739 -0.527110639403563
-0.320760092198496 -0.515589595687382
0.0302224115225446 -0.730224170821585
-0.0479409415095332 -0.729875305540739
-0.146640841503369 -0.328924857845605
-0.354104256441551 0.0321056056245436
-0.508248459622044 -0.0309180870992454
0.390992643673548 0.20461767621495
-0.359468167720375 0.442344868388399
0.237026764673844 -0.373012798738306
0.117043733171565 -0.498569953470587
-0.49583790852985 -0.456649974230123
-0.0186282168439092 -0.251975819993437
0.0912999505663048 -0.58604801297606
0.310272809593179 0.72708704435721
0.425237707948443 0.886107229619669
-0.347158553707982 0.211461342914503
-0.316191001529795 0.133977547475876
0.562327002732818 0.182841687814445
-0.575078188273693 -0.262118080186627
-0.626879058767452 -0.565597312599906
-0.632595617225895 -0.108541444551769
0.741990916232684 -0.11050595067847
0.713700740282425 -0.613281812657576
-0.0915215155299119 0.31468390974192
0.107132740827496 0.212009167504249
0.801002206385724 -0.4845760573948
-0.469277528761629 -0.11228878606226
-0.509414503834248 0.224960805720109
0.550246480223151 0.655617294859132
0.128014164945222 -0.822416980366357
-0.489601409183767 -0.427208235651547
-0.260700310550995 -0.426748525305875
-0.440132592742276 -0.518798092334585
0.356084269506502 -0.0492154629625564
0.339475027329285 -0.830277549118557
0.344147827358806 -0.60475239410055
0.223643035884494 -0.529257039302626
0.418559808643021 -0.410085801514968
0.102091979350055 -0.615151757974726
-0.0846434830887954 -0.380345813897072
-0.212692398757272 0.425003085274821
0.490842110501855 -0.0664230803246925
0.0272192729953583 -0.606358622333532
0.361587388212809 0.111068585939594
-0.496280854617054 -0.723604837139596
0.614471397578955 0.00233185214325939
0.0259041153290766 0.391202852229122
-0.603692660485106 -0.288674836284741
-0.914306458854364 0.0744485973432851
0.788870535248521 0.235364080196924
0.542079274349759 0.417396812533632
0.157263279271404 0.792088875652843
-0.604589024966489 0.220684225456346
0.106021830005098 0.958175719062214
0.0172287267947177 0.165252048574013
-0.424110140757407 0.35372813136112
-0.384503065649326 0.0853796583296865
-0.458308252858484 0.328853131183214
-0.0807968067831192 0.575137952567912
0.0825870442545482 0.477782484603606
-0.0064886374080204 0.677262677066319
0.16276328780387 0.144808230095769
-0.133317730572522 -0.121036416666723
-0.548414798762984 0.4374816738736
0.342283472242569 1.03674322715083
0.689196854713089 0.435769430182251
-0.567165241628826 0.382793898802488
-0.283158317841902 0.69927505868322
-0.0422600970277833 0.761695867921264
0.0784133284531237 -0.350214048699561
-0.20069735089553 0.764462116263483
-0.122224530556872 0.804697867347293
-0.355150665464359 0.320578751168965
0.0122522436730233 0.297143015954247
0.0396169419553386 0.283153351061876
0.0575934475244745 0.171741060976226
0.15324239844325 -0.0645700450276751
0.161571307873886 -0.237973371507595
-0.0101794738208172 -0.0942130333935292
0.0234641124080129 -0.438993827740139
0.409193756959601 -0.0224067982269575
0.442242637818765 -0.207750399730227
0.351968680023451 -0.0243060644927382
0.384576718341487 -0.363864156856993
0.147975956217858 -0.0740678135058969
0.0440985549715446 -0.0848140711091535
0.178784475776111 -0.290787387154802
-0.100097105182296 -0.112895641061098
0.504628951329227 0.00419806414017587
-0.267780066793692 -0.102975173528054
-0.50726693225456 0.00592255528517204
-0.0921299688402879 0.128467614807595
-0.0335087727813317 0.156375838821312
0.149654145789703 0.25421999589782
-0.275861005906574 0.111331862325874
0.0343712590818063 0.101478103024682
0.0500590347346151 0.179966658525045
0.211641877840428 0.370455671309521
-0.205329964358762 0.389902873291191
0.412975920583712 0.57257846328643
0.7684899023185 0.255823329546399
0.812950314071442 0.0590008560708176
-0.0724472568119266 -0.916388156457755
0.455206305648858 0.256895177244579
0.391478300443906 0.121627316963438
-0.781896687618781 -0.260292932169397
-0.10880328423503 0.324155703555684
0.475445465307595 -0.347978993238676
-0.470668473470405 -0.287234430589102
-0.657568906915025 -0.544545763742512
0.0140783464366632 -0.0784149671925129
0.0654652572973196 -0.904936496485778
0.546623365297974 -0.304651039602864
-0.619287195977135 -0.160619147222127
-0.669568628209552 -0.121540566367088
-0.256849205642471 -0.586044298416968
0.657008126320409 -0.0235368628462904
-0.10139602735301 -0.530727794262212
0.259055938202895 -0.716287188471975
-0.00794584400646079 0.513878110763736
-0.422360100499597 -0.418302151576567
0.34485127626106 0.0139733966773787
-0.245779230777431 0.73833162575476
-0.0330587231616263 0.597002504902182
0.233547587694403 -0.764366063542404
-0.366329738524197 0.0800113303407849
0.15027143086268 -0.506847429581884
-0.0110701566872283 -0.259547565917299
0.211084684339334 0.24055263402435
0.163494933917802 0.0317863736958456
0.290434891397757 -0.215270625637381
0.0315771596623043 -0.34326700272053
-0.0880400821132749 -0.3550540282416
0.0946341702704942 -0.208173482596289
-0.0365622833379747 -0.178625575096219
-0.0421704728145909 0.173438575783292
0.0813549562985272 0.168661980088052
-0.0901385600227425 0.323458112938088
-0.0244488681921097 0.480909201531284
-0.111517114841888 0.373446014548026
-0.0313648917637619 0.576907297709775
-0.0525994760448742 0.592343322009915
-0.168502303420548 0.249211718182969
-0.0489537802831127 0.569431994882801
0.244042319939123 0.284840069995268
0.0306997220932513 -0.159426622437462
-0.0430680699341974 -0.266940212409497
0.0527872381215595 -0.141427401595987
0.409188766091019 -0.235819457281609
0.254947774727167 -0.758380803994541
0.647322254468668 -0.161766218746944
0.312549607613124 -0.257395985324483
-0.29279892905424 -0.356869905253862
0.239905063479212 -0.664819406470613
-0.401091819475554 -0.244132184909385
-0.445559750965298 -0.17984505294802
0.432020543690503 -0.256487013792338
0.391221490842581 -0.310186368705215
0.145967640205002 0.337405201749364
0.176634126771468 -0.18724649360978
0.268041548356561 -0.196458150405617
-0.00620494873985836 -0.125613496428656
0.111548069892008 -0.308856936522816
0.064348112070022 -0.310331466051717
0.420946759805274 0.562195298196391
-0.384070801858663 0.361908112838741
0.286923320967098 0.997525316439132
0.408886073613013 0.930219456223412
0.0437689654133331 -0.219340754607902
-0.56352559191944 0.0252937226071456
-0.80571763206355 -0.166661145088181
0.156377693054639 1.02146840095944
-0.282340830048452 -0.933323719266906
0.27857772691168 0.45552695525981
-0.282680089166943 0.462322541561862
-0.860305893435866 -0.0305792006714531
-0.0554649865363515 0.868169967933515
0.750215530897518 0.632486990178369
