-0.129472321488674 -0.80470778803439
-1.5244571222525 -0.0737062124772208
-1.2541154279044 0.114126928867989
-0.889999415858538 0.810259499501899
-0.702143809238822 -0.558570916302834
-0.739304891051723 -0.218073903516688
-0.263853134391798 -0.488407964201851
-0.8943543250008 -0.736543495412632
-0.64099085273589 -0.214262203221231
-1.71188393658316 0.0547886740514024
-1.3463983713652 -0.404473721143257
-0.709927725076449 0.601528767289236
-0.577674462444685 0.0182689091898245
-0.104589840067968 0.0179458528671947
-0.725523974587347 -0.493907605665618
-0.960959825718605 -0.512458697969977
-1.01310349426132 -0.297479707850541
-1.01219858650853 -0.092990333277803
-0.438453900095948 0.36690856386208
-0.142035768506975 -0.130259094741855
-0.267075323713251 -0.0457576909481353
-0.324900980643888 0.342423326813441
-0.812990937385171 0.036884029447913
-0.72454075465838 0.0298564146971957
-0.27274719470446 0.00378799011924601
-0.485279676457238 0.0592909266762196
-0.0529384275947155 0.182692836368236
-0.102978170071516 -0.2393921145576
-0.308308997251914 0.0301387253441649
-0.35688365730795 -0.0424405470337377
-0.0921896012020221 -0.052928940651893
-0.0784799174546991 0.0877250982222937
0.104032632816699 -0.0464346460308951
0.0256062555766922 -0.0141573928480372
0.0254498709726425 -0.246922103246519
0.084444860305193 0.243259616728769
-0.0116549556348351 -0.299310825589199
0.222746268412469 0.100509735732127
0.290152272064379 0.0826616702755286
0.13639517434049 -0.348698531988802
0.166509419516063 0.350913222503271
0.0113062391301759 -0.368691854957546
0.311736903122227 -0.0707149810293691
0.237562764192127 0.432824982376671
0.265137990266246 0.253546594559962
0.103152987540141 0.0159839083907891
0.396520986103045 0.176166906494376
0.369547573835202 -0.12825392704666
0.0726867050914833 -0.404999666010378
0.455151564683759 0.369283847985291
0.520421088369402 0.205563954077496
0.532574612558599 0.339869795388509
-0.0023877444837089 -0.354708719073267
0.0342737145745576 0.386628471396945
-0.0284361721092351 -0.303607399329602
0.325417463476109 0.285157838108173
-0.0282078593059485 -0.399527120239805
-0.3429113578488 0.202630340669458
-0.22160465986978 0.158764073920983
0.326076877096005 0.0914472161016825
0.2475518606285 0.403709130861095
-0.217184233674833 -0.383487001574584
-0.158141156498805 0.345422200434292
0.10908608763938 -0.122887989692732
0.329206766194023 -0.00651522799245292
-0.417265011292174 0.0125016135600532
-0.0782534360054381 0.339804196773231
-0.0804722157608067 -0.244433054330548
-0.248696094066231 -0.026226622418447
0.202014489893863 -0.226883897179987
-0.03143066696429 -0.291165908245852
-0.221570851743178 -0.00805707583288769
0.0068901620140602 -0.0809405684147604
0.0960259271685489 0.182298251381589
-0.133167040766138 -0.0328482798257304
0.380599647343633 0.149816861420669
0.293994778919795 -0.338246316453856
0.073795481476198 -0.0912062465376023
0.339628315800018 -0.190525630579979
0.393230961194288 0.0285642727411476
-0.247492163363755 0.0373219218422264
-0.0694103061512998 -0.0500387179857341
0.23022727590513 0.259046718441717
0.356613771191992 -0.34649575000069
0.58985088583507 0.0618560873674579
0.426980685106033 0.101326856888828
0.165661920528586 0.0373894562531832
0.258765442210427 0.125210536763916
0.198942973722348 -0.011754626236052
0.364605480929113 0.0789219349678442
0.482317715928693 -0.0430463302351156
0.468462399483421 -0.124264308996265
0.341809906529454 0.0901495051803568
0.258111183422598 0.0435294207414098
0.369105677263451 -0.0362152917981448
0.301593286861023 -0.0897015136044259
0.348246096207209 -0.16325837117395
0.253947705076177 0.0993209739823379
0.500229926569355 0.0195230412212799
0.328847055435042 -0.228725304867784
0.246582476931869 -0.262100741065336
0.29135367806469 0.279848269647601
0.179329570724282 0.124331979378047
0.105063304683671 -0.225974171400176
0.380005692752839 0.215732178121303
0.40388524583658 0.018629779067206
-0.0362879456699068 -0.200815850228098
0.499451580550239 0.141486702119989
0.224813543775453 -0.302436105411063
0.201264916336982 0.242660968964094
-0.0124698229454391 0.411221872461002
0.0750993297034507 -0.142090683035704
0.075396283318756 -0.183217505683985
0.184311165808216 0.297895263303772
0.561692545710885 0.0752933777628614
0.518958877657767 0.0659012208257058
0.00625724813909614 0.0904227918593132
0.123187732137263 0.0185294940384436
0.442488903144765 -0.166939634275315
0.481506353775218 0.206059540114352
0.33536307112822 0.246960971279871
0.425880622837353 0.193309120933564
0.104265436466761 -0.00973291855267115
0.490393252853122 0.00398037958276099
0.136650720998712 0.0237222731090249
0.138728603457869 -0.108697687992759
0.0987715154173522 0.0347308833305734
0.374931899803245 0.0372057705360113
0.0932729620283927 0.0998597652273157
0.175215669373603 0.0454641259726998
0.214143841583773 0.0505897380545995
0.236329639142428 0.101344391691796
0.400736234584679 -0.0182053366353172
0.273504249703507 -0.233566736278459
0.380306499473721 0.0578379433676642
0.177022475276277 -0.191179287362288
0.169077528100603 0.0758136922507041
0.357045565513288 -0.00353532902382992
0.143398326145921 -0.0717692634233113
0.48228258139024 0.041115882595464
0.171008446793145 -0.138194523515608
-0.0119610420360775 0.196388201754909
0.150377013001958 0.0554838614223128
0.101721791557252 -0.0269602315213248
0.342430325665754 0.170349288541495
0.397006188604122 -0.00344804814408027
0.498513660499601 0.152255386584722
-0.0445886530100342 0.0194711402970852
0.213592183620718 -0.0970654388398937
-0.068530982409031 -0.0369843915677813
-0.141102296075197 0.138027355055604
-0.0178357799113634 0.0253698914301239
0.188453936763148 -0.248548100201843
0.13668599837801 -0.25907359495292
-0.103932372807237 0.0516361154041251
-0.123604179881372 0.0498195738729057
0.491094747744077 0.0168467070911788
-0.0475377867743455 -0.150881723673404
-0.242154745731764 -0.0165039061696906
0.0556108883449762 0.373980592072491
-0.232905082912321 0.0108877315454402
-0.0202641057150698 -0.12461841400759
0.00978630700010211 -0.190939470178572
0.164739430595794 0.232862907020405
-0.0554022090392772 -0.121056043272166
-0.014328373970122 -0.0882298163088496
-0.194867167494526 0.0566631047776614
0.0527609698455608 -0.0979194265857777
0.0531919313679522 0.15657114362289
-0.00503749082993316 0.0265679553377582
0.117573487602369 -0.0858180891024619
-0.154849629454161 0.00903502927181421
0.0640285814867526 0.249357020641432
0.0788597964959947 0.246100572523729
0.147536256577661 -0.191035648640357
0.00514070027842026 -0.0456118934864345
0.0342656249113471 -0.00403918462084551
0.181957484211777 0.202693822343268
0.314605391812577 0.225585785515008
0.113473450581335 0.178117350821808
0.122022341649983 0.140018919686101
0.149470673941634 -0.052785660586516
0.244571153918065 0.0917448014045241
0.14253374557958 0.0754027826649138
0.0799982156395749 0.0300629148423545
0.112974511030216 -0.10708480956733
-0.103397538111426 0.124567752262434
0.0815085023058502 0.191614964357284
-0.0101958453515071 0.187739940192401
-0.147807051529737 0.0604963883309934
0.239739498981683 0.155580753662486
0.0269890824008117 0.107971377924517
0.254040603971364 -0.0125482404325845
0.243738103373028 0.0683691226694434
0.235073447027304 0.156206051378449
-0.025759603179705 0.142919410964543
0.0318145413874259 0.206668440006188
0.16652887453698 -0.39344201738622
0.410370855983408 -0.144762693045072
0.100438994939255 -0.0202537576894328
0.199522723850401 0.452243033762356
-0.496581849987388 0.0272162493324375
0.604123363143201 0.135584619630324
0.0458337564446679 0.498888822053667
-0.240430400649284 -0.161498044030249
-0.457906916575951 -0.00826829823528192
-0.0458694375393448 -0.560260895745927
0.516240574191678 0.388650793182199
0.816447928440679 0.00395131039726138
-0.25601579901311 -0.013503841691955
0.0250305134113337 0.444754457562328
-0.224011749247379 0.0487062869851944
0.300731960922679 0.321061306489986
0.288046392985568 -0.37809272975289
-0.0610089027615681 0.481460223939479
-0.268375189150028 -0.115747054892745
-0.251171140173932 0.0686144715345518
-0.349224170119003 0.0844516058831829
-0.14062596505245 -0.456628411123292
0.312488326085106 0.291244679312722
0.206171422801431 0.536163703932715
-0.448274816591469 0.198349521422599
-0.40764073373729 0.60886389662508
-0.311984231415637 0.553590907175143
0.251327672771435 -0.408177796041669
-0.306322082441066 -0.574733357499155
0.601794274862528 -0.0510436517044879
-0.60489677375069 -0.398067918357533
0.0948175171062415 0.914688730180184
-0.729094163928203 -0.370977984116424
-0.789451885987943 -0.92562641672132
0.136379786071407 -0.619819751538233
-0.152106672116808 -0.913657820963732
-0.664343201618103 0.242572298458014
0.0138229971690145 -0.951513543777544
-0.193274862930864 1.03808327777957
0.0235832630675155 -0.892919684359573
-0.626295643383102 -0.0993348399310459
-0.647653068830796 0.0197114887731197
-0.459673261247835 0.0753615809475695
0.26855119988747 -0.733753773341647
-0.485996211072136 0.0165979204894679
0.903300675558418 -0.896547826700833
1.54683019086457 -0.0539518905603079
0.213956556456119 -0.988559271235987
-0.368482420266174 -0.137298618684694
-0.528231889313381 0.224774674832543
0.326588421880485 -0.995190800039064
0.0631373730489736 -1.12186455489509
1.32136563385402 0.396779683477677
1.7079982166195 -0.0299491925656143
-0.358386723755265 0.453089639301815
0.602461341576711 0.974573467583681
-0.198693338717228 -0.416643455559533
1.0281613380413 0.290337816559639
1.08618222040779 -1.00506851569582
1.79691307277086 -0.0210306689884618
0.859837552902471 0.722510440754265
1.48204604358857 0.36277260482409
0.411217215885838 0.0637510295935811
0.894234915725169 -0.654796720046187
0.977812581225622 -0.484309673690618
1.41024874314975 -0.530764999722566
1.49249414983882 0.238419045981951
0.995154139866377 -0.283810085555394
0.640936757334889 -0.0163633541849338
0.623335494214997 -0.00386183094165503
1.01347852153359 -0.228958752430649
0.966081134721306 -0.111827233087339
0.905250036975019 -0.0454270095250155
0.700535975235981 0.105362908564694
0.719795927004504 0.0774486342192393
1.06214893846456 -0.0679091922745116
0.948504267332282 -0.00806818095462036
1.03864289964172 0.308237602245036
0.685263666593243 0.304493719582853
0.841987003040792 -0.609258782933784
0.689666268373765 0.260083327499221
-0.172180298227318 -0.0129190701038232
0.199857635187843 -0.364409173577227
-0.288879793853792 0.0109780799026727
1.01018091562361 0.111714741743092
0.706117049068148 0.0793651915602339
0.95420501955139 0.491041867792022
-0.152774649014106 -0.41646984142677
0.844573338258278 -0.464319202928054
0.775503540121021 -0.241353505166635
-0.223594501762262 -0.193593337266908
0.460130953299984 0.621070171481139
0.114011388766819 0.306776187602681
0.607553423757552 0.641224407965367
0.580252218043436 0.575939952943695
0.0108088140024387 -0.339806358491464
0.0675751572946519 -0.330482215462914
0.648420396503634 0.124151210330938
0.165753216741571 0.497807691731497
0.0835234539228554 0.627253049863991
0.124742914755076 0.0329620943654777
0.506481092371428 -0.243803410193018
0.0564037193394992 0.678316471714671
0.307318446093313 0.817947243236061
0.573439471858574 -0.302312059475675
-0.831226382074293 -0.272268766747089
0.199450712706636 -0.177191555988705
0.575711611010816 0.0185037022354126
-0.550476433277981 -0.559915049228833
-0.261527140759451 0.351010700723381
0.0919085952405582 -0.663281514749325
-0.470879617115981 -0.426048639517505
0.416778158486761 -0.0533217118690142
0.0192318689623547 0.513161878020959
0.082763981832936 0.484614888787734
0.338504565961679 0.0194338609956986
0.325374280375393 0.0669870945449432
0.312915434169379 0.0070205548759242
0.000438898210458588 -0.393559668307168
-0.00874003695720069 -0.442989097578714
0.443387262683917 -0.00324079320746888
0.188596977819983 0.387064147839775
-0.0430037645744054 0.325118797767953
-0.0715747915001582 -0.38832155736884
-0.44833021106585 -0.255097526299636
0.26350829147488 -0.199448586251539
0.114490889155388 -0.379055384714087
0.240191041796773 0.212933641946767
0.103669612312281 0.300421446996334
-0.384444858599133 0.00490519874494041
0.0395191411290132 -0.208639770956288
-0.374073524993095 0.0049561566244874
-0.217008149326355 0.0395392522747116
-0.341536172910026 0.0629756544168605
0.464514583355436 -0.482215288800887
0.0845966657986251 -0.285010989128344
0.157681352454497 -0.456706862240459
0.0110061912887288 -0.662219648348025
-0.0255120543177295 0.0120005723674101
-0.553009484606747 0.024576462058434
0.167761152126699 0.724843331554165
0.435737670317073 0.496929253992097
-0.226024753437026 0.208362255738211
0.279075891271056 -0.798441169810606
0.501465390461144 -0.705037623004768
1.17746137475751 0.315906522759284
0.146546003800528 -1.05750328853476
-0.269769134054373 -0.193825682921909
-0.246338192926442 0.301679105064372
1.39268413097109 0.387651537521985
1.10023656049603 -1.02710881562387
1.34595979754259 -0.785224553359263
0.0643719851512531 0.0580708678603482
-0.0397616377873006 -0.048989050208529
0.950205988048549 -0.678165261337538
0.799178629000407 -0.838706355886067
1.56850914227754 0.464031574517773
0.885603028118983 -0.76476364226672
0.88379516253807 0.834017947856016
1.35649904119178 -0.959285935224821
0.66980783698466 1.00210363605644
0.731512116998904 0.969233655035973
0.422902350024732 1.21555235483106
1.49240288608 -0.667068172455922
-0.580807728677936 0.054453355746554
-0.327992466953789 0.497008037964028
0.947229687172534 -0.473902285433917
1.48710188378524 0.354189126620888
-0.467627174563027 0.513017655831414
0.42052548306335 1.01294281212519
0.0282032025387296 -1.1424754286108
0.346779992512866 0.973257267877752
1.16343333515211 0.398444276480951
1.0193730772718 0.723318653552751
-0.30478950024335 -0.241644779753971
0.640444003098603 0.878674597101307
-0.338893953199998 -0.178596742662636
0.0504951858316274 -0.762741002596071
0.590093023709255 -0.623288433215378
0.286304192971489 -0.437931237742105
-0.07368869906622 0.806329847668518
1.03222588958641 0.0476199988336087
-0.7217563809795 -0.034382375510207
0.380257486763432 -0.871337986680671
-0.243169030820759 0.799158756356693
0.68340052445269 0.485829338324672
0.418135660526804 0.476535824520615
-0.0862468292490794 0.600014824370751
-0.406282178729401 -0.700734375279556
-0.390175154711493 -0.655825300671675
-0.576062181810885 0.0238070888449456
0.168061158754465 0.556080228371678
-0.646675027642437 0.779617073145913
-0.135253897773934 -0.740563025697899
-0.189145411045128 -0.72154169322198
-0.557109210290787 0.467664398460993
0.45633495178686 0.00903539966019315
-0.301210290050181 0.686460706608438
-0.333061539671485 0.755709027983397
-0.0792560637948199 0.86403369671553
-0.487583412316169 -0.521847343435857
-0.686910978548295 -0.933419620164656
0.861926344940013 -0.00612654077002482
-0.0861992863764495 0.923672143868858
-0.182830337247014 0.930308145118836
0.686280050044616 -0.232801909400105
0.757657027325717 0.0338159612736044
-0.0524202020631729 -0.87059305818259
-0.076267425543849 0.78670117099694
-0.0268674087041684 0.773210620747893
0.479255530738824 0.0539523145601727
0.0199681924807902 -0.653194609414075
0.383953694909123 -0.011797141436846
0.201952095979909 0.595728913856691
0.286698210270291 0.590878758375333
-0.313983913957783 -0.352553684827077
0.392274620645103 0.53679372161737
0.695389366405714 0.0767741322118871
-0.406560205454942 -0.0189590717449562
0.350516866480403 0.255826420674776
0.711119789795601 0.0422401821292479
0.697158626181036 0.14239347955874
0.436171954351324 -0.469478997607835
0.467676665749169 0.176599080142268
0.451017370643958 0.274001140569178
0.780130218941313 -0.0336393683257877
0.317187796733179 0.356392334966291
0.890082962303357 -0.0436575304683051
0.719792963387977 -0.374998128412035
0.806942756215183 -0.344857999145881
0.852309482362071 0.288989819140647
1.07923277278335 0.000686653513318106
0.856505953160986 -0.23587851885893
0.69353073470378 -0.103037621307313
0.835143614452227 -0.0979971926837253
0.848911224211164 -0.0625676234878073
0.770330860979625 0.0178888375083156
0.681364957163598 0.0461042650256221
0.802239662871666 -0.125382055962381
0.838930358837274 0.120306849965169
0.849117747390956 0.159274153525091
0.58847602368033 0.302739436596578
0.596820133128683 -0.115822341043864
0.772348206136018 -0.304559748527748
0.739561512045593 -0.342468507901038
0.715476408795697 0.239717183337971
0.631493078755903 -0.37974856622576
0.317028333179149 -0.292354216991917
0.54209940287711 -0.458087191143937
0.916754406380914 0.00210486357983886
0.768811724887684 -0.00533136093905611
-0.00388865655584819 -0.606214942518222
-0.0892480003900783 -0.569727312657695
-0.16557026018687 -0.517428808749869
0.285630724425069 -0.601207219407891
-0.283401439574018 -0.457065303533645
0.413770651727309 -0.0117055151663579
-0.194703963598738 0.609389720465382
0.546302069586773 0.076195570174804
0.24364255781137 0.409190214420349
0.162625750332432 0.462527116875514
0.3357321769407 -0.219894893093128
0.264204555629374 0.00514423171341441
0.286016156135765 -0.0461065339132372
0.301460724998968 -0.402843471862572
0.285246428981591 -0.127925049336722
0.3970530385388 -0.439590075100706
0.0124527199675986 0.140353820076829
0.183080699288589 0.0809151286903984
0.645187091796168 0.339062172885978
0.100573752409494 -0.0557587257336413
0.851114138642868 0.185893391249875
0.809969866437618 0.326196290890265
0.946287223387251 -0.329561040254749
0.814998598191468 -0.629630934334688
0.878767438214677 0.560031494953749
-0.145917938485929 -0.154325540926937
0.78226597018207 -0.749410117422112
0.374240268976224 0.751447173977731
0.210543761181879 0.0141937911589674
-0.387427395549775 0.366472039275045
0.34486536885299 -0.56360425650179
0.888024757313476 0.616302212863185
-0.372661656784923 -0.0333103757372082
0.255217565526891 0.759666016723597
-0.219129110531275 -0.0529818053639795
0.38618586990246 0.745494938209149
0.401171316477518 -0.614188432361694
0.511467735453524 -0.453815822279243
0.504515344501675 -0.467722085375443
0.574658652503615 -0.501867498995878
0.199509323352923 -0.0173940517544484
0.115032888381783 0.0680677243484382
0.653303693293684 -0.352967773517299
0.823676602789888 -0.194378812671074
0.72416461087655 -0.50956732657093
0.614520408410967 0.656334992283084
0.897111612013983 -0.250461260678742
0.335337416040061 -0.792100766056521
-0.419456345081331 0.0295448602575037
1.46905717486815 -0.0132706193241172
0.761144661000783 -0.920982502312508
1.07157705904916 -0.448002772683707
0.9771753919916 0.700239867309231
0.019957857330003 0.0317368422319586
-0.4157898725888 -0.143688202334422
0.376938626831664 0.539392817840222
0.252882657747619 0.575829125514295
0.0584751749774404 0.699212548428617
-0.177940028946034 0.0402379835316268
-0.551488265666216 0.190877363443519
0.493113774239046 0.464623365418489
0.0384310509048718 -0.58697095791454
-0.472686023579575 -0.0432340836181151
0.722520614537885 0.000636179243570772
0.374510883069209 0.395831600294599
0.68383988581993 0.0364934066809817
0.0160845241935799 0.448983279062978
-0.122689410756531 0.444729841368763
-0.348121202290866 -0.0324047356323847
-0.233116893230755 -0.340225866307268
-0.094742744485849 0.38864062891604
-0.281011217229998 0.379433754438483
0.00918785243978071 -0.16564572271044
-0.466558767605426 -0.0344476075105321
0.00504405794404958 0.38899792295669
-0.289892898116771 -0.243582439253107
-0.243884420042556 -0.102274190506891
-0.282565498174785 -0.305236539841035
-0.472256500777915 -0.361807888745275
-0.547726519105582 -0.074343502774339
-0.593542227908111 -0.0759988196675915
-0.173288056756567 0.254065042399483
-0.591407362781573 0.0176691002103497
-0.609825836481912 0.00655623964450813
-0.63733248714197 -0.0172784173016607
-0.453697817172174 0.263506420298818
-0.41206088284875 0.166691033590937
-0.391153650100131 -0.152316376294964
-0.415606643900479 0.0288255387087795
-0.511400730759961 0.105784725413718
-0.467001225099864 -0.0817965976148637
-0.401032515639554 -0.16254648522063
-0.553558502821629 0.0361207090194006
-0.470336678077882 -0.107493822143901
-0.575225096004393 -0.0315546679869753
-0.402344231421411 0.0442841132559601
-0.478632019851008 -0.0783970445339771
-0.26860632340577 -0.00467109776597924
-0.491532328887403 0.0890484601081164
-0.616898774264776 -0.0559449986075344
-0.543066202560865 0.030702936500188
-0.61424239935934 0.0962881746009492
-0.385235389819382 -0.000412643061682764
-0.512553101236033 0.00938572072163444
-0.653933598654432 -0.0603857031947971
-0.61583513207191 0.13223622956845
-0.680310417111339 0.128898698617104
-0.656298004898976 -0.145322098840364
-0.552778045615808 0.161983334806574
-0.38138205429297 0.103005095906122
-0.332304414755465 0.11675203439711
-0.94053611611741 0.151131905991331
-0.859381263964507 -0.00942504548035559
-0.678232185871111 0.448237745389409
-0.884127001323744 0.0377467696244674
-0.827229631877344 0.0188085054567467
-0.571787572035771 -0.392069645346431
-0.502790866824887 0.562325780479851
-0.467191746970069 0.635398028822451
0.0102384283116449 0.630945982713328
-0.740231978269472 -0.138644561317646
-0.890250640140196 0.173191316317857
-0.274579933096352 -0.644690822070493
-0.327995216247221 -0.665385309230263
-0.575966496428618 0.111186347961695
-0.43345774009454 0.312796236982036
-0.521781946284589 0.193269944780792
0.350202429971911 -0.0115154153895208
-0.351563314831728 0.351796179482989
-0.807368119920792 0.016218538860677
-0.433054760867351 0.0768076843750534
-0.233150719784343 -0.421867884329847
-0.230026431264186 0.211992983309854
-0.0114251224301259 0.0663315681796369
-0.0620434045770536 0.093811069214395
-0.440076318050395 -0.094018686702409
-0.117153170505433 0.00494939006657671
-0.208473888285352 0.00398666164868334
-0.428176104122283 -0.126521525871822
-0.623664022107538 -0.024526440681145
-0.431528648367886 0.221233974263641
-0.484258903553734 -0.238399456079229
-0.417906794712442 -0.0819939552564407
-0.857701696080652 -0.0363963400978973
-0.289452858105611 0.17507247496617
-0.636366145826692 0.387471350662763
-0.276625634749754 -0.324292792803482
-0.474707144404329 0.490131820050497
-0.668411982861035 0.51582409890297
-0.951853788855548 -0.150422554798618
-0.978895190227419 -0.398293987936734
-0.662875126232079 0.666030713996424
-0.147794675822399 0.501020503131798
-0.569567605751755 0.668338024182891
-0.512500597548225 0.680418944502016
-1.04405579899816 -0.0416789107292499
-0.000825675260364478 0.921543362476222
-0.693148420670422 -0.730272695388076
-0.65516814215799 -0.908317121394388
-0.658186423466307 -0.915658715415303
-1.4471186044064 0.0351541410247147
-1.46498170669256 0.182981517278911
-0.97752946687859 -0.718065215335566
-1.48499527493959 0.0488832204437013
-0.215168418040342 -0.941597347129584
-0.968617447566508 -0.835467335783488
-1.50570029621616 0.00702110714949089
-0.969448079020606 0.980781110358592
-1.32972871079383 0.192429885417071
-1.495942616451 -0.0590779328327004
-1.2401415890288 0.173675230193601
-0.805729396317756 0.80266527621137
-0.362500278347233 0.470816817885576
-1.09187365816314 0.384437676756399
-1.41394123500663 -0.384497149178245
-0.790200889433019 0.621334370504644
-1.31715677454457 -0.602965168795451
-0.886073816429887 -0.584815526786899
-1.67710186340061 0.0719044158291895
-1.2991119284582 -0.16094402361288
-0.843846808597427 0.410961181768576
-0.769960403214431 0.356839253316719
-0.784811046042055 -0.325810797403082
-0.809617624124044 0.154240532423245
-1.00473885868262 0.40691103305285
-1.03023214607982 -0.247112017406462
-0.502082196862225 -0.031547637084558
-0.939945108648365 -0.203436172317509
-1.23534707553565 0.0504017960356188
-0.80332543493717 -0.204004853046864
-0.841057294571148 -0.208893343566788
-0.933273538643491 -0.213399870023473
-0.962749801388786 -0.278079710526773
-0.92931065225303 -0.143157775875279
-1.19797036151659 0.0842890439710479
-0.923763161548046 -0.292166912828273
-0.619376456850404 0.406884574696076
-0.804027727907632 0.531934727745041
-0.785319176955301 -0.454550544147898
0.123425118157429 -0.0163540606602034
-1.02579242037627 0.051371535026454
-1.05324293392897 0.113639579100387
0.186643544496887 0.0165771106891819
-0.752069838458761 -0.548332983525553
-0.608851764444764 -0.363549069956591
-0.928895459353138 0.0285162396097555
-0.486733067071411 0.560839694508657
-1.11024414675423 0.067365085026589
-0.945628663894011 -0.0861684023509987
-0.520134855701108 0.318555981787865
-0.36531666140346 -0.443608725626658
0.079914605838564 0.073802065116071
0.0536007882341166 0.0764471535842383
0.244758247771818 0.0181782904805408
-0.421170831676266 -0.43279967312934
-0.795333062825525 -0.387349571201083
0.0142525780487191 -0.0224402009075779
-0.0950958947917144 -0.000794493486818285
-0.350992796020662 -0.46825862616963
-0.706330883419258 -0.427016320265264
-0.72619126415054 -0.286846002157991
0.226522669605705 0.0268104853267489
-0.654964854839579 -0.346708419374454
-0.337328986305338 0.319550503570845
-0.942900271231161 0.0673785576994224
-0.239786209999032 0.530558509647119
-0.136944152175716 0.505589669767939
0.189653470481149 0.117844858716882
-0.628552020724493 -0.276607922700383
-0.677471494288159 0.338756095206423
-0.320149514202279 0.2897035958429
0.0169250989288751 0.208785076356076
0.238863893346185 -0.0167908190854868
-0.558467037282298 0.242834081553821
-0.869297300673387 0.0412000814147341
-0.575224201611836 0.218126113880696
-0.495596910758755 0.134392656336911
-0.0460479337667836 0.470368468703646
0.102472032666004 -0.545470708182908
-0.206663941065144 0.503546706535895
-0.343659500508763 -0.351473031901954
-0.325681151606056 -0.21148321951081
-0.670422863228655 -0.0327870736100554
-0.0757277070296763 0.245826242243673
-0.154137514854106 -0.307082177093844
-0.106564955672739 0.155257577904676
-0.560907366458037 -0.151765220428865
-0.335625075676336 -0.178864202144872
-0.613374568255747 -0.0604594489968649
-0.461531301015985 0.112939588432156
-0.613242945007527 -0.247500180886692
-0.456785643798504 0.255907133036833
