-0.172134034601229 0.41582952650759
0.149178478119418 0.678376321940234
-0.0863797667515241 0.62572823266555
-0.178150420315544 -0.543887310629482
-0.02268756280551 0.318794687338489
-0.223847653284492 0.398851464150225
-0.242264770879365 0.25683912296335
-0.198450659140838 0.318709950291616
-0.143054187592588 0.290085219820764
-0.156886814185368 0.220317356207404
-0.104058143161679 0.171832041063447
0.10323327993491 0.365789928163159
-0.186853641700678 0.254256210545954
-0.218874382748747 -0.363835831302691
-0.243031980173682 -0.303860708648275
-0.00287640527771493 0.0577516400506753
0.149323972897921 -0.0625791377577832
-0.0731549847955508 -0.209513454699038
-0.221200723689906 0.0827113278886038
-0.0723901893583659 0.180485525126128
-0.0545723545114393 -0.0965439355058439
-0.0574929154867284 -0.0804142371354552
-0.161155705271178 -0.000857963744121277
-0.0656615974342334 0.0160304716008621
-0.106945462860842 -0.0347526596829596
-0.100770509448371 0.00122153171491817
-0.159153628913264 -0.0157685054639328
-0.111820105204283 0.00658734564456185
-0.143229446777534 -0.0431462694491677
-0.069608088866783 0.0103865289312324
-0.0506391071110975 -0.0198264304074623
-0.296922223934008 0.0773761122540388
-0.187876302332405 -0.148986609319075
-0.0480629611192026 -0.100315256470811
-0.0906620595775 -0.088029821269084
-0.193137344769801 0.14648341414151
0.199543974959851 0.0376392475894179
-0.162403449206075 -0.291900152624313
0.00381336634869005 0.2851834936689
0.210491850354417 -0.00350316672761815
0.184427156868875 0.0486557435070609
-0.0106514024554303 -0.125726562954175
0.0931948509017954 -0.171289393625493
0.216621413989157 0.0102391031591482
0.0425174610973098 0.286075450239064
0.114395249692751 -0.175137000109274
-0.0567093455591643 0.2355816352218
0.118171321075858 0.0336805957390028
-0.0884767617846819 0.254005486119952
-0.258719792772335 0.113272147352366
0.241420634556624 0.254772327167395
-0.0720020498159052 0.196531203401031
-0.0996911290847455 0.27403975869287
-0.0489200855276825 0.293542302505106
-0.440231066062286 -0.00228648633121612
0.223436486783874 -0.408783167540579
0.272715520278384 -0.381322403621487
-0.0896210033309263 0.400491528908148
0.697665317939844 -0.0115401480740375
0.843630177689625 -0.032590861395837
-0.606841852043205 -0.0432803412675001
-0.00951992674142553 0.665492220083102
-0.531576650170861 -0.0344826477189484
-0.130670989157723 0.691746043279951
-0.0440479772018045 -0.71616819105478
-0.1591488060482 0.777918393728638
-0.683710396227524 -0.0268392532346737
-0.0744557685949458 -0.793477850353677
-0.249740375288792 -0.859476592586407
-0.703705022355628 -0.176947399630592
-0.121567394992984 0.751048746382457
-0.334918071694063 0.764662642903275
-0.142140813765908 0.726173840178077
-0.528655116728141 -0.180685445423205
0.542293434801031 0.463533527347388
0.585447092480765 0.457367584736203
0.280986096973023 0.254136225631324
0.236669215483906 0.842944051189072
-0.0893901417008448 0.768825110335288
-0.227345474492043 0.605157055135647
0.871833870341608 -0.0199455614405389
-0.135594378049407 0.750375017509802
0.552140816341492 -0.48637616814146
-0.812618866468392 0.0641942550361958
-0.392790145968269 0.604285276196199
-0.361694121998415 0.681824971691835
-0.781211151668848 0.0119855793622925
-0.701342533152855 -0.017992938741524
-0.310010629926101 0.685960651205069
0.327390464936239 0.653600385716577
0.702605902500821 0.00319793203566513
0.770490857816385 -0.0196658230504263
-0.725993438782018 -0.0732608204685532
-0.285224840533892 0.506580830624881
-0.10658149061024 0.565708602920376
0.784471202501024 0.00309952248104548
0.373148071593353 -0.514683376765266
0.399373472640383 -0.40852060345474
0.30316022983347 0.528637760639942
-0.470823490326791 -0.00314383870403361
-0.176639850605893 0.429012832847478
-0.537046688367122 -0.0152087561701704
-0.447144007143848 -0.0234959042626247
-0.51182871190511 0.0350883348991566
-0.200490433232773 0.312041815449237
0.522731358757448 0.00408878183699121
0.0890158910354834 0.551013733162002
-0.356430039138481 0.302590361878986
-0.248168632215909 0.376983458934095
-0.11260529792407 -0.629029981512532
-0.618063738550939 -0.00857403373549698
-0.486927262426186 -0.0281100933561727
0.894853687186461 0.00660767823969044
0.40216047037994 -0.688191519734945
-0.190570547582401 0.673248082622905
-0.569753344492537 -0.03081775307973
-0.429664478664015 -0.0144071086860637
0.178926073866576 -0.699154917515176
0.726498083970342 -0.755431798789004
-0.582540643142592 -0.149652646919289
0.0663759470923868 -0.787086352901898
0.0676557595034175 -0.778080869153834
-0.346269222106434 0.0726074911631903
-0.259834817608505 0.022557783121071
0.725242938067863 -0.700290628895218
0.090530093645296 0.697050353162467
1.05186619933487 0.0296362295184444
-0.47934961900176 -0.0257765741647711
-0.0023651997994019 0.552372577382716
0.0610830232282646 0.533672051228112
-0.0544227355156611 0.489366221413966
0.470768904200679 -0.524628628524254
0.761273907241362 0.0275001233357226
-0.567352009649965 0.00977381523219526
0.00512573572903987 0.426148785426821
0.360026143224416 -0.431276463581847
-0.435272735314842 -0.0356138545786833
0.635935406673728 -0.0094840239873721
0.385371973387425 -0.311595419633533
0.686014771182135 0.0192343432456991
0.0785509472336699 -0.35162081783798
0.0752457244294396 0.313037188825605
-0.29516930560362 -0.0222337046767288
0.716724782363727 0.021235394769467
-0.309313748742103 -0.0449034495217416
-0.429945588812145 -0.0747753886166633
-0.457159467551522 -0.128099890416125
-0.47509776728258 -0.149675902546589
-0.531034481283649 -0.0371130816971758
-0.570275464716668 0.10342760855438
0.4324589800146 -0.60683999346578
-0.349151887122865 -0.127264910988796
0.0682615567694936 0.581696392905887
0.0688880939675338 0.426946242289441
0.592505077234933 0.472958022058474
0.273933933105338 -0.532891373407281
0.698525015026498 -0.478451051994808
0.111479855857774 0.504579474363361
-0.331512008025827 -0.0235520451328057
-0.260711475911195 -0.0324833992193785
0.202231183813673 0.448336388889939
0.261278343569253 0.309188097508637
-0.213906247007254 0.136818388446673
-0.277205512318795 -0.15799254540725
0.123086741222428 0.509406179387275
0.519934742925894 -0.521656833851658
0.079065641700773 0.582062903359275
-0.456615435081407 -0.261362039137983
0.33267017903048 0.309006372375849
0.166111661722979 -0.643444285624432
0.55084335216934 0.638491528919371
-0.0365399286325272 -0.678732686185508
0.547106086719104 0.605084174625953
0.611283635794422 0.481046184956342
0.10335230201524 -0.492436709319468
0.174643123024816 0.451642701778262
-0.145126999028988 -0.0161521928815119
0.696070160485223 -0.431323787839744
0.524902649443369 0.587344835667333
-0.19214119530553 -0.077712367243952
1.08431919019379 -0.0175747041151642
0.2481338936572 0.581667932264991
0.359072308326428 0.561512938659644
0.199532028452303 0.622387411329265
-0.121050372038836 0.0364607375986401
0.785834704988106 -0.445545669391572
0.323145477154727 0.415614039509881
0.792142544998205 -0.407910797460556
0.375820330667705 0.332052458778915
-0.297131337552311 0.0113486817198679
0.201725640665071 0.450251696153591
0.645306310153344 -0.424813348514651
0.0349528899524061 -0.0435981923456347
0.591600122339793 0.420887774457512
0.0568706032736616 -0.0296179980757182
0.445591623109167 0.28467896355151
0.353233516359994 -0.395610576951706
0.394366999951151 0.271502806590421
0.260810014915234 0.303079247045195
0.515922367553528 0.486521054892891
0.581820567404834 -0.464229156194034
0.733852442310314 -0.298745482359427
-0.147919399620205 -0.0347948084145501
0.256166980663741 0.402699451569158
0.19833763077143 0.452966513348578
0.62584784443455 -0.413999036180276
0.248497329251598 0.492545739703293
0.837837064340286 -0.0346302394164546
0.0745653747957309 0.452336218866967
-0.414917677948158 0.0975386937387475
-0.253583733366709 -0.150457433471934
-0.255709675913386 -0.203068512427366
0.536168708051861 -0.306723437116996
0.0497176122262602 0.486751267305306
0.314246638208163 0.616702049875009
-0.433695627993012 -0.17662129031517
0.0065870667788085 0.233788441812776
0.202982829135761 0.29044254299364
0.436391617624679 0.428673217360546
0.0912334366595123 -0.421713590874804
0.729654076937162 0.00949219919264319
-0.121806655632612 0.0180403406510259
-0.0904812301987657 -0.0421022486375445
0.531109573287502 -0.288751328691555
0.251745488200849 0.279553183493303
0.206665233265196 -0.35079805023231
0.27372069659467 -0.318891720092159
0.216748138383145 -0.313798924668919
0.255178324782951 0.136701928984997
0.646827810052217 -0.00135260113995461
0.167556245751562 0.21835115578731
0.185702067357086 0.280576719673006
0.173683641885147 -0.31227105940242
0.304908699748167 0.0665875374092306
-0.0779808307695913 0.0904647147418353
0.433666205187142 0.449928994749283
0.322352238514922 0.186238754417337
0.239151700988779 0.29813570957698
0.514759184127651 -0.187531133696364
-0.336005833659221 -0.00179122026370983
0.30555760115137 -0.341434567345164
-0.12240362310544 0.0661965291555658
0.108105749683986 0.370327319180509
-0.0610326903664829 -0.00372332323545973
0.479949894175141 0.373422380841872
0.363577880451297 0.596601819079263
0.58688595878801 -0.263443807860686
-0.296365481661115 0.085122657179823
0.512232567256574 -0.463128133662338
0.117349832198345 0.567364575963267
-0.371364983452344 -0.0178683838891609
-0.381467712150018 -0.0407805569761929
-0.433318694071042 0.00633966693672789
0.123466885351566 0.634758984059089
0.00905162099652151 0.681706485353646
0.344824979068449 0.510888970243528
0.733411371394155 -0.349588210200882
0.327482968235991 0.381034431284601
-0.102005294027355 -0.854918643728981
-0.589750521425027 0.137890633624956
-0.549277896363536 -0.330524744870595
0.184420408661834 0.702887004762955
-0.643826626112391 0.126482863695899
0.187742067996234 0.701012592450101
-0.372980255777871 -0.214369515144017
0.0692646255474237 -0.901481732804862
0.0920169298322737 -0.892020368533191
0.231030907142764 -0.698821644063621
0.501100838660391 0.97638078678267
-0.0559915210702529 -0.855545297605066
0.180187141436472 -0.653043234684692
0.233207911296727 0.549836817971184
0.740048756509058 -0.560034057352502
-0.0738459017676752 0.705473466886023
-0.0578928278234671 -0.814359428639465
0.0449046877544424 0.622413911374986
-0.290051172989633 0.0296978320026376
-0.062400879071479 0.687787823122046
0.124823913685479 0.468176473683545
0.530634718508528 -0.609450870398435
0.501384636629534 -0.345799025541398
-0.0790060511907853 -0.547958261451293
-0.460099133051102 0.00795857423021283
-0.420875037503685 -0.0285217700328964
0.448490493789854 -0.327341162384049
0.0258496925610448 0.328837215762395
0.061319925733566 0.223949944878312
-0.0051546408637477 -0.359762608994338
0.284528270345946 0.221043314595836
-0.00164107191147502 0.342836934080683
-0.130023555642005 -0.139843389761837
-0.0876237944260492 0.353304083088105
0.273975499396271 -0.350930758295044
0.113539485357898 -0.00486766030194309
-0.272607842288626 0.158233153698356
0.269189948130303 0.151279188851032
-0.36415390817897 -0.204963999041131
0.0471523070995946 0.101510979192041
-0.061669535249619 -0.0387256355073194
-0.305924386806248 0.233839011513647
-0.165320701519547 0.470564742521012
-0.0852147201156377 -0.0126551338292346
-0.32985512014709 0.330980164289014
-0.155238960652933 0.574635517091531
0.391306877920859 -0.143232318801174
0.0881007790600214 -0.327278453674761
-0.307855923368709 0.234136759500762
0.126240442869227 0.209421300532589
-0.0866979851266165 -0.454861305305029
0.117598709940819 0.463674368826379
-0.164370495334405 -0.161931507617133
-0.349045346815991 0.137951572355483
0.0594129977824837 0.347982900818041
0.330335752466815 -0.0409928798384341
0.0791513868246035 -0.380889987098654
-0.596345799925663 -0.0106082607785922
0.0119069189626841 0.416808971684544
0.464767778032962 -0.090272048700197
0.601580690255771 -0.00560545821805871
0.0631694882427307 -0.260248583973024
0.0510315561510782 -0.396684639327943
-0.292315868248418 0.36921493840126
0.293406109482018 -0.413340367074504
0.213904942775496 -0.538461800756013
-0.31642003967054 0.473506915325466
0.0275425371369043 -0.474742452491652
0.429963430357843 -0.0266172678503708
-0.513221138224601 0.379831589210032
0.100628831391498 0.473438636061304
0.457684539312452 -0.0540539109067843
0.480811264034608 0.0108651535471314
-0.543698292716729 -0.0180822382893567
0.21297667140289 -0.275334657993754
0.405210290839949 0.0168646417077555
0.0536672518013837 0.365051002933161
-0.246200721679181 0.196541961390261
0.410085355828012 0.02729053791648
-0.0373270901129352 -0.43482119068389
0.583166494581586 0.0297279106892524
0.315247692749754 0.0610497824814826
0.0156771453927627 -0.252554064555912
0.0782068729353457 0.203154755102084
0.400172322922327 -0.0529828594884504
0.470826324589651 0.0187819025627367
0.130623898627506 -0.238733728736489
0.143455949045946 0.402840673159354
0.116126099672233 0.451458177905994
-0.244098141380088 0.45877350854974
-0.0113655160781477 -0.34239499511747
-0.450512174346424 -0.445666692550272
0.338507729593381 -0.161243302811131
0.146654257457757 0.658363237552807
0.0111884507421847 0.628628418669616
-0.017211018469321 -0.546387248616499
0.407136100748869 -0.00906386282143751
0.130114707793045 -0.474645648180512
0.139889323004882 0.568310949659275
0.571398334827113 -0.0218629971157647
0.284948628552517 -0.49377257052992
0.594073011210589 -0.0166848426490396
-0.230647922297959 -0.579467412590666
0.340317718667474 -0.492859540812494
0.254811372769116 -0.41736635583636
0.324336929375042 0.535578202933836
0.244384634788965 0.489699862872193
-0.14444617208817 0.470107095141955
0.293617582236028 0.561296303874034
0.291216538758013 0.501443358875472
-0.197205867694104 0.339666663413306
0.497445898819345 0.00315842977451374
0.622282650346527 -0.00545833537525476
-0.43769063644374 0.536180896973419
0.55862143459527 -0.0320629191589191
0.0561565995131731 -0.561490858597486
-0.470027465312921 0.641785720558537
-0.483459380863615 -0.680497992110129
0.000999119098087801 0.640890028359601
0.146328181294414 0.00527360829608639
0.00460046934524055 -0.630007492991989
0.354763578572027 -0.704042740042675
0.340304087403085 -0.659847031564713
0.161563446876229 -0.562771322837412
0.0864851170584984 -0.58032931163953
0.683324806961004 -0.125309197109004
-0.866738814370284 -0.0151976475855677
-0.100978956808888 0.571091835108545
0.0182164365697884 0.752877984396709
-0.769447443034543 0.327277155648069
0.324167597419267 0.157828464192367
-1.10622114756513 -0.0586282212818857
0.627262244766836 -0.245464369820378
-0.066025494548452 0.744278179784029
-0.391749537902458 -0.291025050914786
-0.48096602355976 0.714278897261692
0.0755079572802072 -0.676524029210851
-0.0308839241875446 0.488288637113537
0.364436926756048 0.209264227213277
0.0806557083157438 -0.00483297290168602
-0.00826887413284839 -0.505044450877488
0.542716286138248 -0.177964045338099
0.575049356373368 -0.19115687724947
-0.0932509944037126 0.706544344932479
-0.848161172764209 0.237018140085454
0.180506907021313 0.900307853974454
-0.14135475825559 -0.762863279428086
-0.258191054818185 -0.797032240348748
-0.283484872084461 0.811565071997718
0.0679136874772201 0.955784065954623
-0.664778613783349 0.8550686912643
0.124518127924684 -0.587266044750498
0.224880083632009 0.99079508637768
0.618350356675887 -0.320895536767423
0.950447014408606 -0.00640490690624882
-0.747488353820156 -0.389873211942617
0.969348166363205 -0.0123527450351607
-0.472358427707453 -0.202176437631705
0.176875907723514 -0.481703577577715
-0.811239049813926 0.153108057744451
0.893761029381923 0.0144802231086723
-0.892551710454639 -0.308539885084396
0.487373057883483 -0.526533217926113
0.18784152333756 -0.922579824039591
-0.72489664129164 0.780682538806403
-0.766430661805119 0.177616671895811
-0.0962255419820621 -0.600266010585672
0.361035075826695 -0.551797695340344
-0.988904453632989 -0.0670145360296166
-0.662371380873018 0.717403034921046
0.0729721141306398 -0.517093665762068
-0.292081186057468 -0.721532129049883
-0.665384821995031 0.619778026654306
-0.0990059903541602 -0.533808370613734
-1.07004551522902 -0.0548626296072616
-0.3833946417181 0.644181961587755
-0.910312425419793 -0.178801231318579
0.271609322970442 -0.466916928490626
-0.685522757085644 0.38850914369904
-0.0573962318792831 0.832412763485121
-0.126135918532315 0.431865929070771
-0.122056699762022 -0.580862193212882
-0.234630184989477 0.481444852252744
-0.707983511111005 0.532843524661494
-0.866201400648883 0.185113867631756
-0.0755796627701015 -0.788920330261687
0.114297207959363 0.628624001663187
-0.727489257588635 0.521305667963983
-0.553227354218927 0.487185725883364
-0.573203404174431 0.423876036576604
-0.0808668099526055 -0.466259589805334
-0.553326770433226 -0.50422421472272
-0.110558200463314 0.481880367265361
-0.788435429742212 -0.0487356176736033
-0.393605197119769 -0.557128751352949
0.141688513427898 -0.418868422061355
-0.538699361599914 0.407411987154277
-0.566891257215813 0.316594638957019
-0.579657642878915 0.304686391231921
-0.439961858133025 0.616838243468411
-0.398048966154654 0.557380111605675
-0.642705643420018 0.327932593509641
0.00625138477888314 0.401961606795669
-0.663750111656703 0.402302756162915
-0.431898131205465 -0.539550050312336
-0.804909654819573 -0.0440264880179368
-0.483278217209806 -0.454910431906848
-0.41743548565416 -0.368172448888038
-0.154780398737066 -0.257609644881891
-0.787936398877568 -0.0644926804945938
-0.808936445535228 -0.0681980872045679
-0.068164381658435 -0.3324165683006
-0.713018233425842 0.282943119077113
-0.919607350270209 -0.0709724684375025
-0.621058675391735 0.320874279664409
-0.596275626376864 0.319565847820212
-0.218878628090421 0.465511698772233
-0.854508086626605 -0.0348966543717663
-0.791590735762332 -0.0694129242936746
-0.539026351612085 0.18547562419848
-0.494707552116316 0.183645567162963
-0.541070787531891 -0.327519001537031
-0.209180779799231 -0.197541210057978
-0.625508869087935 -0.365267429337441
-0.531271205090938 0.126549229881605
-0.892636305190747 -0.0176628208130593
-0.215891276205482 0.477073234790915
-0.48766077112086 -0.486470421057344
-0.90064257241917 0.0321168175526748
-0.479474205677762 -0.396397980643513
-0.745950408852426 0.00727628523354108
-0.145855732513203 -0.289195198302467
-0.47445406700512 0.23248104250316
-0.699036019599349 0.03890743067162
-0.277204976804008 -0.238724513273291
-0.55147491264856 0.142526936601724
-0.372739031791218 0.0359395744371988
-0.530122135915984 0.0105014747072149
-0.602798151771586 0.0963403417101444
-0.426621244332218 0.0575991515581058
-0.535796204913501 -0.141699310140328
-0.4584059696852 0.114502808352839
-0.516015897379033 -0.226668662418677
-0.754636964085353 -0.036426219923022
-0.355762419230927 0.218106989120065
-0.640858895842956 0.234411599437486
-0.699974669842201 0.0925831041626562
-0.66472463368784 -0.318100231895912
-0.68972612985669 -0.335913385035859
-0.548608700740699 -0.0209932437697017
-0.706466106897779 -0.154922282508172
-0.925139998781336 0.330948190879159
-0.588937625661711 -0.400126900206107
-0.577985174292459 0.363054680776365
-0.0768936233554447 0.0722170601128987
-0.478897526518241 0.434769161553017
-0.0595247623200807 0.00154444544675483
-0.815456387923647 -0.564303683623119
0.0513060911970897 0.0130086714056302
0.0530773194536725 0.0094281961545351
-0.504391026759318 -0.523014194237918
0.0199891986200809 0.0124645000183524
-0.851681690359536 0.302346751289207
-0.0168183073256255 -0.0413761991726684
0.0153731622935789 -0.0338345541315221
-0.4010438485444 -0.347706546234282
-0.399874013388898 -0.387637382452537
-0.253929155490588 0.378979979085737
0.106783536360924 -0.0325328168849458
-0.264288196326496 -0.287769788112017
-0.123552570321088 0.365161417648805
-0.123438068963488 0.259048933977291
-0.144877997386715 -0.267304737757429
-0.418547531660049 -0.435429760371828
-0.0745191320003453 -0.35130672548022
0.0118266227606756 -0.157482210751678
-0.214118486547293 -0.324856386616659
0.126647708588967 -0.0136861275275731
-0.291567830887365 -0.504887701817808
0.132119124802327 0.0133443432454857
-0.395947756886273 -0.54163591061858
-0.859507414655861 0.459564131695185
0.184758022672143 -0.00921970386172246
0.203244686928024 0.0375918017431591
-0.869510816426058 0.527032915795851
-0.431979448588743 -0.578168158574789
-0.367417671577179 -0.501641849042286
-0.327309415359221 -0.495017263912972
-0.769244878210383 0.42035022994068
-0.297956213917241 -0.418981442025943
-0.24615381437067 -0.403974085987028
0.275724963922451 -0.0206874822901308
0.26162850028585 -0.0413656766413363
-0.146834757124942 -0.373404763945972
-0.407482715191218 -0.444129246057733
0.296368812130784 -0.0495403920915179
0.257399710328213 0.0473825235867543
-0.0675392093167543 -0.246000315056725
-0.197837243316259 -0.319474243989452
-0.141213159320904 -0.422815123719065
-0.54149124055785 0.261136019779752
0.093065701334678 -0.0337426175556687
-0.273378941490561 -0.331489372076365
0.0296757002713882 0.0299291669354179
-0.719953849649741 0.204060627620451
-0.407941154789865 0.409359167994005
-0.417759046532979 0.368305756400031
-0.13040657361719 -0.0339100150257425
-0.101739036703057 0.00984636892256048
-0.491447138686691 -0.310479511595369
-0.66363026351503 -0.355451384685347
-0.26740722240608 0.0102145088344717
-0.465154471035158 -0.254799571724488
-0.501298624244193 -0.276419462681767
-0.394180057214499 -0.238920786197232
-0.808009822038605 0.0796825079198938
-0.155891296559994 -0.102507137197183
-0.469200756985856 0.0772915924481268
-0.402254167410963 0.0228585459003533
-0.439083798459117 0.385814712787908
-0.435672328237186 -0.246440428074566
-0.0724202645762133 -0.138089534907984
0.0999214230922864 0.117866512547931
-0.66047857726923 0.441013997972655
-0.1937732498279 -0.548492557247012
-0.565717698097693 -0.538039842915354
-0.273347225221548 -0.562455890325079
-0.644889446460949 -0.469189117383781
-0.0280658156284696 -0.540773128653996
-0.0865496698641899 0.528666046021957
-0.501825101198497 0.549204426200705
-0.463906509871718 -0.587961533761019
-0.555589576812277 0.271805913157074
-0.349754352143869 0.3299188316541
0.233466065431254 0.159504735348861
-0.0224314334223618 -0.33761683480437
0.0932818918420332 -0.0449466453549585
0.197444732690891 -0.0417613344213028
-0.537118103850401 0.318511275802169
-0.53067905356751 -0.374977202132289
-0.713744351417229 -0.0297545828977687
-0.347914490216896 -0.191228664453889
-0.48982254869469 0.167721657500231
-0.179410925693903 -0.031256838828269
-0.507673776484813 0.0954136936127228
-0.614882123544097 -0.0181509817348572
-0.0770387980895762 0.0585099747930443
-0.123029044256835 0.0142965393150147
-0.396062258248238 -0.395091821680689
-0.00210981184490137 -0.194746360611103
-0.233605278943322 0.413579638861783
-0.429030410175463 -0.218450389485618
0.028267070673703 -0.388632542203115
-0.0236432390778158 -0.352024470357154
-0.526718315739413 0.395733169302512
-0.0228227276109133 -0.440059503365143
-0.227384018336959 -0.513145050543461
0.1202129355579 -0.235200250484161
0.0720263906555601 -0.371002964541977
0.302213405686214 -0.113107678526829
-0.607622405246259 0.531041716906835
-0.232511054693838 0.611924660795994
0.107242577793359 0.109991649777598
-0.354512864929473 -0.30606526581699
-0.824640865551043 0.170833522183488
-0.733656946597201 0.184407520854628
-0.31648647657529 -0.45134441542104
0.056600208756299 -0.124701744772654
-0.187790761345452 -0.363083619622358
0.133737692937634 0.0263639345827629
-0.409148434115336 0.262520076759152
-0.409329169108631 0.110311685860134
-0.36366882139073 -0.287442688016098
-0.10418290238616 -0.294879595932495
0.0374216342210971 0.289527589778988
-0.0963375137799496 -0.381599304661489
0.222555885422434 -0.000365411668009591
-0.508101793376669 0.0732705875181769
-0.301311602326512 0.0692543218521901
-0.45374060574896 -0.146143774046914
-0.482413011223159 0.0469801381254758
-0.425527345641829 0.0574552252055029
-0.152120458886067 -0.181798986665296
-0.196589809427371 -0.1554954879187
-0.0104394219411263 -0.00536078656956583
-0.323257339764892 0.113903659957379
-0.455232482154079 0.035375903082891
-0.575636725197251 0.0570728341389155
-0.37951014825242 0.222687184395756
-0.660281961650182 0.0589879817104562
-0.351415561044096 -0.150088974688787
-0.224511007332505 0.0414529592561801
-0.168402945489572 0.0446663679664533
-0.515938124663798 -0.153975768676533
-0.801121564963409 -0.0385666963876631
-0.790530978214665 -0.025614629371312
-0.138720376740831 -0.0500980411894406
-0.120293919293974 -0.0212961579467916
-0.592440291949585 -0.353958198769783
-0.330740571331252 -0.256623593461372
-0.577916745368682 0.232616912981689
-0.68654015748234 0.236413438757832
-0.207072680312505 -0.292063953481808
0.196237690977802 -0.0202249093263292
0.186183675777051 -0.0201182886310729
0.153757236896388 0.0406060129844627
-0.451369257162516 -0.500641553099252
-0.061784601009873 -0.400081325290926
0.362697490719547 -0.0328475613315789
-0.474997161089146 -0.539869483625222
0.292077309966028 0.0139691060632117
-0.722327489110111 0.371468848194409
-0.234278844681596 -0.465762293411751
-0.670776922705547 -0.540421259936471
-0.761071763588228 0.355139258462809
-0.305024632290983 -0.456097771017622
-0.388017516461258 -0.525218303904462
0.081708308701398 -0.0108953568591754
-0.511348010667756 -0.303012356031302
-0.07657935601074 -0.0725655436755886
-0.347687842974936 -0.00335687608892452
-0.4908959503896 -0.319598143190295
-0.651596847273903 -0.223492514023845
-0.798694235682472 -0.21359091835084
-0.74367298003859 -0.158096941813588
-0.827335024425291 -0.214108103047526
-0.834645629721973 -0.186043170045206
-0.749412760987442 0.22737713693041
-0.416695913829887 -0.234830432955537
-0.609277880157078 0.305620688566939
-0.707076671608798 -0.444941413415442
-0.344629134793554 -0.232710387202532
-0.501526372686857 -0.294456060205662
-0.915522538785482 -0.0592796877005571
-0.373735704141992 -0.117799530700706
-0.474180341281927 -0.18662994149961
-0.725902508995974 -0.0313981997885315
-0.72307516952484 -0.0532248006348309
-0.620473913074838 0.079317140913583
-0.613324469428053 -0.0130711909738397
-0.60825692849091 -0.0372093074653245
-0.713496397741008 0.0738523485930414
-0.491523246658663 -0.122880232713728
-0.752901367134947 -0.296752898246445
-0.338469879914548 -0.0857963955077307
-0.782958611516193 -0.0275870504081359
-0.44895548552079 -0.0577822509453591
-0.606944858216441 -0.090153473912123
-0.509760078956344 0.000133711971534846
-0.742094936304121 -0.00516333544081474
-0.639184694942575 0.00581111124595128
-0.669539251706046 -0.0519670299211422
-0.634017739300254 -0.0161038716519005
-0.611606018047174 -0.0102152585082783
-0.55582861333064 0.0235678569128995
-0.566144815001452 -0.0631092859421968
-0.494865425790067 -0.0259132619095568
-0.429175060991049 0.046283328001636
-0.479263389342995 -0.0599760283269399
-0.413411098649511 -0.0428634779068152
-0.49455554777915 -0.0740390331169184
-0.379551955082683 -0.023980705631699
-0.568145117227099 0.0341749115324401
-0.58938886488781 0.00882970150647638
-0.468601370125151 0.045222211817599
-0.577202086404202 -0.0536738572578778
-0.595472555933972 -0.0350071879294997
-0.566977512349397 -0.026636893343615
-0.635582685891 -0.0726254806945789
-0.676330756316821 0.0935601168616931
-0.68377161860989 -0.118541338912605
-0.845465213441371 0.0653747907599527
-0.564824429337935 -0.045665638521117
-0.705564222739901 -0.110611049849868
-0.646773795286511 -0.011773895414044
-0.631387759830607 -0.142377770397963
-0.564995225576084 0.00581258101308897
-0.646942243323859 -0.0570823592470548
-0.645710166503198 0.00148564245235309
-0.5483070561159 0.0718526680534551
-0.552046746084812 -0.132698901255486
-0.625087624663687 -0.123639455088822
-0.626938581691622 -0.119832614894186
-0.650167497203894 0.195606862243756
-0.892222122442702 -0.180288892872832
-0.917792526120545 0.0834393900269964
-0.929110220719078 0.113143168217935
-0.461201745985987 -0.0107753042156975
-0.382030418506229 -0.034458348113457
-0.433100367901762 -0.0710041592738976
-0.560228813697677 -0.090398186163123
-0.792546668721885 0.0663298063702959
-0.75919782858127 0.120376545390893
-0.384828653196082 0.000531018246716716
-0.645432054318791 -0.229107257912937
-0.697779866171149 -0.252137422744063
-1.00059274906871 0.128165443211544
-0.415901169340386 -0.0106481866597543
-1.19111149621352 -0.0564040536248215
-0.785106371042956 -0.181043977309069
-0.464545662339436 0.0555218055379167
-0.648589870903659 -0.104741695210914
-0.779932501373198 0.123211739773518
-0.564624555649622 -0.129774462650027
-0.734664759428071 -0.0584237317121919
-0.755369614125443 -0.0801601973775155
-1.01416027093975 0.0806507561412259
-0.959582719195401 0.0380166699351355
-0.875457406810095 -0.319240814746453
-0.70385826374114 0.329371261856324
-0.353346601401564 0.0116763545707555
-0.998741365226168 -0.430093797935949
-0.285664518720917 -0.0656130664799685
-1.12403487670555 0.220009568046985
-0.637369636744803 0.53504650036104
-0.588820329937014 0.471911258653797
-0.645597038315832 -0.344228143933006
-0.644626063818098 -0.307632669326177
-0.286189559554468 0.044354025380513
-0.726766618159371 -0.201569481033738
-0.426701231379162 0.505440128658226
-0.347971602710518 0.0456765650894372
-0.954407046991687 0.05080937892923
-1.02320154176448 0.0979477232146669
-0.639701343656687 0.41181598488023
-0.747927383120605 -0.202677961917763
-0.684633781870589 -0.294856418404097
-1.0592202859168 0.17149104377711
-0.22150228486622 0.00466996278548293
-0.20475183248295 -0.0127707442917203
-0.160632613184048 -0.0292687647755576
-0.52039231768979 0.553765901416963
-0.499586089649766 0.602886970424118
-0.606222273708555 -0.489311033260068
-0.496797997077586 0.637672098404211
-0.991422109519708 -0.617381943629086
-0.0607555547387801 0.0224452101892586
-0.673363545693441 -0.378849933447747
-0.298455395630076 -0.0045493522694737
-0.562322630459029 0.5924053683914
-0.185669001715464 0.0968650455539764
-0.621650111384202 0.583372861366276
-0.0482381792366786 0.10806029710581
-0.0148623854509819 0.100890018097544
-0.664944661121552 -0.510745045664181
-0.508967549814274 -0.617740378095238
-1.36971808450891 -0.0567061405016327
0.100752457568106 -0.0545347413162993
-0.538812271269652 -0.627852417421956
-1.14206510695739 0.547790096052219
-0.547224991105125 -0.78745620956509
-1.24478380480797 0.447990046910349
-0.0218305358560887 -0.00140925684608054
-1.14200323834177 -0.61430390178118
0.0374094923231447 -0.0255646250450952
-0.493409059312315 0.761946857042898
-0.659434111825419 0.78466941648336
-0.784667118778798 -0.683128399223093
-1.35030806633467 0.541096150266715
-0.77352662364771 -0.619665058850111
-0.719437218408381 -0.59050081293374
-0.0230402860553549 -0.0177829972970138
-0.527829470748275 0.702993577688011
-1.16064742569236 0.534999930856087
-0.58274146881423 -0.788503030977744
0.228469030984629 -0.0357577287225709
-1.52743789497726 -0.0392898967505267
-0.496710842183815 -0.815931793145717
0.397562326287799 -0.0370354784721892
-0.218122384062986 0.844475837458332
-0.18319422016822 -0.899798879508509
-0.48205826514009 -0.690315980991499
0.267651343009071 -0.125862771465459
-0.876336690023167 0.598062213415632
0.297950378363969 -0.0492771752374855
-0.417522269900237 -0.489996855560296
-0.0221134614939623 0.007474794025164
0.0150134997269741 -0.0341055922000765
-0.333385203673238 0.810472238213999
0.107256164011683 0.0709172025069099
-0.0401939894247857 -0.0111057576687474
-0.426433593837673 0.694676838887556
-0.485542564938579 0.813170474009531
-0.721234869979094 -0.584476446784965
-0.703731021092798 -0.639076511158877
-0.415021152183371 0.86213062255776
0.177758311503415 -0.148009168661743
-1.49070776049146 -0.0413429352345457
0.37670651504172 0.147212121037076
0.258623633467885 -0.224082082173325
-0.954182536043307 0.711343354741483
-0.229985740750342 -0.842513669259398
-0.773059812814276 -0.869069345427799
0.0374082105714188 -0.971942809052376
-0.290882978373738 -0.919440136715595
-0.281262016432956 0.94622954264216
-1.63298626474585 -0.035585667943625
-0.997090247112791 -0.982121789297254
0.318675480878428 0.054258149793246
-0.981499280901667 -1.02292354005096
-0.158187889351322 1.01073669438316
-0.898320025506428 -1.04600731507511
-1.08389499335065 0.826754096976437
-0.0449435695091664 -1.0866416159952
-0.434596136751393 0.792928638541732
-0.803155248593229 -1.14440221421164
-0.949529077681449 0.929029946266844
0.487592027924032 0.0938868645367495
-0.917188721496257 -0.849207239628054
0.661211056166011 -0.0692041464678408
-0.0433713011294369 1.02176348864808
-0.321373175048653 -0.855588670443374
0.432014179424496 0.00222232311827191
0.53248127622308 0.0373195061061345
-0.0992033354269507 0.850375176399531
0.567322972351254 -0.0574630402422844
-1.29892969704288 -0.0462151324025703
-0.774764278032248 -0.847281404964342
0.589947038520278 -0.108236555243762
-0.343412489004304 -0.785114994815287
-0.113607935222093 0.931503197612944
-1.41710445782779 -0.015233505265684
-0.691088801988901 1.04636425881553
-0.87608520782298 -0.74846686820359
0.637860402295952 0.301637026740187
0.936434567445345 0.43239866139742
0.513042888929227 -1.21340772891981
0.653344007144511 -1.12376834179406
-1.49534277037378 -0.0284379075184237
0.275394474729574 0.0161296877496687
-0.139930169134426 -1.19915711880266
0.382174174562677 -1.27600495110084
-0.467527131894742 -0.760177958472513
0.558565231700425 0.239868868372676
-0.435024513840916 -0.781257821246382
-0.935108295806804 1.01075615925826
-0.0839133048239231 1.08385431006842
-0.935910344037782 -0.938810818043161
0.825368674125711 -0.110775890336759
-0.00130718149254197 1.08168543862125
0.0463756091246611 1.08520333532198
-0.344256495841446 -0.83468107602087
0.747687083428713 0.200616353054943
1.10259321911189 -0.300165852908356
0.149414388870981 -1.17368070360361
0.260126391324495 -1.10674432547648
0.452616170331034 1.23821975397436
0.180793197742295 -1.04967533451835
-0.237967400863079 -0.79082615787277
0.676180487253487 -0.292354057483406
0.0409075022497007 -1.04060173742451
0.139382672873991 1.0201685965215
0.797575866588883 0.292245422427944
1.38350179654942 0.0178663823345353
-0.00119340588484674 -0.794455761825748
-0.428707189984936 1.18244761010519
0.36697852083304 -1.07362097311848
0.722161052927809 0.788778626101016
0.790982537918688 0.369519449103046
0.146208837466382 1.09266272495857
0.675655723405152 -0.498609296797807
-0.716074379866241 -0.653578156883576
1.16463268913651 -0.312304916935781
-0.630229869595695 1.27573792053256
0.269361158355905 -1.117521838645
0.756059901614062 -1.24657364010626
0.274380146910843 1.11290313883372
1.03411484465707 -1.05695011436367
0.37506001544179 1.05898320021854
0.0304498184901277 -0.680348400427577
0.917480490609769 -1.06986349180795
0.603499231527708 -0.975100636553239
0.847096337538328 1.15736979831502
1.0045005606886 -0.398512072470663
-0.313563054176907 -0.647383136691663
-0.832564507899459 -0.0173177968032648
0.505128404747997 -0.920224517800014
-0.552529657740025 0.608525232244851
0.0125486990074457 -0.672801713423326
-0.085054374947886 -0.608434135768662
0.73035762212839 -1.08609330495574
0.750334461555955 0.308098844497493
0.598947045551047 1.16821893738402
0.290093584714504 1.00307078864611
-0.0853526660511606 -0.54969560352055
0.908634699782266 0.287088971488454
1.21379840101089 0.426145035505485
-0.114048540179713 0.992487746977243
0.57144050090855 -0.0288355741293719
0.72166557932856 -0.60919897649074
0.484767540450834 -0.0310106843497253
1.33190773661145 -0.264671961895464
0.0797710294799699 -0.39049987164629
0.447287448361564 0.993268633215943
-0.89248421171779 -0.0212020370058425
0.491333055193898 0.911921297017096
1.01480421897532 0.320046704976833
1.40374791407283 -0.292246702372291
-0.238657632922406 0.344471752153962
0.825103942983448 -0.516159156502957
0.796766329695645 -0.540185633609263
0.374870348059837 0.859165868493583
0.336636734056758 0.900630487806313
0.162113900797262 0.356416905430898
1.29583896365856 -0.207773994626092
1.35571714267112 -0.283687897479248
0.175181034984169 1.04265287409516
0.561533306165145 0.862168919915913
0.957494388098978 -0.33567488658912
0.146418817151341 0.908054806642878
1.29169814628015 -0.194601021867874
0.841281808295439 -0.478661891606166
1.48705606181458 -0.00889701779291832
-0.0442837995875257 -0.321023810613718
0.819013456093047 -0.511908461005196
0.170376795282904 -0.0920014212076395
0.718830917480316 0.419563639755358
-0.0564328761386504 0.00367527879691504
0.17900527626552 0.152186882831911
0.657790064023246 -0.726015474789248
-0.148131783062202 0.0287476539296544
1.16298773850409 0.570981281454973
0.404618335488249 -0.022084906568828
0.65944975488665 -0.709483357550104
0.974691036520836 0.258181543477075
1.0251581396654 -0.153666949531064
0.997322448750361 -0.225604543340893
0.709946401641617 0.672434195142428
0.555779762283136 -0.00910746771535294
0.580298421709611 0.66205457986747
0.615160066760153 0.657020336966699
0.244500486198926 -0.118602860581549
0.799741641205676 -0.524904963605534
0.628477132693562 -0.67186326439715
0.681959888230582 -0.591509494225043
0.205090654967438 -0.12691880810369
0.808566319622525 0.227968058094888
1.20893271202383 -0.282775190811683
0.356365402888448 -0.103953110796864
0.627453030369716 -0.581766385367528
0.963300552550394 0.6437561069451
1.10608427427292 -0.226546328402625
0.588077083281602 0.500788602886925
1.14017662056217 -0.189403689516855
0.785096119481222 0.279427982111712
0.739062795298478 0.339850113296938
0.676163063780007 -0.457465750598108
0.304459561658384 -0.0150325100347794
0.663866045770658 -0.450277005391036
1.02878798133938 -0.289484373064832
0.57539681547849 -0.504151295083565
0.119433687538703 0.0405352660962716
0.121979687516 -0.00936507597493006
0.900079458939497 0.535880206354298
0.804225677443011 0.545670482065981
0.518974964843725 -0.614926454222048
0.105608632348928 0.0427995740518176
0.156533650932024 0.0568152427830586
0.668676766878301 0.413918823621947
0.173728613184401 -0.0115630238549015
0.613947276219562 -0.542473023607348
1.09477549336003 -0.332938432484389
0.27555725993171 0.0286479375740848
0.70267619678167 0.260280323346123
0.717644848800092 0.196525365198399
0.734661125952537 0.229848654110359
0.667112237529207 0.234039082567277
0.457816666938602 0.0850137921476757
0.605188814135279 -0.38346314564891
1.14357043956217 0.0179171819669546
0.474007266446196 0.0399533833635391
0.673691625975381 -0.332824890816659
0.729830785176444 -0.236506306848845
0.750002855475215 0.160954361084076
0.818411584281482 0.166233533173206
0.769141096134103 -0.250291619839423
0.960784716030611 0.224658033048045
0.589470747269096 -0.0123832806612866
0.987497387425388 0.344447020117051
0.859414746569282 0.135536112037772
0.627289085980977 0.0121555691260714
1.01493890176935 0.195937962994874
0.652564021902856 -0.0415018224324496
1.08317543177035 0.217465984821049
0.843363349365711 0.125200697122147
1.06867780210536 -0.082341980080377
1.03978963472975 -0.18529556147884
0.954139140987246 0.0345244356189668
0.865411447644012 0.129673181530377
1.12092333858751 -0.0724289714680168
0.858944954017002 -0.037099451336195
1.09986090839469 0.0643786525164683
1.05864618091886 -0.139731178382938
0.963331442314536 0.0744640779298487
1.21595830035865 -0.0942193633290336
1.18221701013369 0.0410142762835579
1.14616555363636 -0.0246825094510287
1.14722383701213 0.0317778855054534
1.08717159891595 0.0450325525146333
1.09831540234664 -0.0802276146430441
0.991675746048455 0.0184444610579012
1.02024094281929 0.0658897555876131
0.969171510050611 0.0919296859607547
1.01917196554509 0.0672135820020197
0.957529250336089 -0.0171993599879473
0.985986561401075 0.0755924920636211
0.987458108350282 0.00990235107285823
0.85065423570526 -0.0409698306290158
0.865673157874638 0.0123958868839179
0.874653494930068 0.074021913988991
0.83810128904891 -0.00289003299631372
0.847961796929521 0.0222703879082191
0.957427521897356 -0.0281916987485256
0.874629665891092 -0.116042878305626
0.854973631257915 0.0791518556269739
0.761320498390295 0.0230936787997765
0.715055421208687 0.0212831694122943
0.88628589777455 -0.0999753518890387
0.729802249213433 -0.0546003361185669
0.695362575669806 0.046544736046593
0.683135238021689 0.0586629416204839
0.695730263500492 0.0840278952710477
0.624938931806698 -0.0297860516343532
0.628972419277796 0.0708735149794084
0.678892521490576 0.0774111880121032
0.5405247323818 0.0425370572737794
0.59687484670171 0.0498912826168462
0.676517251631369 -0.0200502109914059
0.654365946537794 -0.0771217180939273
0.599741883012652 0.030743990344806
0.449780944124526 -0.0250531740745592
0.534796243969439 -0.0873213307708701
0.499425256104146 -0.140511009249184
0.542338536354395 0.0553229134701811
0.517105987759844 0.0355622693528042
0.481679401002999 -0.0206991795335953
0.632508547187064 -0.0373280740007289
0.66973109879134 -0.00349398522957723
0.448069014368817 -0.131052234772757
0.229093241970321 -0.015261645648373
0.310479209795405 -0.136589247581431
0.439810350172203 0.193043389907548
0.406947752757611 0.189310645919032
0.53249510852662 -0.0124395048798755
0.371052255541644 0.193185145287139
0.508252597528042 0.0539375301934232
0.280640631972933 -0.0898079149666336
0.390186402376259 -0.127520985419989
0.286883162127054 -0.161404091353731
0.291997243987364 -0.067324081277509
0.0266918210377952 0.100276145981676
0.302076472793535 -0.091714238046003
0.319874390092178 -0.204419646570764
0.0160884024714495 0.199778945588077
0.530555142345225 0.0394749319975658
0.256482763928573 -0.255947917212007
0.1825754433104 -0.183718946627415
0.645229259333835 -0.0285478745936469
-0.304254751527339 -0.0246057458675241
0.149049493083036 0.320056171399943
0.0972858783055323 -0.268121970248479
0.0344186320366835 -0.20653272743301
0.120342478220888 -0.166648941143095
0.0857826575678876 -0.206500259607661
0.044491945452796 0.452748634625125
-0.317890870350354 0.397290814333256
-0.078183709170102 0.408902671663344
0.247672077849592 -0.0102272301749704
-0.0312553407414276 -0.286775980201617
-0.113093917466788 0.484909766022887
-0.584396710232372 0.311708620545763
-0.104306543534603 -0.489582343901971
-0.486896081829742 0.474993623952536
-0.937124751682658 -0.027743481735806
-0.619749695588048 -0.506066892496459
0.174283249544007 -0.040096682389181
-0.170353040054506 -0.457803477988122
-0.17253373399817 0.630911570108849
0.394958614175011 -0.102132365078446
-0.230014070797912 -0.552559886137069
-0.228199171219612 -0.53473998005456
0.272198728604206 -0.0135782505095404
-0.241970909005754 -0.684184009276822
-0.231187827259386 -0.677093571042994
0.274487853931845 0.018753580517265
-0.174985696374127 -0.798278913434619
-0.920456610170215 0.541588444438673
0.232641743621953 0.0136333194583564
-0.323157453487736 0.732885384261112
-0.974102404438456 0.571469855025188
-1.04173745373919 0.49144908437867
-0.375854081303943 0.763357954483401
-0.436175888730139 -0.683051180465692
-0.442763566305876 -0.742157544742839
-1.11434396582759 0.536145368738929
-1.03963534001956 -0.808647445578425
-1.20033802252677 0.597758086779105
-0.583925920441022 -0.807728712173347
-0.510960267296404 0.837155302634698
-0.542403708993169 0.881726753359515
0.0379987937718804 0.0885509785433772
0.0717615634477657 -0.093293530272004
0.109398742701828 -0.119104475412331
-1.41461509404346 0.395025869420297
-1.27694006328071 0.630396828300442
-1.64193085902414 -0.0508700548451282
-1.15441004105281 -0.650265616463439
-0.454214247529448 0.773616026871779
-0.0807026248930341 -0.0157291046737735
-1.17080124466203 0.501668103001095
-1.55249998133664 -0.0209339828353099
-0.580113404544841 -0.641618526146272
-1.45711170157224 -0.0512704855651957
-0.650487418563303 -0.486361703191903
-0.311831559437112 0.764389075468932
-0.0359248358373893 -0.0858780260989602
0.104665768218108 -0.092738755905353
0.193875228571818 0.115459036964463
0.0255622292183213 0.112182698014972
-0.92472916039979 0.474487326519893
-1.25807545001184 -0.0449844919634026
-0.938673470971835 0.409303795422443
-0.29200216033376 0.60180777745629
0.111106687372375 0.0279907028029072
-0.305512121302461 -0.553228932388054
0.244915061116975 -0.0788286269743997
-0.119046670582759 0.649635802633138
-1.06670251379769 -0.0371916916563293
-0.787312645765985 0.334092314122109
0.231849829551836 -0.0859968777464756
0.280733762625243 -0.0315358137305313
0.288084550870009 -0.0305765645182906
-0.172911367821001 -0.499760109289948
-0.605978037789738 -0.509923877876155
0.270833669937115 -0.0298724798111743
-0.070840633358802 -0.539993647111394
-0.0887320812204627 -0.587938409757993
0.362176165919371 -0.0257780613730598
0.0170303656650901 0.549895869244514
-0.0625990705116451 -0.40811512552275
-0.441859654856377 0.346805189524196
-0.349701052792119 -0.450743338245281
0.489980494242127 -0.0362578429106429
0.154243754112289 -0.392413693741858
-0.265609329310395 0.385099545574944
0.469136750514508 -0.0279105970949553
-0.574042364103943 0.0141287149620261
-0.144833855310406 -0.489751288794831
0.542731363052796 -0.0137160546128978
0.252435745235072 -0.275806688304317
-0.15585723811953 -0.501362150723675
0.259790640156772 0.53709598149861
-0.127121287361027 -0.492818059210921
-0.391830471293839 -0.0166954211291018
-0.0495778650876248 -0.428467062005143
0.391123014323952 -0.344484710512198
0.379661698018192 -0.298733083306006
0.333489426244707 0.393958085535228
0.0629131499997265 -0.402213489312668
0.655265870501461 -0.0393437685756115
0.672527073189878 -0.0994585496059566
0.762009782075322 -0.109529513553846
0.74891275737976 -0.0481782525406101
0.762347629504031 -0.000771685366236589
0.630255337509562 -0.104963028593312
0.24306276368757 -0.416839559863042
0.465832001226356 -0.0113611873829788
0.549936313907645 -0.217942460422535
0.163639413584858 0.0847631166427971
0.258935119311044 -0.0938197397380274
0.423277798462255 -0.322508574850891
0.215489702923226 -0.190398189299458
0.597841767391582 -0.146873243283176
0.476981805282443 0.0890276739212521
0.422478864692036 0.200904769062538
0.510988894272465 0.201597133450914
0.850447562713158 0.00168154623149025
0.662441662359971 -0.199609746207283
0.722634041422009 -0.173011411756523
0.340633647790537 -0.0328338845225249
0.500176220854316 -0.215152434490127
0.300299648202809 0.00654067921327706
0.79710345139805 -0.175097039132036
0.590614778238174 0.128422083141019
0.604599036154025 0.0903186208183991
0.325435823496534 0.0337938670377451
0.411384358331399 -0.0801157943683137
0.470840190238781 -0.0536618114889457
0.590175852654408 0.187872079460905
0.38574791270695 0.103776522368722
0.658274642587822 0.160625522894446
0.481005402913726 -0.130665790237724
0.79843929446488 0.00734735519287286
0.877172002036802 -0.0395427227726839
0.459411159194558 -0.173499217294464
0.799891030444003 -0.00328016901740073
0.695736988577372 0.239163086403575
0.868684836265532 -0.00728661413409686
0.755044537993399 0.14425211081594
0.61627409945688 -0.228125650121806
0.840034306908125 -0.109104478716899
0.760890720319147 -0.120510251877439
0.913368579611364 -0.125228004195896
0.747637173543 -0.0374125356516137
0.891716494115656 -0.0930668251947553
0.736457446681389 0.0290200081761299
0.897691996225419 0.152574928804554
0.850595986107549 -0.0597925982455702
0.856149522920398 -0.117987581250204
0.752665789662215 -0.0644522336858594
0.671485381372969 0.167156353107033
0.898651933118326 0.0710561745569872
0.698648044987246 -0.4080343608756
0.935857745365043 0.167918410827057
0.937981179247571 0.173160778619689
0.808817055425626 0.37641330562283
0.917576366155871 -0.390403158122655
0.871767822008163 0.285162893358893
0.201700500019998 -0.187427208353567
0.0400787968132712 0.0155276742021462
0.408196348622423 -0.0240290863057783
0.966926894882393 0.290350901770835
0.895724039565472 -0.596130350185287
0.652251413743796 -0.796266972429166
0.456119726454546 -0.921881913463954
1.36864553013658 -0.604748647324064
0.786235712579251 0.62461877438931
0.666099529380878 0.723938751511305
0.870737090225021 0.518646213439055
-0.169162580205489 0.103878017037491
0.7320228341552 0.629344498743784
0.662608287703969 0.629935001055846
1.22998372771354 0.678645546267642
0.498879638989918 -0.891861638223798
0.000520290320228736 -0.155933048949341
-0.0754162784359657 0.24542775596569
0.28211313096287 0.953789010505036
0.543256554121792 0.699859886967391
0.397773356137333 -0.776099798887447
-0.341144344702678 0.146433944551802
1.1472358729387 -0.460697678576171
0.358840747736131 -0.857797402366509
-0.312916186828202 0.112060393088788
-0.16969421111035 -0.186262221665684
0.057114960291807 0.0322589600155978
0.712451753747032 0.933963583682361
1.05494609270232 -0.439873845280263
-0.177649867252407 -0.11412502520565
-0.535646848023707 0.00557743003956942
0.868108253829128 0.615263915482435
0.974093429221628 -0.426229143277631
-0.368784641773514 0.0816087013029827
0.429839318864893 0.467517797353414
0.180362778747307 -0.769330700749573
0.637448320412493 0.791426052911878
-0.359038350106753 0.0376319445836849
0.697939840667979 -0.591611395544234
0.16916069192224 0.648346990897929
-0.488159443179553 -0.19226740665178
-0.296798751116381 -0.0684239618478176
0.12761242754295 0.540225476597367
-0.318008497875095 0.217704154855291
-0.00181592654972805 0.54948112571284
-0.414423823959965 0.0782952797088005
0.0561367717058279 0.568939367700066
-0.630731850395061 -0.00596518874926783
-0.200947828071638 -0.712013003776
-0.533875310147729 -0.0198034032276629
-0.480871552046566 0.107334163893299
-0.299247186954008 -0.189586314267856
0.690099361411137 -0.00849260210685565
-0.196602425949959 0.0106817290822795
0.27352865580182 0.537666606854956
0.0348965680025138 -0.43541311673141
-0.620498957265716 0.0122918400043959
-0.241579916075187 0.439326481976785
0.351953926949216 -0.223656056329933
-0.567291986750581 -0.00376874643891328
0.287018810986382 -0.139140918947635
0.174595700908876 -0.34929814050332
-0.0167272548921002 -0.313079001996921
0.0184157856323098 -0.32872517395606
0.0170675849788087 0.118679847436164
-0.403256299598034 0.00540518783390024
0.201582587341754 -0.0904238971028013
0.171577769603979 -0.0692442857414492
0.0352694468637054 0.0571867350725017
-0.0305041376111908 0.194175599501042
-0.0890607475421853 0.198427850114424
-0.0317886174981678 0.0158035444821822
-0.00444384824234549 -0.106902327276454
0.130899408058295 0.0385720391068289
-0.154409769005207 -0.157487408523167
-0.0118918258237972 -0.0138133667652544
-0.0959726951776264 -0.0656161939096414
-0.0529835886228274 0.127178529490274
-0.0726013019992216 -0.0291584069648239
-0.214205414911141 -0.0121541781460924
-0.0280469206142484 0.0380712541158872
-0.0556689282062508 0.077505428646831
-0.125104179823089 -0.0645484126072958
-0.167474729023934 0.000910343343622681
-0.0459427613744334 -0.0160617075943068
-0.155892850344447 -0.0545625275231193
-0.161685698768132 -0.0469937109424462
-0.226216160797897 0.0592135698934087
-0.149198139168811 -0.0634641058594079
-0.166368389889902 -0.0666917887990836
-0.0156524952189599 0.00871450856635269
-0.226423567111924 -0.194488667531215
-0.191673867452889 0.14012458372258
-0.194813704766386 -0.0376199379706348
0.0497539275727207 -0.0197823803331733
0.022321454185272 -0.0116008640180527
-0.186845491025783 -0.140785585256623
-0.25598474900019 -0.164937350679903
0.109960328206778 -0.0259500332438386
-0.141754074944248 -0.219267621035288
-0.142178972792286 -0.197612011406706
-0.0562482184374393 -0.00253675712009833
0.00439950333361862 -0.0606354576565678
-0.119191215904729 -0.259971515367458
0.0862939486795026 -0.0656915395292261
-0.311200892567991 -0.10639407222824
-0.553144472375099 0.108907231549052
0.227916517943528 -0.0022115428616919
-0.508789600161774 -0.25283140814943
-0.398221514545138 -0.15684228097008
-0.0415945473258197 0.105851304983347
-0.567428829609162 0.173153677579386
-0.627683224730975 -0.286698022862252
-0.102382253676568 -0.46789453160849
-0.252771338276577 -0.0262016648367566
-0.183053605258784 -0.022674394459476
-0.569426851201124 0.477702395148731
-0.11840358961023 0.152157837136201
-0.89574245466184 -0.0404601168915282
-0.286045690270328 -0.01102644792977
-0.818795016172806 0.159150543894193
-0.597845455878596 -0.182568525572895
0.067616475921303 -0.680161056854753
-0.332488171776406 -0.0338497627357839
-0.87214570359408 -0.313774862245186
-0.366558982946283 -0.646458664304201
-0.159621839211099 0.268966213904732
-0.0607827458806702 0.785783682416049
-1.14582033378735 -0.0670237760075226
-0.192071012743727 0.387244913091746
0.457648982751287 0.0303483960188835
-0.856199198868398 0.567862425884689
-0.222595811823476 -0.705295207077914
-0.513833308299353 0.689353494325945
-0.868412272295689 -0.211695925296088
-0.632604393966785 0.00137415459714585
-0.236957123142363 0.756969050776409
-0.640800426100563 -0.575121711747105
-0.378591930314692 -0.595432397273486
-0.682355091872164 -0.0268590712326413
-0.785047564942709 0.140208712729272
-0.670281049061026 -0.0343612542260147
-0.37233409868797 -0.399788595798007
-0.707666386677509 0.284885588355976
-0.567483416369374 0.157311345478161
-0.802058969236575 0.0299456416723768
-0.684958528678586 -0.0671071153474846
-0.16197024183556 -0.218570771709027
-0.465266898990197 0.114861347440061
-0.538114904358749 0.0200914748652033
-0.445177335688676 0.196065434595801
-0.0962117634801147 0.384994845240795
-0.199797877078451 -0.178435749429495
-0.426366619648232 0.0963940764612533
-0.295676949203447 0.237367910587719
-0.573066597422757 -0.0603873973851362
-0.187693093948611 0.227778181789515
-0.337969881855481 0.174283809295088
-0.311767408255862 0.121753943864602
-0.226489255909739 -0.212158328703772
-0.0756864812849214 -0.161453779925202
-0.0806382858141305 -0.109456698122996
-0.357338432678309 -0.012147176178123
-0.226251773091549 0.0767330979680027
-0.139622917148055 0.0489282853930564
-0.28679915806384 -0.0213750459637526
-0.023340125305361 -0.0868530243757039
0.0565181579250273 0.0169876273950915
-0.184698365847821 0.0244003639418648
0.0154810696310041 0.047849647877174
-0.0444430620572808 -0.0213393981010413
-0.00402078627698036 0.0152951977099029
-0.0525253232555546 0.0515004958854988
-0.0367526698489753 0.00734333411290838
-0.105112284425426 -0.08591293692143
-0.0661915837663939 -0.0746950422164152
-0.0357939629956479 -0.0492705243133217
0.0684646363922989 -0.0448037619348571
-0.0780082204521425 -0.00311187670342275
-0.0214778377995807 -0.00801953697890623
0.0362860400528507 -0.10418394642981
0.0990516163580142 0.0830025891527433
0.0376504005013044 0.0525557403359375
0.00348253297395218 0.0388274369696114
0.113674077697605 0.102121913911405
0.117072094955573 -0.12904534540223
0.145698052104679 0.188688453040518
-0.0621117615719417 -0.0906442988068016
0.0922641703410939 -0.0147074041277776
0.10519838164452 0.163540604756639
0.388589999037429 0.00343606519331984
-0.134247585075745 0.0412513503022833
0.242807293835299 0.0192883907555332
0.0315723693549497 -0.0419744080002324
-0.0430684408671555 0.148641642066113
0.102091055060796 0.220938660099898
0.0485157264341728 -0.0744030432643555
-0.0948334361858191 -0.155985395641337
0.130861650875318 0.094064932164295
0.272114596928571 0.405924703972669
0.354908926128483 -0.348399495955038
0.216347847929285 -0.332705220393978
0.000905399913813255 -0.120784827065417
-0.109116862892838 0.417223063959555
0.373516524205701 -0.318659559120873
0.290471714285204 0.108901810329615
-0.30908389733095 0.145798905337982
0.212459613916577 -0.192893788476575
-0.444104397351874 0.00795905182068995
-0.0380448759303226 -0.609107919023466
0.189905876305015 0.501513115709502
-0.0300655755211145 -0.685658342717144
0.201961424885843 0.00955746794679025
0.230398253564043 -0.639062689535431
0.271697273342839 0.559774521546975
-0.0734274365936739 -0.801231251164402
0.281211704343233 0.699258359149786
-0.360118192731043 0.239046601844039
-0.12355167387224 0.853821205394636
0.890652766350376 0.377145467721142
0.669726247209469 0.227136641067574
-0.437817715710087 0.263017818702371
0.276893954851351 -0.827172876988757
0.652972928349844 0.919654603493793
1.00729263325888 0.458188231683415
0.337486300363435 -0.873737681275357
-0.544376441056541 0.240544839359042
1.09603889830497 0.456904792636291
0.408114348538474 -0.895540284508907
1.14781166063176 0.554100832904128
1.04064715323632 -0.818648743405841
0.864972430758732 0.40701237006218
-0.731243870165943 -0.0157254411786745
0.508526154398715 0.935991001516072
0.733437463954766 0.749080891846009
-0.00916263704707673 -0.260254901864782
-0.499973349234394 0.308266840469289
0.0137204885408842 0.402939297271743
0.935362749300649 0.538434708474759
1.53249937117029 -0.387957597685332
-0.716358737458091 -0.0312621778455816
-0.364223097840874 0.29335930631466
1.42026803241443 0.793079296524896
0.910939887701762 0.857498391872384
0.909596619273989 0.85945526322968
0.256069844563257 -1.28936555147702
-0.496492979990131 0.287434002597994
0.925984321480941 0.89064848525957
1.00939309834667 -0.809378741306512
-0.0453798923265244 -0.38763961604332
-0.743358542169003 -0.0360520463137564
0.732300948509458 1.19867618387605
0.696560525126367 1.17428160604868
1.25784617991952 0.435311118921385
1.05136776837297 0.848179695867945
0.236873130198815 1.34663168166638
0.710474140033531 1.15175455783062
-0.397948912086716 0.527314192914023
1.99253687960682 0.0123952251437645
0.605348179937446 -1.09626934565788
1.59395908699366 -0.367427098401577
0.590024910751755 -1.09390543720186
1.24024194408542 -1.0076684763424
0.175205327370562 -1.20898135419406
0.561640112308847 0.0149242169140482
1.0562120609911 0.345250304412765
-0.606914301632317 -0.0556912508282839
1.46921593864305 -0.296809181905839
0.601426704893532 0.976983482791318
0.49154935113968 0.985083499893504
0.141280046140033 0.488674164596156
1.15622598263203 -0.761726493577714
1.31221198574993 -0.169682690495574
0.186971752716963 0.521951985489707
0.941748279992036 0.229349996504585
0.148454678770995 -0.304846153869715
0.523988421806342 -0.788383872551211
-0.146367833598521 -0.452981117434793
-0.245770945171911 0.342173665802056
1.12488616448252 0.399835168047071
0.507919908568042 0.72687491065965
0.525901933492616 -0.659522560552392
0.432774240094912 -0.755992768606512
0.68249257279822 -0.486247719401859
0.443282333382573 -0.700020055052846
0.365804016324167 0.0323454971204227
-0.407664790526183 -0.0242499071281491
1.30197695061077 0.00924567684315224
0.720397332150342 0.310092074085576
-0.362522834519242 -0.0199734316920165
0.428683230219639 0.550306392788799
0.927899157044095 0.477683215353037
0.442338717891246 0.355305447895333
-0.216546617471334 0.113442225943215
1.17896639452168 0.00639554720926876
-0.138704114118666 0.0639215267311012
0.757688535551524 -0.376508567631564
0.220118512785035 -0.578971876521953
-0.103612886951584 0.104289798958226
0.724262906348715 -0.365647623057366
-0.0115655224117468 -0.0138693826087257
0.67851053097743 -0.371073316356501
0.21610995786695 -0.595024223447501
0.285692075841486 -0.592109116845048
0.621431022994235 0.415182241270698
0.602924449994974 0.428664007910752
0.183601444955942 -0.53459185351075
0.177805293803809 -0.495401910675239
0.292769027284969 0.405393394437658
0.583023990354273 -0.28825881841032
-0.237333552632461 -0.0508897652554526
0.583781686927396 0.546694748754433
-0.176457698940667 -0.0130374502130261
0.451121972655829 0.414199654059059
0.0982464686353332 0.420191750190211
0.549164318243735 -0.275562110077499
0.145570911904435 -0.357576262933413
-0.377631675231829 -0.0760873814740136
0.487739288236731 -0.326732503069705
0.760797926066756 0.0170785583706873
0.0491971084753039 -0.417706112547728
-0.224217429075153 -0.0459138781166165
-0.123129307103574 0.22472455012987
0.526365529678618 -0.00344834725845627
-0.335911464619363 -0.0519670541955984
-0.0852056536189424 0.32238110585903
-0.133181986820571 0.263674103684815
-0.145401781203551 0.277972354774397
-0.177291251715619 0.230252586630215
0.0942540801669755 0.254517041878407
-0.105893925438851 0.160300921827463
-0.181421163944354 0.145850100393334
0.143984411375816 0.0140181101884962
