0.209226337554358 -0.201096876176827
-1.39610797350067 0.362096014407145
-0.554237156412027 -0.405635322437312
-0.339477611570325 -0.563703853212667
-0.497503068642374 -0.498550903457958
0.164021526867208 -0.144938917627333
0.309834322628018 0.0412578471850585
0.263637539900857 0.0037340298549329
-0.18405322156944 -0.273434937161047
-0.046697588668016 -0.226398376412661
-0.119298528663348 -0.269170694390415
-0.133448902495995 -0.135437413192386
0.16045018772913 0.353149132855638
0.218363334244377 -0.0639419957563938
0.0910971674781083 -0.243125356519343
-0.067339904648479 -0.22239472834088
0.123575424871006 -0.0796164626198578
0.276504238125483 0.0262055468977671
0.0353893079339244 0.0445059387844515
0.113197055757178 0.0270040000284448
0.149004768782067 0.049313606817253
0.122521795420519 0.0344832595142965
0.178701635641489 0.0501887578776004
-0.0207997324105547 -0.0589942133870762
0.0171800412387623 -0.103343273962041
0.356563558323516 -0.0289795723444958
0.203324577432112 0.0503478103688203
0.306083432955755 0.12993495796401
0.0646081184834188 -0.184621031289846
-0.120848058951662 -0.36926823192918
0.183588098922165 0.237752135190499
0.013374275952878 -0.354693512318762
-0.309209570352485 -0.157918161078232
0.389092791471761 0.176928244952845
-0.146014755756754 -0.658844363353044
-0.194168754805353 0.0134770365165044
0.659128930416797 0.555600935205281
0.602464258414345 -0.658769739758365
1.08431034319131 -0.298792641678805
0.474280010215558 0.653006276847937
0.51370234979478 0.466853781574425
0.185563669026996 -0.618153342781121
1.06708898366099 0.27151409497745
-0.157578819148641 0.195007519932878
-0.12959048226614 0.211843565164959
0.555751907631729 -0.64541488864337
1.14666898245723 0.404139561022045
1.29607539245465 0.240736380728157
1.00966761746458 0.00776424062142467
1.32805460055691 0.420403764359234
0.252594775011256 0.126832149082212
0.230068149828108 -1.01448399219377
0.950474808128645 0.566676278346287
1.36051352276038 0.486763495142354
0.131077247748866 -0.871760046293374
0.71680988035587 0.591707578379615
0.959019357347664 -0.696319518739344
-0.367897193828987 -0.0431060792025032
0.760428086378162 0.463718982873868
-0.165329750554686 0.123274422293946
-0.320305313251229 0.137400796866819
0.230531423167769 -0.630090256774413
0.660692368609723 0.327833697700971
-0.183641943748026 0.0952737960431142
0.113788720086132 -0.530242786208402
0.540271847176863 0.257466603983042
0.481382975929908 0.182403749728215
-0.0399244632597974 -0.0299766522883769
0.0333643089735467 -0.0653233248389293
0.373787962981759 0.260385233625145
0.199622413998667 -0.0100886901418037
0.269381678998258 -0.173298616537267
-0.0951281740603862 0.0526472678298704
0.157417135015605 0.275763309858271
0.501514346605514 -0.10759141770735
0.343824640563382 -0.264563221279118
0.412072227881952 0.286210859081026
0.0797360991874873 -0.17337740761917
0.124333874578641 -0.15866747965109
0.478533626253709 0.271076599104062
0.711229099853651 -0.429132020807143
0.175905011125457 -0.0587687360054987
0.223754028928123 -0.465816496383352
0.12538968312217 -0.0644167493639096
0.28553122054504 -0.0608233121474017
0.448532807046807 -0.438359669972126
0.680506547198892 -0.454839082383519
0.348740271970796 -0.289626392625488
0.249204329327756 0.0762311576035117
0.576109059463636 -0.229475794623346
0.479760899511784 0.245078218004165
0.456830984487009 -0.303080204156061
0.330351816921108 -0.197290878367757
0.0685096148831269 0.0351024742380841
0.373225507709202 -0.189066826506281
0.375654867530426 -0.243865870176195
0.356612385904778 0.0319220768803554
0.370467888557585 -0.0853581941619394
0.418463956980198 -0.183017674822708
0.412251235020872 -0.205562617940088
0.63525886464439 -0.11972415051012
0.515569604121097 0.0430827299980672
0.69825623600819 -0.104595004050185
0.545736689466577 -0.307352025856975
0.619170834085478 -0.0416393290943535
0.114428655284023 -0.202580167798878
0.614288799723004 0.178877038379668
0.733274525067421 -0.299497922702437
0.0608487916797995 -0.6600046753317
0.389096000367755 -0.710474549064807
0.675640814825605 -0.275266439358449
0.357629154344893 0.20178513532905
0.313325860492069 -0.61685152340605
0.706565754563446 0.172416423871744
0.422981393365431 -0.574347268296584
0.597593208903496 0.0165789421826312
0.346449375975229 0.0340029090273746
0.620334696539733 -0.45133093981781
0.71834303112475 -0.327569991690932
0.22113527218498 -0.0487524259237204
0.596953006683021 0.131285377391174
0.519739700726696 0.090078858390748
0.568957460669341 0.0415380948921996
0.347107239092642 -0.053811207472894
0.325865825166932 -0.18363528040711
0.393431754859253 0.0670220700064215
0.361206180913325 -0.0515548388567955
0.316083039169169 -0.0076215606622317
0.241713104000476 -0.156709882555776
0.160269383549675 -0.186915224476231
0.277771291085322 -0.122422209676602
0.0234148344366161 0.0356004098301913
0.0785197921837803 -0.299726364322566
0.199731250523556 0.175533573205893
0.249375205570727 0.212423389121011
0.179162396796951 -0.229693631003935
0.279353028452649 0.26799823586557
-0.108535167469951 0.27880436986411
0.215524572308362 0.327964224313807
-0.0671515494726342 -0.400093926332276
-0.18398231540262 0.236938349438617
0.285319905280003 -0.180362355132505
0.128130175612594 -0.129628095842771
0.21048935978193 -0.161237783268433
0.00121684590915909 0.634579997740752
-0.420406208928729 -0.157702113343558
-0.28025729367864 -0.267401477171498
0.0772734540227115 0.477052662924265
0.00940117542604672 0.378668724244774
-0.294561654632983 -0.149474149839001
-0.16860113507088 -0.0234341991063814
0.0657026925283134 0.0401157772016139
0.0469923175717026 0.0423015539215163
-0.116692902991966 0.0835949118247603
-0.155135121245359 -0.0452022040232299
-0.0277723893223828 0.0140159363711387
-0.103873148375157 -0.00147679578762876
-0.0548878165766093 0.141965233802856
0.148144229171589 -0.00439251814178074
0.142294139022891 0.0969654913216598
0.0280714935235581 -0.0386755184782062
-0.216880032477027 0.205481702987227
-0.0768239203878463 -0.257787760713219
0.329602645123919 -0.106710734428781
-0.143326045381962 -0.181823101774531
0.16182739455926 0.338158959073702
0.00583868194615315 -0.270973194883517
-0.126263668250044 -0.513085542327267
0.224401427609215 0.576866419352165
0.192921856985405 0.585409319351213
-0.169259746473511 -0.539387784910709
0.274069699326905 0.499663428969834
-0.121209767503297 0.583027543408117
0.577908736029649 0.0324545851568956
0.842846280417245 0.0311512000938768
-0.370674347705999 -0.34403946723115
0.903445339364997 -0.074489342133324
0.720629916624631 -0.188891165221531
-0.30326085205196 0.135031759965885
0.541671806314258 -0.27881448462569
-0.116241236386143 -0.353127409905081
0.195947772574005 0.335959246281293
0.341907520113594 0.254077508062264
0.221025502800808 -0.0702375866812226
0.517495769040734 -0.0806641361886348
0.20180296667329 -0.286793470999215
0.220612402686526 -0.141120005667751
0.490281575134458 -0.235591933401264
0.316013187727247 0.228535003203049
0.279800823698428 0.136074762083245
0.271379854325115 -0.276399200761629
0.549297248266105 -0.349475340978935
0.121161994673199 -0.364072947715343
0.462130950527967 -0.0134540272215655
0.482083880233815 0.203545147196842
0.290322425657662 -0.336522653080193
0.262204936456684 0.267500341775328
0.357016509324158 0.207072725516465
0.158728397715088 -0.55243551281028
0.261862418598325 -0.302267790895539
0.234813842834116 -0.353424277533363
-0.311174345285313 -0.323016862302845
0.386105165164574 -0.12756878498445
-0.0377689476110975 -0.222517084591264
-0.253922301147568 0.42430037288278
-0.0607544130821058 -0.507388858448872
0.169557296922198 0.354657746811971
0.819061337403253 0.0490739138391351
0.154014769901967 -0.765595506758916
-0.396359378325332 -0.753811719730527
0.0464333021570381 -0.617484626722476
0.72960518791679 0.0901251567657212
0.772489971937398 5.07956032469031e-05
0.825100277443602 0.107008191622021
0.657961980714668 -0.597701839669041
0.0736804850738355 -0.861654037970794
0.476101432678079 0.761313123886076
-0.626795325717706 -0.740266123178555
0.788552732241403 -0.0903300705395187
0.618875899005372 -0.30627424376503
-0.661721138865941 -0.724050871818399
0.323222840256033 0.67983588578674
0.197761486921215 -0.698957621200767
-0.283294111993933 0.727532352716748
-0.256187171671492 -0.650777398087107
0.623815050297636 -0.240076517981742
0.235175934564117 0.564221330003634
-0.191480965246784 -0.448366879422027
-0.743197191718932 -0.403719368373734
0.244694751083095 0.618196698877642
-0.435938756132101 -0.603941221350675
-1.25644819048163 0.338452737940743
-0.171879254890479 -0.920579772308386
-0.583379134313895 0.994442200410551
0.822468375983344 -0.196790995890534
-0.327218340230443 -0.785363233163308
-0.274843035823899 -0.677151336727695
0.714835169009587 -0.36855392588088
1.07650016230204 -0.257197872503387
-0.559168502233731 -0.0755699229879597
-0.181795013441811 -0.734927024668087
0.457581970767896 0.633991411797312
-0.268271650129044 -0.777867659214496
0.0578468664518036 -0.591030249643876
0.625347720047418 0.420316994493621
-0.730420419353683 0.256938094932872
0.393409088824451 0.589458174509657
0.70598013804967 -0.897110946241025
1.01615001403676 -0.707150200970825
1.43084404827048 -0.386707973398877
0.376514950307374 0.781428197460096
0.755799130532128 0.406748642485635
0.116018763755966 -0.761625030637849
1.15792170507001 -0.300153208820805
0.646191362602436 0.138982917812482
0.502794916249413 -0.397774202718678
0.793665723751004 -0.675597415258647
0.621487095987986 0.236713047032311
-0.596284362754996 0.12476534025316
0.338471415234121 -0.747889406997635
-0.0419354337091724 -0.769563771230569
-0.589234248335511 -0.244558255056057
-0.869706890741291 0.255734004924272
-0.133279355180759 -0.675989212804504
0.145987429274729 0.849173361429227
-0.259073141423874 -0.809351624455958
-0.650824324806184 0.416741376804118
-0.150547573961688 0.816436980408612
-0.563299453251424 -0.575411981185115
0.163964503030297 0.6341674590117
0.532799660756703 0.223530293529349
-0.307526300577087 0.492408511559531
-0.254497930664695 0.578077627629526
-0.165888929121027 -0.153689122418211
-0.361824930286233 -0.132207688343294
0.176939427122976 0.511206440287462
-0.00135053091153359 -0.145560874011188
-0.232541957166667 -0.260063046809132
-0.0496496167011299 0.446786492211333
-0.220885278955529 -0.00942457597029953
0.101495752573976 -0.0155556012900398
-0.19478487716906 -0.162149244303288
-0.49514995935077 0.453762763406487
-0.268721825670115 -0.225121497311456
-0.287173492588966 0.0990792527216691
0.109112956985684 0.355171861573085
-0.436327798687204 0.205515945633541
-0.482910905911668 0.196255961698917
-0.0714543381796664 0.309083205740686
-0.276016466343849 -0.148584158794722
0.20047486676429 0.29484328349559
0.179030927089458 -0.491341501940448
0.108363667817525 0.378385948765455
0.36041832417799 0.344914973540326
-0.00893582584097964 0.540199132475815
-0.0282843015359516 -0.484912337558879
-0.615704700994686 0.245921965950661
-0.222561650981385 0.632766858090805
-0.329683279168887 -0.500931696336846
-0.481214104983111 -0.562058950746654
0.307780913285257 0.489452435231338
0.193363015672206 -0.37345936969656
-0.677555421165173 -0.0134452087883536
-0.451800293018527 -0.435521264771341
0.264238721961582 0.613717710138904
-0.274326416790767 0.393852820598599
-0.050698147988826 0.527870246875109
-0.526458515614026 0.61758679689789
-0.18740337705917 -0.293799232366082
-0.24144417246051 -0.173766072944979
-0.520389384069429 -0.178037551928079
-0.205706023069104 0.254484223430303
-0.189997505831904 0.0505550635533123
-0.311162297375588 0.00965625621316502
-0.246419103721724 0.0377799372851796
-0.383550885701679 0.0317316114460952
-0.292065991420858 0.130068340081401
-0.385870376692701 0.110422080981755
-0.262641948549138 0.199261193243363
-0.382732303289153 0.0781392567511232
-0.338468912846391 0.107658201551219
-0.395793705181746 0.276012691926885
-0.621928248372627 -0.0703251894233778
-0.124061174894451 0.0850395699518075
-0.265494626398235 0.225640347724555
-0.40388136059961 0.256264473407542
-0.495558983136227 -0.265425371030976
-0.585750020965066 0.0764853046754314
-0.786861376083221 0.122933909885849
-0.308791091801184 0.382899731898001
-0.442848101161691 -0.236295502880222
-0.372949464362799 0.409368034831019
-0.304926199297412 -0.177837068431313
-0.474306296058607 -0.0719727425421456
-0.381635281691379 -0.0833507522282872
-0.593495807411573 -0.2405720619676
-0.551247542443198 0.373823817228765
-0.559770470887119 0.0748197687002858
-0.524220164094725 0.365215522899666
-0.722144323930427 0.365293748228204
-0.545000854157791 -0.0262086395881276
-0.266055879256625 0.35560007305305
-1.03380767934145 0.280905746814484
-0.300922811253521 0.0453377039782189
-0.381934360555889 0.503168701631725
-0.0992367503317257 -0.0664232490096188
-0.0544617195114871 0.416331529919713
0.0897686552924696 0.381379275428415
-0.546921278966795 -0.337984323894927
-0.856899668751631 0.218865710240226
-0.563980108476724 -0.364263397048
-0.68996503836759 -0.49052059623554
-0.893665006683284 0.138935686743186
-0.66858219467933 0.6240507564047
-0.493250735870438 0.741143296422061
-0.980328869943897 0.234866135048023
-0.459459648047371 0.854496355004365
-0.173402336676446 -0.80277186872099
-0.654520608074353 0.715031110083817
-0.787532793756772 -0.464365322257971
-1.07980051933397 0.209919621514742
-0.467606341132045 0.693239812802076
-0.648881623774153 -0.320206160492256
-0.538959117433898 0.417247731243952
-0.0323345657923555 0.499439229397545
-0.451002529960237 0.486818459432857
-0.523254645135302 0.423200101611483
-0.693055250361714 0.220684788503509
-0.615858810984043 0.195951160284498
-0.587338453320535 0.206772777548783
-0.360010593987763 0.286765159800408
-0.627746422826706 0.0933898382588521
-0.304206003172265 -0.13301218338866
-0.0612010139590962 0.212977838429398
-0.419538234281546 0.239211305307825
-0.542675123009491 0.274623554207319
-0.296734650109787 0.0340641586879284
-0.34682028448128 -0.0263397322032949
-0.173218090811716 0.0818856058182132
-0.280383084183309 0.170120544883023
-0.293729698418482 -0.0336782573433324
-0.437378578773586 -0.0153860895912679
-0.132571353522224 0.16875938177608
-0.103956959884282 -0.168282795120156
-0.0834397071976822 -0.139437655512732
-0.00194124250140848 0.182686243386744
-0.171878171143267 -0.113975993320011
0.033445864942735 -0.226868062360414
-0.391482217890396 0.16576525417411
-0.207156901135998 -0.367293763256682
-0.405245849077594 0.08912383680739
-0.42585226854225 0.197211601205136
0.445391167817047 0.460351816275559
-0.358116717121142 0.089255888754443
-0.422658634289741 0.174886449802211
0.766255833367256 0.320592242261547
-0.305218151370666 0.0459472973074576
-0.0242793449361517 -0.601262770553898
-0.204319081321294 0.0812082429422532
-0.151675207045467 0.240372117992653
0.137096402191302 -0.488856441094784
-0.00861068183349854 -0.42577561112443
0.0857400530380123 -0.392737213219013
0.103261304111252 -0.0344106966573914
0.119299576454414 0.263554914282401
0.445903295203006 -0.238523871917931
-0.219744934977099 0.311475971591191
0.131925635075918 0.302146727086329
0.330625722809525 -0.0221268047623771
0.344724037017504 -0.0726904970738465
-0.147365463309597 0.436030325119095
-0.0028504670067477 -0.122533017139646
0.718122136475777 -0.187177490227381
0.0751916438781741 -0.347527789905579
0.559320823417107 -0.159760935325526
0.537874873468501 -0.323167034872558
-0.463485523762442 -0.574559433752705
-0.173866582175849 0.388119354535698
0.302307315801804 -0.698371307027417
0.2635279199777 -0.831363469983358
-0.64417087967472 -0.621486777786748
0.517528520097818 -0.546328716748691
-0.645289670932492 -0.850207861869159
-0.627333184440128 -0.0266192559353429
0.0573721714003458 0.42660757435342
0.480392633512732 0.450327250415781
-0.963664619764615 -0.0217555201752932
-0.405114859628596 0.225225488688147
-0.0776911232122745 0.613230812213922
-0.68415351318976 0.0877892239380163
0.0520528400203623 0.774756678413785
-0.217691924477904 0.0238859102105411
-0.608605187770672 -0.0404554033654153
0.171388292053676 0.153229336949559
-0.198073465946247 -0.0777313151548309
-0.873930652595086 -0.302933615322514
-0.16237141797601 0.563321383149696
-0.575450156270782 -0.0644991349182914
-0.646523372053867 -0.225313323103441
-0.682779191304155 0.632569992496542
0.126992968781294 0.062480564334738
-0.278775414416159 0.597026584585429
-0.923517094658532 -0.139021380779948
0.160774996114771 0.680452538537165
-0.834290428487544 -0.130065905049827
-0.154983442361712 0.283216915657956
-0.436800401995125 -0.195142514403843
-0.627811974579197 0.320875506026781
-0.471672862024004 0.355323173810549
0.199584706999676 -0.463328692732112
-0.418876827325682 0.575659851111944
-0.156394102395212 -0.341016251082495
-0.0940274605959423 -0.361536646149711
-0.55050852384042 -0.368168700683111
-0.388216906450962 -0.195625283489357
0.307117869947428 0.346985062177461
-0.633443728222584 0.245007632521794
-0.235602147259398 0.639284226026479
0.536135842068738 0.344635691850308
-0.293377412819017 -0.661767626206923
-0.531675604976752 0.35774894567875
-0.339538688348515 -0.539327934384773
0.0492717282313964 0.734599476884397
-0.359521802689184 -0.672995400503427
0.053062007586585 0.870510992560931
0.583595519444723 0.648798306796397
-0.764474084971267 0.207994226084792
0.643803185357315 0.613660397121758
-0.144607506961893 0.97879891563605
-0.084466525351716 0.95941093086245
-0.480126324651835 -0.798887164386215
0.538413834785173 -0.96020379841608
-0.715046311771157 0.199244810054514
-1.10734690803458 -0.0344033215281325
-1.12602477853735 0.0016972500510447
-0.38404838906094 1.2171198812872
-0.154478673819363 -0.769027131057424
-0.89949005468876 -1.1003860980578
-0.479887922020122 1.13007877913263
0.88571033848075 1.26590719908646
0.553036575872841 0.889281349461909
-1.42105928460702 0.686208075586166
-1.57530364068862 -0.255746806870344
-1.32066652558411 0.839499261725994
1.22044460026726 0.69236220409362
0.274183265906875 1.64485689457909
-1.17832365383069 1.88156478412735
0.0875426950060443 1.83087306605689
-1.15200650835167 -1.4410569848791
1.33887855427102 -1.03097983738644
-1.23038597071436 -1.60833593625222
0.757847880351411 -1.41861701286278
-1.19670569418532 2.41213393686016
1.16138982686977 2.121849607924
-0.170743990376548 -2.51172324879334
-0.654385049691721 -1.45621444717836
