-1.32167466241331 0.573276309835247
-1.77143842992316 -0.0467120326865165
1.39613090748289 -0.40089962190536
-0.597050447048005 -0.969928479567337
-1.03572148701802 -0.060649302371285
0.827889231456313 0.164086876961816
-0.927478492989556 -0.100834291136027
-0.0400818346332987 -1.00348343072173
-0.220154148344434 0.535758386142581
-0.983952094981956 -0.783081494245006
-0.211052953217612 0.164779998078737
-0.512359470716071 -0.807016065158611
-0.105452573148427 -0.892552803477553
2.8360169386772e-05 0.0131422791014276
-0.560793916357138 0.0414311716948887
-0.570201494203772 0.107962785490022
0.171333484447697 0.23756851584931
0.293075103620584 0.249082049680531
-0.14608063750551 0.500063109867695
0.205398422261806 -0.452642598371001
0.469809167689847 -0.238631090729782
-1.1667453367874 -0.137913348234552
-0.463212904353608 0.388142927407674
0.666536069677383 -1.0439104601253
-1.05571394422012 0.423762026075936
-0.706379243689416 -0.526453349160528
-0.638263199235485 -0.570416841679006
-0.698493858612749 -0.617216987175991
0.535500010056421 1.06590912841629
-0.722013749056413 0.539429867188658
0.590839978178531 -0.828953652188673
0.906049137882636 -0.316880724661869
-0.395719946353709 -0.75683449143032
0.246986811519484 -0.614847862343714
0.367525297722868 -0.565783112757892
0.317387768396864 0.489762671152872
-0.810835645897082 0.434938730016384
0.329655329419148 0.377467447385411
0.465512193992289 0.582755175319523
1.09027671451998 -0.322080708071455
1.10790849800536 -0.398752927294676
-0.194293963289624 1.30583232593976
0.981038169862503 -0.696152851204934
0.961658146369497 -0.229998357166887
-0.635419090220343 0.610376166009679
0.509443943226913 0.575026364965527
0.0450606593919144 0.805587157267736
-0.533479181163807 0.181049281237878
-0.464093896338142 0.491967832268218
0.67048468483838 0.0463432987778816
0.290095479868919 0.390277789379026
0.160544054242819 0.248647251385859
0.154784477816323 0.340852335766337
0.317826862187276 -0.188186041712306
0.582339515378298 0.140582696561355
-0.0978436374539824 -0.215096199630653
0.604687182177164 0.333800721860943
-0.0723714223239545 0.716773141272996
0.155175610754539 0.664443044797041
0.578555345788673 0.173872016911824
-0.285374745358953 0.745628029849101
0.101106071464205 -0.103389189854239
0.461609354300579 0.854261250779971
-0.160893190601803 0.623197462755288
0.495768377479133 -0.0494264784798831
-0.36113824462956 0.259039028503089
0.395593813689401 0.28969159919859
-0.155226369035232 -0.148764702048208
-0.0498064515248626 -0.0281016905842166
0.624734644651023 -0.212289530391049
-0.420375882467766 -0.0602204577627712
0.311811648619291 0.995465168512685
0.389162838428766 1.08983322965483
0.813288619017729 -0.254451323129976
0.720682697613042 -0.844996801675597
0.92158136417676 0.435302963610549
0.712636377449208 0.765403237027318
0.41737907238799 0.852939518616978
-1.28821395188889 -0.0025976311732899
-1.14711606576628 0.740332501400273
0.495194963641346 -1.3558921683234
0.337417550025844 -1.35346283843575
-1.03334057955014 0.34005842381633
0.849841880521151 -0.458212906251963
-0.881746753288932 0.300409479617926
-0.0324684443444882 0.876960746277746
0.944537462967179 -0.40821837795771
0.331307376476438 0.544397786321091
-0.000273419535555352 -0.0498289037913943
0.402522286652145 0.0487496776039637
-0.512483238477435 0.352650838253831
-0.16342390956336 -0.508747634726519
-0.655772405732241 0.448435924158512
0.340003745596522 -0.468070087827929
0.222461360191501 -0.538405866223045
-0.493655263610762 -0.177249175587282
-0.444255009533403 -0.186124902797077
-0.176184632517266 -0.389889919225164
-0.205780633295286 -0.529763485323091
-0.0866747637074188 -0.209504295946583
0.021875362654694 -0.295840196097842
-0.24894240717764 -0.438733093738644
-0.297612703236084 -0.322067127205249
0.0176788105293421 -0.475919531112936
-0.271990125591463 -0.557869927567294
-0.0879624412505882 -0.911104555199143
-0.574194548125783 -1.03311545546325
0.0226457651419125 -0.796875518682194
-0.867117886446311 -0.457502034250775
-0.695592140470683 -0.331706717236167
0.340974205804931 -0.624650818834305
-0.656851076898651 -0.161769251300851
-0.042119484388051 -0.588936752834746
-0.565272029190135 0.0013513041475429
0.134608127849828 -0.798248235411283
0.504047601984329 -0.447659512462305
0.322133070172239 -0.387298034044622
-0.550849404617788 0.0505682757164862
-0.640357511840036 -0.250338431449554
-0.0738143496872466 0.239166313404153
0.553688770487435 -0.420160093473306
0.41942169677872 -0.32658778958181
0.0704371899061135 0.0934767971978401
-0.256086280141667 -0.0186056232937867
0.271194209595928 0.371621114100978
-0.0496338048057181 0.332765916130978
0.176684357902187 0.0199153097227118
0.234395973723143 0.0290988480718934
0.16327742545067 0.0545541648700041
0.434190295907503 0.498571952900888
-0.0215470450515585 0.317737056681982
0.11665655991346 0.402191952975216
0.495550401151538 0.430450511813091
0.119617536844542 0.374652402413475
0.191398872665286 0.248789911591726
0.295180877030111 0.10503083246566
0.0990515809910463 0.0877497672385695
-0.146116143733157 0.277515237009698
0.35163752087302 0.106253187466576
0.119218128176172 0.0570819839812136
0.0153138457092081 -0.132442194954161
0.0281107026326488 -0.197472164656843
-0.0470969318560802 -0.197919707351019
-0.105427035998218 -0.324921163780669
-0.118998022793543 -0.114298019987339
-0.31471053287214 0.0479647134582455
-0.252989329597295 0.206806054971043
0.395703171694541 -0.501907144901554
-0.205710477281725 -0.742204184284075
-0.511832660542647 -0.012498365301426
0.301228028039303 -0.154828693214222
-0.450994831643928 0.184340492582909
-0.136127561401959 -0.338727438470747
0.254228738709377 -0.0709225319477006
-0.0169847683634635 -0.251908772889551
0.191905989488438 -0.255871740528298
-0.190192603396259 -0.158093618017957
0.0527114052123139 0.24779888600276
0.218799700872989 0.0637851064851929
0.228870476016616 0.302526031145612
0.0658648873854444 0.39685466292841
0.194671015028769 0.45165883504453
0.256069040746457 0.464567827135296
0.196936801350779 0.385208737772829
0.284030177902799 0.67127998668624
0.184555603609621 0.743438268276894
0.655661330922382 0.437430389890065
0.178679694167648 0.204123706615215
0.81295539063493 0.378775023841857
0.367319403574369 0.730829729021919
-0.354495356103747 0.498131265060937
-0.353102279758707 0.225270253598597
-0.170885851948477 -0.353540345222089
-0.0626044504776864 -0.326285861578116
0.0438163610680188 -0.170396464818943
-0.416127731208486 -0.247943810481391
-0.410002918502169 -0.11169813954192
-0.307131056099215 -0.0997175216742117
-0.0825822851321436 -0.317662977952368
0.144374821916032 -0.230448882152898
0.168867220373011 0.313379977863456
-0.355426782893376 0.15814193775621
-0.225974041718502 0.149050011710276
0.0341764668767106 -0.223717055680819
-0.432761719923806 0.14123344407612
-0.0136784250258421 0.526327057072658
0.610662802139511 -0.225612187820815
-0.39507590272888 0.0899139825760457
-0.122600354045075 0.0647790986740074
0.375884014339665 0.543352104695183
-0.059784706002805 0.412918677561554
0.286850845309267 0.300279421045095
0.048303516863239 0.277940864605737
0.153964096152218 0.0156045637264747
-0.0237932278063925 0.217704586605806
-0.124158347263733 0.132523392505149
0.282502449747424 -0.217239141644646
0.114424854403604 -0.10583729467489
0.106852645842544 0.188890668436973
-0.232844881220403 0.029399124040669
-0.0730665179464369 -0.169383211647769
-0.242047440754984 0.153582917806822
0.0698875304118325 -0.464548732872651
0.0165084457776996 -0.258041925651668
-0.23870841997381 -0.100820490316051
-0.12342979288008 -0.010117706880309
0.246280420736054 -0.467833562899449
-0.43797558693591 -0.501721022468775
-0.0897548495796399 -0.73211577674634
-0.725564229703554 -0.524935875678352
-0.364464917804875 -0.585430352695594
-0.139153190352347 -0.25679488476714
-0.112508508893219 -0.631841429390961
0.0342622303690773 0.133393475898676
0.000160550252854174 -0.142466668780543
-0.61800818434977 0.00572700094813123
-0.492345475431119 -0.235961459276881
-0.484061605986328 0.125187174195694
0.331147258490578 -0.709747438673437
0.741847918086238 -0.41025245284495
-0.438949381060585 -0.855146170295191
-0.563451492746265 -0.0684951930909658
-0.625124063752541 0.0898578654354664
0.395464167820988 -0.558082660211238
0.122197183746966 -0.533472874503547
-0.569010282712229 0.236050449160648
0.461701712341623 -0.498220028564136
0.240076678619067 -0.00188073289941617
0.31188507818297 -0.0901152662145344
0.369709912843201 -0.0109904609296295
-0.481199356511288 -0.909662490070831
0.436439830317516 -0.458539396606746
-0.761636023651079 0.672270050763566
-0.992512653358626 0.27178979160979
0.557859867611285 0.886618068724187
-0.0417554762369258 0.849706266769194
0.287128611509179 0.520449923711895
-0.857783664320721 -0.0710022841712294
0.192659486957284 0.618960773821748
0.665806037000707 -0.49109381055374
1.02960654896589 -0.0923329006296515
0.891977557595516 0.557200373024759
0.663713343411478 0.246195383240597
-0.703540734381441 0.360429760907616
0.376474199338719 0.506062639825573
-0.060278553448834 0.960569633472201
0.771123185916705 -0.604334630532973
0.351640836799418 -1.05531018539172
-0.722082057375364 0.107939330531763
0.391679132236694 0.315472262045989
0.72992434065515 -0.560459268563159
-1.02317061122624 0.263243408900719
0.238405804926353 -0.753820626944108
0.207277305385123 -0.309570858536156
-0.802694337654742 -0.29992433764086
-0.535586340820544 0.475139981546215
-0.71616229112392 0.0234192152185478
0.354874207020676 0.391297620221666
-0.490831900724031 -0.582822112902596
-0.326924781953997 -0.59442164734289
-0.436867711216797 -0.629511503444153
-0.260952204624029 -0.813172968431168
0.353049588210974 -0.588321665098778
0.742048553591395 -0.394477117024907
-0.355243382562687 -0.408130726580598
0.273553667380325 0.736910806115754
0.453333204148743 -0.373160025343764
-0.634914333893454 0.376158920559456
-0.374677835632983 0.316549690626169
-0.428027138237413 0.199742144503074
-0.229486402990978 -0.314348572609961
-0.513202067773169 -0.276738129473546
0.72568358858192 0.0871274878737263
-0.229644037733563 -0.397680524812273
-0.241229116225715 -0.362279086042833
-0.233150998901684 0.364682932852931
-0.55977783214776 0.401668776755696
-0.417276342614284 0.43658573901724
-0.182429701639321 0.416633778874439
0.168112208310404 -0.131987393567056
0.798728175791046 0.0922010177730225
0.418548020863546 0.183496384906341
-0.239332706604364 0.549085441085184
-0.171177539971359 0.633361192023022
0.30680544379317 0.272446031385139
0.0450458716976506 0.632788126890592
0.664039084490827 0.00212256706787688
0.0219713961636842 0.508494891316665
-0.0480191303583659 0.473121601975329
0.195519762292547 0.145390557910661
-0.187151349304264 -0.539385405505829
0.0804078179169918 -0.422627454635549
0.541197360864115 0.0671424423136475
-0.845795384525181 0.0703697729673759
0.372399624838624 0.150607674640207
-0.126975574396401 0.567061818684163
0.782533533528439 -0.504351634373349
0.573311179896 0.256479762032454
0.782812882011424 0.629157238675688
0.447218953260694 0.778886109420531
0.181215187114156 1.09236729754504
0.531956687750382 0.661528730337855
0.356594447351058 0.959492977318856
