0.466986102526576 -1.7078739521173
0.279511073879276 -1.68343575309439
-1.50988253902688 -0.356579305539422
-1.31600599450402 -0.103896054439798
1.79009970281648 -0.698980208355923
-1.26132274672086 -0.206737352074092
-1.27317328755534 -0.28220123117091
-1.29181706496983 -0.251047458124701
-1.17845036911228 -0.248047167271316
-1.26049615036046 -0.245606242105291
1.60727546504894 0.5741804538215
0.192577303168446 -1.24498652870178
0.0281046251137118 -1.25600807353806
1.22689349948572 -0.485536562992707
-0.842573981864192 1.00605094060126
0.255902073946991 1.1204442822374
-0.698967817893111 1.02337376822868
0.261959154009709 0.989682769351882
-0.285153142860271 -0.864208790905294
-0.785198303942979 -0.242964036245397
-0.704821481859574 -0.00102098884310627
0.255080818673236 0.770668451066655
-0.65974083013626 -0.199228281623986
-0.701799285918316 -0.146538902980073
0.203403031505152 0.759434382597585
0.721332128529574 -0.357790698690596
0.166081937252629 -0.608261155968151
-0.434427698580489 -0.163578398135437
-0.597046117301534 0.0782648722493561
-0.339155747809935 -0.171679470678269
0.0727486480340422 -0.443621640245272
-0.241705281830907 -0.184766253727067
-0.00365473607131238 -0.518858671501261
-0.357626136390301 0.571599387789575
0.394687822136852 0.0393657253502975
0.700874095858909 0.300707850937295
0.0154180455290188 0.434119040554807
0.0270474565644868 -0.385200510185554
-0.18273571723933 -0.00681373932473686
0.426200380466314 0.252724262368586
0.216990473690676 -0.334506359412701
0.657206475568243 0.000607295784713824
0.530613442214637 0.315233427313306
0.163491042444815 0.45151955928609
0.309261380697608 0.196708051094989
0.23585331503201 0.291313376628906
0.13995759103486 0.379076834164044
-0.0525015180773338 0.0797657572646187
0.0293989551918047 0.208092160574431
-0.0355383568499029 -0.188384679003104
-0.226598395871883 0.285925272032309
0.268658474331934 -0.130950024833504
0.209170562745745 0.379032671967372
0.333467743262269 -0.0518798128517858
0.239099138296152 -0.0472458924866369
0.351790648926536 0.162592867085895
0.57756682858372 0.275833514121393
0.273559115515476 -0.0268961179405208
0.305662121545006 0.182574067063751
0.334298996834079 0.14398535517502
0.440463762000893 -0.000684853127593639
0.247635517535511 -0.105695490945353
0.14630331646199 -0.113957579956184
0.415870439385385 0.277889310131266
-0.119868913140084 0.374976204466269
0.406371682562553 -0.178556461903601
-0.151430604675084 0.332551238493076
0.323199371971792 -0.106813709876313
-0.251275866467204 0.314190129084683
0.457191740193734 0.165781374569204
0.328317928852266 0.317071062551545
0.171917119596636 0.239139397454586
0.472423527543087 -0.152672631089578
-0.132902536725833 0.149834958211463
0.188975915882254 0.392900296619125
0.0323068993712802 -0.136183571311376
0.270468074202673 -0.091531057392381
0.353280248016399 0.0124725635165144
0.342515859554343 -0.175604326664626
0.237941391559282 -0.201075366846565
-0.377394170957521 0.336336553570405
-0.159768393824929 -0.290703020714908
-0.272182982873626 0.171662395264134
-0.262845977694677 0.11295595693916
-0.166313242872128 -0.00275876547862399
-0.274975470271583 -0.00485812637828495
-0.337938613988771 0.103722646927551
0.00387372402766524 0.130423488765348
0.083751148152249 -0.235522302622525
-0.00381999199948098 -0.160417311381797
-0.246539418838309 -0.249114451840502
0.0146757941827696 -0.189972440489843
-0.133399819171286 0.0505484586173974
-0.0792326065342844 -0.0153698029446958
-0.106208250669821 -0.0469767531384898
-0.0626005552013984 -0.0952168340069957
0.0930412993629726 -0.104395225900864
0.150074398527421 -0.0177444807952519
-0.0298649440143508 0.287468120617495
-0.183358271812741 0.259702192183725
-0.223295886241383 0.245309966120231
0.160164186578079 -0.14103314196986
-0.332223523313243 0.331680243929816
0.319874407232964 0.180641696486218
-0.36304930723928 0.250190329758532
-0.0687046400296044 0.482778683341723
0.271121424623708 -0.20732997509605
-0.0272145099042815 -0.277448146718329
0.406812353368531 0.353862479367635
