0.953659353959887 0.610233881249149
-0.0823064023870595 -0.360286462833023
0.824905540537933 0.599147203553291
-0.252634796235247 -0.50181540902901
0.742720063106348 0.580400605819419
-0.212298348882095 -0.428393779928905
-0.119655653642565 -0.577348718878816
0.502545161721902 0.428191392414914
-0.83774402124792 -0.195741280279174
-0.259818788254545 -0.450782805591684
-0.272192803580924 -0.384138386820422
0.47605536243754 -0.0834383493565871
-0.484055524578785 0.0634359570037267
-0.590372798240797 -0.232707417059766
-0.58601583452958 -0.24909633765755
-0.0145963779889092 0.426906353395848
0.396865311051827 0.263840765052401
-0.143543934709717 -0.513416435026963
0.105407425985741 -0.742816826294829
-0.539202444307205 -0.271033568141881
0.292632989340668 0.164560479094883
-0.344422596689745 -0.427571047791278
0.271263296297929 -0.4158461177049
-0.586588114058514 -0.44759869782265
0.175438021222162 -0.46575251745957
-0.305232411282292 -0.707802205498756
0.233610494698984 -0.390761410195205
0.300868548517832 -0.644465506608504
0.202516376058528 -0.54032946189252
-0.0615839823972373 -0.431605774284554
-0.0201408736080866 -0.280443093241836
-0.103632388031106 -0.673061717424986
-0.0882925285207842 -0.309045798373238
-0.11008357265225 -0.6315938533038
0.153359384020875 -0.544365054826557
-0.0636590118216697 -0.452795156663854
-0.296715837526697 -0.412403081706834
0.0936408738220305 -0.522606697046211
-0.0580546173831872 -0.358378232623877
-0.312915983560107 -0.396354768936261
-0.136342500223366 -0.432010983978668
0.0782745039035188 -0.513254605092794
-0.129962303565176 -0.649638447620341
-0.331441283189583 -0.332085261785127
-0.0853340107794905 -0.44218063844434
-0.257895868399794 -0.297028532267257
-0.0658113684610229 -0.215733271090343
0.0458562645707888 -0.295274824552371
-0.0523169520380601 -0.547932245663477
0.087139470839747 -0.472233527712129
-0.0973263496805151 -0.389779374863894
-0.21225624640181 -0.390831679870701
-0.0590964229798769 -0.433391656877184
-0.139101448156298 -0.400287711588714
-0.0986529596930367 -0.506580187353041
-0.170994036165165 -0.529568420692796
0.0567982555760971 -0.441924647715071
-0.202450468671653 -0.420972589021991
-0.309859841157999 -0.455362799902044
-0.2291626643062 -0.251364815698113
0.174820198510288 -0.527803557048404
-0.153987760575157 -0.67171149280945
0.176136018747749 -0.489983880727998
-0.135101599505294 -0.675121888968967
-0.0734187749465378 -0.615517698651817
0.283133099691435 -0.477908548984196
0.213387034249661 -0.355642514324534
-0.228305582898318 -0.294163022085981
-0.17339606104111 -0.706553838982366
-0.212252068945844 -0.101710204450025
-0.00359362866887446 -0.493482368544664
0.24463797583307 -0.318099517860005
-0.00220823779753471 -0.052597085025538
-0.069750084730164 -0.471655231358546
0.178116869901866 -0.189386383256668
0.181743491156502 -0.145957074782402
0.0763602458835102 -0.214955624721062
-0.129039321886554 0.0885660386776742
-0.0480692101911544 0.0679271013706738
0.0166298599512426 0.104498627524242
0.113526021144139 -0.0579678733020725
-0.0685131817240102 0.154365847820585
0.15002720349008 0.254411979830281
-0.0551345059335359 -0.0513527194811191
0.33867676857437 0.04269009021771
-0.344759202628494 0.0695233415585414
-0.0304472538649445 -0.154697340771682
0.148786881417433 0.29842257687201
-0.0200775595327716 -0.159977531665477
-0.268789424307043 0.172971305219175
0.374631038749743 -0.181836745862454
0.248263081202791 0.154487726185998
-0.207011472582736 -0.261658632548284
0.370932110661689 -0.284342288956828
-0.221731169515689 -0.277031388164472
-0.532947995568865 0.319997075304199
0.615249386623914 0.135960539155174
0.376511706529102 -0.122328072637634
0.450244531465238 -0.467647799974004
-0.434628121201835 -0.736090220959178
-0.784838775215332 -0.12368203996447
-0.379993209423757 0.474318504026225
0.745965599245827 0.147965547648968
0.720602045240998 -0.86342724933975
-0.501659445787849 0.575190253612703
-0.844848484213786 0.45155039407528
-0.533450767054781 -0.735439553142961
0.680996838439031 -0.271567144927264
1.21162128741867 0.291065817171622
0.785484885029325 -0.834259106206037
0.843096414438325 -0.821578470539888
0.878527004870086 -0.789272014878888
-0.527122220993821 -0.799845466322451
-0.946820122130335 0.0204576722666766
-0.704024103965976 0.981123941866281
-0.165346276545466 -0.59222185287105
1.00806511851868 -0.904999680970873
-0.612544604678843 -1.22327516959775
-1.4997008549234 -0.577183647252308
0.250340619844682 1.66839927310685
-0.148381918188343 -0.77373000349321
0.263605824733899 1.77033690744592
-0.879785395208184 1.25072146766406
1.17147789193335 -0.342588827974857
0.559278689351714 1.04195872823808
1.85036913467914 -0.20645642809313
1.28055200521412 -0.923978008349152
1.30442752705879 1.03014835450282
1.42984385742956 -1.05221504041277
-0.901820361106879 1.41116965894094
1.16789825483093 0.945973605681273
1.39403651277471 -0.959920566123067
1.32393905574774 -0.716739620152715
-1.46589745826421 0.139872123939658
-1.6139229197026 -0.259141495221105
-0.248549131610095 -1.28946716038017
-1.37786888417184 0.181314307417522
0.98911578884481 0.963882722082825
0.977580623012453 0.950472565447097
-0.265983701135705 -1.2592002908694
-1.51441069339304 -0.219335099276155
-1.34716165317378 0.21400050967707
0.928750003831839 0.992678152678902
1.516688987105 0.812181796311909
-0.564710977323584 -0.927401735964456
0.249941949240306 1.89101551687615
-0.484829122691873 -0.808742744590834
1.47073079157287 0.758874262990617
-1.27546048161162 0.13942538968371
-1.24483987939819 0.160641788591014
-1.05569451990617 0.34312149574057
-0.103332196712302 -0.291323848776511
0.881594557852119 0.838109636774278
-0.738012819305585 1.28015491010034
0.785573878020117 0.828133011444541
-0.730514896675147 1.20951628185109
0.170620079037014 -0.673849776126831
1.09645314464425 -0.625473013076744
0.957181915943825 -0.0856945220797811
0.218883192731681 1.61671718034755
-0.356418672023616 -0.724276530495028
0.930393607363399 -0.110855267156943
1.0757674019083 -0.248323278906214
0.731129788388752 0.729675469022224
-0.345432495587908 0.941317030414417
-0.0324603903215012 -0.374525189014707
0.224892722332999 1.51196935038414
0.114762922915617 -0.803522145360552
0.974036392650415 0.70981436976742
0.0860605355897361 -0.840475688037455
-0.143322235219085 1.26803447195388
0.97406285428037 -0.27495388877252
-0.335985048647775 0.855882000431217
-0.154466355788461 -0.571390150252144
-0.132475805354084 1.20596444891081
-0.305954790820151 0.854686517422592
0.0084375054002663 -0.761542439587644
-0.0488492244803956 -0.354724377706655
-0.0477991303267522 -0.317513933210785
-0.335871869836478 0.79484620747256
0.303481162024229 0.697892544495771
-0.917011698369665 -0.0876548001308947
0.0662365928005894 -0.683824210594275
-0.974254612138826 -0.14924644030194
-0.345270585078898 -0.668558096268042
0.168467543105675 1.21325496865375
0.473955290239025 0.71776852583605
-0.850528976156477 -0.0270780739086701
-0.0076956585251495 0.92879709372734
-0.818595065593988 -0.0691859148564573
0.160979495252368 1.15338087021325
-0.69557206589793 0.76279017631605
0.430349446488261 0.668176728796798
0.731821908872841 -0.256193673840582
0.176307228337317 1.07349439031315
-0.10200312647964 -0.424177763885033
-0.00860473725416906 -0.591290649040794
0.695674571827335 -0.429234011238147
0.142346516132 0.99545699427747
0.697039122745522 -0.472256370829018
0.600129308581765 -0.188333394390237
0.63037573646831 -0.371090221134368
-0.516066096888476 0.099137711357353
-0.608205961570647 -0.0142312567846837
0.313547926243099 0.462169476220594
0.503756345987622 -0.149418667668977
-0.0639190303620262 0.595504758131412
-0.0320618566159647 0.552535498204993
-0.591281882102675 -0.132332602156383
-0.460392796788355 0.489496946678066
0.163236803531291 0.358758904573646
0.120889423390224 0.39950328795103
-0.169280789052687 0.519803713152007
0.472599493030351 -0.303814671290791
0.155162075455704 0.273393843883075
0.176674509161716 0.280811763797807
0.519309957874741 0.300281275457766
0.463085290672485 -0.234550712650496
-0.465810986354804 0.00723429532939584
0.195552970613701 0.201315064367897
-0.0365597015116067 -0.357039666304236
0.431279524252329 0.241953841724286
0.378178307420207 -0.0989473975447801
-0.401987651546339 -0.0856332575941007
0.355668210996217 -0.260503445485242
0.372002160768459 -0.193516907576143
0.121315760562137 0.18047382321779
-0.356092230754478 -0.0663494594920556
-0.301314339211006 0.275530915165895
-0.342529973388792 -0.0359654864292434
0.0928449307217403 0.183706933753275
-0.000101042680693574 0.228262125010829
0.106239225740238 0.0322256306685567
0.0123212717401535 -0.0658959499469173
-0.282548838375554 -0.0410571694226573
-0.0259848362357513 -0.195044726520519
0.0600813744163122 0.0486682077552224
-0.0582401180283028 0.0692171723865903
0.201547144702223 -0.198187060199623
0.114325418904685 0.00881525336649986
0.106607271723715 -0.0237447003514488
-0.237260232785054 -0.00186586414078
0.0727152686966012 -0.0063868259641839
0.0326537552135363 -0.200594029495942
0.175406247909215 -0.108817150823555
0.184078953918672 0.084597269210105
-0.206229402201987 -0.023660620759577
-0.0339068353586517 -0.0797172677251443
0.146083511978883 0.0778862290643539
-0.0249771054142903 -0.15001528655927
0.0410039501177667 -0.130545060628269
0.0190144541931895 0.0278326588388429
0.00556747240570762 0.00419377212026473
-0.041241426206273 0.0787546571913502
0.0822465777571215 -0.181899133721869
0.135045889296097 -0.070918116908348
-0.03722081242566 -0.034999981368989
-0.122005678950577 0.00981857586956727
-0.114276179915593 -0.0605924763745003
-0.171678293868351 -0.0272853092067069
-0.0165130688419199 -0.15371637592259
-0.106596762094106 0.0418367979956373
-0.0283663552247277 0.0332915922648684
-0.0066478717443995 0.0888503515371192
-0.0533732448597615 -0.117631730366118
-0.00703550958090967 -0.156487330109039
-0.180063619410515 0.122470330574518
-0.0601907349868132 -0.132929722683818
-0.19005789955436 -0.0331655224181151
-0.196490351719956 -0.0449748142873208
0.00212075993992813 -0.203072670776711
-0.211664298667823 -0.0237431823222514
-0.207749431510803 -0.0670100421189777
0.0685697410312801 0.019489405240047
-0.0668711555913218 -0.205220697469941
-0.246779944247046 0.221493334002298
-0.268472862734866 -0.0875910254567583
0.0440887677376632 0.39983114880637
0.292955719552167 -0.10683941291669
0.022671994312466 -0.305630640840279
-0.274757443504188 -0.0187162762189162
-0.403760823544358 -0.0590012150575243
-0.0559247681194102 -0.165058640150367
0.376993873068938 0.233980807995708
0.0463942747824334 -0.268801751245018
-0.400305157331557 0.0188024372006921
0.283592524875731 -0.101338502298086
0.326146772252376 0.0573028566067186
0.121484136613349 -0.281328788349299
0.12824552766998 0.192255927720166
-0.464023741078084 -0.12797724814897
-0.261495028595481 0.265152792315484
0.572466124550796 0.202412926662469
0.0721308878268489 -0.563810680253431
-0.0594972156640774 -0.401039608731168
-0.533860315323049 -0.157034583468271
-0.547564536759555 0.388069623167491
-0.34202414462908 0.320406637918562
0.571574114747724 -0.204601487804734
0.563226650164408 -0.226702060055613
-0.687682696958476 -0.315875240953234
0.130248798665405 -0.442519962810462
0.533786107562462 0.283493215729205
0.139945273105304 0.367178005879648
0.463286021526755 -0.468412811503945
0.0950925984344773 -0.740480006496516
-0.658935517189884 -0.233615060492142
-0.697621812685212 -0.22233674973525
-0.660573589944974 -0.248796644739849
-0.510866454553964 0.331819986370735
-0.364101483999375 -0.455407415833478
0.238036021489637 -0.53162000484365
-0.0587764494623313 -0.231637942138572
-0.729305209450236 -0.285758239503183
-0.797491465644833 0.571271741593361
-0.78718382299203 0.535400252888848
0.162127828462208 -0.936916636640113
-0.421651542755485 -0.475553384121954
-0.270489557502209 -1.11836482101563
0.240348840869129 -0.675019289378023
-0.102859146967901 -0.703749624172265
-0.205623408789112 -0.997533097666826
-0.841521662477556 -0.3993945079693
-0.888214343037118 -0.442328443564571
0.802328673317269 -0.988255243620625
-1.18250203998843 -0.602576437591233
0.996165163758036 -0.369027726548135
0.991353542758409 -0.377235162052276
-0.927029220095672 -0.523130837568345
-1.25550299783151 -0.627785334148349
-0.783207043586252 0.611015868970768
0.161456486996248 1.09694693366978
-1.0081102287666 0.637153706182781
0.578425950873094 0.681168701762687
0.993329586151989 -0.176026098567318
1.01877387591562 -0.183472713728903
-0.948907338872865 0.669482701033839
-0.942233262607691 0.616662780990948
0.504367177202818 0.647076471733647
0.926321737314706 -0.167177246758661
0.385939401349848 -0.959083407865599
-0.869051146121347 0.569772399890412
0.439061082076165 -0.92775744786385
0.121662128304202 0.920712366288717
-0.24174418469181 -1.16248124149259
-0.713341029364387 0.44297081555678
-0.644263974571821 0.486849351297344
-0.0340584767718378 0.0753979929658299
0.374625427774138 0.240152380898674
-0.111509940490003 -0.853710309147233
0.762834011564609 -0.0834795340779998
-0.17783004807349 -0.839978221832764
0.743644617759598 -0.111637882425553
0.368872245338279 0.321699078205209
-0.656577164607707 -0.24239719903193
-0.593321093959708 -0.582744355710982
0.356241333921031 -0.714948217938479
-0.126743139705249 0.636405664150719
0.495946465942241 -0.395625092561733
0.441677145927766 -0.399859944695993
0.451543550580667 -0.215188520190867
0.613520028029384 0.164773665711959
-0.52794784175211 0.0447267714874894
0.605241307622118 -0.54778510896345
-0.216940425808435 0.308053045793738
0.538822177613715 -0.560514942965048
-0.594104724181256 0.126572964504184
0.501928213155828 -0.21524896817505
0.0825958682906426 -0.326438435377662
0.496665259472609 0.177284571425555
-0.552618622767793 0.134904641909196
-0.530656368137197 -0.140126971115245
0.606842780019147 0.157355659976692
-0.130065602499406 0.316588548321577
0.0179909604977443 0.164519438515253
-0.0209368821219525 0.132086503570098
0.43454228319332 0.162659632692823
-0.0303607117919124 -0.448012027722256
0.0390402180062772 0.421767493174538
-0.44813020168887 0.146820758874514
-0.0985366426295943 0.411921131667563
-0.441602222064761 0.314899378014942
0.398927278314088 -0.370364298768701
0.34104702653296 -0.0251774826534425
-0.39591656598813 0.1311787848586
-0.355123675261928 -0.276552648351864
-0.412601177508927 0.092133441458494
-0.10090278759506 -0.503841310192084
0.483797696575088 0.14619555539169
0.410980160010957 0.152759984037632
-0.313298418924589 -0.23636885376581
0.227122818078801 -0.29214080153523
0.119074696441657 0.262653903608772
0.0650209700714949 0.33243749522785
-0.371978294194338 -0.117097052746509
0.272752398445111 -0.227629051856867
-0.136667233332103 0.0236557991697049
0.165573348582004 -0.0370591698063644
-0.345560111619378 -0.0679483608440989
-0.181801662364856 0.0973651993891132
0.0605794808805218 0.258528612157353
0.217570737429379 0.131827189896582
-0.20926837865392 -0.0895150465662048
-0.173448968975612 -0.122860539933694
-0.191573196851673 -0.0519022584038697
-0.168013891409221 0.213158107750698
0.151076170861822 0.111757006486543
0.194123248735915 0.115675521475835
-0.0184516004955752 -0.0278058831021581
-0.0214898847681533 0.0369632875936971
-0.0291047551719563 0.0101049260162357
0.127975311640709 0.0778967828317078
0.103478050395149 0.0643637337989375
0.0858546456560648 -0.0625092676015495
-0.0962243974425768 -0.0110393733366787
-0.0120938424650775 0.198999019507636
0.0835590217491986 0.0796085041404632
-0.0245089218224651 0.150255991028812
0.119402079832474 -0.055727864096286
-0.0907518729294403 0.0700229062717943
0.0432820133143823 0.134095298426036
0.00992221039998475 0.0829765200772617
0.0190249601390476 0.0679722344780464
-0.00251091676857714 0.105552255827535
0.0381100608173363 0.0919493039934152
0.000338009315221342 0.0402060141226139
0.0456090343398059 0.080906495214108
-0.0186483066238582 0.16887007750512
0.00432536717422674 0.0804674192956118
0.00883211345911846 0.0554798765890245
0.0244832715541082 0.123527748124247
0.037503671676837 0.0680757254198261
0.00395187626377352 0.121944146982122
-0.014707162595823 0.0752749024276919
-0.00177155324467655 0.0089702690271717
0.0313524457013189 0.160663855819816
0.0377495353038936 0.105449950841108
0.0433693054151804 0.218735127619892
0.0814548519189516 0.00137830604124557
-0.0656256479125972 0.073430913876409
-0.0197051422104966 -0.185925665177889
-0.140589820298653 0.179568745322417
0.0217925238839786 0.314962903460554
0.040482574809398 -0.017418646669911
-0.21157722321986 0.208979450301646
-0.0605517718633789 0.360540179388654
0.213421253561233 0.0362181220191806
0.316036052969207 -0.170330701295626
0.118611143211151 0.123239095553493
0.288889902884647 -0.15829056452888
-0.0338080593960183 0.375533904323384
0.0911845668237906 0.353748237890182
0.428965885685748 0.222114091494297
-0.305712391926583 -0.199510877563028
-0.358848668660511 0.196577928273959
-0.0547035102843954 -0.194083060219776
-0.147876666722513 0.307410870595006
-0.274397074561368 0.0657364408552727
-0.0398254574609636 -0.200119491422686
-0.571503664176509 -0.123383792870467
0.441497887743404 0.0260584808195923
-0.0109038303954978 0.193809478790322
-0.326737868498995 0.37558018604389
0.540039544099701 0.00509306321370992
-0.308147431502405 0.064472726007737
-0.519328019242615 0.522430989478749
-0.267275051164843 0.373743275644997
-0.366961182923486 0.0246080708278627
-0.534859913222264 0.193586264143328
-0.264285294993328 0.369907609076784
0.713737795606838 0.371715400144742
-0.420027922767006 0.426516774922908
0.386135141924424 0.542985619890279
-0.614799138881251 0.225929306397319
0.659753212757069 -0.440397957640379
0.559058261978563 -0.309170605339325
-0.677647438629668 0.233372134626223
-0.377327484008959 -0.0532489476318755
-0.242607369611062 0.771366382494023
0.010167760384094 0.139303422040794
0.748258299507409 -0.498499621638321
-0.437824625784572 -0.0649808219432115
0.206765778215918 0.636659841650675
-0.474622170893295 -0.44887524984804
-0.113125158081826 1.01906689763437
0.0184558498659644 0.116367642277792
-0.0726049703709178 -0.640567657057069
-0.484311584188571 0.481866546180456
0.973780298964678 0.498853232028376
0.905083106855428 -0.599892786644387
-0.44120055267668 0.542110082995375
-0.905125897609919 0.276386177532883
-0.907488702495788 0.210721927097158
0.796374486754786 0.514708559525593
1.14627237561204 0.548716147111077
0.84246643409163 -0.468910165460388
-0.586880210822809 -0.612839915258416
0.217848248762566 1.42754164165602
0.788529641685413 0.222186965562466
0.370420440114907 -0.41598010610211
0.350824987928051 -0.488050010146602
-0.301324720205281 1.28345376141247
-1.05212873653681 0.198341443145947
-1.04270100467964 0.186340423017021
-1.03430305979124 0.211673220026692
-0.496475578766225 0.46458158443165
0.932689412132203 0.376651748940991
0.583108959821793 0.723165307817334
0.03752094623637 0.121599298682925
-0.741912635483439 -0.119267443140942
-0.948290339899775 0.207143755243166
-0.0366663839319649 -1.18650060976204
1.01845297769847 0.192776610518786
-0.299004834634493 0.331207366299106
0.385553616048903 0.45758436308778
0.0894229977023552 0.749783615166397
0.0260201837407816 0.0183582247764107
0.0470651647481481 0.555616648897763
-0.498077557739199 0.341620983228197
-0.634225909949156 0.12436416885873
0.0429558733237079 0.561274317930377
-0.711820944387961 -0.3437430435282
0.0316473939341695 0.549733257044918
0.220207324273212 -0.437182284389765
-0.612541089530133 -0.457560540437049
-0.551433432841964 0.0704241382307389
-0.001881911006273 0.2058471485015
-0.112240012831548 -0.710346104490051
-0.140663494694847 -0.823563726665398
0.339960339562008 -0.292790852548691
0.277206482770356 -0.537864299283459
0.090091883837971 -0.280736193706913
-0.300577245368859 -0.346041316875053
-0.0311753048971158 -0.268129031305675
0.212698763601582 -0.0522393142868661
0.21070367977407 -0.317046281745704
0.0495447520169766 -0.155817664273426
-0.207996241760171 0.00815834263288058
0.279199759220958 0.0774236859089947
-0.200592127306614 0.0653011893251532
0.265979117179096 -0.114848943126382
-0.0481251866100129 0.347249424652428
0.201960570939185 0.202172562571597
0.22167325520086 0.260644635008002
0.0604567415049586 0.345110950532564
-0.0245361915581499 0.274815125031276
-0.0417516896636135 0.345412768107906
-0.10814122313769 0.280697429367665
-0.12365930329562 0.259712658027346
0.0264967932007694 0.418612268036296
-0.060440001106895 0.339001170970252
0.200466853022598 0.304099818998133
0.00568307563799271 0.0617240827927074
0.257740894988866 0.309748200601613
0.00060917123718353 0.491564881155643
0.291639603630148 0.358252236764135
-0.00231349207383288 0.32880913419423
-0.173259784800527 0.276519392096588
-0.095688748582169 0.485794699267007
-0.251980524966809 -0.00903696922601809
0.498370806097772 0.37043782323477
-0.180434159693082 0.164666983842263
0.500007191744774 0.380321631718793
0.421266278084707 -0.00550264698433563
0.276971004805855 0.28992376123145
-0.00782962527311286 -0.138819144852612
0.0471088163541522 0.539112455748668
0.405047119160324 -0.000335940519304266
-0.0128186886656961 -0.106401062793
0.108054822690064 0.786952817188386
-0.0258729538536467 -0.0714500481412566
-0.0359086885854047 -0.1043661126157
0.063280041450869 -0.0714535449640014
-0.40689535261311 0.206251095790874
0.518331891506815 0.0379913106122397
0.551250171428626 0.488502946408278
0.49857146134094 0.0747692824873386
0.00991408201742078 0.657790114278345
-0.301701445377565 0.366735240715171
0.164550261923617 0.47044331865158
0.0118382923197594 0.631944099185324
-0.0835425273927229 -0.263503247144549
0.339234522323561 0.197616730650028
0.284987691521056 -0.0779987521789774
-0.0165751471799836 0.164014864341538
-0.16403418016717 0.587462795367348
-0.523049260956404 0.437530660566612
-0.00848457651156006 0.0882305727110054
-0.400125038983429 -0.405225095982037
0.647177723451489 0.222258156541583
