-0.85896316478892 -0.768541123195658
-0.247785222994618 1.59637304196035
-1.07342312730697 0.240320933955074
-1.07431999494149 -0.802664936260713
0.56194071078189 1.30715779295093
-0.632853950387279 0.408889269825001
-1.63745179301989 -0.90265526052913
-0.984650007090327 1.14976830846732
-1.7398206578448 0.41400504197805
-1.54680128083482 -0.945714172341155
0.0553909052589688 1.5645301196982
1.20837887716946 0.885831135222803
-1.43352702219275 0.738030064857518
-0.347306845836193 -1.42724590580542
-1.30757184873971 -0.643719336334526
-1.28763698757957 0.628906917977362
-0.151814197302431 1.29929440018865
-1.13628799114087 -0.705136074907814
-0.517582206002358 1.02198665876936
-1.05311480126884 0.719130720691326
0.806311980238146 -0.436896603205208
-1.06901692046419 0.736836292955584
-1.01964887493454 -0.546980732033423
0.795979576273453 0.745152096264722
-0.888320434865602 -0.445676908463034
-0.172714877329422 -0.756889258249726
-0.841389557801067 0.398731158042824
-0.826800257379661 0.346378410781359
-0.141053036115307 0.845045017368389
-0.255583063941388 0.695811400625557
-0.112449876019754 0.96369854645609
-0.0807146318453662 0.867109929631355
-0.660523541002559 0.157279876332944
-0.705208394584249 -0.553283257788328
-0.794020086163958 0.122699319364671
0.898340357846077 -0.483452449379089
-0.641002443514014 -0.71097574936842
0.512238334686951 0.554174725717913
-0.752946013962993 -0.194156078628343
0.959397571674797 -0.529797735066753
-0.432549163940176 -0.6381069245082
0.438134570931193 -0.595102174724535
0.958050859032257 0.757859439184701
0.679674054964218 -0.247791194348649
-0.355089777259783 -0.745630474905323
-0.0697412031590289 -0.874465678727585
0.620997558213155 -0.411939744412575
-0.0561319956783353 0.879380408149018
0.538752228509518 0.465763633031231
0.452576508089686 0.436449473206428
0.592398384695902 -0.347286559493737
-0.273327865498002 -0.69294555611268
-0.181909838695107 -0.852378191019984
-0.366956902284181 -0.772944473939606
0.575971916498292 0.853360470872592
0.5922947529608 0.947920140207462
-0.276013697161585 1.14293947301255
-1.3097195510427 -0.137964265409112
0.403919023377419 -0.302310484268228
-0.893183823924778 -0.302022196712272
0.0399853689672436 -0.0110620525554936
0.251387461195768 -0.0557576475087443
-0.387674680518637 0.703630355727407
0.397465771306659 -0.0390115567865326
0.102902208453911 0.645924718820613
-0.30063200595892 -0.436532210713987
0.528118125001427 -0.105284598443172
0.181910157005488 0.734305174965731
0.31516225515267 0.506080062536832
-0.761102385684271 0.454942918464488
-0.150433466403425 0.745397163047457
0.424358280603484 -0.812291006114901
1.10481357059269 -0.281209926472911
0.433997898413962 -0.69196335541106
-0.508585353026081 -0.305906164117025
-0.0285507691250492 -0.779428638877583
0.564243331356801 0.451365707505199
-0.132312498199984 -0.471441522439968
-0.15564088709879 -0.397504834963957
-0.312606056929763 -0.255732896350171
-0.450887940488317 -0.42508275816273
-0.206270281950266 0.841789347752853
-1.00927574638991 -0.135436283500117
0.317825534872147 0.788108374314614
0.346627383317059 0.858941270483378
0.478701517853218 0.839539300613164
0.531104832552131 0.794603677104557
-1.02104625189978 -0.336566880383214
-0.385646375982296 -0.652947402409586
-0.299930490573949 -0.53404192634207
0.378932856214439 0.450455952576613
0.0803413269725822 -0.469332217638769
0.420517940262105 -0.164748547584214
-0.0893433305883545 -0.384828410608823
0.67753650513163 -0.303370420328191
0.708911998738593 0.395321914114148
-0.654953625153486 -0.580452820810712
0.711604178791811 0.542931056044733
0.948543559430851 -0.529952568523609
-0.55351690994699 0.949936280730328
0.0335718750186206 -1.09051474010442
0.411590007091362 -1.21701367800069
-0.0380676423645573 -0.865650159140077
0.743810970573972 -0.617205667462422
-0.893855522104605 -0.533085179193505
0.112117335936105 0.572725906755866
-0.346792884770542 -0.799939962516133
-0.160134314564296 0.925378482623673
-0.412420193200844 0.472063978817281
0.142120088798603 -0.335410707903379
0.11883481781426 0.395239584783774
-0.539097400726191 0.0758437334284571
-0.539223947021577 -0.274314012893135
0.212471192999898 0.0999729398903769
0.243787851275931 0.183067049327524
0.475644895117017 0.280660427998884
-0.0502531111778385 -0.358321407965606
0.0988540450267325 0.0544933230535643
0.57509602871836 0.0479638741884732
-0.251070308721501 0.0695131743975995
0.298209347159969 0.279768671534615
-0.134057828746439 -0.120620907929479
0.378763359058032 0.162876592142789
0.0679717509406496 -0.00449143813334729
0.0176995946522405 0.0687417100135139
0.243427662381867 -0.434274419173312
0.331089742102072 0.209390669464555
0.479389018593863 -0.475479960780571
0.0716004466361694 0.0854771228682817
0.749584092654459 -0.0338405770184571
0.508240354746709 0.0136574532616163
0.451573948361811 -0.0324793900285716
0.962621585227192 -0.464821263011739
-0.0399177662518041 0.105881651408
-0.0425553248673639 -0.535402954542013
0.530093075430249 0.19059144599257
0.333754900482714 0.470693120980835
0.145275333425364 -0.557138857049226
-0.45864715422563 0.14152400814345
-0.0943063096689636 -0.392117392583653
0.114020938215874 0.452872753947499
-0.393669895510521 0.31542070566247
-0.300663154110758 0.371854125811902
-0.104124349920158 -0.225017153585909
-0.192285185120043 0.0161672410404913
-0.25440217602041 0.469530679589463
-0.0932907875284949 0.148222118996383
-0.423165404815459 -0.0420059106349009
-0.291925434223979 0.209277175146704
-0.347513844465087 0.317105562469385
-0.401366881243807 0.202535625197149
-0.504563762428536 0.314516375682354
-0.421786712086458 0.188110688018011
-0.258560787531072 0.22606238540615
-0.430430161068887 0.272886860852953
-0.350980864729811 0.0329811343833698
-0.02006382279042 0.0202324355851491
-0.0996770502334982 0.382986802247429
-0.246561433936612 -0.226815996588901
-0.166324224198133 0.44945773332968
-0.240648307395623 0.155635491096727
-0.261285000065554 0.171714627897361
0.332044215477908 -0.339502654196517
-0.088300958856531 0.0309847041736072
-0.31344131052718 -0.0584005338551137
0.423083785678905 -0.310353566905859
-0.217790880807093 0.0127792158910588
-0.36326919557657 0.0797872571062951
0.274359847611587 -0.37182896973217
-0.626712352140761 -0.288744393244339
0.308705944633553 0.363398550125347
-0.150097773878095 0.0962770279038243
0.103645626066674 -0.138929637699602
-0.162487975780484 0.351602640558019
-0.101984984584928 0.306815202721908
-0.388211798516923 -0.026293261796684
-0.277586573972924 0.189216197993137
0.0108244485415675 0.0582333937044525
-0.138552005544635 0.205692601606613
0.0401271263117254 0.207854547778669
0.0756744401713463 -0.116397039148085
0.0943839477540131 -0.182777148870627
0.354387665816589 0.247680376874318
0.199807550388 0.123136130354481
0.39333744131684 -0.538061970840798
0.148028826612407 -0.383837383610176
0.232058194860219 -0.287284273728912
0.427273932891004 0.0702464797900164
0.201017798258496 -0.313633117451791
0.423835725231946 -0.0452352779246015
0.249473000928696 -0.0311910560588281
0.202468520335014 -0.109523827810334
0.260367612651075 -0.0086158341817377
-0.0175331806018773 -0.033472847918169
0.0198191610918423 0.101328589681469
0.183509584397541 0.0384135800376532
0.328351138979238 0.0182618580323834
0.332542217313912 -0.370577200077291
0.349590855001434 -0.31051502706447
0.0907751202064515 0.10220162576248
-0.0861838299074279 0.258858080355692
-0.337134264526226 0.187007683986377
-0.359534165274731 0.0816489453488623
0.189141127692722 -0.430139758472986
0.0148192427073633 0.535168672622734
0.269056512295726 -0.464373599466323
-0.998622912856455 0.508283247511137
0.0290635511627579 0.578323935807576
-0.506833993597925 -0.0491424125991514
-0.442608632691798 -0.208295498841534
-0.655429847186719 0.417999682876281
-0.42179213639296 -0.234444318070515
0.38737496407483 0.476912031544103
-0.490702223932625 -0.00343230224366204
-0.14871280952953 -0.352403224752835
-0.289312807991096 -0.167259446119507
-0.163011537338874 -0.219675043295994
-0.298888767756333 -0.167770695947878
0.154064417951711 -0.0953675963179418
-0.0286257694930918 -0.118761095394096
-0.048971268430189 -0.147276508452418
0.125114761208184 -0.0822582198105506
0.155159777348273 -0.111046140534823
0.0606020718984313 -0.257196881101705
0.433394949351608 -0.258687478250224
0.385731986022698 -0.185405283091607
0.386600769625819 -0.293623408183212
0.607788737952619 -0.215874940832864
0.379717880078061 -0.226388906341703
0.338760511525181 -0.201272410858155
0.441161823360632 -0.192730007951204
0.437030736854736 -0.183144667116947
0.295899908487681 -0.232410364303791
0.354429463901751 -0.188256827998735
0.242299210980882 -0.168056244008674
0.411683619384901 -0.324761465220891
0.440384514838287 -0.117504883824826
0.33116732788631 -0.32464590149314
0.136765040918845 -0.159619541610506
0.455374871340682 -0.266161751345165
0.537974574740034 -0.240693920300024
0.560573925464431 -0.204523661884334
0.125293310157023 -0.39950996953896
-0.147653578904727 -0.271136553762378
0.150691747860978 -0.223089308465692
0.374276695279952 -0.150675775889118
0.333463009231711 0.165538089897753
0.0573970789932969 -0.178789112299223
0.232175929417106 -0.038957372758608
0.282263190508354 -0.102676101973692
0.168410884594281 0.100235659059437
0.189126794692386 -0.117959887441885
0.27452852579779 -0.268904880941061
0.506925191254988 -0.215626557829443
0.64815247301643 -0.281888156806298
0.287086642696943 -0.371224890553223
0.118864646322209 -0.388834852562824
0.145407278953868 -0.299192302527683
0.378303119349689 -0.238682994573229
0.369739386946229 0.219189022738558
0.201793772761022 -0.28118625118358
0.143524452759218 -0.274421137838336
0.290082476177797 0.300825869406185
-0.106868065005413 0.298907411903017
0.0528841878395593 0.158007600094835
-0.278106793626444 0.157446386796754
-0.198540776914005 -0.0573742941944003
0.299031877041828 -0.00635911945592059
-0.185608901613012 -0.0978091026105433
-0.0905652531242354 0.0446002112402705
0.0552664557863954 -0.188971951322194
-0.0215642298819766 0.166272846470352
-0.0485398229692876 0.255877806899552
-0.207334413957393 0.157967418356626
-0.275284655166229 0.333380175602909
0.108279645401915 0.234223301773006
-0.163729079905508 -0.0319149111736645
-0.314000722764614 0.264685618248169
-0.196327289395462 -0.211492654857616
-0.259083946237328 0.0817467823012858
-0.354430430782147 0.466699771132699
-0.19642035031282 -0.266611112679153
-0.000606829308745671 -0.0711065967901699
0.0652715412833247 0.178472585248963
-0.027662011278544 -0.0750989055210403
-0.0557946222702344 -0.0257909515654411
-0.00807578307094795 -0.0428970472893405
0.0294572444869351 -0.087033248772194
0.109900680400228 -0.0354480932770957
0.365677779915295 -0.00302188181057171
-0.0581843015769017 0.0248292669549834
0.273805926435723 0.150626205950724
-0.0704842412798651 -0.060090168265557
0.114865824148365 0.259241640708251
-0.104825780763936 -0.0080422877044526
-0.208814531374129 -0.066397560362642
0.375487996563855 -0.349598896718433
0.0636302664286563 -0.0554185042493358
0.192959075489989 -0.710878031209803
-0.51938364848317 -0.215410504081377
0.572414056821705 0.446124903846675
0.0203025367746153 0.793568296443019
0.0701734869721473 -0.646500508838394
0.58786740203928 -0.290649896506826
0.1093764928451 0.555413367958634
0.153452013282617 -0.591120110389103
0.340713516331729 0.0181317992969091
-0.150643087131721 0.669962109457515
0.305280404646463 -0.678227306874281
-0.415034651989679 0.229870986405121
0.344923670492063 -0.72685739285407
0.450391201673092 0.283641689174143
-0.350114691985926 0.0962010553131956
-0.223312819852349 0.0644822204295497
0.317565116779252 -0.365874243240143
0.202315211411548 0.476163390134075
-0.458906257262548 0.0465462517313918
-0.0138312322093062 0.429707587127762
-0.302992116036178 -0.209288751011088
-0.175760061555084 0.430410652073198
-0.204634255990826 0.0763599525501823
-0.135366362772501 0.410772026322148
0.0486992974988267 -0.0701272201309669
-0.228152032510687 -0.0610621258127338
-0.115899013169321 -0.109983565294107
-0.0107477532808842 0.167474029237153
-0.143701513699831 0.213216658092856
-0.0361193514200244 0.0471303012844665
-0.291389636778547 0.118614160554429
-0.261331863363401 0.150603261632685
-0.154608318067389 0.374040957886622
-0.307253765041103 0.401784158629922
-0.564441196844657 0.150974034484527
-0.210719375056872 0.0311615411155574
-0.40850156884855 0.00533101875600957
-0.412179746773019 0.0265795951660581
-0.123772306941267 0.103081974200573
0.0431061559532803 -0.0447266066375106
-0.0256151064138128 0.106024844644616
0.0394290264793857 0.136833469047915
0.153973316921961 0.118954613299475
-0.0487501945621418 -0.196350859782848
0.155964013483935 0.0546291274568953
0.00761662592660528 0.0687481638860464
0.220646261179535 -0.509383354347938
0.405201619254872 0.0291535672133817
0.505604794562175 0.350985721454926
0.879327801381271 -0.507248507505845
-0.372642606344663 -0.145815272600167
-0.140516851922505 -0.526994937114427
-0.473433506022585 -0.326538068255806
-0.475052865467098 0.123358323849216
0.283964325071669 0.226581286633282
-0.221666796194998 -0.42262863438782
-0.330985321579992 -0.300821623768618
0.119540797907381 0.10000259556274
0.124461183530666 0.282759708657692
-0.0453170952114101 0.323695055184143
-0.190917588698602 -0.206550336712946
-0.204837549384731 0.225756357093174
-0.327384623494691 -0.249322509428652
-0.162727334877302 -0.11171292145087
-0.117058657834724 0.0552983003057245
-0.286342654883889 -0.075017009149821
0.218981181063712 -0.0292451682717098
0.248059625911046 -0.0728327507919039
-0.0104065051315263 -0.244849245486439
-0.10848625011868 -0.311741987904802
0.103732348471729 0.431199109510822
0.0639175899201651 0.534864224735044
0.00676954025146425 -0.56235648811323
0.0353650029799224 -0.523114034169551
0.712456415689176 -0.322636355998258
0.594943206426003 -0.325558274357934
0.221624726305865 0.242422890194394
0.347833270851542 -0.603951815810724
0.150692675411064 0.473669133612008
0.807690531032778 -0.415892155890663
0.278871463020845 -0.720388659959246
0.343608515134995 -0.362422767875326
0.535616286267662 0.102973931546464
0.645325459196838 -0.31808852166963
0.440271349851988 0.228359148950817
-0.38092240219153 -0.286274758525232
0.432021275332279 -0.180376668872082
-0.301151125393135 0.523200554469216
0.2605499010304 0.476599099470793
0.401696333146415 0.452970324011456
0.253920586984486 0.392170459645242
-0.301859508677452 -0.122285792054131
-0.28459963025194 -0.00683285180069603
-0.0112358483739903 -0.00677854029448797
-0.0714483441723587 0.40195854789066
-0.431224333146309 -0.0945654025170453
-0.494443197893467 -0.135095758931123
0.0296842905985363 -0.0726806353884318
-0.371948719636444 0.288217571050252
-0.24721935945259 0.417480582565141
-0.0739412223379125 0.549637211101002
-0.643105380549592 0.420398813079229
-0.196312885872368 -0.346278362947488
-0.0552656486031687 0.583910368099666
-0.695139802523785 0.415164018127578
0.659475530523859 0.545419614758466
-0.717038355382047 0.317680260818597
0.58746437839075 0.598837769584366
-0.669627394611882 0.0913709991650258
-0.516844812629659 -0.344257609749168
-0.230144372662426 0.959780774310899
0.330700287123126 0.0853604250253875
-0.813200857110681 -0.0539429502069191
0.0159893479171241 0.0642344491722849
-0.700535496635486 -0.0527458317377059
0.372837196123845 0.645774820786994
0.412189202198993 0.604001728159009
0.416358767678615 0.699842808706672
0.331752464994711 0.686930505745529
-0.282822370728079 -0.558689256982137
-0.215513584012176 -0.490352675457418
-0.68474375596334 0.814531325536599
0.500897379601009 0.640750531646075
-0.616949514971275 0.785546130112109
-0.426310757414947 -0.670299915918381
-0.0527094588824492 -0.791848641937053
0.782560672310035 -0.356671772855852
0.664892822542128 -0.447011229954709
-0.123302499485218 -0.929073733609799
0.104486357349665 -1.01911854542231
-0.102456274125455 -1.11523316479191
0.993413242745937 -0.435661651080797
0.944471730354964 0.751134916973506
-0.154655148506306 -1.21020889167889
0.0170763429973372 -1.32367613392948
0.78206664668795 0.83254428709512
-0.143344642691669 1.29804964546597
-0.81971864334135 1.00172632676893
-1.3275416135089 0.629266265529612
-0.462069604512374 -0.836350869798797
0.671889531428018 -0.575774762952352
-1.06961656116988 -0.250976724573985
0.877863415747146 -0.442602760212926
0.621672372519636 -0.136514070905153
-0.376608312064271 -0.790272403968673
0.853685934541702 -0.682738329469555
0.53003307892701 0.654090500408291
0.142883605537497 -0.840138802833852
0.545907827938257 -0.398611366024792
-0.706855374936281 -0.36268539913162
0.6718810780455 -0.641048156362783
0.485189908324563 -0.12273387868521
0.525869886217877 0.456255851817072
0.394290157127156 -0.901845056337808
0.336136008208672 -0.499830064149296
0.17673301645571 0.384192633915942
0.221069607552668 -0.429738625883483
0.143267995637052 0.551615708443605
0.418010389567192 0.313336790489597
0.746032515955769 0.162107958053121
0.238626705921557 -0.479630054884157
0.427553010777575 -0.128436046201922
0.774862381607031 -0.0430424736380523
-0.143914185397855 -0.0190488673962792
0.499627206475149 0.209533135653037
-0.210224341185601 0.0701553908866765
0.422593084072714 0.312129859120568
-0.365027779532792 0.176869842134676
-0.478280538736168 0.180665915990717
0.376134740516187 -0.473069450918858
0.551395457214701 0.219562311913687
0.0264565606087873 -0.745227663833077
-0.63718957086669 0.123431346853123
0.855822717948686 0.41666532010486
0.0296565519769686 0.87915820435307
-0.6766763447078 0.383457053016933
0.925765792570039 -0.515363682685179
0.026497519000888 0.433535543161721
0.189832275862123 -0.545552523307279
0.559371852525066 0.00109764353266563
0.0175871934797945 0.910546284301814
0.549731023146316 -0.805943981219031
-0.685873399990229 -0.122190784285539
-0.275498880347683 -0.986270666480034
-0.338179871741695 -0.989784763374518
-0.804575022949291 0.0595800292688346
-0.959895611305723 -0.0413423188938594
0.628487102495612 -0.475022871341561
0.521242001897808 0.847184798785285
-0.797006609042204 -0.02656992106903
-0.726594527223929 1.03347152853897
-0.613750027955813 -0.48797036282946
-0.244889070463842 1.1829298137786
-0.871054314238826 0.249761749109043
-0.258370578836765 1.27942324948426
0.331188131142534 -0.618012004748242
-0.685783740567815 -0.682597804504505
-0.891473621059375 -0.594026124273244
-0.124360471489308 1.07201196292014
0.35004578164362 0.423004510189396
-0.303396767136641 0.156755444822029
-0.708062759071901 -0.698497792657571
0.693679976917722 0.272677736600269
-0.558023144237056 -0.643412470452445
-0.758357154546278 -0.889713023353162
0.256221666393057 0.994582633178256
-0.346183036535111 0.126434743898855
0.88845607192179 0.613216365549945
1.36753576003124 0.34548869017988
-0.165434113460451 0.0809633379046476
0.984882006012727 0.28299609460754
1.54289342442562 0.198052764748699
-0.0471883067925214 -0.0129022228096495
1.68111209675173 0.0444637202548303
0.284635735705604 -1.12443086798196
