0.475243126993073 0.758847641502092
0.963499642915506 -0.871822641473792
-0.168109255209855 -0.0462626794665943
0.437196555869615 0.774098979780652
0.345096333897128 0.815192568430018
0.403233399380257 0.755852008768143
-0.204485923595733 0.0394294767139632
-0.24416376497412 -0.00843805836927485
0.308954494631214 0.961095752344827
0.447380222600814 0.901313076200546
-0.344204377554526 -0.00892468951581515
0.4363894443983 -0.74276404621654
1.49557596300273 -0.0308142392986914
-0.00762033068580977 0.00412124682978978
-0.252270930979829 0.153621872660858
0.538231173610143 -0.590594607567359
0.191576659510296 -0.86296383735955
0.139081696054735 0.817484005423792
0.422170984974982 -0.664349596456948
0.394257530132688 -0.636123196875282
-0.377123332813849 -0.200584960660168
-0.399828920270384 -0.255741273523731
0.166598257308251 0.729419980814722
0.520429125896839 0.397570463426915
0.423681427275834 -0.302497303298431
0.413358529396581 0.831242433740758
0.636738466676281 -0.380624054431043
0.781681849733387 -0.0177170624299052
-0.820034241159141 -0.410040976206298
-1.10671832586767 0.0141137045318044
0.351363542338951 0.733347117095132
-0.0773788488077024 -0.779970152041826
-0.246206505661476 0.695318017934646
0.0455220005951057 0.876741850722971
0.0106537194145934 0.923835279527022
-0.249360198799432 0.819664060622227
-0.198683313558745 -0.801483123726224
-0.241676215491276 0.680143110931156
-0.947418745683257 -0.311046248871653
-0.583974356700199 0.366055034977481
0.415727995759963 0.212762709456429
0.533414165265693 0.275814602361691
0.825145876978828 -0.021701680030171
-0.450006373582843 -0.39262118843325
0.324022454049811 0.912222941520194
-0.196113301321628 0.87767463348387
0.273858567877102 -0.257128092262574
-0.808364221891754 -0.99581104205285
-0.239282934968564 0.968622702888948
-0.167080793337512 1.04659228558657
-1.24191482370173 -0.53265764367713
-1.20649737256297 -0.563470981799549
-0.0849588072495515 -1.04058581884888
-0.463612131364802 0.623078548874422
0.566248032645835 0.35434445661089
0.757982432586214 0.180963100207453
0.427715835434477 0.304107933852076
0.383010015155324 -0.210842534106686
0.620136098253546 -0.341634241529614
0.343451284907855 -0.267005976344062
0.338359121813772 1.00911939410356
-0.068231926634359 0.881761813657689
-0.942080261145963 -0.249114671028129
-0.449540038861442 0.437521253376535
-0.416464081551329 -0.619706271292798
-0.583670497776628 0.445181717446554
0.110820472795088 0.953690726573378
0.471890117081867 -0.381493102744922
0.310459220166731 -1.21394525008873
-1.21589318927782 -0.383011784308637
-1.12676425631322 -0.265586097194655
-0.779128643110413 0.380992749632861
-0.167635151690277 -0.997516321217051
0.662698858554724 0.433553855908381
0.227846909174427 -0.415184807400018
-0.724625449995317 -0.846099990634927
-0.457635435372631 -0.622687450994683
0.215164365127288 0.964210406558436
-0.684730325193888 -0.264984624453054
-0.296182149609214 -0.743457891605859
0.409426028797669 0.550493381412514
-0.234073263859251 -0.629678878190577
-0.589824088865219 -0.663832785037939
-0.472297516375351 0.758586779574871
-0.942143790757974 0.0112189330617731
-0.468616517573125 -0.724632625714818
-0.913462362368157 -0.0571357228288371
-0.96367624164719 -0.0567643440210975
-0.87722409093034 0.113633557025629
-0.666239376449983 -0.817509630739712
-0.356213273688743 0.752912307236071
-0.500579795864578 -0.738682224552061
-0.431746767066576 -0.729148464857591
-0.399725581351732 0.691067389329241
-0.430167329876577 -0.74239618130028
-0.766185594493539 0.140403990331725
-0.914578501366366 0.222552721427018
-0.321577348694485 -0.63196366469342
-0.418098868510105 -0.656123339336912
-0.717167200769359 -0.0124094128896002
-0.827041078934229 0.0311990566775352
-0.903135084509422 0.0474288511680317
-0.372037759291617 0.671156766873906
-0.857669400235246 0.141633531695199
-0.411267669944915 0.697878192977444
-0.742664912645347 0.139066802975782
-0.357464342462265 0.614181685526756
-0.158762796601512 -0.653226661082684
-0.311214291983094 -0.589772282324169
-0.210443888148748 0.0121234029581461
-0.258803098564577 -0.000738003905996667
-0.338372419982071 -0.0328608281006118
-0.152336124715533 -0.592406108769321
-0.758853601018836 0.14184989113035
0.855139634167599 -0.0125023017327419
-0.201214312109262 0.680722894683002
0.795008290714828 0.0129216576616859
-0.679938618100697 -0.00539358843330502
-0.351210937875483 0.667921425011642
-0.216879781733914 0.74823028692515
-0.707063468773754 0.0807788221184165
-0.306411118599059 -0.582432924596475
-0.035247680947286 -0.36082421766095
-0.330111118086424 0.640180403061039
-0.298617890827531 0.728167821170673
-0.0644286136768111 0.778223502337792
-0.649283586454287 0.729082212666654
0.0922289021678903 -0.330145957460693
-0.334769773297667 -0.548529008054396
-0.614815809208803 0.134753510456042
0.151853548568329 -0.037732908343986
-0.689093059025053 0.38578322928514
-0.46042114556387 0.272215798469098
-0.312244569402409 -0.341179058928285
-0.0560007063008754 0.00584584134734937
-0.490767177077611 0.342926635232382
-0.664630997293323 -0.290495473570504
-0.297224856808949 -0.289150856139223
-0.488360059098193 -0.323796883476666
0.10123204085815 -0.155683057247471
-0.213781325030068 -0.390650178594239
-0.106893658355953 -0.00892297010419729
0.0971738259433937 -0.102316521970104
0.186727796091501 -0.00695327428777769
-0.397670664625896 0.40805863455571
-0.685373025485203 -0.474219665066805
-0.12089631236397 0.539767736557338
-0.762847998603759 0.466899220410877
0.0209615616662643 -0.12024684895777
-0.791268027590676 0.507156565409468
0.11090368668338 0.00224041918579082
-0.388029167054965 0.385024146586951
0.180682102650919 0.0223950889713727
0.168043375013718 -0.014400693097767
0.0997179153962346 0.0964210213335498
-0.303354528051595 -0.695219102593214
0.31073559649182 0.018765577652412
-0.796573996047598 0.484309151451334
-0.78312070511674 -0.574938588452983
-0.0893928188577372 0.00384611361739976
0.468107104873078 -0.0103571510018231
-0.062531438992828 -0.769306328647147
-0.760461722447731 -0.64499957386177
-0.69258502850478 0.316007713108917
-1.05655322096701 -0.231114922165874
0.169369552798363 0.162920175640007
-0.41740422598544 -0.609116691178919
-0.811044828685948 -0.475024926046232
-0.0446419237379692 -0.0754537630831755
-0.00266274618684639 0.0265882538106511
-0.0798962672015408 0.0265899984648673
-0.386138920325341 -0.382629108720244
-0.935670041953159 0.00637210827757852
-0.601936859244902 -0.200756498624448
-0.306427922277774 0.172209508435619
-0.561554873338631 -0.14737056151299
-0.182477116123009 -0.0539131883483728
-0.314978004398908 0.0100764141234745
-0.262696777121902 0.0678029974645947
-0.255552542340933 0.102462779465663
-0.184297935977781 0.0753290074796045
-0.149646814620145 -0.133947938322948
-0.537556610069297 0.025644687738588
-0.113912114940849 0.171390200194195
-0.439212070261662 -0.16398907846377
-0.173017976246109 0.232885682131027
-0.156406468856646 -0.398922272074162
-0.210431756818246 0.227140298695125
-0.748860651484431 0.00553369266705726
-0.186813433499312 -0.337433398923823
-0.718324992644057 -0.0680086450464585
-0.712405545998494 0.039781202984601
-0.717621263588169 0.0992684888233662
-0.207429626567356 -0.514322172797397
-0.365744417676799 -0.338220212016104
-0.202878206915795 0.25857357518291
-0.51674228249146 0.0693174594718998
0.0415856545512844 -0.349413242096968
-0.849768145086342 -0.109926685136775
-0.669542636279831 -0.303032481781161
-0.678670470323662 -0.250718636944383
-0.308552752097953 -0.141147692953776
-0.349045932774826 -0.0942897872863543
-0.153118828019171 -0.101073844223387
-0.201078900949178 0.0223382928612231
-0.402585489148801 -0.289265582490785
-0.184717999352081 0.00142450230670851
-0.546018831783598 0.218327757243469
-0.529612882825561 0.253216397656048
-0.567627659001513 0.23450966810002
-0.0268750908302403 0.00456868326117073
-1.11690556535304 0.0182320839863659
-0.528882551970916 0.451626505524306
-0.461229774003716 -0.627054862670907
-0.234527964803071 0.0226270972754963
0.00120899659383654 -0.0635636350200389
0.0658785126743696 -0.0557688420847279
-0.602082703345449 0.384923722447279
-0.609258264282678 0.409230546284769
-0.872782047425043 0.488628838939142
-0.539298210789337 0.433402464336844
-1.02995887462531 -0.355289665169269
-0.545590989228196 0.398381777210019
-0.575274597448062 0.325927224280216
-0.487905007183804 0.469541175430981
-0.132457353659968 -0.0722136718220607
-0.602393119107118 0.238516358537749
-1.04792658653339 0.0106715191804656
-0.588489351780146 0.437467192907741
-0.541242153445373 0.361330376007604
-0.188249206023799 -0.354227248543901
-0.439150868091235 -0.120302303045019
-0.263446883648685 -0.206725381602393
-0.267924919487621 0.193915745986198
-0.170235254672286 -0.0117799940303162
-0.0497795014802563 0.0093633073539094
-0.227936862034279 0.182412442822212
-0.356148601678947 0.174005675306803
-0.397871502965163 0.264943741235223
-0.422360886629274 0.0664524587754959
-0.390813307649194 0.0772154004824165
-0.345410892421945 -0.245715311977112
-0.444563118108001 -0.217875909948808
-0.401758388665186 -0.28493768294876
-0.287741776059777 -0.102432617459128
-0.641631029634536 0.0771803749601432
-0.95815779619722 0.0102553999834178
-0.13777054935048 0.148276257982874
-0.606951796644046 0.341195095674399
-0.123521851453987 0.0113922596582268
-0.649213839111474 -0.239024822693815
-0.0933800451835906 -0.210601825783737
-0.344671080917235 0.424352597682504
-0.00276516262096834 -0.21529953876778
-0.579792801663525 0.105781831068124
0.0579802201748492 0.245765686999389
-0.450776901279156 0.530343547095434
-0.603359154153307 -0.271992283928352
-0.57969198967583 0.537566578208929
-0.429933172816902 -0.438663334991191
-0.102496511969459 -0.104811050677597
-0.690838795878736 -0.136802227346918
-0.310033230274599 -0.417154985840668
-0.52478817217497 0.274346438739534
-0.241379785045414 0.18497914680213
-0.204287541871831 -0.298776806383385
-0.0849371938582418 0.175747805385668
-0.0119782558649546 -0.0344733489235927
-0.192472512795801 0.0658082559678872
-0.375958852334756 -0.090860175218006
-0.14002401978207 0.0135767489659097
-0.302287915360993 -0.0736216523370387
-0.286087499654278 -0.00675257909245188
-0.273124417325191 -0.0969343176214428
-0.2319668105923 0.00249183278218693
-0.349940123683896 -0.0198412082233953
-0.362242506337845 -0.0043149870842518
-0.313165376290018 0.0187115186517301
-0.461405945449068 0.0327632350867822
-0.406155535839404 -0.0145789766619272
-0.372324855554919 0.0242997214452684
-0.426332479749028 0.0374929187305107
-0.427208962991647 -0.0195653938368082
-0.388903879888403 0.128265032146966
-0.495087237504416 -0.0358691725055936
-0.603844666391515 -0.0104306599753778
-0.253613162618088 0.119182959590639
-0.291267596900553 0.0843618138833895
-0.64277227861993 -0.0445630619975371
-0.309503465141962 0.02187375736126
-0.861611501174313 -0.0361487188816519
-0.564684107021743 -0.290956966505203
-1.04594211857643 0.0213018812229874
-0.847055960583089 0.333708153035123
-0.53639417284326 -0.270009838882026
-0.532905106978665 0.16840717066376
-0.446886522602291 -0.205982509875194
-0.502809988606726 0.0632990306614667
-0.388315101008672 -0.00186410853420627
-0.515732528337832 -0.112934766837082
-0.364250408713328 0.0516444396241626
-0.502936620385824 0.00815008389956545
-0.635049976042341 0.0395737310090457
-0.463373762541315 0.0105507038773674
-0.375264565914726 -0.10718556258695
-0.271273617607992 -0.133893465976725
-0.378379541516159 0.101644550727664
-0.245349304486375 0.134578036702951
-0.262245164248585 -0.0560001592133622
-0.264655547166265 0.234907100440483
-0.503811569066771 0.0370874145346604
-0.453372908805919 0.0657585675976786
-0.491728963296897 -0.0336848299042044
-0.0821877308370254 0.200864267833392
-0.081621084396621 -0.262764809738294
-0.373835362347216 0.372485487760587
-0.394627863682679 -0.149521995974047
-0.478941162578914 -0.28753521968296
-0.461241272823552 -0.150497080399422
-0.841171599627878 -0.00295108639045675
0.0158723817190414 -0.236780508571718
-0.327142290942162 -0.0532195413936089
-0.23365749054726 -0.344355818428646
-0.294706675157751 0.166046101942831
0.0278748758324661 0.113637516737013
-0.237444981719025 0.129081715579009
-0.116259258718778 -0.392264461582193
0.119797060577569 -0.00701526673985459
-0.58259146843614 0.0148305684201748
-0.0802928196131675 0.157260082564209
-0.0339150543393029 0.30570502289056
0.106811082537882 0.00130617613572375
0.19902746387697 0.048149658159418
0.124206492145802 -0.0140269834317773
0.0887038471574364 -0.0225403031863932
0.0601853567998078 -0.066620323947618
-0.122382832888798 -0.326619152138781
-0.290512163967418 0.184211314311465
0.135060514032607 -0.109538861629704
-0.287303758095826 -0.149415150411229
0.289349753645521 -0.00860688386296635
-0.203940506979992 -0.274731904422835
-0.201898587457541 0.289365382196129
-0.226031134064163 0.293911124436976
-0.488841587057883 -0.0702930242108058
-0.150693167922569 -0.373432158920645
-0.460336122882786 0.0964060623016895
0.191651554094244 0.152962156607403
-0.454601938938809 -0.360875594461362
-0.49411203109894 -0.199604126854359
0.24611405136959 0.00928847193014795
-0.524142581051285 -0.305552669694027
-0.186330708411579 0.361750557258595
-0.55065281949299 -0.213153555236769
-0.107003282556245 0.457407577929919
-0.623024766558679 -0.37797376924349
-0.671419771389848 -0.393811036751229
-0.174477206667659 -0.505283609678832
-0.711869790631399 -0.362033401898988
-0.146911852237451 0.528471560993484
-0.511296257627309 -0.432309921893577
0.252751645968271 0.083623076229647
0.322204031862594 0.0937307522013769
0.314610035428158 -0.18572713202049
0.312877292360609 0.0540295340493984
-0.425073617190515 0.232192073024366
0.016031106773429 -0.7304685398146
-0.194609110564124 -0.593814358257018
0.111028052978863 0.205343907799826
-0.170408716936905 -0.507312765706133
-0.572979168954663 0.223305615893249
-0.186012165647553 -0.0276097723591181
0.153116954956747 0.556245312715608
0.177073679457448 0.566499429166717
-0.185542628576394 0.446789063331759
-0.170649469206123 -0.474123484629953
-0.291388278596838 0.51232785234084
-0.317577310068974 0.419488375953023
-0.343440256147425 -0.401764632319189
-0.336766111021159 0.450898849074995
0.0253504580510563 0.312714126010916
-0.415126424636785 0.57261397525142
-0.309665844514689 0.446776719740488
-0.0681399304933649 -0.112513000415113
-0.530632840572521 -0.495826846914525
0.0808281973821744 0.635311697288351
0.212957374769621 0.468656193744542
-0.139682404989009 -0.41327722494952
-0.533330139270382 -0.0212999945461802
-0.592874833318752 0.00194244500611915
-0.156777902740241 0.684376906764324
0.0227092758087939 -0.56789664605512
-0.629013131051498 -0.0826311019694968
0.435133769712235 0.56912116618993
-0.215496869800064 0.686644570391364
0.105439064454818 -0.304963662764992
0.663583812471493 -0.0257392616459582
-0.204542432689336 -0.0116103033785784
-0.34254827198489 -0.0412120206142107
-0.449796466258095 -0.0504423844329478
-0.535541998065486 -0.035165718788246
0.0177506701115502 -0.375213495124782
-0.657244985669903 0.0179008724573719
-0.29449895018906 0.658585692624297
-0.401107425119276 -0.593302087691477
-0.504034765259675 0.128276124630862
-0.168388873185405 0.679977362717046
-0.820240868393675 -0.164347974317894
-0.246958676074508 -0.573898231410994
-0.155798479318174 -0.575096889996848
0.458752699843617 0.525812491164167
-0.161192243583563 -0.642351684645925
0.475252611349192 0.530932599426209
-0.184152938011754 -0.657391941764807
0.427402600927177 -0.702825613671122
0.308563178970358 -0.610085494526895
-0.058976302383417 -0.504179721118023
0.358833309001566 0.376356153536441
0.0144027668339312 -0.350548540184246
-0.421598690741579 -0.216466641825255
-0.346869801627907 -0.313681945059472
-0.122537976400417 -0.367009300039032
0.10008221873192 0.251098552914068
-0.36538690240584 0.235379814001802
-0.350069219711521 -0.314804456034336
-0.261399317241798 0.20996623192223
0.111451867550305 -0.118049542257769
-0.330066218189065 0.373064254014462
-0.53914628807429 0.245078108545566
-0.238659963702812 -0.646846110522433
-0.114460675169364 0.0469856698625416
-0.821038252263125 -0.131464502086758
-0.323325599055365 -0.519858582551913
-0.369556390231869 -0.437213954718896
0.174834010210846 -0.285568260964701
-0.0924692139411004 0.31703261949277
-0.857095771933649 -0.106968600590539
-0.36663864074983 0.50991715457351
-0.36193307766773 0.533286437217692
-0.738188002869489 -0.0225729762008693
0.078284981575283 0.416768292938321
-0.298436415452072 -0.487900060208517
-0.721440760868549 0.0880250106118417
0.0974260434851115 -0.615145763861737
-0.180539020159817 0.377510306646001
-0.344682039061876 -0.332633314114529
-0.811219219145174 -0.0740459957974661
-0.805360059209145 -0.0460171441721977
0.115171443288904 0.503957263222429
0.123566205016018 0.50567575475272
-0.38505386681784 -0.485492948005748
-0.471684614301064 -0.421954546315534
-0.232772012897818 -0.431720318577171
-1.01322084554197 0.0265542323502216
-0.875037681341896 -0.18407296679551
0.111780408958644 0.769746159000475
-0.345776444306616 -0.699793399463251
0.276534274444667 -0.380144268202187
-0.885152790488303 -0.764621304218612
-0.274686840795856 -0.833241448927952
-1.48705362651774 0.0451193237121969
-0.407890240218955 0.849480662221017
0.0818701157621649 0.32265949293371
-0.616128968330356 0.705320900377696
-0.507474566117637 0.870721729038016
-0.458647511072773 0.973545210553565
-0.324775403028818 -1.07093800427997
0.426335337686911 0.106573453152302
0.405182677038536 -0.173743939689543
-0.196398468142236 1.17529310906578
0.363777776633225 -0.179601654870817
-0.217700424120919 -1.15048940337084
-0.467054735054303 -0.940472878935859
-0.431025685734427 1.05691591955638
-0.339625102431674 -1.09286902631064
-0.549787013917554 1.03895172507472
-1.20702103861422 0.921813714433129
0.315348941844731 -0.118110485790293
-0.339706648789311 -0.944726331468266
-0.299427053248475 -0.988987011099599
0.511518598336379 -0.321334915229658
0.244024669441703 0.307541683658084
-0.226687794530943 -0.976510570049335
-0.179581139850195 -0.955715502336254
-0.137481493509762 1.05237607580293
0.450157582870548 0.0592539202742393
-1.00355125694343 0.96033887001668
-0.312481180635114 -0.947915958577098
0.386223651549523 -0.00816481807001488
-0.479178452034115 0.892948793277693
-0.39020354620729 1.00932108111334
0.563178663050785 0.0109328643735499
-0.258106314522763 1.02152437943046
-1.06023800071548 0.861320104892581
-0.436319080969531 0.897373439133266
-1.17517404571217 -0.889632991625538
-1.00709358024723 1.04939768709156
0.508071828501657 0.0144885262634399
-0.210783703540577 -1.00457454419062
-1.69958095853953 0.015226711698755
0.62552888691638 -0.10607108362082
-0.0347983801660718 -1.15221814318593
-0.80427493542605 1.04967437689598
0.853796862155411 -0.0325565220151137
-0.749843462929033 1.04732331174943
0.0222436610122892 1.03226753434554
0.757225512940051 0.0127988065201627
0.138997202252258 -0.95819082718624
-0.53730208454131 0.86000625042502
0.899867306696623 -0.0296336727298701
0.204441007033039 -0.93980635838795
-0.535613163184666 0.942795229162022
0.932074246122153 0.031522890204702
0.131706223686985 0.936335198445171
-0.69137817053007 -0.846689287920081
0.730979460182934 0.0177988669161221
0.559326812461769 0.0277716676290466
0.598540425925307 -0.108953881234055
-0.0645960754656577 -0.84805413149019
-1.00402926574575 -0.620373868105944
0.603389014982079 -0.0462104899907834
0.652651657849305 -0.00724049534434329
-0.0288420836951909 -1.03653708147403
-0.0938715705787657 0.965065078947597
-0.776551983670149 0.864842607108922
-0.07677694643397 0.870426493571068
-0.138061186394369 -0.780888122864486
-0.86361186568328 -0.571892854399569
-0.00435001648590341 0.758391858552193
-0.250463077221016 0.633583165031181
0.49993035607202 -0.102630479250893
0.658229637418691 0.0428327437938187
0.109418745181666 -0.857127725195376
0.532212100179218 0.0245649497451433
-1.13105611730184 0.018974121801926
-0.760472956184476 -0.829151448805857
-0.658377958498304 0.812684648946447
0.0649388180172933 0.903947054463359
-0.587526140515793 0.75884585258438
-0.578338348121541 -0.643351312485571
-0.670103039275234 -0.540529285994587
-0.493332451278283 -0.661592867674238
-0.516526527826063 0.603059037417736
-0.506534382692552 0.534455878554071
0.536134986457242 0.0717533538179582
0.0681969375251611 -0.657563759661965
-0.483080468661219 -0.476654023578632
0.509563682128363 0.0196082039975297
0.14464411671861 -0.46968858991305
-0.31034806212333 0.475017818484167
0.154637391895021 -0.422081577559066
0.17140273940749 -0.507321662141946
0.305451447904291 -0.0546838183196886
-0.359894125311009 -0.463851672131627
0.392090227159521 -0.00456235640084462
0.0373186883880244 -0.477397376606916
-0.373559934347242 0.480872273323149
0.0196971042231527 -0.391153790782237
0.0385398013040356 -0.583164307438066
0.353211165014225 -0.0190317070212714
-0.510178539841543 -0.522202418895796
0.0801669364591938 0.568493603834131
0.132948237002664 -0.728904485086641
0.0165576166566181 0.709523499203472
0.561674453308821 0.098413760032096
0.517589232354848 0.0409588854657384
0.384770585979441 -0.066929025749287
-0.0639528386706543 0.466458404277462
-0.421776610543952 0.502672230220027
-0.538684531209111 -0.272735940360681
0.154118651454299 0.433067457289295
-0.248985924029766 -0.369027297944172
0.272156521336488 0.462332639818354
0.180894692848579 -0.547357040288971
0.4996738054502 -0.0374355841927889
-0.272229620483288 -0.301566498159187
0.0823374830490448 0.235718431047957
0.304785491549706 0.144453286790679
0.59931865540591 -0.00650957523494512
0.253754472987925 -0.508422559736629
-0.139607848666246 -0.196686705071831
-0.301226942184453 -0.0691052530239852
-0.192738629340988 -0.0771557489535923
0.403488787511704 -0.303950560997168
0.0170568905636838 -0.317967420252491
0.374595661449905 0.231194827408372
0.597862040865161 -0.0145853769729121
0.373749655139334 0.274211362992256
0.125652849283783 -0.276159054732677
0.214781928048307 -0.254109644869677
0.24005073283874 -0.196371324487382
0.263588275585728 -0.363915855276196
0.263601779452168 0.386446553054292
0.526733114689674 -0.431870926484862
0.579628308714196 0.229758916571358
0.563366451609025 0.15796106322784
0.172552985496712 0.390736348762027
0.414182976936822 0.222609135466621
0.183053320495574 -0.0331591870363405
0.621234438069025 0.0176169557101783
0.451210633432355 0.279000198133986
0.128510052412685 0.45530887230619
0.331146720145642 -0.160141782840573
0.250259028937158 0.436919300812358
0.322604403998698 0.407134059320644
0.336721581561392 -0.232383538589975
0.415803511659914 -0.0968823445072417
0.388464763571255 -0.211558577802
0.375001712450139 -0.260023026184781
0.0340362115038974 -0.013742693217149
0.288179198111305 -0.171787136005254
0.22405974772605 -0.169879768307621
0.1562780376587 -0.21334703830544
0.150596080564632 -0.221322285481995
0.472980093306326 0.259368205404157
0.181471976330975 0.275040581604153
0.210125783367444 -0.114166064723189
0.676504681232598 -0.0503807128670106
0.46319304796387 -0.166520464794557
-0.162569889982356 -0.00848691321897441
0.1839829279954 0.079524276018989
0.450020851185887 0.133431598519796
0.466630365208378 -0.167768431920122
0.136095062611025 -0.228473215672435
0.501113703331893 0.19707396510131
0.729396565537866 0.0969642248832454
0.450478044700029 0.348983530048879
0.676638025075524 0.257888840711118
0.819420877992472 0.126014818255832
0.25200011744258 0.120769537479442
0.55955580907902 0.171196336560341
0.631916807538347 0.0330161236749993
-0.18671121142084 -0.0338864107264038
0.471945359502476 -0.513738859268721
-0.226009414522704 -0.0375687648809947
0.876691681442793 0.440902418648249
0.989673802714532 0.124646230450599
0.183194553724343 -0.65544902792695
0.970552828187623 -0.194164406034996
0.578186808792854 0.612652954694193
-0.180664249984063 -0.0467726117441222
0.904106308751645 0.377859091753359
0.153319907316588 0.247387875519958
0.828651551762496 -0.645384470992108
0.330466835125879 -0.354207892119176
1.44812064952583 -0.0767156483551805
0.746650495463233 0.377969820218112
-0.022105842452568 -0.189915491861151
-0.0579238109219251 -0.171730404950096
0.00329048760713396 -0.0599146396002139
0.575044194108252 -0.276521811820917
-0.095317653000469 -0.0974930519074767
0.465051327486493 0.305538005461774
0.587998123386245 -0.246549243947062
0.0454883480481114 -0.660322546632566
0.407802413984186 0.507701422784512
0.481397723212887 0.435446876743091
0.907891673047184 -0.0252757308752349
0.824341443531346 -0.00838393358263189
0.280611480804934 -0.577782541874852
0.652872449150877 0.0483522298429565
0.219354573736345 0.377886773319081
0.168670957234418 0.33912336836278
-0.124065727775461 0.485960795656481
0.179989113077117 -0.391652735662715
0.159585552756095 -0.402073159643735
-0.266027600085439 -0.30930475157209
0.277709735404498 0.313734711698837
-0.0846106768581678 0.223362689312636
0.655298305430958 -0.101320999683292
0.643691298425083 0.0106690043720044
0.695099091544339 -0.0398071661852674
0.751405252290295 0.077037182530219
0.424073072726624 -0.398998301121769
0.897399387659271 0.0280833234745463
0.297585327110405 -0.547213555748953
0.809773374238269 0.350837849533285
1.08180022546618 0.0504956205218473
0.964549475305862 0.051766017198001
0.600503512109186 -0.479990489595618
0.506189434080955 0.406982810804533
0.421761851631339 0.342674106702835
0.622765187856979 0.4145733668399
0.366370478402183 0.403922802430105
0.113996958019707 0.532932925086496
0.427203655000438 0.174721501188649
0.33828402439126 -0.484099448335706
-0.191503074654757 -0.21151474154777
0.00712579330265115 -0.372090544073747
0.358929301902871 0.230527686621733
0.0582686372880661 0.476546772503834
0.67173527509325 -0.327774392314906
0.510693595628076 -0.324576420235373
0.286402301685602 0.545208068686976
0.519710053680484 -0.260791151060817
0.922738470342892 -0.0171545123644011
0.110137896134363 -0.36067669089401
0.165879976996947 0.318813844857678
0.521183412904022 -0.631608446490726
0.733026807484761 0.0668792073165057
-0.0897791568167475 0.558929217933941
0.926344175150344 0.0289137722261884
0.558726278738605 0.558226982562782
0.837919141769933 -0.0491006004502543
0.451297879325139 -0.577747154588156
0.509208583968973 -0.585083592822399
0.948396600494535 -0.0498194694661994
0.987512249573234 0.101818695471844
1.21984278496192 0.0130964803773694
0.510246197204189 0.374984127011719
1.24130811126647 -0.166724716519383
0.769486624634752 0.585394303772108
1.28556593906571 0.0370841066440288
0.766003927885683 0.605654090622345
0.525941652195237 -0.482831270240329
0.940331826022239 -0.76359428268528
1.41124722760366 0.0967182116343195
1.52113603784733 -0.0396927841638493
1.589726234565 -0.0617163738232806
1.08352139552283 -0.86043108475376
1.09222870768894 -0.238449233187097
0.245710001216825 -0.25009067049679
0.207547629274348 0.349628958879524
0.646591088184402 -0.793003180738176
0.429688989268671 0.136154756572575
0.87343693178935 0.688791393245214
1.41667544904352 0.577023598601425
0.543001336755348 -0.0152547701480311
0.887245178881855 -0.574399784086174
0.937454269064151 -0.642387679005164
0.82566576591999 0.775474837778826
0.918545870559029 0.702306613538124
0.845482884404956 0.674758449786553
0.774757625325087 0.865951486000773
1.00320087812445 -0.657317534809828
0.865478435505915 -0.700406346661913
0.305967715115074 -0.0130285980049758
1.00038001646606 -0.525101687447069
0.899776675258647 0.627384523170141
0.951717760477149 -0.550724055772275
1.2005302917532 -0.658004063674025
0.518451332967397 -0.108714340541271
0.848350899441885 0.440424034243378
1.48103363536507 -0.05944097064481
0.791111047316594 -0.322621423561236
0.800358420627263 -0.328157314379686
0.802935834297663 -0.29955408253554
0.78256733667841 0.0245431353375531
0.711578839822248 0.124116368835977
0.606560006134384 -0.152287118671468
0.487087143262633 -0.0108938587477176
0.465303901973004 0.12823331541652
0.548343943789813 -0.0975274825305744
0.388552252075896 -0.0622745682794989
0.433471780955845 -0.018859761437696
0.470944143307009 -0.0443800513756608
0.392340267841933 -0.0312845095339378
0.286286450477092 0.0210291751733509
0.311086128499884 0.0469853377826044
0.311249749283439 -0.0382304315371808
0.380420115588636 -0.021687776156718
0.25856003747022 -0.0504916051938865
0.291192576545881 -0.021377512808679
0.178157679812891 -0.00806156984634066
0.357101619449888 -0.0561779385475405
0.230990244327158 0.0250964361948108
0.228717128632082 0.0207779215409318
0.155049190887926 -0.0676453814647911
0.0751864135037684 0.00785652773497811
0.0629189303711605 -0.0178096317005356
0.228095765125994 0.0807563807793804
-0.130018090125759 -0.00173883179885772
0.267075286154574 -0.0312486037594997
0.244843674845581 0.174336566361613
0.145426476486567 0.150420523913789
0.0563291345664119 0.135637763771456
0.376166387613501 0.00157080245162838
0.269009809896786 -0.105007264932451
0.345930673807272 0.2398452183867
0.0982071680243281 -0.248512009810784
-0.233475283107802 -0.0106466126874146
0.6171047665301 0.109051021603671
-0.205606812614436 -0.017898461437527
0.497607723513014 -0.212790093878055
0.313667986587185 -0.0463961075203943
0.670475495876859 0.067989935610602
0.409572236495347 0.030242615584666
0.433628679155824 0.185562817990214
0.638583691177044 -0.0781038834184861
0.685400520612333 0.0179991240014812
0.53457696909081 0.150470080648086
0.532563718589861 -0.225303333857266
0.619950736731698 0.0334389281344415
0.562895424688317 0.0676485044939394
0.75789602586156 0.0269124285573772
0.704973058420971 -0.00551720443099866
0.693835354714166 0.0472096932083828
0.714415830409997 -0.0685833934938088
0.68401908855268 -0.0138273608799879
0.72335411517446 0.0420174317441534
0.80962149421049 0.0214030942284409
0.894555427298762 -0.00989396342551563
0.697159916039988 -0.0939577415547439
0.641183410605509 0.107611348385207
0.757220734594015 0.19053119161822
0.898252745539309 -0.136604445380264
0.887106877324381 -0.0488322332570872
0.974204597050198 -0.0688174785550998
0.960600279452673 0.0171144157453471
0.904857615659016 -0.00470840905309764
0.981745038480048 -0.0439841283793664
0.938006855960773 0.0327556208464356
0.84722891656742 -0.0605217192642753
1.154146797916 -0.0339141865918768
0.778400158452747 0.0584101041033983
0.98777205815343 -0.0837509615448552
0.870143321036224 0.119111182181939
0.957600820382268 -0.0296968785676296
0.846929345461249 -0.0479952618652041
0.816184299582912 -0.101012717465982
0.756856339946468 0.139620980905886
0.369478158671577 -0.004827472967054
0.507890507873101 0.187509517312133
0.853632154699445 -0.0429971762510415
0.64375532567295 0.158052027953217
0.221637326695037 0.0599520236991538
0.143916605210357 0.0604370701433245
0.374511840618887 -0.161125269047773
0.272710972072501 -0.22807368787029
0.130054151392132 0.106691024879694
0.618793780893318 -0.203678903078408
0.500998547468426 0.276995062718601
0.693661095029089 0.0694098756712909
0.442140462745939 0.0829346482994435
0.470269983310098 -0.0761028658499091
0.198265680861113 0.188290775408517
0.330628757278442 0.23657715310909
0.280977564500475 -0.411681624108578
0.359254424243635 0.371933529439006
0.726231198654526 0.0855402169572839
-0.0628434292907073 0.373557195400972
0.890192872003667 -0.00854760090159419
0.214572204661917 -0.347800542051662
0.501302994911685 0.192802525131163
0.50678672167352 0.0676881282656378
0.513197749165384 0.134086078665487
0.458794149559869 0.24862355369795
0.589613768548199 0.403858905839785
0.268376781990351 -0.240919355590258
0.551449447433198 -0.316450834657881
0.61908544666112 -0.39149114390443
0.823531029482787 0.383323949317569
0.122558110259516 -0.0531694983518896
0.554403607498972 -0.0054865354312867
1.02639523922136 0.0903731225518831
0.766781736881024 -0.171362715376142
0.961662529842678 0.308503928572871
0.696372510159255 -0.309604417016781
0.618446675906313 0.289128657586811
1.04760725051598 -0.280029988980337
1.05442878102107 0.221659921984334
1.05305692528636 0.190050136351227
1.12570266202574 0.0985030141254853
0.856656759783415 -0.0796144788255466
0.562505714881992 -0.127391861549358
0.877607773586068 0.0517432269220489
0.729723247433916 -0.327913213969706
0.559230665862243 -0.223256459095591
0.707979567141132 -0.338398270192642
0.623652498709246 -0.325918107354676
0.626567518229222 0.163036083563077
0.761106641544544 0.0101434734782069
0.416524817431738 -0.247454115187675
0.380737537627637 -0.21760248297098
0.523834358882496 -0.207138785952013
0.17314498545862 0.208184743549793
0.3695481261816 -0.21601207767392
0.332178575867457 0.124836205482898
0.447975067118058 -0.0119962036249069
0.269025531937575 0.0811764947278864
0.122422397094067 0.184628389740498
0.271845313973834 0.0268258589949029
0.277382136768618 -0.0881715299320405
0.205614459934664 -0.204447820867638
0.298159851726346 -0.162311853873767
0.551926549764521 0.121393491619608
0.611556326728808 -0.15449466028952
0.593061687199401 0.118625089475416
0.516588055518747 -0.0209363063062165
0.708117118649491 -5.69396812641421e-05
0.759420618999046 -0.0745482347709063
0.604574920018041 0.0628566546586119
0.570898159864843 -0.100765437814665
1.01006067506843 0.0250727335062206
0.842409959230136 -0.162427044087478
0.840615567554634 -0.0851528713076252
1.02945320061382 0.0758607443796389
0.590041688022735 -0.026428119711852
0.577462035087461 0.0251099283827753
0.750267686404066 -0.160526560977102
0.725389831972744 -0.184068204219147
0.500850565259968 0.0500561407890177
0.505593398900567 -0.102723583897632
0.712433087263875 -0.187877205633199
0.861615327221617 -0.300568103094442
0.695924901534257 -0.165413290527673
0.59904092974338 -0.100705372289978
0.980322381335796 0.259388322058283
1.07594924445908 0.0316623796746537
0.531217954084821 -0.167309863154887
0.526417345626672 0.357123699432237
0.22980689464372 0.0225131389514717
0.717100518297273 0.282054547348538
0.555655882449423 -0.253498027921342
0.553776376718387 -0.225447775043554
0.501170898151819 0.435855339223388
0.64983370968173 -0.24289529101253
0.168585548672583 0.101242375765327
0.199422252080803 -0.0716007872787202
0.252294369178502 0.000269885818373328
0.67658356907243 0.16575794741014
0.500394460524262 0.245247568140513
0.659512844279583 -0.190840660118211
0.446576060939031 0.124447925844815
0.544286289652805 0.210346077567836
0.558332981290409 0.152196854672
0.513236303365067 -0.012885328888832
0.684889227683806 0.0892925806941976
0.772712283027502 0.0140915467115234
0.783069010340015 0.0218768307728299
0.770340598854153 -0.0229241208552659
0.750350974507848 -0.070246548254012
0.718525931316234 0.00735563425800327
0.597478081669958 0.140623279079003
0.750736574982621 -0.141080346205776
0.332868350190153 -0.0699687552436539
0.408507844810215 -0.128628286043583
0.305877613660997 -0.1536805692337
0.579581000957128 -0.00801965713027416
0.472056352203506 -0.0609437213267663
0.421854567140646 -0.0700761265927524
0.490716797464304 -0.0269883551276626
0.447675379038111 -0.0468932094944191
0.302498821405216 0.120874544496423
0.384563458568975 -0.133196825693199
0.424682667332111 0.0804146390766777
0.453808944516448 -0.031854127129473
0.546649947933888 -0.0168016833531926
0.532271324740026 -0.0240435375522245
0.57174339320186 0.000591705452610199
0.635678329865052 0.0101784734446184
0.645277997123828 -0.069730157555306
0.743515953675441 -0.0854807974718658
0.637784049892272 -0.0266308691479333
0.705418184390344 -0.0442054164582757
0.855023542455629 0.0495017511803975
0.740813982828872 -0.105944123320485
0.779916489838625 -0.0721616225086887
0.746776067723583 0.0249602666356363
0.755086101396463 0.168626238376485
0.713683551612171 0.174286564618626
0.738709882188858 0.110775371482288
0.754434926370437 0.00439289953434451
0.720332676984063 -0.0659984151231803
0.670573794248711 0.0811014614794489
0.618974322972382 -0.0849228612780356
0.62768806308756 -0.152252541600202
0.624782722943685 0.0516631514433879
0.656959176860208 0.118790874329785
0.810349942953412 -0.0294017558569347
0.731077472193995 0.040532648722569
0.79989382312945 -0.127577455158616
0.487954920997961 -0.335494913020123
0.433072016395065 0.266631020851309
0.487199396609326 0.207147500349405
0.6832231914387 0.0502431396686806
0.60495549870428 0.173615812163343
0.744895673723801 0.0347980318209792
0.709468326965193 0.140509600418681
0.582718990922893 -0.249436482508198
0.5634362004372 -0.0473974368368711
0.571365529400835 0.14762589530479
0.620536855246814 0.119620311162086
0.477468562719688 0.0471614793993459
0.504303143353773 0.066397332159512
0.582314695295875 -0.166378203285453
0.5744768366922 0.102435047536912
0.589991845796468 0.0883803585263319
0.382005979024915 0.197124756260908
0.541295248305584 0.186217188740106
0.631090849333563 -0.346516228277938
0.717639425973694 -0.135643723605565
0.228232561995936 0.246906240377329
0.181670518298408 0.126704106303837
0.144017267871703 -0.0290928426962421
0.919200334382936 0.265217200706115
1.19569624656203 -0.0199935418034573
0.892729471928276 0.368366070281642
0.533052960497409 -0.48860100688951
1.35410785450091 -0.011603247171108
0.176344167009166 0.00788016341202736
1.11852746033846 0.318757067561291
0.625241092276944 -0.43512683530367
0.0359894998542088 0.0419232032887093
-0.144549940847688 -0.0524672351673882
0.899130519141991 0.607648686015999
0.224571091207746 -0.776572526496362
0.736524988237231 -0.735528422232163
0.288965664735328 -0.69503784192441
0.899729783998173 0.309064204952135
0.89016809765731 0.327866731023407
1.15356964998998 -0.043186905678004
0.358587971526655 0.532038557010541
-0.0140113608675138 -0.0136543665382449
1.15798780797496 -0.0163759910836118
0.101033475280181 -0.0704220283602028
0.519517970472036 -0.426309140406748
0.495512225934984 -0.194469018985913
0.424200973042169 -0.468564302363589
0.119424059435712 -0.0609864047001243
0.648189239983456 -0.17494067553313
0.309450456464286 -0.373313699899711
0.264072252877362 -0.381447527797655
0.592214106391244 0.319093294986164
0.28144240054302 0.343450528230984
0.352381679230423 -0.269488566685888
0.647908697493096 0.132696235518847
0.685323386300123 -0.362359802384838
0.493314053081519 -0.279708684601066
0.462478068717117 0.326266161932814
0.668262962290895 -0.468443339718721
0.649228048489571 0.330265494593728
0.725286966842501 -0.540637458615851
0.985571477771829 0.110744368681671
0.590791193559003 -0.559740712893358
0.578348972549713 -0.652117289003997
0.641135349382381 0.324590018467331
1.13241246100916 -0.0391324601147595
0.105300988942572 -0.617676217503268
0.767421138820393 0.628524074078168
0.104589076184937 0.190898996169078
0.883384628278979 -0.348029722708551
0.613773875266357 0.356025737538751
0.168108764197469 -0.545107472365402
0.798241655018728 0.19031575041807
0.405440307418731 0.40962346613694
0.274576649329403 0.38541954753975
0.121841003047031 0.033848354351551
0.136980783656156 -0.0264465020208148
0.363150682967172 0.304516737674488
0.55129835002387 -0.368072967729881
0.0694193053379606 0.0583687551266422
0.114958886963926 -0.153316661658933
0.819857826681375 0.00522563461649443
0.532936460912479 -0.198211092555898
0.278760607619985 -0.394887510479614
0.410320336077728 0.448998627622218
-0.110212785646798 -0.0516385222005345
0.679034634892074 -0.420344314429532
0.406038478868581 -0.431643865685063
0.373279174947332 -0.407260544263698
0.276751975781516 0.514578092671127
-0.0264001698440135 -0.0172266896174456
0.204179208116959 0.610533538742924
0.522503679914167 -0.255089054800362
0.00610928315046916 0.151988389212068
-0.223285928584812 0.333613561219867
0.0878942818946599 -0.791762432762031
0.386194883291242 0.737241703528924
0.424108340256611 0.75078752723001
0.646280725505805 -0.919356452101702
0.100348910324571 -0.5492866915974
1.08005482758158 0.241544851515512
-0.329759282441297 0.4976728556235
1.17050004005362 0.245759779039843
0.913018907904696 -0.255215333766652
0.457240612946208 -0.0113745423543436
0.986850093385199 0.88744181804805
0.576173748277745 0.800248519448418
0.590907309173907 0.816185698494378
1.17662270192156 -0.394382174309143
0.319470522588668 0.796925747291678
0.784984392143545 -0.319037408029188
0.293040963424311 -0.719828109133691
1.00680850059329 0.530962544962182
0.61872959876708 0.640865674570805
0.520179257728632 0.542664979405164
0.704278155609403 -0.268301639486363
0.71071837724878 0.404647742271331
0.570479338451435 -0.277993967547954
0.608134711276858 -0.126614609036692
0.530345599828112 -0.313516997305106
0.544562390901678 0.246809959656214
0.270730655745258 -0.0481075097816163
0.510226528528413 0.211082479339596
0.630173955753897 0.0980624832417998
0.458168935420773 -0.0247314320714654
0.45150144952572 0.00824228886740771
0.479980570445469 -0.216771680485275
0.63835543836358 -0.120400409543049
0.855274179049128 -0.37284591283858
1.04902824923367 0.226648406083456
0.268307442036467 -0.00284051395893425
0.234811787637378 -0.0222951767510137
0.975560373946432 0.231763587529654
0.203251645368363 0.0442354297213554
0.0324750207433983 -0.0713628977670507
0.124310363460909 0.0694192880889035
0.996404675735215 0.492868370199252
0.0876664221875811 -0.256224977834827
1.08137139377283 0.589239999261364
0.926065055248859 -0.877624279066695
-0.267570773425375 -0.151364320735456
0.733245911853406 -0.5906521831571
-0.0906295372299472 0.243693255853864
0.913740941370756 -1.07216360650993
0.683514178220608 -0.859451023557316
0.44692233621904 0.972119809727851
0.414079551802896 -1.02880715827032
1.2276208650031 1.03126514648995
-0.379796736759658 -0.236187255804356
0.243552730883311 -1.15843266450542
1.19123264975475 -0.951866895287325
0.583811382703387 -0.940433569483772
0.486625487082775 1.06707587322814
-0.713814963489595 0.214816216467872
-1.04604513399692 -0.201552460301857
-0.284642773260795 0.00300907901414009
1.68563308962074 -0.0607260744856254
0.000463354738333338 -1.25163257733572
-0.0484353303832239 -1.2092500759749
-0.74135803875427 -0.601541172667129
-0.1995382631899 1.30158244670418
-1.16511515918906 0.581425243251483
-1.23187011837234 -0.289937357589944
0.415436561278129 -0.571589159669151
-0.614405200936414 0.47545290334526
-0.0914170326321041 1.01669822802124
0.853054555127529 -0.522013006101314
0.522279844691172 1.08204436807297
0.797397150792315 -0.375892634426812
-0.796093845585115 -0.544261568237864
-1.18912129663314 0.0183635192399919
-0.0932046653844401 -0.746166320045585
-0.785665059005457 -0.655138535055953
-0.0712948387924738 -0.742987563844711
-0.695887123564399 0.599490783452974
-1.237360715645 0.057500033524811
-0.034900565575728 0.782721750015616
-0.930302784962502 -0.550328704370227
-1.00650412588592 -0.482289985271991
-0.129229837503822 0.85200936067042
0.0107379906747662 0.895613405744236
-1.01678460875323 -0.572987083665794
0.78732213867933 0.243653768086822
-0.0632580544709795 1.04645755137438
-0.396002763481756 -0.732447880726327
-1.04799166323449 0.683457038651696
0.429664879709983 1.25000580070628
0.97031651800194 0.399755827117624
-1.37505547448136 -0.47275371191973
0.78430502555047 0.396104140002207
-0.357038995034748 0.927546393739077
-0.518314853680776 -0.696061828464203
-0.703032481318577 1.14853520314134
-0.748497803780313 0.397130100944016
0.628735252737114 0.263709600542616
-0.126600439391024 0.747564248728909
-0.322542211486203 0.679046946511397
-0.848709623677627 0.530019143768293
-0.0941841656609322 -0.775349495889372
0.227141795886202 0.405203770318248
0.315771584912325 -0.284055744124654
0.771740577207569 -0.00178250404984614
-0.307268060864375 -0.381619035913189
-0.0785883163042875 -0.683324329981765
-1.02190878259083 0.00483858303383733
-0.148157675307614 -0.807453090653736
-0.64022367308542 0.21583872182857
-0.576576023153297 0.210977134671119
-0.641114592731157 0.863482751685895
0.221181090635195 -0.265226509081417
-0.252587290824924 0.864512927215279
0.0605720211874836 1.00247405183588
-0.323772909140503 0.938634037119227
0.376325150990421 -0.239363730685233
-0.696658323415194 0.553230280088391
-0.186584918968505 1.01822385941844
-0.806389736475092 -1.06840233707616
-0.806358707972972 -1.01773007111845
0.572645695494304 -0.313607089083968
-0.951986271591394 -0.550440201961694
0.383269941537454 0.242365007307528
0.127526620949458 0.00229893043168139
0.132237235294143 0.000561067188886032
-0.290763292147312 0.596850135179727
-0.244260287878668 0.490508150290314
0.414325736341299 -0.110037465094793
0.0950151864484265 -0.698176264568378
0.390658674297955 0.182147520856671
0.523682089161582 -0.286066479968286
0.349977827059176 0.273924201251676
0.288903866555815 0.269864371829621
-0.306108853356894 -0.511911093981867
0.625081536281182 0.298392815804054
0.654722760935524 -0.380233590818223
-0.572975715654975 0.355174803132776
-0.514289388104138 -0.606737056052127
-0.570023173377951 -0.641640523241242
-0.696751840712099 0.780190523506319
-0.227053802552586 -1.06313783078979
-1.33995172295989 -0.35537230840312
-0.785076135766948 -0.85411952246
-0.935610970190435 -1.10031156020997
-0.725554176229109 0.33757964051127
0.727459449474668 -0.606638114757285
-0.576431450595974 1.07872542241959
-0.947717832320436 0.464180661065386
0.087215886241215 0.826149256031354
0.127394627727271 0.728094447387949
0.0814466826856007 0.760931148219338
-0.303990539213686 0.448542050427198
-0.76344123143731 -0.409811967148502
0.124588056105015 0.600497763232292
0.455861558953746 -0.139765160976589
-0.137052298969627 0.558153801362837
0.571633245194171 0.0504345488687623
0.12609986954622 0.56622802714735
-0.665566686455543 -0.489365595530226
-0.540707603069738 0.601040084771087
-0.0715895148899684 0.46058107017677
0.334413478743073 0.00106641070903353
0.271051562996039 0.00738369585087237
-0.113853046352414 0.293364201002429
-0.165859986442543 0.203783244351371
-0.0488701484982787 -0.317232155992182
-0.182914468386944 -0.254686477314996
-0.0746828398462679 0.220898907819463
-0.298490961436529 -0.139482078537187
-0.133569942432602 0.07858951755312
0.0170187955776568 0.18912036286975
-0.120094889392975 0.042734917534086
0.0240478690029031 -0.244259302538737
0.300575546224046 -0.355276413223733
0.297306342595652 0.146465282213983
-0.0128386251135153 0.256552256964899
0.271154888380046 -0.124872963040745
-0.0800709169222078 0.0891703340186499
0.234191604272166 0.0226922362284978
-0.0371082894652599 0.218100864528639
0.233919353690709 -0.0025214578138317
-0.0136010253960956 -0.411608632599713
-0.132243772293049 0.336465234794221
-0.157373058479246 -0.452157597877631
-0.489842316426846 -0.428557886157193
0.0352583164385506 -0.628757037534938
0.16485299979481 -0.597848767557012
0.287149260131131 0.506434049541152
0.0807385762429161 -0.54478653410515
0.184089158039583 0.424248396977324
0.104406040146252 0.415181153198943
-0.0778228719418588 0.267983395460053
0.30106907351753 0.454349169001746
0.0357026798867174 0.373348671884493
0.452004393561647 0.134516006397673
0.307548559314952 -0.462793047053381
-0.0331440286297926 -0.423865636952165
0.238805447693311 -0.574351795901136
-0.639829734775348 -0.00214712716417036
-0.595205969612376 -0.0510758892143929
-0.578657707794239 0.0949281156248706
-0.5064593623913 -0.144999297917663
-0.60479438266513 -0.103693358343447
-0.520978241457857 0.0701268513478746
-0.289981166013864 -0.600459798307701
-0.40753098037227 0.0415689992743543
0.0298579991518865 0.551090970808263
0.711474473644108 -0.0189822732630398
-0.480162479479067 -0.0398348869913206
0.308553750470201 -0.617152757856934
-0.274034444406796 -0.177279719561652
-0.145531299568032 0.544139135707007
0.0800170743031397 0.260300971952796
0.519899404143909 -0.0833866493266057
0.178398144648836 -0.391153229199797
0.0928947319082138 -0.421313013141527
-0.158679488896986 -0.236988720518841
-0.111123931939106 -0.228654837670159
0.0376737334519361 0.235224810551838
0.0495860603539509 0.142472792756697
0.367400438645032 -0.169196173296721
0.113391075387327 -0.0802468798323693
-0.0961125211859465 0.065558060799035
0.0816368351474775 -0.254794631764423
0.151664665769852 -0.237488836711929
-0.12201004599801 -0.0421818113235786
-0.00469291137091052 -0.255014138081198
0.0642329267526432 -0.398069754190598
0.0115650732371602 0.345970481285288
-0.0484098037470903 -0.325430806941809
0.288121733577425 -0.425703952463212
-0.156604531819441 0.449811195798145
0.235397772012465 0.384692398187115
0.0483509313648812 -0.34854252412222
-0.682282758308262 -0.0615679029047642
0.129022846474072 0.211979792848837
0.191185687773177 -0.436661520221228
-0.437240147789758 0.256654981154889
0.357103320788027 0.0435874360827704
-0.0292957873605846 0.299076100618284
-0.378197830467497 -0.41210566854002
0.151697241731497 -0.572900927601958
0.00812259365900606 0.478817775537283
-0.520663887075436 -0.567576960719369
0.14246707289293 0.515532905976279
0.201434177205988 0.583544594459355
-0.0137605606730794 0.524573828046072
-0.0239947336235491 -0.512662910784512
-0.384828878319642 0.513531089830421
-0.149894245193754 0.307443746823027
-0.332969391938512 0.518006201870876
0.0178500007116895 0.231934175150034
-0.0906986223827755 -0.321189341809923
-0.20024918616358 0.332712643134722
-0.378064678176665 -0.00983271909617134
-0.273401772598731 -0.00865778199257862
-0.260463796822011 0.038999768415465
0.116907785228249 0.103250493800242
-0.0629772666400681 0.212354989531115
-0.205881434731253 -0.156782669629324
-0.204918835690252 0.132655398110919
-0.224169392543442 -0.160995449895788
0.144297618803014 -0.0193984541934873
0.0137820613322589 0.10696863128789
-0.115146144878203 0.0172344332464038
-0.000417798468428196 0.0861333131359448
-0.0113787814815039 0.0710241126923849
-0.0741010623496828 -0.0820704643265518
0.012579035336616 -0.12967348124911
0.0151213701630367 -0.103455120060892
0.223280076848382 0.00339351091128351
0.1873357094905 -0.0758863015663502
0.235917136725375 0.0522500580403609
0.179304668916705 0.0130278208422721
0.224082627714492 -0.145177741032665
0.25621858476044 0.0829926231399834
0.254575686480146 -0.244973367292322
0.152639183782665 -0.274652185034605
0.168473413281065 0.249217059206883
0.224900825450588 0.144832279838341
-0.0761950569592459 -0.0347414701913952
-0.00603363289981631 0.195318970923844
0.00997793020406648 0.159888337415716
-0.137954633780558 -0.0888294100235835
0.170463366216102 -0.00388301709398235
-0.0688391117409395 0.157881905179156
0.0367894292303398 0.0116414946780495
0.0823717829693214 0.0232466677049566
0.0673968742889914 -0.0587660062424847
-0.153028085328517 -0.268455884649714
-0.495373240930871 -0.145871831620035
-0.55447883655659 -0.157740502948734
0.0322752318026354 -0.533782713175163
-0.138536807045693 0.177494517662542
0.158700003116774 -0.581524665285845
-0.220552770594481 0.230890959873065
0.307650178912069 -0.253594390029302
0.532279199783455 0.319075204321752
-0.178797192808048 0.0453085995013248
0.158497784003778 -0.307018422730568
0.241137200342558 0.711939516235261
-0.288656059344772 -0.604367546327517
-0.334078762588189 -0.702491175541878
-0.88777053120956 -0.0585107669392987
-0.318498323070131 -0.54801495779938
0.653749425483091 -0.026294706409277
0.0530155217820171 0.700628904205633
-1.03647311092088 0.00910673009371507
-1.06653253745607 0.0135243555957453
-0.742147120397848 -0.389664453161216
-0.719980133634168 -0.430898503354606
-0.350093633218282 0.502379190788972
-0.867787952707984 -0.383512916468185
-0.669177868431632 -0.30371897640322
-0.763989068046487 -0.326664313899184
-0.0776484771660956 0.000973703740334819
-0.779194439410224 0.396010864598562
-1.04323342041217 0.0496496239328514
-0.746380475350311 -0.0860747014530208
-0.943332503683578 -0.202779887750435
-0.809267052641318 0.0939652852775198
-0.522165615168226 -0.0321366287485351
-0.324197099001251 0.0353595501028382
-0.404138757741539 0.0104280052359755
-0.568671302492243 -0.412620976487294
-0.393048416486708 0.00760761205151583
-0.343594282589514 0.0244464926047326
-0.665578271552551 -0.342260212783165
-0.588774057791342 0.325769329893431
-0.28673646196896 0.097870762965158
-0.0705011099818637 -0.0118008798358905
-0.614690785768867 0.474121804509229
-0.421254102940064 -0.143956723554583
-0.615668629597361 -0.459372871470023
-0.5651522692031 0.455928091821378
-1.13218249128602 0.0311917257816864
-0.882288808185577 0.0663796869805357
-0.583018657974848 -0.302637005646717
-0.236384499794314 0.361510819664663
-0.951992959023162 0.0315260380133439
-0.536327740328227 -0.387008142035413
-0.620221803301898 -0.431646766922729
-0.67457319433385 0.567210986333805
-0.841586955661186 0.00534573272586412
-0.557008638920965 0.544582373113785
-0.182150901589648 0.445940340593169
-1.42082302184961 0.06805467746376
-0.567236198474349 0.713813559439451
-0.85364007642189 0.655288643022148
0.108780447603422 -0.015191255518123
-1.22879467495157 0.0721861820745065
-0.963090324833835 0.540259040690793
-1.08519307011148 -0.141524067298837
-0.978296184465195 0.0271571584091121
-0.925946728197748 -0.567586537083663
-1.24613827212618 0.196208770835698
-1.72091442634172 0.031968052688592
-0.752014090170663 0.178977481934269
-1.03627727180913 0.306023124086191
-0.760041362399524 0.0899810527232321
-0.982209053215961 -0.106558430395515
-1.18556096069785 0.0213924081639113
-1.23350761376005 -0.328865061114339
-0.745786587213583 0.492335717243305
-1.18837654851199 -0.455344876313808
-0.757442675634409 -0.422224647482567
-1.61638761199932 0.0410974842012717
-1.03039221073783 -0.286266691271335
-1.01046356617314 0.0308027460965151
-0.733486738840582 -0.854463420861547
-0.652521186084734 0.864993084388544
-1.13094514987996 0.131888546311667
-1.34871780568034 0.0260808601358723
-0.643518250249301 -1.00743620807462
0.392325721806422 -1.10139292368721
-0.379762173780293 1.05766219700885
-1.08702241742559 0.100365895267165
-0.407057875843417 1.0590501749048
-0.257337386527985 -1.03744907477608
-0.339259636294885 -0.967793931754512
-0.119085397252519 -0.944028488816843
0.781135857739185 0.707944624583238
-0.112787267104171 0.9335721170189
-0.820792960566235 0.217737940276795
0.0201202386938305 -0.839831762425472
0.73991411502764 -0.689493903388246
0.112466106463813 -0.871963798656098
0.144887996949722 -0.898957178529655
-0.468234206697959 -0.116255273116431
1.48305270156599 -0.0483506162873034
0.47012952989707 -0.696743703145161
-0.226124131149991 0.0223680721163054
0.351356694588696 0.853519207559019
0.444335762981031 0.854969582593726
0.63616891741029 -0.742584237333818
0.459199200819875 0.792526018194936
0.648702178238085 -0.743305868672833
0.0668830823151393 0.0235591750286159
0.755939277151106 -0.468077376641113
0.462210831779172 -0.8418391825157
0.392056737348432 0.876281702785974
1.25985811264713 0.238328466038856
-0.0943339649650397 1.06335374577478
0.502904711538158 -0.97009895968124
0.742646522974738 0.799682706341304
1.26432422862103 -0.355162214907493
-0.0239516024209231 -1.10303041368166
-0.210988739547957 0.811274339214147
0.690958022604173 -0.971177940791147
0.617482236740531 -0.913482165207258
0.802326548029421 0.743604215079086
0.62455999439186 -0.80030024056114
0.713739172485311 0.709912968331333
1.11412815072464 0.00981544038397487
-0.137171437166743 -0.711498234302441
0.608279334227837 0.605658208733795
-0.167378929343146 0.672394572145306
0.92149897937801 0.0742163422331356
0.589671371548671 0.682862281750672
0.292092413821497 0.629461211919963
0.75207575973809 0.0482660789966502
0.594224885438353 -0.037172401029585
-0.0158364464290168 0.48004835132291
-0.399799231243815 0.647347986300136
0.583160409243303 -0.010909608364036
0.0393182591989153 0.546297386049328
0.714824285340162 -0.0628042895670324
-0.937440335693714 0.0293900954096418
0.200345906224429 0.654445527339296
-0.0746238039333967 0.484115142013305
-0.443901924064799 -0.849319765236952
0.221410682215431 -0.842442358369433
0.917610575745324 0.178712914714152
0.678113402009191 -0.279995261270504
0.305235526020609 0.847527954976062
-0.64977838514269 -0.357253674438624
-0.213544446136378 1.10834360804038
-0.924690466564315 -0.0233128965719312
0.234839345488862 -0.971613623617929
-0.554291680922142 0.365692731730024
0.500273974471514 0.788584488856257
-0.0492894652361373 1.15006349144169
1.13962478436253 0.617995565068461
0.386351705541195 0.880263577365985
1.0411224161575 0.908630689028952
1.11218738724853 0.740272790891397
1.06707567013381 0.766392048244001
0.173064341008504 -0.927491680118721
-0.627283562005298 0.0103128392435909
0.740283175799311 0.761532417481371
-0.191125821386289 0.917501491647851
-0.636176301203883 -0.0393291064439011
0.57513084254678 -0.712874254919555
-0.678522389614277 -0.0658895739509264
-0.13131166664034 -0.78872744094657
-0.620167743082859 -0.0729377364123716
-0.633279262822277 0.0191594493673626
-0.210490388321021 -0.655387433742861
0.376185762562252 -0.619342561174381
-0.115309854950586 0.569556611269117
0.228518101081068 -0.669062131941751
-0.139730592041422 -0.436727026242767
-0.349209555062267 -0.483217175064376
-0.606460418902595 -0.0259940307867179
-0.450526089313285 -0.324232400279587
0.122534631330941 0.13974452963195
-0.216489960199939 -0.223766256312892
-0.39137520723612 0.122406577809547
-0.143442212153964 0.179661359697406
0.00276340684570548 -0.157820218103638
-0.15770156203465 -0.0976561857336573
-0.100529379817111 0.0940059603634878
-0.0770891017921226 -0.0906763812103221
-0.272786004589797 -0.0124816891233382
-0.144143760263954 -0.149119279971353
-0.043080052275343 0.143329149825325
-0.361170239072439 0.0204788271345177
0.084560144457626 0.27325707846225
0.163434047879882 0.314006274696048
-0.183139806387426 0.39810327302772
-0.221542001304677 0.450319380748342
-0.283342749937029 0.501443498999956
-0.271149900062459 -0.542028206205086
-0.248810701581434 0.541893406268161
-0.254970345728611 -0.615297901489184
0.849977367136616 -0.0340552695682597
-0.586412435973296 0.00134884494533499
-0.095513505770812 -0.484511516605159
-0.173422541212287 -0.466802311083804
-0.538254025353443 0.0965687858987287
-0.107676639292357 0.490533705311483
-0.507572522392803 0.0181219694959602
0.30099432487614 0.300705787235388
-0.0402827123844474 0.382888920535545
-0.293307738396304 -0.00362639540168545
0.384296507882888 0.196076344910587
-0.222954346526096 -0.0269564085618268
0.347460436286781 0.293349310955001
0.0935341676839305 0.194283186209867
-0.148243809837708 -0.0962226845059717
-0.118198607310628 0.10306072890844
0.123543058816212 0.317484022205621
-0.106996264756841 -0.0493655775197614
-0.181122069580781 -0.0145188163900953
0.286850898350414 -0.40012991752707
0.0405605695299415 -0.244813327619273
0.220128074404667 -0.40085503834035
0.256771820293911 -0.500149607401776
-0.176704772122558 0.476632308671696
0.314233258491476 0.235300865659727
-0.388448479597109 -0.357269654411021
-0.214268971257859 0.518056117910422
-0.228533886477557 0.421952634586412
-0.253448110940896 -0.337744191247315
-0.23922136468693 0.387266728409788
-0.411412676010727 0.0335802854900458
-0.346028069165433 -0.0337861483679332
0.302265693056971 -0.0342462293655789
-0.0753653559691364 -0.0754709743328538
-0.0190420769565781 -0.0614472936192477
-0.00725843127491642 0.158958082517888
0.0132545771331566 -0.122999885183163
0.110503239020287 -0.176792860033998
-0.0499823981205329 0.0498738576677493
-0.112941502596301 -0.106070338019979
0.225612392443406 0.0393340375134461
0.019246871957107 0.0227218182649754
0.234467689064103 -0.203554599538487
-0.27524201169118 -0.0537916948149402
0.00666337215027053 0.288183157933577
0.238878700348601 0.267454285326568
0.654761024275151 0.00662050465381034
-0.413020664360111 -0.0279850461561032
-0.397495054678005 0.0278776107308382
-0.443333039152139 0.00731410520650107
0.392463410654998 -0.566151204976553
-0.504124497847969 0.0407932219198266
-0.056556642710352 -0.663142419421554
0.0308842083968807 -0.591199846139707
0.421142214889197 -0.604169976110395
-0.106859314459061 -0.47537109043997
0.452300329016357 0.419746516049472
-0.37160611950773 0.0183948231576273
-0.335611560049493 0.0267522468881294
-0.505971983758389 -0.109126780681953
-0.491206125100484 -0.0667141464497985
-0.00209916155867596 0.425498278666318
-0.47763076919972 -0.0118967264986774
-0.171416445625856 -0.253480070518681
-0.220142529926331 0.283918689293471
-0.0471701516733627 0.02587084726275
-0.190154279438239 -0.0850670275112294
-0.0729928689785482 0.0490641163376386
-0.0946557899172149 -0.0875163649051229
-0.0819896073335028 -0.161104181909067
-0.188203504968094 -0.0183321554985292
-0.109701046837957 0.107595407115557
-0.0500870337092476 0.0744196053751627
-0.226097614043896 -0.0687217965523769
-0.280825718752438 0.00712547673917189
-0.335222642226182 0.0237476146087046
-0.366070868934691 0.0130795450740644
-0.439184457242575 -0.0213206090419361
-0.269389244706257 -0.0163105782856614
0.040945568919549 -0.175292548597164
-0.218635711032561 -0.322089870197558
-0.492661185597501 -0.0699309346639074
-0.316128606020023 -0.214156242798358
-0.44831181223897 0.0121819365485981
-0.054977981225832 -0.278118943175948
-0.541633431535661 -0.0733304773951158
-0.384038797290613 -0.14991998194353
-0.37356360093459 -0.117490427892972
-0.459384316156041 -0.056621469529444
-0.408932870214459 -0.152044028354022
-0.439704767832288 -0.0941559772256675
-0.48435353155923 -0.118151919559587
-0.0616767909340716 0.0443934687123558
-0.266162690330648 -0.265029214485854
-0.487424588737779 0.36974178702525
-0.346553231698269 -0.368732387917478
-0.792111348762497 -0.117002001578709
-0.47621212356091 0.148708939262271
-0.444607099836846 0.220233048191857
-0.0923268883906526 -0.0905221567372344
-0.0248550573608001 -0.135910072367645
-0.431132996348709 0.10364886788007
-0.427115540218653 -0.259916330260754
-0.390064566349855 0.188228261627276
-0.160891184656103 -0.0345527658435632
-0.595384016591316 -0.120520328914548
-0.439497060544686 0.136091002882964
-0.476362078444494 -0.058786831535163
-0.388636920013298 0.0834410412834469
-0.397990950950792 0.00831944785290247
-0.209895623327781 -0.0508444828266122
-0.463274117193843 -0.0141704790655837
-0.299092229762867 -0.143446124012601
-0.22270062180968 0.0989386895817703
-0.238991694905207 0.117284387263665
-0.491244666255062 0.186587021740897
-0.406403532906124 -0.0938269936696196
-0.569581059512348 0.00534524813722015
-0.198755117125945 0.0461367334034615
-0.330387705593391 -0.220712761925453
-0.338083068590892 0.278827010634185
-0.413198898416492 0.230294869124324
-0.322573760704047 -0.345720216253301
-0.316658352653421 0.273458217477578
-0.7218219695699 -0.187219885088686
0.165459350002203 0.0143690390699009
-0.602982701605166 -0.366190423017787
0.106677636876139 -0.00726754115784943
-0.412413580015985 0.363655242209576
-0.390010104692946 0.440774532740099
-0.743388943725454 0.385125281513974
-0.402713751478363 0.25659330358437
-0.365850755844285 -0.415396060281793
-0.730519577474215 0.386013831256738
-0.155524425621658 0.0299290553158242
-0.396598466268781 0.287418198847452
-0.70450622639547 0.318964105772027
-0.746011735375791 0.185276574577789
-0.486292234400661 0.00862432469255848
-0.403149579065946 -0.0447401065611139
-0.610131261852922 0.133030608359167
-0.430317483059635 -0.0884611992255035
-0.365500545320498 -0.156466755359325
-0.436429143076112 -0.195576660617531
-0.42536469147373 0.142767646936998
-0.181805307446405 0.0121254792281744
-0.51024284285847 0.186975760035521
-0.423368475137612 0.296235072438374
-0.462862203673788 0.346687592762112
-0.833876029933238 -0.297168927780977
-0.244964287273144 -0.491539116311606
-0.26124857435627 -0.49191816475694
-0.226833115781572 -0.566165856485779
-0.640924701828249 0.363012926563286
-0.329610439538264 0.350862991659952
0.0877476808877232 0.0306302658323457
-0.319369079915451 0.310461902882396
-0.298943004640338 0.238818308200584
0.0427967486935129 -0.0693756355912323
-0.0882960114491326 0.00957047664327062
-0.584891232888649 -0.142590073828283
-0.0860076059573167 -0.103854306049413
-0.294666623069688 0.290921901638335
-0.545264639451398 -0.172337723148918
-0.343212703236437 0.247746864418975
-0.600867175233162 -0.00181277216153632
-0.698692709178324 -0.00611303699419843
-0.147058230446056 -0.330699772783968
-0.390191831965457 0.272955330840668
-0.643960956248117 0.122111260765802
-0.0649973269821538 -0.209259628743877
-0.334043380059777 0.284748268439871
-0.35161116529979 0.0641811167678497
-0.25216954737378 -0.208064688058925
-0.247013302183595 -0.253639399806747
-0.470506437004443 -0.195958477426957
-0.182573019379873 0.252934548175101
0.162779042392671 -0.0455424799698441
0.0431086490142785 0.124755972674351
0.136020500229441 0.0281751641310952
-0.521241128490722 -0.414694900827213
-0.631793455965235 -0.478700991426314
-0.538740628789434 -0.285624525975333
0.290879840809976 0.326098915392629
-0.485028797508618 -0.505009014229167
0.231852829973407 -0.533306797886006
-0.238562521851329 0.441408952348639
0.18612691866342 0.474780444176268
-0.761281373073954 -0.457954591529477
-0.807487960833457 -0.368436074021889
-0.218541337300731 -0.905597426337592
-1.60471032920593 0.0428470605541001
-0.701044213716782 -0.727893892062928
-0.716925475618198 0.672065571052006
-0.249389031093702 0.00512133475253986
9.10005191306629e-05 0.158373888192429
-0.0370631176618301 -0.0564648265716244
-1.27751190748866 -0.429404730312964
-0.000242123915542229 0.0027828554388629
0.0210248429377746 -0.0383688586446991
-0.776964050899491 0.408536459380901
-0.063663240857713 -0.00622526850849924
-0.178083236422325 0.0131997329196737
-0.327110276007579 0.0808632665309408
-1.22606905675036 -0.319269417160778
-0.287282409332359 -0.0909643916432859
-0.774383348430356 0.171807540945859
-1.05869295143202 0.369073925665833
-0.429291710418386 -0.0846890794719123
-0.533621298946161 0.00180209923285056
-1.03644028805955 -0.166469778275483
-1.06997655531206 -0.1049217080612
-0.68866239687296 -0.0672309371479119
-1.02774698682677 -0.148442702538226
-1.03027561871493 -0.057574334185484
-0.898838353034902 -0.0389686962866901
-1.06059801804244 0.070560454464066
-1.02189250530248 0.0219120125643529
-1.03003303791223 -0.0313320136547679
-0.981212219511106 0.0209308109871356
-1.14955442792905 -0.000307532162099408
-1.0340741251498 -0.0760082428037498
-1.14807739450285 0.0474675996118404
-0.790257095484369 -0.230236295069165
-1.02836638721434 0.251749035050393
-0.779269913596001 0.174987968899099
-0.878228674766263 -0.258441367330251
-0.878464401986989 0.246012038331909
-0.965865749053355 0.204526863518419
-0.61527566937652 -0.0166407682799247
-1.37455852791539 0.00024535042306579
-0.813871401964932 0.245529652516508
-0.805704295409124 0.329705642510458
-1.04570298957497 -0.327157880487784
-0.928130499249166 -0.268148725136109
-0.179428829113083 0.190209191293419
-0.419378953152086 0.371900106886999
-1.09461546019515 0.338697760736981
-1.32092049334652 0.016182536367271
-0.524105289945132 -0.577797876918094
0.0672842250607454 -0.420400506121441
0.122776591003384 -0.398274803830161
-0.591897820196817 0.187977991158877
-0.375999852622451 -0.472110768690959
-0.365688632721663 -0.433006159735794
-0.949965893319294 0.00106037047808226
-1.07425445822525 0.0251147956983591
-0.669739859391883 0.632058073376959
-0.23688132239354 0.504332196627311
-0.439599226016198 0.342054824319719
0.109729295244387 -0.0552239699925799
-0.305204672351045 -0.530700090326394
-0.684590515498424 0.509251481914692
-0.205984286893952 -0.55161886143423
-0.709471598829279 -0.314334702426944
-0.682898430502371 -0.230903365045809
-0.162407724256604 0.348697001105079
-0.526278235464128 0.402212333894667
-0.300775289619135 0.0968572733239347
-0.492244884565873 -0.155306370019511
-0.497420852415569 -0.158230313789873
-0.537330538025735 0.14360672180381
0.0403827561153482 0.0929893978918715
-0.325756137571846 0.0437800400481168
-0.21354290893169 0.355235669751745
-0.229880942586286 -0.0301471197634852
-0.168638904629065 -0.254441509845697
