0.662812054791986 0.52987836481623
-0.0325754150385156 -0.181835692397102
0.450105513929887 -0.509277215874261
0.984067511565723 0.133556507886811
0.697305450326573 0.273829328790386
0.582812666100605 0.393354963382299
0.801735556412975 -0.679456202411629
1.15621777699953 0.233002895923535
0.464567747398646 -0.688967518120586
0.194675110863204 -0.330054945285419
1.06782091412646 -0.180822909431339
1.04157932081374 -0.697270251121523
0.651817124879313 0.714055357396559
1.21269570264023 0.332989409094181
0.173173876837684 0.0466364982708389
1.21324590435257 0.345163069027829
0.623470071416816 0.282789241207567
0.438067604490566 -0.0121290161464084
1.23428484921487 0.423064891829078
0.474057564360888 -0.0249442172172261
0.811685339227148 -0.407634638466638
0.414183078807547 -0.0717938552344026
0.695358584991384 0.459859188913823
0.801614217867929 0.424220117713132
0.652499567707821 -0.34880298868056
1.07553842464732 0.177178042257173
1.31052536648116 -0.106908690404362
1.00199816633195 0.439839864745499
1.3688626235586 0.546619142709319
0.357369001376003 0.0119248203159852
1.51007024728029 -0.356056480624477
1.02985560010213 0.571080293823611
1.32441875129168 0.593338247755445
0.154072191934676 -0.00508084481584182
0.801437509110427 -0.600427815719259
1.16396958185696 0.45906597738465
1.44439586766073 -0.591166276698353
0.418816525278884 -0.120334616628757
0.493248028919062 -0.0464199378424768
0.933823044922016 0.679992632639656
1.06079886654427 -0.531338833699688
0.539528776652246 -0.0690714921037352
0.97876436793206 0.507143403190682
0.619337917828892 -0.0885227841622363
0.757065600270373 0.0405718072230197
0.976814923381985 0.559644906110739
0.963354623762892 -0.303652191415407
1.1403082867634 0.119534396863199
0.878057156106143 0.42107815173809
1.0978768270696 0.0808057786377082
1.0731230826313 -0.0108239731547707
1.2934603332229 -0.00843002308474492
1.08731597575707 -0.0948725976595102
1.21345157741161 0.0664863561269803
1.24759363223169 0.384702799026911
1.0348230195777 -0.294146694760891
1.1842596482149 0.0682716670300613
1.20932115697052 -0.344869187830068
0.486411401865333 -0.130763428622829
0.864682726029291 0.439371459889974
0.478423930912353 0.0129380445814291
0.917702139864869 -0.176009654357886
0.595753994867481 -0.00884974818294974
0.91682208437489 0.36395437239503
0.460275984929861 -0.0313761651013615
1.5537185702076 -0.0336139383268062
0.935926398269413 0.526341553159706
1.02207670646663 -0.23862795948922
0.68197579881874 -0.0146272897206459
1.34454652522963 0.308272598105695
1.38594467854334 0.289803178405712
1.12469961851403 -0.362705967761568
1.38051169549278 -0.324213084949141
1.1919178634901 0.382786264952252
1.22143527553438 -0.204558752352495
1.15738015579084 -0.040023275429808
1.43826191187014 -0.429489546123173
1.31803386843928 -0.124942136522887
1.46798919221738 -0.226680028668722
1.16804830602969 -0.370609249297784
1.2398026894944 -0.370136134314582
1.16192396394241 0.329269299723386
1.44368783550106 0.0711855476115921
1.09560482844641 -0.371837461431466
1.40521404662904 0.361655795609121
0.662201301179297 0.047491697728071
0.590975046372732 -0.0234892584100385
1.79972467809234 -0.0602360878777469
0.958091816019002 0.588474206491565
0.817083229412464 0.628037739406353
1.38374367765469 0.10091160603028
1.37966382341616 0.176874731397376
0.851127003621962 0.510922131747353
1.34772789813019 0.0531603111597949
0.694867448553547 0.591865963279471
1.2862200310988 0.195346236421635
1.51858199782709 -0.117363510968346
0.980242275236243 0.368501245798241
1.3000128061936 0.00570150778581528
1.04212534709055 0.201621583273246
1.28528073985955 -0.116691579910829
1.1130336627982 0.134127403987216
1.04618908689311 0.219547968574099
0.887953460089321 0.0929520201518593
1.02621616165443 -0.0910731675243928
0.732002737498006 0.250091945413589
0.845735374877671 -0.0105186321776435
0.362224347210011 -0.0180038300220976
0.97602366871796 -0.107938106574404
0.773749682032001 -0.361824553581175
1.06789280198024 0.122757627998545
1.07641420435379 0.173345918190561
0.794679919958085 0.220544193066985
0.949816371321428 -0.497928353285925
0.954876906367251 0.473582590745585
1.02795878624054 0.155522529877936
0.971045068261748 0.522300635564742
0.8521093440114 -0.517199371794236
1.3991323191744 0.207819855879087
0.485352772394711 -0.253274192772903
0.785319153581753 -0.601703040375855
0.947740482935075 -0.57669642194014
0.342571642514065 0.0331733881178946
0.22841316394452 -0.0557674024748476
0.948842241861162 -0.542511756910722
0.188721534868269 -0.0844539621827545
1.17829362661075 0.592285630724783
0.742398426060967 0.574881138784819
0.427895475689917 -0.00193277494287544
0.258326458244459 -0.059243757796522
1.05570001708357 0.296851535842081
0.669236343158343 -0.310595633610487
0.993490468582652 -0.381440251321374
0.641476506522076 0.445920891826019
0.148181610088886 0.0135001382252865
0.199313870625355 -0.0941494263926606
0.691640855884329 0.151469722745827
0.691211597066708 -0.534376684917242
0.549985866213204 0.00115513075194008
0.568662903817959 0.285055261143919
0.102998063574397 -0.263749016719288
0.598370452110011 -0.321365856732154
0.669602812374861 -0.578737801833187
1.02823974206755 0.144515720632993
0.176856099350656 -0.16940826105023
0.236617819281359 -0.179541455706564
0.61668612961531 0.518608737909366
0.586914244668995 -0.534380632288713
0.857242954010305 -0.366463477619418
0.886738248208095 -0.104773260866958
0.41142018222578 -0.198815753622077
1.72628025186701 -0.0352571808029795
0.826274073467014 -0.728362852089539
0.440462619957194 0.215794684433863
0.19620376441904 -0.224660699944541
0.710664712914707 -0.756995991739834
0.51583656782019 -0.850466844554947
0.625215515729272 -0.754180361207031
0.202930665554856 -0.304511117692534
0.191233108937897 -0.289653640659532
0.75901834557664 -0.512183740384623
0.306956788151342 -0.722991225734629
0.0342143288699644 0.189334315037325
0.421771098132279 -0.632341243335236
0.179162385815662 0.250821548767835
0.833638373162612 -0.197053126928692
-0.00850725018280317 -0.245583926651121
0.728726054198249 0.544084365734937
0.716751244125391 0.656222539800808
0.962600945236605 -0.249742030704795
0.77251076580982 0.615541852185446
1.05848010153202 -0.343175024310376
0.347892019151779 -0.264669443851604
0.9922241404919 -0.140238322734306
-0.0562579259890108 -0.0274775395293879
0.678559526920046 -0.478344583574488
0.73923384386096 0.397823482369672
1.11767251785526 0.0331464551939964
0.340272023627135 0.29531365356925
0.061801339656869 -0.160168956595852
0.960210707250926 -0.406329989115647
-0.0200176185819029 -0.136203998682934
0.655468101810455 -0.278853263119908
-0.0973284379046049 0.0228154346396991
0.0635300033676679 -0.103030563237704
0.489658840403385 0.743938255786441
0.645983339152892 0.722741192600028
1.20375718720009 0.779666992172465
0.907660625740223 -0.614086436161763
1.55472109344101 0.253908589021276
0.010032927221672 -0.0676917833815479
1.26912714751301 -0.831901118073667
1.38073024197856 0.389097545022311
1.40689247930697 0.207031855877787
0.815737792934521 -0.674296622353045
1.01123944285645 0.697377411644304
0.718805104038324 -0.383290541558229
0.0886509446788062 -0.0503822771038968
0.260851881232367 0.0942227645436517
0.130864274183901 -0.0748802781810675
0.576396122632819 0.427309429964373
0.23982072250751 0.115408566377019
0.50431914030587 -0.38478565728856
0.483034004330457 0.364106620669788
0.607572978309512 0.194877416273428
0.280867301796276 -0.266089197026449
0.148254978064982 0.290090469253577
0.597873922464082 -0.0921787529364509
0.671328180645978 -0.0127183091672261
0.425430171824292 -0.282360576027219
0.501049595992225 0.171259325114093
0.31487793486741 -0.113088547300177
0.28886437401231 0.0238161326687741
0.414419477736981 0.00115123884124074
0.367162456898891 0.0299319577181423
0.44556522029886 -0.056261208676748
0.40255269048423 -0.00602067633476291
0.41087257328367 0.103637321294047
0.446942714549791 -0.0746082876826211
0.330614600312233 0.0749290817677391
0.603263766603883 0.0937644307709872
0.448986203646474 0.236124629133352
0.635250385275034 -0.181528773464457
0.346246111347143 -0.0481711793894992
0.826974734791405 0.113509631027061
0.895254473270007 -0.0370626229241119
0.539824570237908 0.144195449381324
0.487541330311735 0.0244905678073499
0.480536461866796 0.123323120583778
0.441994238679175 0.0305332042873167
0.453006736589274 -0.0403129028804008
0.537211248577144 0.0485139875629309
0.474005200913925 0.121520225579513
0.499322553697771 -0.192569694874387
0.105543874227788 0.01704993169898
0.498174017909336 -0.261946689051231
0.704393836835724 0.195223743341619
0.672453257944208 -0.0871580637253306
0.292028861174452 -0.0192811493986106
0.464385772153423 -0.0620426650854313
0.467484430863755 -0.00112808812451346
0.706409568686677 -0.0158922917381751
0.610926524885159 -0.001758364422933
0.593547074789505 0.0102965929402655
0.626124182998928 -0.0446844947212935
0.607098093949369 -0.0556496693961679
0.639890764742932 -0.122410829513808
0.70238296191866 0.0535439176838873
0.74340384535076 -0.0147145356900042
0.645482539762557 -0.040634536482531
0.724925834164067 0.0248295045078815
0.643536518911323 -0.0499100091220115
0.620907797192519 0.0449275675793283
0.62975291940268 -0.181179411153508
0.536167142926783 0.134116207676652
0.719960118906934 0.0917395945580386
0.776625635786092 -0.0335952789632837
0.655244803316782 -0.25318736984634
0.61401733656215 0.124689289297555
0.357651329832911 -0.174051790821166
0.421826208451323 -0.306905976153367
0.346366935552202 -0.0870322881245353
0.0891997493301097 -0.00314821097567663
0.247614383516945 0.0178499418925048
0.424490304348854 -0.078753737110168
0.617682340279741 0.132182834771042
0.57694577666907 0.0625561831593766
0.656092900647355 0.0296832870325773
0.542356305984149 -0.11911201801594
0.54951509464445 0.062739991109144
0.443887737873394 -0.0488758487192428
0.624518777631784 -0.172947211715206
0.614209467996524 0.160271760286316
0.643650053719778 0.194828736472489
0.497854527418775 -0.0420894795350459
0.644462777968756 -0.0965534217060312
0.804322453005828 0.185437849334494
0.806918818006748 0.191605346865834
0.476832473050938 0.0192231923932163
0.768711301373698 0.0280622473099535
0.560744793625297 0.0471387465445603
0.498274394756867 0.00228333232859115
0.587817973013538 0.0764054699568936
0.650167234257974 0.0384406724895957
0.595339017106605 -0.0163480182271128
0.594478922899823 0.0358929866984254
0.437887299755061 -0.134217399858264
0.57939061286145 -0.296490107276382
0.641374597147485 -0.0111862628462207
0.607039928007237 0.108985327653553
0.612542306009216 0.215297206852336
0.374018716514813 -0.114965970214687
0.436194832790989 -0.152419137579264
0.698438575251708 -0.0236237001751314
0.568998878912654 0.0512898298730037
0.441666781303739 0.0596493783546487
0.519071742679431 -0.152592160945774
0.510247550561254 0.0521796816566899
0.502475539284486 0.0212695866110944
0.501455352792835 0.0304697924310029
0.64984552908616 0.0124571271636699
0.665721947122422 0.0500533411901367
0.469165344957884 -0.159450753577645
0.455189945191108 -0.00285776693919449
0.282619580996447 0.0568714964971291
0.528760090836742 -0.37524401326445
0.825564733400715 0.103141337881487
0.659038552277119 0.267213849200737
0.552283589250436 -0.17449301292017
0.345257411077812 -0.350590169385256
0.798212019524454 -0.0203271051518543
0.210089313851333 0.174747480934447
-0.00987456043530997 -0.30455556065527
-0.0835936412862752 -0.232621944288847
0.141302827270784 0.196270093560423
0.149164669322514 0.295480150231602
0.542633534320671 -0.109941773820039
0.173636099586791 -0.562315180556912
0.145717528411095 0.495778728865162
0.614541340310617 -0.0421130768158366
0.534639650848388 -0.0335993579003934
0.0795611570444864 -0.571447255328094
-0.0865026438866056 -0.434883530375117
-0.385164770847111 -0.45644810068278
-0.379032904184263 -0.238163793032729
0.124336673514632 0.380136426270382
0.0762973788190817 0.368822905515411
-0.104230966674482 -0.278365906444994
0.164217705503195 0.377651655326334
-0.236147194180835 0.349115189258675
0.194790896817298 0.201125476017361
0.447311751461826 0.162498545774268
0.387316071430767 -0.342766235572519
0.219672031209155 0.175170997445198
0.295135011302811 -0.241796385667232
0.677616867968605 0.085740679301657
0.210132406152295 -0.0333437663190273
0.607768295612965 0.153191915489877
0.129342731606946 0.000836319840614435
0.0117549584479381 0.0238401873443011
0.599711098338061 0.265267690391767
0.260649959913982 -0.285143826916616
0.219300715311603 0.404548703140549
0.0841684002057075 0.0238903664784762
0.233268287301465 -0.450658353684756
0.427720767226172 -0.630672677289551
0.308187246264162 -0.343988670132812
-0.00840245377304531 0.00265854022339383
-0.405574337724412 0.0307515447862349
-0.316517264927901 0.148647802891226
0.501545811545484 -0.43913572272382
-0.372201220706732 -0.0141640471975778
0.0605630108265619 0.474573668290447
-0.179823596241742 0.0629415400933208
0.344637869845056 -0.404364003876692
-0.0460120284385479 -0.389833574287146
-0.0229335904472306 0.389436928683509
-0.0189293046637309 0.426085511375364
0.0552434171177734 0.365178168699322
0.0773523521498347 -0.314865865496777
-0.179220633702724 0.0956380320014934
0.272129165181393 -0.157807725825183
0.355216776085988 -0.305429102858393
0.022344121761777 -0.0524881372160234
0.438759506421125 -0.174245764857482
0.321490755076414 0.118168777774857
0.216018573366491 -0.0902460909137878
0.403997116096366 -0.169640485270157
0.387559744262547 0.151659596143367
0.190954231020069 0.103130304526836
0.214221599760628 -0.25656990243916
0.172570453771811 0.0767416795998908
0.39714039627052 -0.147143220828883
0.360299804304272 0.211686658870737
-0.0411140832125996 0.14127453319112
-0.00315436424832503 -0.174304266286482
0.240262322629797 -0.412774445459511
0.0566170563203083 -0.0082499340663369
0.113148643141705 -0.409018669848923
0.179289313477246 0.161567841217291
-0.0440697922304918 0.00191232142057556
-0.473808463984799 -0.188237813750419
-0.0299654966699973 0.00215019526175009
-0.246657276811609 0.193732241243954
-0.0685035165493279 -0.00451825948648594
0.156202391778652 0.362206513648101
0.235752495599056 0.326455176012717
-0.164797007132963 0.294467219263539
0.156706444323642 -0.585214238833338
-0.0658403833513995 -0.556344067998515
0.156184486098442 0.532117704073951
0.659439863219713 0.222803133793867
0.183547298158297 0.00320286245577814
0.541221566011084 -0.503035111563388
0.317456113977788 0.406933999271723
0.710053939990668 0.28143996135275
0.199857921574893 0.0197404393632561
0.485117187171674 -0.223429147292535
0.420605949534857 0.414102223508707
0.630753134479957 -0.525796837750022
0.173314711611617 0.118144269889131
-0.0580351708457978 -0.146741624095926
0.46610321497938 0.20966119991326
0.233775847265375 -0.544277088317709
-0.0133884931548937 0.26106933259825
0.180152548433263 0.491233721623733
-0.0955741679798396 0.317591724117452
-0.386789182973237 -0.21186605730292
0.337829827041398 0.213230677229082
0.277066905319797 -0.113992821371958
-0.00733048091717842 -0.545330147893397
0.262598649479811 0.233182891598361
-0.708250798265615 -0.258661540513834
-0.787024690075611 -0.341980306691376
0.04705281692882 0.778018842279751
-0.249864172968998 -0.706812180590713
0.417266124202642 0.283362020995978
0.364854396513428 0.341657453101491
-0.312359592117127 -0.797201581402067
0.393984954557005 0.393964678952685
0.0220166203313078 -1.03659460228619
-0.788942856221004 0.422900773435463
-0.399778074688238 0.933057128549352
-0.872783429993312 0.408200644481541
-0.377753698041029 0.931685426950407
-1.29116444761637 0.609042697734338
0.05609132587469 0.604506205724866
-1.29745966823716 -0.438717152879735
0.733630853110823 -0.0558905797469827
-0.776993088013222 1.02402792398512
-0.879020555303544 -0.83665696658328
-1.00848872387096 -0.399264684507253
0.437496380261017 0.283478387146442
0.136647963872239 0.86563637868272
-0.143927373015797 -0.659166987084395
0.15237041100355 -0.790629642468145
-0.0173741626467342 0.627567825841071
-0.0240024030848977 -0.71123402910652
-1.08104273281411 0.0198626204976293
0.499803610948841 -0.238283087926281
-0.138378274756209 -0.809125126988483
0.0479911644238422 -0.953987810604991
-0.181043742214304 0.820984536565341
0.418734007895906 -0.263445683462713
-0.290974419823317 0.809934333126166
-0.129692343159371 0.878890795621305
-0.361577425655273 -0.930280012336181
-0.237268038339422 0.969653745543224
-0.582718124539194 -0.798176236379324
-0.810605280583484 0.604213961286576
0.300456848776759 -0.0457072287357356
-1.10193059774459 0.90204486085103
0.0522412504477283 0.0959152758984544
-0.427820088138671 0.801802913317745
0.101641203872741 0.0789764252868852
-0.511660935517354 0.744687085026687
-0.389207478762108 0.791038613702275
0.174129831597393 0.0331468749782759
0.229776023439314 0.0224337010342671
0.382213639562404 -0.00849069651240449
-0.352619704064015 0.833139225803992
-0.187903526314869 1.02362713300181
-0.8220664988824 1.01499139470384
-0.0700755111534371 -1.06367687731924
-0.786924465977445 1.10271487383407
0.657591478338846 0.217834516825836
-1.22074200302185 -0.743580632679995
-1.12532600695754 -1.03424825206819
0.263409715653907 0.367013416851638
-0.250674424355602 -1.01858707655824
0.022425266022831 0.0139654966408386
0.129770504996184 -1.0781924170074
-0.258479266247372 -0.90021939731087
-0.577401324072032 1.02864890534656
0.643326593117074 0.302160733264024
-0.781713816539007 -0.432639547427101
-0.195315629055271 -0.805289889237209
-0.0328742115074831 0.749758366050584
0.0755116298123084 -0.671336287143998
0.0235806792237865 0.63841833272929
-0.0982075559864971 -0.718293127543276
0.556968538597823 0.290613663046183
-0.865879041020083 0.532988978925724
0.219919652102752 -0.392868513300158
-0.21581339591907 -1.01634167012224
-1.16409950152465 -0.533711252550854
-0.662884905409631 0.618700317222718
-0.340323092991132 -1.06902174086197
-0.805094725786547 0.649827331275704
0.36216352463098 0.312724265071919
-0.510803124249863 1.00227359348529
-1.81631014000506 0.0279081918978557
-0.78674935848627 0.613933075670059
-0.151666215989732 1.02821029813307
0.116015948451641 -0.182833494709681
-0.0836500078380236 -0.946962020010066
-0.268562886802849 0.810432519678169
-4.93355564232245e-05 0.0241219353700168
-0.480348160390016 0.552129410010106
-0.155196614181946 -0.771246806197982
0.433078561510479 -0.203237331371491
-1.01123326870384 0.0420498938721105
-0.0424929787472601 -0.626532608227277
-0.283362785669466 0.486966967316732
-0.230197079636408 -0.671064070971606
0.309927349166017 -0.222835991870405
-0.112390494404328 0.767009058004772
-0.634109002574236 0.42488354840745
-0.580673672019818 0.349893433890808
-0.472462963639959 0.690562872580846
0.0310349492463007 -0.249759716614568
-0.989409798676173 -0.838918729554615
-0.42324743179802 -0.885119194594523
-1.23555296597043 0.602898421007386
0.575076672608576 -0.0102364672361653
-0.800058488703396 -0.823047575742494
-1.4825064687357 -0.40380144205878
-1.12365272959192 0.346316707405627
-1.03611230710328 -0.657339255502107
-0.412673310947538 -0.394600840157872
-0.892266550879299 -0.586817326981587
-1.40631223629511 0.52329541999352
-1.36919131560639 0.48824457488381
-1.1760114097969 -0.668685476892713
-0.445503716766577 -0.209134508052004
-1.29289455997003 -0.0843755115029024
-0.929987488090758 -0.322318595264746
-1.3149561113569 -0.248040493093292
-1.08902788486815 -0.36875909759966
-1.01163875287428 0.144732045649918
-0.822431538231433 -0.427205589226008
-0.745272058819815 0.44557611306033
-0.984463163003507 -0.288980318838965
-0.742966389044325 0.44574010077804
-0.987114380663462 -0.382585348328331
-0.849726863989908 0.103692477863189
-0.874768764973597 -0.258246307198722
-0.746778134160889 0.0527386031202979
-0.6755910187362 -0.282453242039557
-0.6832938927477 -0.270827635457031
-0.530716983552194 0.236204746870289
-0.916353631162411 -0.023141285387349
-0.735196017023665 0.111691094425151
-0.455571878208879 -0.311490990218079
-0.763897694420805 0.0501011201358887
-0.721301503635354 -0.114766509720148
-0.643937284526989 0.0250905799289061
-0.613617422530369 0.0916234692442182
-0.455465035009026 0.151127669098926
-0.539226293049639 0.246890179561382
-0.273263155126971 0.131608555490515
-0.390412535514175 -0.0667076933788374
-0.26250997641124 0.0738933372388317
-0.663638480363478 0.0330570843804502
-0.417973406877375 -0.173497699630321
-0.331644155332104 0.135891746150419
-0.208862835582685 -0.00350058664383387
-0.222756157586234 0.0196594342791454
-0.439712491457846 0.183935065236943
-0.17158460438551 -0.0581630167492284
-0.877108199625369 -0.228068488897293
-0.510046142302209 0.3328345469042
-0.97782107851538 -0.285941213096907
-0.168959096706049 -0.0875592488149823
-0.598786017533379 0.34616693439595
-0.582992118513504 -0.391195381901094
-0.679400798915783 0.148101486879615
-0.264077243380082 -0.0607320327404672
-0.561541819570467 -0.30893040837687
-0.730453087621949 0.394664345884343
-0.24216908684044 -0.0234802516529447
-0.232193565448 -0.011720495133874
-0.517524947433785 -0.284407354615345
-0.459529004446721 0.332634096756689
-0.733517328173381 -0.126380473014522
-0.874019907204204 0.0103791516525825
-0.442193979886187 0.193634809199301
-0.980053699124648 0.0730908789232687
-0.0364509452983408 -0.176930910834233
-0.287291220870183 0.401860092984606
-0.268246176217656 -0.310636985231145
-0.240301881032897 0.420300442176787
-0.0353837755269829 -0.193802019571315
-0.34815246366691 -0.424667022371796
0.0365611867581926 -0.444024702352432
-0.468741732002067 0.201857606629724
-0.0546125632688641 -0.174824621231863
-0.261598701878747 -0.2661246287633
-0.390848990498464 0.0307941199810302
0.153274205269936 -0.365259492717838
0.0634651380566227 0.281704249623533
-0.364841665766382 0.0177985793826473
-0.28842967109556 0.0274498178818535
-0.139525712874503 -0.224153816384929
0.0670179534822002 0.0961621468390555
-0.159541266139003 0.101511010179492
-0.0668945243539497 -0.0409437269865124
-0.17846475608989 -0.015833027577434
-0.193790129530712 -0.0533939961313819
-0.204905541637635 0.0128588845246218
-0.464643186540055 -0.0792622918238802
-0.471844775181572 -0.00960873118837278
-0.445290561900105 0.0604148186102288
-0.345392045047375 0.0504217826963708
-0.149257934680199 -0.127894392040863
-0.154022811981638 0.141370085603265
0.000546602028052817 0.0882828022999828
-0.0492460354186319 0.214218037688427
0.127689142174086 -0.185583071833439
-0.0312524749545919 0.265610429229713
0.135902105122085 -0.328503918158907
-0.0337222112496648 0.273527714798131
0.142713203593081 -0.0675169023792163
0.34011044684722 0.0698728772491528
0.332651905977407 -0.0265009754458526
-0.144916772785855 -0.0731915790927277
0.21418947841911 -0.207653847715375
-0.0638050047319325 0.149004302857732
0.0218452207258772 0.0785926073082174
0.154139889163151 0.00852759690902112
-0.0593798269187577 -0.166228319105926
-0.0748627680010257 0.106767448093365
-0.311594031954328 -0.1095637550405
-0.327725595221296 -0.12090530028219
-0.358538235513757 -0.173340357123099
-0.344511079999257 0.0213206419253114
-0.579594938208879 -0.0571091680364099
-0.40742491110691 -0.22307759281164
-0.1817295095334 0.169048175802768
-0.300470302038443 0.283598136932373
-0.267690798431507 0.189522897486679
-0.476948001202073 -0.11956334008243
-0.409289404923639 0.311114298055232
-0.611917409270888 0.0530261538946152
-0.712938477574842 0.0722558031145697
-0.399989355217266 -0.178287763503839
-0.382093513043922 -0.278008199102274
-0.0942615708819365 0.0555491484682408
-0.368910289031214 0.249701749454018
-0.458481631527799 -0.207612562865584
-0.447061435392856 -0.337069863641415
-0.00309314834989935 -0.164263104026804
-0.588548976634888 -0.0687407983604351
-0.287971745411099 -0.296474918523226
-0.00050499618932412 0.0327508959028548
-0.370264932950466 -0.356704752179641
-0.308910749398567 0.216062919002948
0.0375055535826436 0.00375330384499577
-0.184273918355757 0.248765344577943
-0.412671351314784 -0.120967618640196
-0.144587871383574 -0.239231462168363
0.0558018663170417 -0.0408607109583007
-0.210435721904816 0.114532617537999
-0.110148865618637 0.144326863082659
-0.41663657632628 -0.0670663179461233
-0.282969478848936 -0.170090386644245
0.226548604246358 0.0125745791093078
-0.238615693479957 -0.200093519310497
0.0328730773472826 0.330778932494521
-0.558330302466349 0.0140030915500605
-0.221577564477482 -0.398507900260058
-0.236069052050085 -0.278394291286546
-0.318656413965469 -0.186681579587286
-0.473258710255105 0.0415772988438325
-0.393737354024883 0.031624452001382
-0.0834370258171457 0.216919697830092
-0.226974345965804 0.0126315910954767
-0.0057458568294497 -0.0719127920704149
-0.100833209554392 0.12297997833896
-0.133443359943987 -0.0193250702268714
-0.19094261253089 -0.0809488771971272
-0.0927157074570722 0.0548078261754491
-0.140916068005993 -0.0476426536614542
-0.12380472538465 0.00488111730425644
-0.147238710747524 0.0324038353200827
-0.307565269891927 -0.0305835807544021
-0.317592992235331 -0.0560549707897028
-0.181966420712502 0.0752150425356829
-0.0880481422024817 0.129135950089059
-0.0344748714235955 0.00617248261583901
-0.179041308516582 -0.203521628494474
-0.220666712975864 0.104340488200393
-0.015761722286693 -0.0268302654239947
-0.0621232372492707 -0.00910939986968099
-0.257420053939997 -0.181521591712383
-0.126924902326434 0.219459364579854
-0.388099051453697 -0.164719251660536
-0.305872571073209 -0.227482506717216
-0.226641657984471 0.0886123517077023
-0.139057063726526 0.176833604034346
-0.413031266261015 -0.187044134553905
-0.185114536754933 0.235807036530926
-0.342270514080717 0.560638662805403
-0.161957427580062 0.497207859829266
0.281528200707235 -0.222118867697942
-0.276568359985382 -0.401175750556792
-0.0562105482552413 0.6336481571151
-0.791447763263199 -0.408327159584659
0.1838862615763 -0.00633463687001227
-1.11906180913589 0.0149448556127177
0.113742609673991 -0.0264351849725562
-0.347207722523917 0.600068901809383
-0.84289335134972 0.591584412927516
0.141232509295815 -0.0119831057893704
-0.462537228270087 -0.706909945873521
-0.603530663618234 0.584338687424184
-0.129085809986088 -0.0452777373049867
-0.588761566780512 -0.63027680714502
-0.567560942804591 -0.624935721303732
-0.267625441827402 -0.10157229123274
-0.473581673935863 -0.0126123946101977
-1.28020207968558 0.0550173711457078
-1.07417025803765 0.395254847751662
-0.158226909726116 -0.2890896346195
-1.13050785106983 0.0399758139872017
-0.737399698690539 0.60510743775596
-0.707029696949671 0.194377961208589
-0.178324966934346 -0.508966165310591
-0.644400157799435 -0.345846793125791
-0.317701415319129 0.395387657716558
-0.349074006111559 0.303786689514416
-0.333072182006934 0.314429227140104
-0.340861465165803 -0.241404438626001
-0.545360358157848 0.185505701496214
-0.233969898605796 -0.0594282574131427
-0.246608149888903 -0.166672517875279
-0.390039944732165 -0.00811641321146669
-0.260596080763462 -0.109164773048977
-0.313801035767976 0.179915376871695
-0.276499714314078 -0.0239417300571684
-0.225785630861632 -0.0919566535803547
-0.33606241209234 0.154028609858843
-0.493462513551573 -0.0952928392793369
-0.200564795097117 -0.0247184577176876
-0.557287281862237 -0.137471865526275
-0.467905277896871 -0.208191728291881
-0.0671091444717431 0.0523493839821972
-0.277353847336284 -0.0963496109902676
-0.331229958079415 0.0583927793848636
-0.0925979463892546 -0.0230521465667486
-0.238464243497843 0.0136345781691998
-0.0948018654516497 -0.0182844141402146
-0.0696322458071832 0.0503242127270147
-0.20611198880449 -0.0146614175160689
-0.149780016115911 0.0484386988806128
-0.100711236490552 -0.0113897668320187
-0.124882925367809 0.0274994807207022
-0.0406697194637371 -0.0662046648058907
-0.0119263012613058 0.15409372135211
-0.0327244134212881 0.159898278611254
-0.0137432849881321 -0.105608482916382
0.0489347991585693 0.14823503066575
0.212071208036051 0.0352524734923831
0.0905032613013862 -0.0649040299254317
-0.0720818859416614 0.00748433683475181
0.071197508410832 0.0207050299667601
0.00349008874349049 0.129570307964098
-7.98168399134686e-05 -0.0976322743115466
-0.139491993429608 -0.0922026547771521
0.160606086079653 -0.014968054371977
-0.0231281729297275 0.124655631087183
-0.0586503429866947 -0.125346808638558
-0.105866438249225 0.0843628010601606
0.25804403004752 0.0287170667167105
0.268321423066243 -0.0420485917215655
0.224253307774486 -0.322174882354464
0.175089267116154 0.175116792171289
0.506199088604122 0.0643864780519571
0.225569905133654 -0.249111839579237
0.548022416915525 0.231795564617479
0.214702986140898 -0.243518544215685
0.428429276149814 -0.381574746120273
0.442098891195566 0.306395473959657
0.0580109123588981 -0.315682936005854
0.285008337306695 -0.289333836062778
-0.026577874993689 -0.283531791648561
0.0290221039025713 -0.151668627407644
-0.169812134007685 -0.0368576476578786
0.0406591369270319 -0.153568117267804
-0.0155892291506821 -0.129048447558079
-0.0998319495900483 -0.228066638717829
0.030152830682682 -0.0405471987459947
0.0190187918862193 -0.0625359702546207
-0.0387133293429036 -0.0106466946676147
0.154870459040984 0.0654758121790675
0.0346973620461391 -0.0532263571174568
0.055482561536751 0.144479689804908
-0.053435763203954 0.192809634804535
-0.195950095593806 0.283587426316044
0.116279019741864 -0.20655732267186
-0.255146982541108 -0.292996227256539
-0.269374534318163 0.0139806891356123
-0.312369618904249 0.0263244480769858
-0.381002412709995 -0.0102533634297521
-0.184924131566046 -0.236896816310146
-0.170576405484279 -0.216717090003259
-0.293198918990479 0.0262050807492766
-0.214350825446849 0.253843927322097
-0.414529741932244 0.117761372543097
-0.165701678251857 -0.189726638122901
-0.173210180607064 -0.0937557529332039
-0.287811474882622 0.0115910589626566
-0.32050341369776 0.367185622146776
-0.208146341293022 0.189725455575101
-0.528535732863251 0.184106030805471
-0.240517908837434 0.265876798229091
-0.459747510700596 0.366789407393227
-0.264373529600341 -0.306841897450988
-0.616271233857473 -0.154957689982325
-0.288783535209185 0.300694158621991
-0.646674913217936 -0.215833479212369
-0.080339658824969 -0.0712663240258545
-0.107761924248337 -0.00416163056476505
-0.821419495877271 0.0052583380331882
-0.396608970856919 -0.122927036012942
-0.351634592739262 -0.204859556537125
-0.589933045345541 0.00549188844845906
-0.468006669587938 -0.0376167000127363
-0.339063649455005 -0.100635384821519
-0.404938963016291 0.0285054866599421
-0.26385889624284 -0.0902862580158858
-0.381964526551933 -0.0242118614119975
-0.420357575324147 0.0378191244926907
-0.201949790403266 -0.0719948069466706
-0.27068192743383 0.00324279003281719
-0.187902790954726 -0.024736167502048
-0.127791479317342 0.0944427735660959
-0.146387922599912 -0.0575186911323129
-0.0524367938453731 -0.078941952961365
-0.0468769189849895 -0.0935620327245759
-0.270785380368475 0.0729769894894963
-0.164520070385042 -0.199879572935463
-0.243250356952319 0.0835529287116065
-0.196360093667238 -0.0426288840226957
-0.415342804182178 0.13810838956359
-0.267744620699222 0.0470379574301794
-0.272926064706011 -0.108726840596634
-0.4240205949926 0.0443422155584219
-0.350353796885497 0.0409807213517146
-0.394736991522888 -0.0556968339295913
-0.44202520866901 -0.00261931254816684
-0.407680873424272 0.0361277542542683
-0.408242660986201 0.0754158401816437
-0.392845644553506 0.00412950771137265
-0.36109346509053 0.0295526633280026
-0.456413529982476 0.103006476604656
-0.456949758121346 0.0430367963576359
-0.51942793571089 -0.0418441968531349
-0.548890979101586 -0.0222425255504389
-0.51797975037589 0.0352052356191014
-0.566349274056175 0.103928905193087
-0.499882931233892 -0.00779742780186595
-0.506104477515943 0.00624822775022009
-0.53076321569267 -0.0981459178863009
-0.472639958412239 0.0172512435692185
-0.427707168453993 0.0434990007939813
-0.531245353493989 0.084325356595339
-0.346487451832521 0.121240360487541
-0.486109026412498 -0.0318157476183864
-0.529671737708704 -0.114740775854999
-0.20448086052244 -0.00482081529103426
-0.365525213355075 0.0462023973191422
-0.548557453188523 -0.10120149011839
-0.620099779051167 0.210862596778865
-0.641096806052096 0.0148084751721886
-0.609131372671605 -0.0172324154218048
-0.454064643048493 0.061976521778466
-0.609369119190057 0.125206110718823
-0.708157956732932 0.330038006094663
-0.729276182288106 -0.0840037376313214
-0.300703489070021 0.103201273546142
-0.218981049547773 0.0837418865640444
-0.410716962301472 -0.31757887743767
-0.343385416084912 0.341226776287809
-0.548235996661165 0.0947715301964404
-0.487916957762564 -0.0844634296437244
-0.344653813311973 0.188570136573304
-0.70513461662109 0.00029117225814083
-0.384857677106726 0.233744521575204
-0.312617458226742 -0.13868526305286
-0.226551197321236 0.131231026477275
-0.368535809936807 0.209261163313957
-0.164271675614809 0.158942979386356
-0.284779939323116 0.250244442920483
-0.43502289039498 0.260683239228072
-0.467134499114779 0.301949363380581
-0.481433580157087 -0.0229214915270274
-0.0248978515446295 0.103681067139829
-0.332503712012489 -0.205594178014113
-0.326465018773743 0.193873008840328
-0.397826737995111 -0.150480330605657
-0.491418501952696 -0.0737926794589154
-0.365844309183132 0.133330477983837
-0.455223725789343 -0.183218496112911
-0.522505193509764 -0.0141700218491682
-0.651389090970899 -0.0908165408862979
-0.489181623894736 0.106911844005588
-0.728817924495106 -0.0597847735780324
-0.586996173293198 0.0764312992613064
-0.706421855816164 -0.0346177209161152
-0.454000894451136 0.00430427013171877
-0.692149978880314 -0.111132152591979
-0.617994903204228 -0.162451370478124
-0.658304441792689 0.0754894790731738
-0.650906050280653 -0.1085380349404
-0.530210620883171 0.0624091609046614
-0.792112264525474 -0.0557510355603062
-0.495091770447095 0.178971242426292
-0.781664440953729 0.0301920470603321
-0.230259444724497 -0.0325337950072574
-0.447886619020939 0.280143637136898
-0.261833167537799 -0.197991857981632
-0.605123702045365 -0.148645327847509
-0.375449067387282 -0.130596902005111
-0.740740057566903 -0.089607302858953
-0.546234559666345 0.11865079874174
0.124271227991746 -0.0331640943919265
-0.143173001875142 0.121136128895894
-0.0777533917524547 -0.0635557810831299
-0.465963232785179 0.056053958032575
-0.628571023720335 -0.0563279383306214
-0.249683400640965 -0.335212325800928
-0.615915024153691 -0.0283726265964558
-0.148599546994884 0.341512005934974
-0.484233702919029 -0.306328713980205
-0.076077077053243 0.355576902309679
-0.579841882565065 -0.00248609594189619
-0.410560156549709 -0.21262020385869
-0.427760719840557 0.350493613326891
-0.448503904866582 -0.337925547841864
-0.64733138492475 -0.0235955041067292
-0.410329295252639 0.265749496865366
-0.221113467717104 -0.289039435698876
-0.720306063787371 0.0240285711328669
-0.811493699253864 -0.0220052641749058
-0.513922840749101 0.38524711204228
-0.529200230822167 -0.327892376971299
-0.157292869825911 0.20002826114594
0.0807369875234601 0.0378251451392322
-0.504920822475644 -0.26931432861039
-0.0183315975796166 -0.0275318505807652
-0.655913012270771 0.166303879461945
-0.327558767438825 -0.339178742310778
-0.374502459295879 0.268207279219649
-0.295552730802066 -0.393142316472457
-0.518366447527522 0.0433778820572225
-0.0570362323774211 0.449196081688501
-0.400284365447189 0.38094375525584
0.0660401610365913 -0.276347753516159
-0.46052804174085 0.103129982277095
0.0133119651198629 0.38112825838527
0.302196736270095 -0.0376253658816451
-0.266954758576605 0.45293773211906
-0.522715847212562 -0.0420907159238522
-0.188012488203416 0.405817523892893
-0.0729932136934961 0.387787722187534
-0.280639763073616 0.0356711562248372
-0.0705422880151305 -0.348374028125889
-0.0646786733320278 -0.311810245018788
-0.140788358465678 0.399246491825878
0.477829677040463 0.0102286154680335
-0.0558674263129011 0.320857558179137
-0.186519566807511 -0.271875246125369
-0.265658173863901 0.0765253644525033
0.385657231268846 0.0207849587759838
0.2822882317961 0.127025572715188
0.219182226258639 0.0607008182167086
-0.338607531089284 0.217454654685942
-0.0708024290902616 -0.316156083511346
-0.212954168918571 -0.344939897893693
-0.0594973814402536 -0.292656102925981
-0.279744043261617 0.276472481186213
-0.0851661325206177 -0.317959420223278
-0.297151128420907 0.349074306125614
-0.0212515564148522 -0.288514252186655
0.0282716885497941 0.23214246897475
-0.262071704175186 -0.224729310962815
-0.541626067695035 0.0132748531118822
0.137378223460957 -0.0288598092411687
-0.285197455674603 0.390285373748405
-0.191333261401327 -0.406907331694357
-0.50798395932244 -0.255973211219823
-0.658087240489176 0.0565329132793159
-0.414295781692741 0.51875963645028
-0.581505625645111 -0.330033002070586
-0.163410193046163 0.417717594145804
-0.0852013028934579 0.468966235852853
-0.106432322789807 0.518069108491675
0.213772077764385 0.0330494009430579
0.436976387600246 0.0274117325777823
0.00257732822988674 0.645358611548936
-0.570801084621313 -0.439168776803701
-0.348936420140323 -0.726204801312431
-0.536050542818035 -0.292734424635467
0.429358330536859 0.720556574438049
0.15943583258673 -0.719326897815697
1.0414984436087 -0.0282954914662913
0.402097146017284 0.500497640326876
0.217876613711845 0.665143214680671
0.183267716139334 0.687204251084549
-0.0815750619611732 -0.839403002511838
0.084229944795351 -0.853503311667148
-0.507593428054676 0.130994479276027
-0.527659162762952 0.084694359166699
-0.214129582944966 0.917371509193277
0.0188751692747683 -0.742062713770518
-0.0743774681615116 -0.82135103480337
-0.36113961316835 -0.949503109309781
0.404364528091722 -0.672533176669891
0.352759472395941 0.573710293070367
-0.635153761672732 -0.8122293208852
-0.416954954774249 0.722638780773386
-0.835522339432997 0.104022996872615
-0.532795970776569 -0.462703276268039
0.426828335370983 0.0156942199797503
-0.481169281242795 0.538524796550678
-0.919041719299062 -0.0349330876025665
-0.463449720757899 -0.370330361511556
-0.865966729623844 0.0397505843610583
-0.985474805078232 0.0507810080759505
-0.729846160080774 0.421818471945339
-0.99358559032185 -0.0309822355346782
-0.622487568904458 -0.200828004155791
-0.727825814464221 0.367711039907431
-0.905414511515655 0.159239962317528
-0.74849862470233 0.291722948412987
-0.658293948928677 0.0029885374699231
-0.594834553826426 -0.0291254922522864
-1.26100984088213 -0.191862410272925
-0.656694470119668 0.0111909483387728
-1.25479971691739 0.332578703714534
-1.30632480950987 -0.23655425211136
-1.04105162321446 0.23605802327518
-0.931418682202992 0.328583090600288
-0.896371335263903 -0.100338305790549
-1.08485205801432 -0.228052027141058
-0.648460680752469 0.0215195934847142
-1.19687931426822 0.0678693848300992
-1.1736673957317 0.0572343660440501
-1.13261855542531 0.0795111239497828
-1.1603317887865 -0.0170728779844602
-1.11158604429784 -0.00625997507829648
-1.05224313390119 0.0116937063801334
-0.979310295132206 0.0700559108296362
-0.959347348929075 -0.0195574160046752
-1.16008750308353 0.0280132467309839
-1.21396292347512 0.0344191927186504
-1.21857646143843 0.100794617074302
-1.07165714324155 0.26972641264154
-1.26293437579529 0.0439260480701862
-1.10585073888884 -0.13412597110207
-1.34633579173982 0.0381747048934349
-1.10066614077535 -0.170407600093315
-1.38312994007449 0.0247347143000606
-1.0936103968062 -0.248335512925434
-1.01352360825683 0.684906784153816
-0.916059431320108 0.701826713633397
-0.310238303733759 -0.681108586398795
-1.36783451169588 -0.0707573876046008
-0.259617440805858 0.913658227008868
-1.42239262557727 -0.0328249682796578
-0.724902770128688 -0.603146308844659
-1.43397298823379 0.0314317021282397
-0.675398973628362 -0.776366729196032
0.0558081503056597 0.906194096948605
-0.648819011812555 0.93136205770567
-0.637556974374943 -0.770167103763119
-0.552031537352436 -0.738683971267236
-0.497504210564106 -0.781612645087579
0.573196125300889 -0.00394988149814487
-0.54794561540588 -0.624372070010212
-0.970945498371922 0.141314965771975
-0.0237641754080105 0.668787270114757
0.408897966869282 -0.024549258207853
-0.624940427820728 0.0560882022226319
-0.268106659654863 0.399372082678267
-0.567297620559364 0.60201045608594
-0.448056956405401 0.0135288917213193
-0.664875719391417 -0.302094157638137
-0.000516770820829834 0.162126428660397
-0.857849406080642 0.442827159915583
-0.594573200959993 0.397225512007008
-0.398651737984577 -0.520682841126774
-0.41121655976871 -0.467768095994487
-0.382172326317814 -0.474444080186523
-0.49691404048962 0.350184432991403
-0.15944893288257 -0.083810831688902
-0.605601296742502 0.254015923605781
-0.650140433693304 0.439477601876399
