0.078241717183654 -0.615827396889368
0.130939770921593 0.709178202962891
0.230713980336858 -0.577523047445681
-0.392799124883064 -0.0325606974093069
0.801483662842803 -0.240240521160611
-0.415179534676081 -0.34110400987723
-0.205711008121434 -0.29034526326876
0.107695643880003 -0.78802871266512
-0.485293190909883 -0.241630663017748
-0.50996548052429 0.434518688693259
0.228996290817994 0.952349110246442
-0.759185433755412 0.503276812779812
-0.347933983702545 -0.372340449834272
0.184257824446904 0.768204899127277
-0.344351893149088 -0.147407701537594
0.0470294168821131 -0.514624676590543
0.360213780881892 -0.17852417875649
0.241328607622894 -0.152013651707247
-0.627941692578837 0.0609829953213807
0.218352158415055 0.203949355719483
-0.0579187934328687 -0.397370018721626
-0.454807198380506 0.151976902684628
-0.691534918002277 0.075055763742768
-0.332694822072392 -0.42616413479395
-0.327270197858936 0.00136086831780229
-0.205754977394555 0.307161299416161
-0.663650466512284 -0.096399814613255
-0.739429037728408 -0.416426535514192
-0.0284185214305059 0.47558207666221
-0.580674038036356 0.0579271538993921
-0.256091594184467 -0.291188576328205
0.226687776328759 -0.271150219850323
0.0778789165952861 -0.338248858773817
-0.21990976524282 -0.127390077588477
-0.07891702780293 0.0798304366628183
0.105677870906778 0.0636089023869819
0.0113662715228427 -0.218271914164096
0.0679419101725011 0.0540770565437812
0.11895868420568 -0.320800529862959
-0.165075251566519 -0.0250969621001203
-0.474722488319867 -0.507009293498441
0.0300819193720952 -0.0823303697655743
-0.470730658812114 0.300186990102242
-0.412866173760851 0.103561882933276
-0.823136129010774 0.0103310607822365
-0.828225767906807 -0.348211564409575
-0.241822921970226 0.483923694663538
-0.231884322055862 -0.767014304112221
-0.522234907194553 0.182241491335965
-0.510102960518394 -0.296337687962038
-0.220971091533989 0.21176818111069
-0.484719981242909 -0.233062439170072
-0.233499759588918 -0.407239054376005
-0.459890228317033 0.040356223478375
-0.150736591586437 -0.267709948825712
-0.0403625921662812 -0.272677728139341
0.024595818818796 -0.122473964851553
-0.144983804834583 -0.0818285897307901
0.135487728373697 -0.160944450986289
-0.00909674863807638 -0.465049699508297
-0.340861621684346 -0.251913867292127
-0.415083543440056 0.209568607513775
-0.0520856734101109 0.292874259312459
0.580920946347627 -0.312723158302951
0.199631824898735 0.371406959789523
-0.230385139411339 0.598228272301595
0.0629305041964305 0.7131024097242
0.461801794235783 0.327121940550688
-0.425889084708384 -0.273256063156527
0.531479877615102 0.13238736995042
0.24433284781943 0.722752766167919
0.670382991194107 0.260406445143242
-0.499273377915787 -0.312134597810131
-0.457674048350509 -0.432801840603055
0.853797432805195 0.109722610608477
-0.578230272330364 -0.308406325064844
0.311968750179936 -0.850257302915063
-0.28282121420877 -0.223341265753881
0.325161348126222 -0.621777509387176
-0.130693301433098 -0.0936825604383669
0.690494820386115 -0.106976140656181
0.46888010844596 0.138332947754495
-0.0578914782668637 -0.0820970751989398
0.342462065430324 0.109225434457642
-0.281742842492319 -0.132151840789962
0.319225801193339 -0.089854960389361
-0.250165132178468 0.377872436632886
-0.0136948937227778 0.0146166255279779
-0.0890221078619949 0.282042340470778
0.0105606445503192 -0.103781020064352
0.127147161199085 0.163229062665189
0.0660320721958521 0.174513309655153
-0.00157149039571435 0.244105835605812
0.0309259159618979 0.0858617245516069
0.0858272101480782 -0.0588199543303228
-0.201595442844929 0.137825817549985
0.0587942451455315 -0.0304390068479821
-0.00305595044038612 0.122345597628458
-0.183743998453232 -0.0666257147026595
0.0879956151617524 -0.0308241970106825
0.0735879916251752 0.333763267368069
0.119278442895746 0.214109369409396
0.179069243669353 0.0768720705799732
-0.0835403899163961 0.385971234685936
-0.155480518859564 -0.247921767773259
-0.460800634784405 -0.0461506994219328
-0.302522510363573 -0.307868001235665
-0.334031218185048 0.229833855905412
0.166839179945069 -0.651968984307995
0.337250373706984 0.17839019375167
0.0158850222591616 -0.395513578512259
0.21728318037222 -0.297925710242592
0.492652785484037 -0.13655919514267
0.48782098168904 -0.281186676506905
0.468232026155794 0.549639471196684
-0.0981063697903715 -0.496225373799247
0.380417011673072 0.746522623597902
0.576457974644805 -0.144297831295365
0.500428903202603 0.657802972920658
-0.108701225583115 1.05455907019738
0.778965126210824 -0.396599448686651
0.80249316651262 0.808469890359024
-0.336964338029582 -1.05471392987821
-0.007954538492375 -1.44120315001257
0.986520792502158 0.320088684526528
-1.36829748654239 0.527717023840295
0.713528892521585 0.436841303524454
1.05332773916018 -0.514530574638679
-1.25695541885905 0.614220529201047
1.25466514730368 -0.496023003667396
1.44610090874752 1.31258232106148
0.692672206460178 -0.698688542521855
-1.59607138872161 0.867260636877276
0.985353979596876 1.60275722487472
1.98440902054748 -0.780260299627872
1.42370337212095 0.410243452591994
-0.340225465690932 1.05547085618694
