1.94725351148848 2.05518552364586
-0.160855947751251 -2.12897326632311
2.29538965512868 -0.526003041017556
2.37502416696968 0.818064472679135
-2.26463248218266 1.31612990924113
-1.23188562469124 1.66924420313937
0.219491726626493 1.44898643336268
-1.47965724989895 0.290109649184017
1.2696435339727 0.104449068184497
-1.29511514254674 0.501826700262882
0.2349533056317 0.234751052449685
1.13065055938728 0.202306782598407
0.920214694700265 -1.38096827572902
0.754322314458854 -1.33681808503677
1.15804195690357 0.528179998285104
0.355163639481899 1.14791978199477
-0.715260529220576 1.47938865594544
-0.850639102182163 0.818639314390181
-1.34473850679079 -0.179673810947379
-0.839920183405436 -1.00158795267091
-0.836276028190828 0.0289722911167112
0.913062205672058 -0.831126035660144
-0.63556691111096 -0.60557422756213
0.525663139890753 -0.0943829208759142
-0.861993876066056 0.381292884506623
-0.594668077985015 -0.497301864360551
-1.16569694138625 -0.0509776879248535
-0.631463984359151 0.196065988667605
0.247470615190552 -0.67433357695775
-0.421510684962224 -0.658429543647434
0.0971938053286669 -0.0176870288048565
-0.0526561741297668 -0.0571091294754342
-0.418669426093757 -0.0546195661193711
-0.41431469878911 -0.0743672241065366
-0.111842920147064 -0.0954788762201322
-0.0712518748698897 -0.401782746938461
-0.303748596293951 -0.0497443100913712
-0.0584393839165825 -0.179022048351956
-0.0543579776155311 -0.238937467816145
-0.175333834919365 -0.407939182084764
0.00844924331329161 0.0457219339163601
-0.0278912190762593 0.124668278135678
0.305803945726078 0.114740316971648
0.294257208876616 0.0106077537275511
0.316940206938781 -0.0353355157427524
0.115561899386444 0.173518490321885
0.2580561181264 -0.214611325765823
-0.0417590026639791 -0.0442886043555335
-0.224981305270536 0.12318296589145
-0.235312424451539 0.0283299231966134
0.126259964298827 -0.144123218969502
0.235445722949862 -0.452222803700388
0.0445392249209677 -0.130794536728994
-0.419973558144281 0.151477846694249
-0.441727548698453 -0.485612441346074
0.163625963154192 0.0419060605796187
-0.354453616426319 -0.526530861661027
0.169062952454552 0.0886648139664823
-0.248930538086348 0.178720075822191
-0.162528594961875 -0.166904464794434
0.294526324157022 -0.327380616061675
-0.311538778304434 0.289067513708157
-0.330466694168467 0.124719547849221
-0.482445224745345 -0.284721081312682
-0.369767521200916 -0.3826529702075
0.413008701794784 -0.307981442487404
-0.304613688950339 0.211583956776892
-0.241318790413175 0.0745439119680553
-0.212269729673677 0.14023479572142
0.0962112385682438 0.0556734594369888
-0.13608173021394 0.0158801832743625
-0.157699835448424 -0.342583771945302
-0.0484715976401969 -0.164926835733658
-0.212341477616171 -0.235929119830372
-0.198846387220232 -0.0787940728009962
0.107957337465498 -0.149692948600208
0.183291301328338 -0.239452096139404
0.269457661899521 -0.306666290070185
-0.0767927346374414 0.378343931879041
0.135902658438562 -0.345596159514824
0.3192752498575 0.102689020542483
-0.164847263084398 -0.23269543182517
-0.121131952491555 -0.271619664957555
-0.253561426424211 -0.0536883576177215
-0.0637278570544247 -0.112355885188334
-0.0179228268182385 -0.263637525412701
-0.079333357401037 -0.343302759541515
-0.422102357314574 -0.199039523769505
0.00833222247971602 -0.212983652204016
-0.448920192797927 -0.258481742100116
-0.200656661658075 -0.539246444765073
0.122212151473019 -0.197686160381774
0.18242381489715 -0.134649245506931
-0.253321358130839 -0.208340817385867
0.120808065705718 0.443221831820916
-0.166516200774642 0.267324498515711
0.501477815035982 -0.177803107875956
0.282832928667665 0.65737779114223
-0.237084599436637 -0.253621432881214
0.331218981097674 0.530242385550978
0.077958889530597 0.37561207194208
0.428603015838912 0.206584915964889
0.203889628904351 0.0722151270501354
0.202295291501651 -0.112035615817798
0.07929171844244 0.127430135635452
0.204467983164213 -0.308097407275052
-0.0320288850776746 -0.40951267807253
-0.472813932104376 0.0441138762322019
-0.396102128661162 0.0169170814440133
0.0558656983807911 -0.433161471967936
0.069539523175724 -0.414280708984587
0.157704911269042 -0.370741198485802
-0.428958158131643 0.0545404159672284
-0.365319362252626 -0.275974035012907
0.46082294742738 -0.0747638821572488
-0.363403091361778 -0.418983294716171
0.380570742598105 -0.221868541237461
-0.185736061969812 0.440973556081362
-0.0658595024993555 -0.582698628464083
0.298593137873088 -0.419918658143254
-0.294593447482934 0.25179384857946
-0.265856985747945 0.36940039908769
-0.306260049106429 -0.144294915287462
-0.22728486296606 -0.0797697738420603
0.370296624598323 -0.119163802278079
0.0143858514009209 0.233346720629958
-0.0231028002262577 0.252410312612272
0.189986164944102 0.211270975879125
0.0160581736343011 -0.0230376983621546
0.0298753001309152 0.0937748921235822
0.029924664876695 0.182780433772537
-0.0556016836802236 0.321756488629881
0.102563335829143 -0.0593518818281854
0.0854149718290949 0.0750386790938551
0.0766066134218973 0.00152408843782085
0.0721014127368039 0.0234668609720797
0.115824701742127 0.265851284620757
0.00593822091557472 0.104600492770356
0.0481710496723396 0.488343818607467
0.0289614381833605 -0.114261826942076
0.491007807143134 0.361098374014993
0.212344002087699 0.423687652554619
0.425713315791631 0.0845058209302127
0.286594088060672 0.122743935207105
-0.00947586375076632 0.0944578230266721
-0.0312541035067838 0.0829640536019238
0.345491225824798 -0.034915848969646
-0.0675461794415071 -0.064834148149101
0.439093173853036 -0.034244826873164
0.139474493127931 0.550309077219827
-0.133921218970077 0.072985463313088
-0.295612394358258 -0.099060390825196
0.332593852357415 0.255400934583097
0.079925386884045 -0.410147133524365
0.185273169665831 -0.180575178908719
-0.0970044466636068 0.160765727912258
0.278263866959668 -0.208435131375264
0.280251837683785 0.224380996823309
0.292474916153965 -0.0605863167169951
0.386158242470069 0.0648692859170782
0.24202372192273 0.204963786277684
0.202119525597258 0.318127842293986
0.250066602427281 0.50674115706121
0.228678428010618 0.119918714519675
0.0308964850871423 0.34639561224406
0.0638820917741589 0.274002980729976
0.246729990145608 0.161350714313243
0.0144865361444322 0.0675107908479999
0.158683925064175 0.183153079355939
-0.00305542251720074 -0.0149536327691924
0.182196831318603 0.0774369871907073
-0.0744506295530706 0.190917321091239
0.00515766203247141 -0.0375301240005023
0.120178658287589 -0.0825734197940486
-0.242611456778214 -0.212157078826789
-0.129488594563406 -0.305504263119628
-0.348774109466939 -0.0601642935960165
