0.305335435563112 0.373475651001059
0.287679199818596 0.313807651484141
0.238417259149614 0.255357694091997
0.1832911207358 0.0572349084427468
0.285813242753779 0.116408992372346
0.297213517491804 -0.329667463547158
0.014196087717803 -0.237945234033227
-0.0629235893757353 -0.148992449007148
0.0997686094000261 0.155218520536838
0.162197623974125 0.243451746932699
-0.0132101494015911 -0.252981230611898
0.32906199135974 -0.018295117076633
0.0692096076492264 -0.274205247741508
0.322027613145338 -0.046953976774229
0.1346882782506 0.121884883629079
0.269141602751691 -0.0304237911286321
-0.201182730219593 -0.160458081629955
0.229533236323828 -0.0441292179229911
-0.0707602027645646 -0.142714054808502
0.231895392240666 -0.0700906507119702
-0.0131985218773703 -0.0180220004697689
0.0671035874042575 -0.110972480368786
-0.191706867132725 0.0199944470409876
-0.185271980342421 0.17874279091928
-0.250951809499181 0.0279098895155967
-0.311543068064087 -0.18316802378863
-0.109590316659989 0.0799535564413638
-0.487570465600295 -0.0709981683804312
-0.412564764603179 -0.150522368679903
-0.318621616514689 -0.11694148955395
-0.264519964612035 -0.237939110771105
-0.333366978820477 0.0696840103172503
-0.620675125548447 0.0513583478896026
-0.188689292291245 -0.0478206859656513
-0.608884650342274 0.188459266665643
-0.766286985356116 -0.126045056841094
-0.372254785828866 0.0258155122872273
-0.623866900224843 0.0272183916138561
-0.837474323218452 -0.199180163303073
-0.428434306222916 -0.0381812161534076
-0.407991333941933 -0.0828715269279222
-1.00948795171217 -0.132042554409627
-0.797555007213025 -0.308802607561661
-0.456342472608839 -0.55068634505705
-0.684762063060294 -0.435873921542973
-0.767342920257123 -0.215731353304528
-0.705722531283954 0.440713885263547
-0.586671530727888 -0.325555038964798
-0.941303411971457 0.0488482324823167
-0.918157933970523 0.0121083306263653
-0.521575825536411 0.648152625830449
-0.917511904962505 -0.0229241170577479
-0.556202185560762 -0.685434458392328
-0.620326169032315 -0.734630895222497
0.177792723087986 -0.877055253383637
-0.51540606500713 0.78900729715355
-0.609222378040562 -0.808516355073913
-0.575742858441775 0.925702995730594
-1.02603795853785 0.0332633869201886
-0.472222300653398 -0.920203641080095
0.455732626885457 -0.868561999969295
-0.445882158386131 -0.856202304091831
-0.865734783216525 0.118852162470413
-0.187531125468502 1.00043712496065
-0.767723913512376 -0.310928910904618
-0.933685512434677 -0.166753027473117
-0.403612344226984 1.09360750531539
-0.0528966250021768 -0.9934528184486
0.892121942804662 0.61868323584196
-1.17283671086178 0.0154889081990319
1.0563618660299 0.362608161950287
0.443806593557288 0.657489040387574
-0.493416530048948 -1.18711284254381
0.695418928833171 1.14466791958782
-0.945302398683023 -0.465917471271596
0.556894507160957 0.437832464126816
-0.0102895138808412 1.00618450213845
0.316408215831402 -0.0280917700439223
0.264611337062454 1.15415208206945
0.234779022896993 1.15738482245414
-1.13419809142095 -0.603419032313062
-0.964608131327711 0.840968008099112
-0.262704251071731 0.988561583646924
-1.6293342403653 -0.0116865742581451
-0.343083823912655 0.867770377882612
-0.20100596552294 0.989975258419988
-0.243608839065162 -0.974050903981801
-0.333991537487725 0.821935629481684
-0.552198002296823 0.62371274980262
-0.604576958825604 0.536761926245367
-0.518417175558169 0.61577980512666
-0.496580576732917 0.701262440354396
-0.488385350834597 -0.707985159684684
-1.45240293479281 -0.0353373097060499
-0.316031654052977 -0.84275231167465
-1.47291851263835 -0.0131446921987387
0.136371645514256 -0.0443129803025945
-1.35961800497354 0.00502105845501927
-0.288798660360795 0.165659474242552
-0.650704069415368 0.450825912994668
-0.478556808606203 -0.482797572173221
-0.685958421540146 0.0160573989333747
-0.817642629851204 -0.132583665015855
-0.69077993472632 0.265094840826837
-0.547035465119025 0.21884824252436
-0.537537760127472 0.168268557329775
-0.51259540008305 0.162971902199224
-0.510162808356869 -0.0558910875117982
-0.622263764898583 -0.21312166354282
-0.540792019806781 -0.161201300295023
-0.291944841356236 -0.0244259087761434
-0.219999857065824 -0.0440003085817245
-0.152915784444118 -0.000889598467710622
-0.487173868092925 0.30308377659967
-0.0804631306589906 -0.0229644846431918
-0.505709004649433 0.331455813988117
-0.431404996371925 -0.521710884203564
-0.452149765031472 0.383963360224841
-0.810964737099886 0.479653606243192
0.0911694615999728 -0.0112890937466522
-0.278774033615252 -0.638894782951385
-0.27457553951467 0.523735369621916
0.25221111907968 0.0114542249474566
0.313124908282601 -0.0886176268330511
-0.724329867130102 0.716456464474744
-0.831616053548886 0.556046703299333
-0.880373397254738 0.502502991329344
0.439058739862526 0.128880780774789
-0.406669738949784 0.529651085680996
-0.960569791981406 -0.355233606379745
-0.202507729605145 -0.7708389299972
0.0880655698247318 0.434280790165634
-0.221202903052925 -0.799466262458857
0.303911105018796 0.809442964903266
0.0387894591742791 -0.495358468132906
0.100040479763523 -0.545269619671988
0.39360490360093 0.798359650846989
0.087037616032612 -0.63928058652134
-0.00964995510261952 -0.727962554740568
-0.580260521931309 -0.0869529403353242
0.627122985588421 -0.75171231926414
-0.600421548656318 -0.00929850179695552
0.775179393495753 0.744618581818864
0.777047621391284 -0.848663365109271
1.00869647368406 0.579033783803448
0.868832079289705 0.829367055035283
-0.42957726675211 0.0855964670326371
0.220066061518388 0.866652530037247
-0.343741354864744 -0.0784693191326895
0.93367040379762 -0.893618078036712
0.569069213453252 -0.598960176300825
1.2230248116724 0.403580747182062
0.965037574483784 -0.812771883569669
0.508226070582342 -0.775293592472254
0.633867538041535 -0.626335227025774
0.70143762911995 -0.562897437527217
0.624478819580206 0.676902257753527
0.160985997641492 0.03078644896672
1.0927560991508 -0.70339953077938
0.294382588491614 0.0564454490264884
1.53808868231844 -0.0714298306628733
0.68579697756117 0.509193277971481
0.688482808198569 0.502983277667678
0.482453622363662 0.0879688097892957
0.742541810569567 0.415050642234835
0.59795264196125 0.473523738007651
0.573652632416338 0.380247520763241
0.461118309623487 -0.146490434273485
0.88024973232956 0.114424413371063
1.07663231952387 -0.0676471058519178
0.837010739756865 -0.109591022382248
0.661671008874565 0.0344981848791913
0.980060933496965 -0.00864887549052377
0.856983001588838 -0.0648657979383971
0.795472944326033 -0.0109497997995305
0.796090448855616 -0.044425260712028
0.774036766553848 -0.0698366329236412
0.816509188393867 -0.0107029516079124
0.798452551228624 0.0352531787626223
0.779555624321722 -0.173229467935801
0.885305827749064 0.018792301958887
0.749748615807017 -0.24102433947342
0.568411542642101 -0.189165269497332
0.735092609165261 0.225605971676518
0.329831918687918 -0.0368359224517709
0.734507913514774 -0.169956112983125
0.643141242467635 -0.394403949302047
0.606272575357924 -0.514006620778163
0.740045784703869 -0.454948722238899
0.882955986066911 -0.325486963935405
0.156779097933118 -0.073493246544559
0.774755283998105 -0.359705595796889
1.18058881363725 0.397251471768153
1.22541931238844 0.358984976856647
0.557799837050385 -0.7115600734885
0.69439004449496 0.584808581237105
-0.460852224479837 -0.0539067246264789
-0.174366496768789 0.151468141500472
-0.498003176187099 0.0130249905314866
-0.296518173846463 0.0980966734014511
-0.515475080803191 -0.127484090554747
0.135559874481582 0.85948428838537
-0.46274482631671 0.0279246259154097
-0.432805860695765 -0.0291968055066249
0.556485103188325 0.717319346809355
1.05238331135484 -0.0908816033334117
-0.620025415088047 -0.0192074648305207
-0.0652081236648764 -0.588639577130261
-0.111704135746062 -0.678627661048956
-0.175424483829772 -0.503798087386492
-0.18857950180874 0.531811172546174
-0.232955920420493 0.552958104142479
-0.298878923190072 -0.501532992534252
-0.33609303204986 -0.482768741001085
-0.741499741972491 0.0100906161518626
-0.739320460548025 -0.0722555979178824
-0.352976905647518 -0.252952190426128
-0.757736864846893 0.135197269904024
-0.191454757762847 -0.206260305683823
-0.584960977975293 0.113992843847858
-0.0672375406653427 -0.619082699958222
0.225126258407798 0.188320388532352
-0.394530403644026 -0.320606245446691
-0.381229605286898 0.134151387791536
0.0949759310722511 -0.58116527946115
-0.320840593148597 0.195633950014398
0.00950410745619127 -0.011674826272324
0.222142238439536 0.548691767186768
0.473853551268538 0.184579293980301
0.266004974163833 0.546991741678709
-0.407322660955855 -0.135566540700217
0.330798964714929 -0.233366095422887
-0.0587793114979725 0.576901251631117
0.251531167100282 -0.455023620139458
0.160458379765264 -0.518795695821452
-0.016684801855271 0.082598106098076
0.644288745925733 -0.329483290401611
0.0570034484886011 0.0389976716751805
-0.0795950596002404 -0.108319702099722
0.296814737614823 -0.120779317388555
0.0321631166471394 -0.172329523370471
-0.135312272291763 -0.0709578561391039
0.340817880282575 0.141417980435109
0.236440657377475 -0.156660983937191
0.0124315524459608 -0.249819869161245
0.125226728387714 -0.119870618809643
0.149324537923931 0.00763003548460417
0.0069720396111518 -0.300377151132586
-0.0367333820298846 0.0876699002998462
0.0804015139511241 0.173064178232807
0.209509263362276 0.133174879787233
0.0153525193459516 0.132511220816893
-0.0375137355009918 0.0175474758603876
0.0275760788238903 -0.0706880188038749
0.0560128085927603 -0.132246333807053
0.0149848984089183 -0.0260934526644694
-0.0242990021545849 -0.031165867449448
0.0296932228169253 -0.0303276092639651
0.0313913113444379 0.0463781129705725
0.104455939557665 -0.0447999578240513
0.0204871950284086 0.0109186922152141
0.0663178155709385 -0.00634510948081975
0.188121535178156 0.00303250199033904
-0.0492878923611675 -0.0769285342266053
0.0293866247830078 0.0590426291490901
0.0990908952897061 -0.0502831802921383
0.105801843543467 -0.0978809530646418
0.0805420598457179 -0.13815431318716
0.205763090909259 0.0350798629570793
0.273444230182785 0.0564091521438342
0.125192529383959 0.198083507255565
0.291267639650538 0.0422119292618358
-0.0988415688674051 -0.0255958042088894
-0.0302074111491236 0.0328684628692225
0.241159631869774 0.197784084820462
-0.0641971563115474 0.0433501497623714
-0.089752498481434 -0.0367284135410619
0.303462382825836 0.12168389638261
0.066297847588126 -0.28367904829506
-0.0298676780849931 -0.11606196228445
0.0203997066454941 0.0226367061378274
0.344360347658902 0.0585178357378286
0.197723646403665 0.144125678291901
0.0721799149350752 0.194646771001394
0.124864875250071 -0.339264972109285
-0.127332648590172 -0.233517720506716
0.158741654683569 0.174894500875806
0.39591548148019 -0.0457466948872546
0.39027648876271 -0.0150438285839638
0.0907044172887821 0.387232458684381
0.47970394058516 -0.124402026925169
0.247363344435971 -0.44201098739887
0.239991115672207 0.312523770971347
-0.0495475441966584 -0.355685393671118
0.620089941334248 0.00416753263659191
0.317273235789708 0.277225388080481
0.645224723605006 -0.1228325352361
0.495232824595833 0.295974228686003
-0.114929043192919 -0.33658149973395
0.655076662901411 -0.0995517995221336
0.242362325731496 -0.503793111803316
0.231051994427704 0.393354850091429
0.221360905710332 -0.463893736928077
-0.195518135173108 0.499486139679878
0.24221063215061 -0.566398792327984
0.691035570084233 0.225517045379689
-0.608243497888991 -0.0549102732220638
0.340811019763463 0.730026001405829
1.32273088365356 -0.0686791900371729
0.862589293788858 -0.253652446926793
