-0.674282652225209 0.440373379522085
-0.78641197253364 0.206203517615841
-0.527621189042351 -0.433923225278955
-0.764265756259433 0.115066006956949
-0.800032450933226 0.0142408011347203
-0.476462386449303 0.51237374520538
-0.540848075146553 0.551802176742253
-0.844902420370299 0.155964592703793
-0.945633234860069 0.264110194963887
-0.471666573926037 -0.567617248534298
-0.0752728571402212 0.847113479201899
-0.771770352933461 -0.767044635874216
0.514399541930336 0.0663291092919506
0.650272548748451 0.0402999295371887
0.333997192041835 0.23514116666798
-1.02488619686851 0.557351308760424
-0.809949213325251 0.922167810420975
-1.22950424820812 0.0693509998949774
-0.0116937948078146 -0.726251801384727
0.265602981331262 -0.668481072027655
-0.319358669113476 0.880141559798292
-0.380309491611224 -0.628983482770388
0.320429669042708 0.70744271928065
0.283725427886536 -0.400117130107522
0.540742486306863 0.0163614169988225
-0.0681945329746038 0.442165738264031
-0.106435241864173 0.454251484586275
0.251012180882444 -0.185170999226854
0.00944659756869793 0.389556475822082
0.651338905405846 0.0269145275108215
0.409717183511882 -0.218233714921813
0.594660002185681 0.0503728330183714
0.427601067881792 0.379068594303013
0.695688525396294 0.0789232713467457
0.705194988366073 0.0439818480462258
0.555945008865846 0.251574761770215
0.357616924235013 -0.127465976277276
0.494395176086071 0.0893683800857747
0.391138100698853 0.0370043118402217
0.489570488975316 0.0679562125547973
0.425794692090025 0.0767995162004107
0.568200774683542 0.0796265031986342
0.589870139829531 0.00403425395555131
0.577728213662186 -0.0327813371314801
0.722264127332263 -0.0321374906678716
0.626291246983262 0.194008637755445
0.826823701540857 0.230141565426646
0.345775188961878 0.137267609443839
0.757862562572372 0.0897169621404126
0.587161890739289 -0.355401151299303
0.853800082595678 0.57435790605069
0.995355752052404 -0.363517767471839
0.906475073889333 -0.492153241438413
0.519457249736374 0.359331496885573
0.857531914221704 -0.398154250311867
0.0524815418727376 -0.634783352279932
-0.102327956357981 0.268149241374898
0.104024133059044 0.625470543109075
0.429315499938407 0.516418689175222
-0.35515165178802 0.290837167761727
0.248899522813359 -0.525756374763611
0.0685571212546906 -0.703499646641134
0.352149714596328 -0.783105320474036
0.247564301262504 -0.617480505647624
0.0693002649691944 0.654427743089074
0.132074367589589 -0.808575983686033
0.187040040663878 0.712020350127827
0.41455260953264 -0.673954786406396
0.640091148951166 0.279959753490863
-0.382151988809489 -0.63406867745497
-0.43460707653506 0.484554246153759
0.0989332399577233 -0.370593694189322
0.252273513858283 0.738503101551187
0.282796758414116 0.683527276564295
0.331096381547057 -0.440369966376441
0.0802013181130658 -0.413427569668155
0.609942896574733 0.0407754512784484
0.5258551046866 -0.492965244799755
0.933895653801774 0.0514357617875948
-0.0771217304718531 0.784006855413968
0.735524982334289 -0.641875013886705
-0.123951337669137 -0.312816565799304
-0.572893102448161 0.511189752927328
0.503325941717576 -0.729033335720265
0.264047714533973 -0.174613685686305
-0.794932699064251 0.528141133435565
-0.127366950985892 -0.527162724939262
-0.30221072575426 -0.46499186513658
-0.84090588244726 0.475313192338521
-0.465028906986205 -0.236594308474276
-0.305382509328363 0.554095146077485
-0.432173331522735 -0.163523095438075
-0.90789494826829 0.0632371022548655
-0.143615598511335 0.114475821080886
-0.439186254348058 -0.0153195565710759
-0.395460240738209 -0.269337852017481
-0.253930324461637 -0.173129286040823
-0.510288421269315 0.0223315934198561
-0.555890752723985 0.13081726195845
-0.507733550034379 0.144859224020037
-0.0157481469658086 0.104315649671791
-0.779828178459768 0.0670645683941005
0.0340815347163062 0.0347337136939901
0.00388461738834017 0.0686638436549481
-0.0816904109555917 0.198294072626483
-0.484549432015077 0.232496849693628
-0.553597864998438 0.28036668514662
-0.705665516387896 0.0176250565731776
-0.405594092167841 0.268224685583941
-0.282478463233778 -0.276233165037347
-0.226064367744454 -0.298278905145471
-0.411670400129193 0.096558498277773
0.187900090349506 0.54603346214163
-0.358158586928679 -0.383285730199112
-0.497749565663499 0.0963077075967097
-0.61859477662826 0.00219427003702383
-0.732495891751402 0.179228859342898
-0.825558200532522 0.177515215746241
-0.635413974292928 0.282169972289846
-0.595071421506669 -0.247536229154448
-0.64357221407876 0.475027117331894
-0.304631612841882 -0.0748542294505524
-0.526835202811424 -0.282642621780417
-0.623017018770177 -0.365899189606275
-0.741347336010189 0.0380192843844184
0.233096037435812 0.0233803593842854
-0.917626246684414 0.0839807946000126
-0.305717680674344 0.478516911317418
-0.0136537396867339 -0.361684327589065
-0.293299174415225 0.340114272475858
-0.313444863106156 -0.49437189131213
-0.195903110948678 0.459020270410866
0.214154009574147 -0.388747572486121
-0.511672456603547 0.0261262746466205
-0.423147060634216 0.0584310167018662
-0.421786717479875 0.0289326825693432
-0.451699340594611 0.0240677316763534
-0.198605805829569 -0.740808044970933
0.572283070748997 0.665278331523613
-0.147082612310018 0.771026186592301
-0.660135841456278 0.113961113322241
0.381932499273069 0.793235556258816
-0.279946541836879 0.767641025611577
-0.446419973453271 -0.600692210673856
-0.319347500248704 0.717610081030554
0.151861945156567 -0.606615486390121
-0.49247357453426 -0.522957298210762
-0.133497503015463 -0.673457829312524
-0.194648188584202 -0.674649354250114
-0.319372752637262 -0.350875109514511
0.107015166210268 0.473390276054668
-0.700000520310171 -0.596065312392193
-0.864378067402265 -0.661776324652523
-0.891377902643041 -0.732293625425862
-1.09356472321909 -0.124103039948755
-0.171925472252444 -0.706359739157491
-1.09987336820048 -0.135436876966305
0.0056715269934364 -0.812014791964759
-1.09714981166287 0.0573933763641935
0.474849175896733 -0.493778955776784
-0.258719765151184 0.671212677246379
0.465994948793794 0.621232484873366
-0.929022640578135 0.247904018873806
-0.362508168782467 0.81739206734297
0.356048992481983 0.411113406614468
-0.88029355418418 -0.749758007034079
-1.13350243899012 0.506051281619772
-0.828487849216978 -0.332629062839105
-0.299772565748906 0.069032783547807
-0.153696171294846 -0.310110069763636
0.41701667000307 0.454449633639253
-0.4123566118094 -0.765896078526832
-0.57791831841578 0.968452893563787
0.483492062036221 0.539471641028722
-0.837050860754384 0.252762676959609
-0.220176960733659 -0.752340340722662
0.709598767853158 0.61893389203039
0.200875524330361 0.414266793079403
-0.0529358120427811 -0.743246274318292
0.718886556113959 0.662267615774956
-0.279884556834383 0.159441249384795
0.747449334171508 0.718812694806392
1.02419813171216 -0.607437245113189
0.25257293337594 0.957845470548467
0.222365971576783 -0.79429969827855
1.01636492776576 -0.6556735802927
-0.470177148786008 -0.139333836810981
-0.409704802032422 -0.15358107820851
1.24402430002629 -0.260185936305914
0.59579967441205 -0.655316041804608
-0.699604788416984 0.482530528702053
-0.147958330742041 -0.418589628238167
-0.619684128903469 0.545852290328309
-0.963972877056381 0.0334420452473353
-0.833486766847634 0.0572649466910376
1.42353676997938 0.12485310987955
0.333118379575307 0.725233514136282
0.777348714171647 0.0702588770492239
0.361979259776835 0.696454906849536
0.820647627709309 0.135082998990201
0.501524618740917 -0.516080153946934
0.294729241562874 -0.360194603035056
-0.301749978147583 0.416548790536552
0.497887204357065 0.226567793245915
0.65346672684564 -0.491199746902051
0.778386237800581 0.380027568533215
0.842130318187736 0.0103172034071148
0.501527230661193 -0.136443968092873
0.664208060357974 -0.154049528864191
0.378987440592167 -0.277622950069283
0.00325671641038991 -0.486413371137876
0.374499065434065 0.444847242286804
0.518649186270386 -0.350659593583897
0.181817178923209 -0.282873008201402
0.476438332938617 -0.380879753651345
0.170976160615272 0.358385567844402
0.191520466566061 -0.055142106784239
0.126570685924017 -0.216161953297582
0.0623080132215315 0.0508038317936561
0.0820604188288646 0.07816992586293
0.616957290448394 0.221393296395737
0.0889253776631984 -0.16020335999928
0.300009109040398 0.0134715815407387
0.13104792496483 -0.0243480119294929
0.348774541406274 0.051685366675617
0.391605151743983 0.142033958537998
0.290663249688318 0.133822623427724
0.235697967670605 0.00558269308143564
0.185226620335642 0.05448544683826
0.256701938889198 0.100187587170849
0.249132924259981 0.034705499035902
0.208394330619897 0.0696055936317213
0.11829716136813 -0.0468818311388109
0.264048363725366 0.0372625941625845
0.153019625354256 0.046971705417126
0.223856224661214 0.074527510389126
0.109257007208031 0.109654636503815
0.326888389891442 0.0794651707173071
0.42030535773766 0.0644679643059602
0.0252435208811596 0.19665394162036
0.401429173204102 0.00219942301087226
-0.0318398890365651 0.114203319901871
0.443190075201987 0.0598071983246359
0.33849003394356 0.0921076313580877
0.237299558579199 0.0594768976810392
0.203318456461358 -0.148363785092928
0.424225256517197 0.109688446201987
0.188375110882586 -0.109762484170563
0.29287747135759 0.118151421494594
0.129007320864177 -0.290162931916311
0.606430887085803 0.0324285093090458
0.263460987580123 -0.43930509952749
-0.327888377517176 -0.299251422116114
0.256446933218746 0.696992702940582
0.658535660838972 -0.0507902184084003
-0.145637355796138 -0.165946525730857
0.0722849034644516 0.239379363083222
0.51101286409497 -0.165470468160328
-0.903893163642838 0.119108789485317
-0.913157564666994 0.0225318873570412
0.98980237121072 0.0524615501102516
-0.630924058453633 -0.549045213692245
0.778789238079816 -0.0686664482985098
0.815099236716565 -0.326772216608374
-0.658143295155604 -0.598173825066138
-0.31671838637489 -0.59795082969582
0.946193702296609 -0.0410188435815773
-0.592164567605804 -1.05367539449782
-0.815367686383442 -0.60652712522401
1.09714281116938 0.0409868489178835
-1.42809811793606 0.0957298819006276
