0.333341974855643 1.14857216698506
-0.250869887916898 -1.25136846723523
-1.11062173792498 0.642502769752185
0.383125453485905 1.11116545636572
-0.740458689567374 -1.35433556623048
-0.138869693751535 0.795385802446461
0.584018911966811 -0.608189666953049
-0.69999953485181 1.21444585540444
1.21507290411731 0.417786414522315
-0.951717823402676 -0.603434155700728
-0.159841854321416 0.678096413924632
0.884323667636349 1.0901250019818
-1.27283675871878 0.0809767588180173
-0.6267804119339 -0.394469593100203
0.119710361451597 -1.12612823824047
0.536790751677438 0.978812833883333
1.17149208841461 0.368246211415322
0.219184840917454 -1.08182809406526
-0.0127243626228484 1.10804079597216
0.418928328779155 0.923583912320291
0.663063083697415 -0.566707683045142
-0.766805832238605 0.476610774238951
1.20546647001762 -0.406216117186599
-0.0758403369955122 -1.07177938639654
-0.38469694574908 1.1283540249161
1.23530972344152 -0.460160086235492
0.0802260196536645 1.17512514494429
-0.624380757160341 -0.500271514822217
1.34564912461865 0.418708414049243
-0.3022318220036 -1.25043075264322
0.150611832551011 1.29848635423759
0.275880953709903 -1.13713597003197
0.816899863098078 -0.601781808148768
-0.41218596239426 1.14753878871511
0.356791873227692 0.00973722824745026
0.816303092835611 0.353989134373782
0.564423134549098 0.869301521677492
-0.569501921470108 0.381060526734229
-0.256888411577438 -0.429481863793727
1.23531355513348 -0.347242237856679
0.543245866981543 0.775406101813609
0.631475119182954 -0.68818831258545
-0.188774380886294 1.04332228618014
-0.436988412852807 -0.408544322096436
1.57497213613448 -0.179458661582318
1.60023436476814 -0.16746318078568
0.140451447754571 1.10892810084097
0.712806935833541 -0.810724057986959
-0.616979760819879 -0.609411349841252
0.0319085386815663 1.20164796559157
-0.568430055888266 -0.664333334985074
1.61570996562457 -0.205634028046382
-0.362619672900442 -1.21893002358418
0.82037855351725 -0.761643984901606
1.08314032206748 0.968893221969017
0.68805174317869 0.823582105938376
-0.220945541988489 -1.09677786516523
0.0658657491583152 0.45120813064186
-0.779527939667333 0.0942211785652024
0.908376878303069 0.369648479273928
1.12205460138367 1.04013640543286
1.78227166397392 -0.172050967108465
0.765747480974016 -0.86601944612098
0.922624688116572 0.324336304629971
0.117106038731874 -0.0419280781462848
1.0604498341531 1.13961390355394
-0.831557544335285 -0.464929974830169
0.527157248278703 -0.790415445493599
-0.074055381924669 1.34454485282217
-0.117248780208114 -1.14521242852499
-0.86019356573429 0.497539581638371
-1.30205618284457 0.0987255637443981
0.514340635720457 -0.691185978882512
-1.238030403599 0.147760987118325
-0.969279258611961 -0.481672679676396
1.53078387929177 -0.107753245356674
-0.731739016907627 -0.23173500745538
0.283781588465281 1.13889109112414
1.10652647133029 -0.414261749972125
-0.0955399880395702 0.0105991024403625
-0.284812223367775 1.37823569635483
1.06456054221712 -0.396066926921921
0.862171660156057 -0.573726455419206
-0.845626731325697 1.07112672300484
-0.740631283363435 -0.250753028767626
0.350340938774025 -0.633410877756384
-0.71209996786477 -0.234083284169801
0.371682408459067 -0.925805334124966
0.681371535980184 0.228390945506485
-0.879991938478763 -0.51749224521244
1.02792555666815 0.45404303928898
-0.0367346425654584 -1.12846141788314
-0.547096924877585 -0.556994677513681
0.390227278813753 -0.586784755808909
-0.99679251426926 0.536996073137997
-1.00419861654002 0.59553249781964
0.482923756926768 -1.14515909845036
-0.970300338365316 0.585630352483324
-0.345183594391854 -0.601919787947731
0.835405872480202 -0.281356467485403
-0.227767421008617 -0.960193708871965
0.607002785135662 0.91886084322032
0.849462390233528 -0.225471927924243
0.281850616219138 0.838380684211836
0.492827768948675 -1.11063212900873
1.22152225501253 -0.125316233390508
0.285480878012539 0.924658955860776
1.34887850276919 -0.124844428873278
-0.220232636284044 -1.13072201941067
1.03388330774962 0.298660544779963
0.987790441964003 -0.444541950136851
1.08893130890526 -0.271474794079854
0.796409768659162 0.15394710518497
-0.705709073167139 0.611707940208501
0.700410015288572 1.01435189558761
-0.659809371027935 1.03712772190023
0.445825719160343 0.921836362061751
-0.828162246755363 -0.689350139995178
0.326519156939914 -0.907123402399953
0.362252831937296 -1.04310114090424
-0.651166985953241 -0.448325696952092
-0.25748220226856 -0.966095545572031
0.198332742273984 0.981864308006073
0.141519575402743 1.01363390719268
-1.4795851577 0.102004340705826
-0.881775543369957 0.990971520656375
-0.478685243387789 -0.56159014947578
0.037268236551072 -0.885598151057517
0.874761495634269 -0.086708394751305
0.922037552694848 -0.0969503276211477
-0.639567488587022 0.477378408795893
-1.04357815840467 0.353910315947106
0.587215032211686 -0.250250160458654
0.647865787139191 -0.147430834908061
-0.204445498694995 -0.775580217515066
0.551719159491498 0.229922791866128
-0.340737563873692 -0.745456361959887
-0.609180209340429 -0.237683723149777
0.284838404664537 0.146132672220041
0.340783619558679 0.0464819450154465
0.226113447585244 0.733517021841335
-0.498306161139069 -0.361469835864998
-0.252470505155128 -0.720202061282729
-0.545789115992778 -0.238717588220244
0.433573452751921 -0.180866320842368
0.159546459522564 0.676511136280921
-0.264840586158265 -0.559259069865694
-0.108263571623262 0.600979732846109
-0.278144102851847 -0.391906718907633
-0.224129335870014 -0.551549974115921
-0.382266078767531 -0.420919638969611
-0.762137285446633 0.162228729533202
-0.384200935746763 -0.255726149260723
-0.650543080837648 0.288282817951224
-0.323350122702157 0.404211098107733
-0.145173572017122 0.475790479171278
0.339204226776676 -0.0581476298600485
-0.268630744948385 0.342197823069493
-0.389850961371057 -0.165676695981929
0.0115870815253708 0.429918030137507
-0.0777015176953966 0.402000249352031
-0.230449561901133 -0.175308441130081
0.160581571448372 -0.0154228969211836
-0.454387977877349 0.137728211159646
-0.347772198110532 0.227961196650357
-0.0400390056551832 0.13626076051836
-0.0627627081703808 0.074067133875639
-0.295904531473503 -0.208255910664355
-0.562624252613023 0.0377715223141319
-0.0825300593442247 0.0831877563651362
0.0543485611331837 0.00599090280709775
-0.117004691077256 0.237104846277118
-0.37225554126 -0.192487042084219
-0.271902179239585 0.115826437981972
-0.1520141046886 0.0595586119639561
-0.382924196885946 -0.129786881354828
-0.0751563926666959 -0.0173864006136023
-0.242600418678496 0.0205513418656806
-0.249472023077704 0.102994579478911
-0.250735146302744 0.105251143143742
-0.19980596515938 -0.00401332926965373
-0.185965400772347 0.0773249096642245
-0.240900702094902 0.0162306635808307
-0.284851995935636 -0.0276735091581829
-0.188798834997896 0.017360237266092
-0.168311141175729 0.0448507805308894
-0.285511527164809 0.0101801018571482
-0.296466660391265 0.0498645467983168
-0.236186872412771 0.0519971153651886
-0.211831353542413 0.081020972709546
-0.249016849102545 -0.0306812846285174
-0.319460159549858 -0.0204175418728856
-0.217861069730051 -0.0702000472815221
-0.12763207467471 0.143777880822902
-0.193992367011298 0.162033077552553
-0.383099770667064 -0.129405539033879
-0.343529389004166 -0.161103748127286
-0.10906883092635 0.169782791995687
-0.294377193563834 0.138240265956439
-0.478551939112984 0.110171214005049
-0.328653434149066 0.0648408165168339
-0.523380008438744 0.0540518086398142
-0.281323829475594 0.117665565728701
-0.380811488797184 0.0168249442008208
-0.419787096611105 0.163174056035072
-0.5623888137306 0.0970373938709847
-0.440147516953407 0.216987640302976
-0.368668975727499 0.290588196174346
-0.694069765524234 0.0649988766165671
-0.25054609060732 0.23524859380808
-0.696737043655457 0.111184786744628
-0.546892563804833 0.190397325396436
-0.197741101921378 0.215091379456957
-0.405944078270873 0.327947506405774
-0.887348087653403 0.0732882024461672
0.00991442991257572 -0.294989200696608
-0.806002621310085 0.0446732181281139
-0.413101707546595 0.35933506437648
-0.196849098659518 0.274167451916823
-0.684133218218957 0.025847786765073
-0.743048349644095 0.213960006355213
0.0681261094593813 -0.433509741245342
0.505084412913911 -0.0703883603295194
-0.284156406759991 0.513133882534688
-1.0642827851528 0.0568883463587264
0.632519076489407 -0.0615877784042095
-0.834868394358523 0.205407300153389
-0.672035548892652 -0.730539464894513
-0.469215078646559 -0.694822218502185
-1.05678013247621 0.0748802365092164
-0.0549753973832746 -0.815852907550906
-1.02324489784768 0.123525947590172
-1.11598092774613 0.0561361058204269
-0.217659713986568 0.713994252278276
-0.625989576949011 -0.760029567175711
0.459205343891674 0.642527165805964
-0.674128851533492 0.747333061354067
0.271207990876067 -0.777214583718703
-0.300441764810762 0.933880016708389
-0.691336470796959 0.757474593747282
-0.461874347437429 -0.748826917009764
-1.06381093000104 -0.0417744232283452
-0.793258845355853 -0.906373896979403
0.844305266846977 -0.066843555765833
-0.621693440234584 -0.808483226833729
-0.344519198417827 0.85565352516763
0.259899235370235 -0.621132448659628
-0.836127483472448 0.863015627128185
-0.0447194369196183 0.586966175165336
0.216409146029565 0.850002711906773
-0.461116546347382 0.786426508839562
0.744459477252996 -0.0369566244273938
-0.553011036172877 -0.76171608361477
-0.807997071112084 -0.757992827321809
-1.01518376339852 0.23860543367605
-0.438707123955523 -0.783314252229087
-0.743929977814239 0.70321692477597
0.281619946850973 -0.450230414311232
-0.455494222401177 -0.638241962836894
-0.390242136398455 0.0435059557540503
-0.480059782050311 0.39889187328818
-0.0908813564793572 0.34664916523334
-0.765495798799098 0.202587731291204
-0.347799710651067 -0.00805851378730975
-0.498854518226933 -0.0847995366451075
-0.0476795365085269 0.216532703424877
-0.275162272143433 -0.370047611656373
-0.299046547796092 -0.00235146005090485
0.096416850491153 -0.180817885521424
-0.094631013760223 0.113236978256106
-0.132246265131695 0.097510872577219
-0.0433095317720397 0.289721792684796
-0.322372438916314 -0.0658550150054586
-0.321373749141139 -0.0820101254709552
-0.196868899308799 -0.0943967588554867
-0.297168492188529 0.033204398219375
-0.120307324011268 0.0594146320020184
-0.120430924018757 -0.0309890021197863
-0.136418202767376 -0.0845505856762741
-0.0861132236485657 -0.0294372235435188
0.00208741172475709 0.00948967054366001
-0.0510587918576205 -0.014429709097938
-0.124572914466599 -0.00829057794970651
-0.152242926281893 -0.167930425954656
-0.0319824264253396 0.00793668058593428
0.0579284782028437 0.0534912352476672
0.230431548262086 -0.0683116720712447
0.268501167450743 0.00228101331150529
0.176464620818024 -0.156954658532325
0.180137133460585 0.174511702118453
0.237110435384526 -0.165915159296066
0.392665500134836 -0.0527915844542832
0.323409848648565 0.137873642011794
0.294330134597892 -0.0193740773476195
0.319675414894629 -0.272815250415638
0.212523672723186 -0.325392467867988
0.532842494224372 0.0227187416076615
0.541603403019523 -0.154326903610848
0.507625617991539 -0.0189512993153088
0.00112583934626666 0.263445172381143
0.220142335533704 -0.2464214376205
0.175739248723541 -0.197200417224019
0.374982208345703 -0.175667812241662
0.489276382182904 -0.0177382482118961
0.00122947130470082 0.125419109939831
0.397237260858678 -0.0760090142693245
0.0432068937733415 0.157269393055228
0.148636996427607 0.235882188727427
0.166059476464846 -0.26074341697279
0.209547895292057 0.30052808132666
-0.0767572784086523 0.308226521274362
0.231856485635552 -0.387863193224813
0.306160416206124 -0.336495787086314
0.25988109122759 -0.319125632760698
0.283446228578797 -0.259466958323321
0.596325443367666 -0.118511861929253
0.112128532165265 0.307914249817335
0.57335224375072 -0.0566294781147569
0.373636038357855 -0.140754031298186
0.173315496389625 0.113548419116514
0.470092521536616 0.0268117784912057
0.372731741645344 0.184126234323241
0.131025619080451 0.0608003057014483
0.301049221337207 -0.0141609972981904
0.5077774349914 -0.0947675870015495
0.283993934562685 -0.0986217286843778
0.00475487207506997 0.0855004327753229
0.209483896492678 -0.34906638138574
0.412053180667023 0.0377218079516816
0.134982890735141 -0.00668355051269227
-0.271587971623129 0.024795562888023
0.424164673828673 -0.114279326118583
0.125748131934755 -0.248641044476764
0.127342221537227 0.100095533828551
0.372807577681109 -0.0864136396277271
0.17798419543203 0.0560069259103975
0.237956604143444 0.0563860786528904
0.239683473435128 0.00231320580630159
0.0565286523718649 0.00360232229175065
0.223638308415637 0.0610217492481857
0.1482173296254 0.0724619503704867
0.0716272371912143 0.00636763799374205
0.106029791238501 -0.0456196800417459
0.0682403106222863 -0.0219624708105953
0.0129773443164772 -0.0674314172531141
0.00924817937966028 -0.114110994424188
0.184775941222804 -0.0617841747578933
0.0323291781824612 0.150707448558065
0.0353731254211799 0.157130320658546
0.0442571544874686 -0.145529998059622
0.0431456474783558 0.281130665795283
-0.446922294345772 0.0571844373043252
-0.240868596020226 0.239240295452352
0.289891722429537 -0.0137427812394977
-0.103287360638294 -0.247609198188708
-0.433988739911374 0.0140696106170239
0.182575299596772 0.32722484593339
0.30307632738329 -0.162071784955294
-0.016611744054027 -0.0781506031452568
0.15119218554484 0.0239633940521203
0.0735998134819261 -0.164670553559358
0.451027246500391 -0.0652304265025425
0.482303174891544 -0.0439151220996711
0.248902263000095 -0.209204429913163
0.0460958629267391 -0.0324388975273296
0.211509781667749 -0.313137487622189
0.105742769335807 -0.0647525611814061
0.194376673893064 -0.233876130932177
0.587115006327024 0.128418500788741
0.553675562686304 -0.182853492916047
0.168899100031591 -0.448617396271622
0.288060719069649 0.214169162410846
0.267123157968126 0.131026411921413
0.149017202163435 0.254578293524398
-0.107468261859978 0.00546811226472388
-0.0958284821761163 -0.0275885422480755
0.384459105670574 -0.263782269271677
0.36941059153031 -0.193958824121276
0.513382932206204 -0.0695227077848004
0.060807574225898 -0.23360084190552
-0.137069886625897 0.0444711321356728
-0.107522467560908 -0.273594013058073
0.190223326365834 0.0558522624819043
-0.241792525915889 0.129777799117932
0.091767744292569 -0.341862743552832
0.0850403112368872 -0.0369509242609952
0.0310638194671241 0.235090650914935
-0.186515436981117 -0.200255915221474
-0.0513720208881027 0.299362532372743
-0.175706405538402 0.226412671749621
-0.0268039350104528 -0.00944586028124851
-0.0990396914307376 -0.293083924184198
0.253650032841338 0.16649696064498
-0.345387957160015 0.00883296098643425
0.0957447636205872 0.216369106603514
0.349227702271539 0.298183991003087
-0.0101380247936549 -0.430654067919207
-0.247635012005754 0.0620106452683733
0.526077582411746 -0.0256922281282948
-0.0245658371519478 0.207645529512186
0.0973745670467831 0.112276843741292
-0.444753599896715 0.0735891226180118
-0.211369108081853 -0.057094006952508
-0.315266079995638 -0.283422927176538
-0.203520526857857 -0.263193346385967
-0.372680458766356 -0.220160104818113
-0.0760012028504218 -0.251176378192968
-0.21978174377082 0.225744246995267
0.038830724601818 0.210889185640909
-0.152609295250423 0.121805750290182
-0.0791023671810988 -0.0874350363974991
-0.0411796479764646 -0.028478314892048
-0.0230586067528674 -0.0927854116143499
0.0501684573888499 0.0445475652852966
-0.0311871941163186 -0.0266655774288029
0.0260184161474251 -0.137010112949866
0.119646773546982 0.133018576638034
0.151347400397166 -0.0428068253384836
-0.00284594094979521 -0.00436769819368052
0.153367008483016 0.127959657123702
0.162151055895935 -0.106440928601036
0.0939002845341877 -0.0834854507119845
0.210610104501389 0.0979348801819118
-0.00158070326280975 -0.140805191667368
0.0930560328510136 0.0321444029559567
-0.127331359564809 -0.134569881256647
-0.109790513412693 -0.166328998306849
-0.290230996940032 0.167280995281656
-0.043689659280787 0.184372592726374
-0.226518261533301 0.0682591909446906
-0.0109894421361324 -0.09592460184854
0.0116329233163557 0.055512231108874
0.146583158274071 -0.158235892369519
-0.205516297971019 0.00797197599663392
-0.0453230487061073 -0.231445588543172
-0.156334274911261 -0.0168632882091147
0.200189889996322 0.239747855603462
-0.113161292834097 0.126343128135339
0.244653068550241 -0.143295074064585
-0.0151417318935823 -0.0411126943597289
0.0764734517080957 0.0622302984754294
-0.0622268557362806 -0.0365707380089738
0.196438639848254 0.0335008102076535
0.135783434422422 -0.161012019603487
0.130951132320559 -0.149079259791397
0.335449494258857 -0.0700998844451261
0.380333327997897 0.080432843140563
0.050960457652643 0.129490083281131
0.266342903354959 -0.132169236747077
-0.071404169943197 0.300919327782643
0.291915059633626 0.396192415154002
0.513440048571913 -0.131738764373129
0.169746008171938 -0.378471649747472
0.0197346786852409 -0.294507600455108
-0.559027081401867 0.0526568403556942
0.131993004774223 -0.439983026918304
-0.245545990335136 -0.405241286840634
0.194584150902347 0.355420320257597
0.0995665135213083 -0.298212349879635
0.305938237814195 -0.0322638618026501
-0.295620371722376 0.0245771419754339
0.208646857263264 -0.00926488741532695
0.144188375762237 0.176794128460435
0.0875454229763714 0.154801884243774
0.124088291474254 0.0155795097790494
-0.00822388178817272 0.0733624579574592
0.12232443460201 -0.0964226207357875
-0.0281107819916072 -0.0463847380255772
0.19440990538491 0.0216553088668181
0.151961640936573 -0.0264179288219678
0.185179215382929 -0.0154640251413457
0.199844446896272 -0.0636562634255646
-0.0494996870629589 0.173669307604551
-0.125021359679842 -0.236201864491689
0.270509116850439 -0.0817292067217239
