0.614135028640253 -0.331706805964642
0.400873168134983 0.577549541578507
0.0246701860685055 0.506104020354968
-0.166005394027154 -0.542890510216147
-0.0633468597409529 0.480774299339724
0.921234262349335 0.280024864409452
0.970845524250399 -0.35255018004088
0.563486992915021 -0.522233098553934
0.770125841118188 0.141838596156217
1.01373951947689 -0.4514020109048
0.964310274587393 -0.122567736614392
0.687530517887905 0.246308216176075
-0.648086345625307 -0.52347097343762
0.492342069605977 1.04435596096693
0.603509562912421 0.32982508741764
0.0338900776246771 0.933784131317302
-0.429801676996582 -0.494952569402619
-0.867308145990674 0.446206497376329
-0.094760131692817 0.682948850807989
-0.647420501241031 -0.198571631928484
-1.14784697759223 0.102291232530271
-0.0248129770344231 0.328796031930762
-0.316360315834935 -0.604214764337405
-0.479285973164628 -0.157046192124979
-0.262161004676466 0.0596900672575792
0.13172476634859 0.243260554728194
0.546594249026047 0.0190622424264354
-0.0991853128338148 0.253886527114086
-0.548576581817153 0.0891930374202679
0.312450628820604 -0.155078670030309
-0.181335284581334 0.474283690152164
-0.0653008948260545 0.539337504391297
0.430097211959679 -0.278959370188491
-0.274108646753915 -0.493674825072314
-0.444097499890939 0.469686706462277
0.398126834545753 0.664410777086657
-0.164293323780344 -0.671355491996842
0.332392972298199 -0.743897925107552
-0.526054210120004 0.654474508093234
-0.50766528329705 0.0381852231952038
-0.843537172111803 -0.1778485180419
-0.0905644744060179 0.833079236745146
-0.447122832619859 -0.843303601696213
-0.537459657610293 -0.139070814900596
-0.186008818121132 0.692356735755667
-0.322430165296664 0.376983938281853
0.452086994743833 0.470487989849365
-0.447154996657477 0.236652816481747
-0.569215568872127 0.502101671146934
-0.57006779174043 0.207956476987274
-0.509202911434044 0.124137099446397
-0.134510958953249 0.494812314698266
-0.260153189218013 0.186802015796883
-0.347953215952232 0.0751780639660066
0.297931954984753 0.291716152761269
0.274829928165221 0.304823743708862
0.033433636058539 -0.204231489191562
0.0217006063611472 0.360493151466561
0.137416016346509 -0.229420753543563
-0.210896268728087 0.137321301669171
0.187866969436488 -0.428620089673499
0.333336527354872 -0.114362840837727
0.0115810834589259 0.347110259683229
0.234783330915996 -0.209559457957743
0.440683696842038 0.0163564599048287
0.263297504084699 -0.185898878028953
0.144503039039234 0.388563603706177
0.382999906093719 0.0298475030424167
0.361632925464495 0.030839848656747
0.0555324375286342 0.349815625755063
-0.0547019667821409 0.40097395524863
-0.0170514105127816 -0.334299573727816
-0.453774396599497 -0.223094526605764
0.207685711502636 0.288531925877784
0.0188857000771327 0.191030647175505
-0.323501813612325 0.327345620327008
-0.166179458464918 -0.234073314856607
-0.411665974561072 0.167221465930444
-0.540634502513093 0.1723810831379
-0.386485775765249 -0.182753415112562
0.0269366065757439 -0.285766192023729
0.231639979127773 0.216879821049395
-0.59132523629972 0.1508452588263
0.100304953807598 0.0425630201710179
-0.584324618597393 -0.286493772083812
-0.386776180460302 -0.189113363955542
-0.413251795218026 0.324141131717483
-0.297453578886595 -0.658458135640708
0.623779886930834 -0.20380933487608
0.00622421901607046 0.417456568855055
0.770202115114681 -0.514728778254734
0.332712452271561 0.42742186833062
0.467127120778659 -0.533499025255117
0.776083343485205 -0.570151098320628
0.0359917430003769 0.782358422002579
0.926325744513151 0.0342407253972015
0.511152786753087 -0.336056268959301
0.0570461912141391 0.645574533503122
-0.410159318861605 0.257473829286853
-0.384648988343912 -0.255664118811038
0.257250607908757 -0.581006940584018
-0.178169857630445 0.224034675962243
0.234537971597545 0.299938106700864
0.0900617161883374 -0.497824181958001
0.0742626515558789 0.457960732329621
0.104581667149161 0.508678748182058
0.175333183218547 0.600804926652382
0.362588015229082 0.516093092413011
-0.198883351807968 0.180024032161045
-0.190094256597327 0.192079123255695
0.0380813379834754 -0.056967358507196
0.238246492093656 -0.390700448644409
-0.0995183577477546 -0.27846177018547
0.167936103822381 -0.59806599513173
-0.294502954816686 0.326495398336875
0.350749643607825 -0.13302354941455
-0.907019967111846 0.0120623919980741
-0.168266297613775 -0.346432843618076
0.685570939270316 -0.349235925571503
0.217552663044021 -0.744219229965774
0.643117322172335 -0.329455830137566
0.136883750872557 0.0255807968243477
-0.41581957924244 -0.755431646305066
0.288885497016446 0.149054498586248
-0.370923658650919 0.865521311221108
-0.0052242850909072 0.607790648978676
0.209041594887061 0.95570863265283
-0.68714005632351 -0.848922726120079
-0.386844280404972 -0.740140254280692
0.419420761343617 0.369741704471731
-0.252003333973385 0.66960973012408
-0.220018383051468 0.700048675736863
-0.184475625947929 0.700665255184909
-0.267756018832561 -0.575870352479407
0.490596290947528 -0.155221556113421
0.393851200902572 0.248840918504255
-0.505427483124629 0.35153214490703
0.10618150977768 -0.174522924913636
0.0121636091418628 0.480584487828294
-0.35603924202154 -0.303234094044833
0.0490840207443687 -0.423019135424149
0.573555608393432 -0.0597025017542946
0.188938859845209 -0.193753531093644
-0.17235785678965 0.12062428384823
0.213271137319059 -0.363703736038276
0.579568396210536 0.212735457370369
0.771544131001593 0.0753964200052584
0.712614671759529 0.180845297654322
0.0742299268755636 0.403278900538908
0.893820016779247 0.0266680584760834
-0.0702758707037725 0.114923301422776
0.418812190313193 0.53245947995144
0.400362778857882 -0.365708417907787
0.366864077985436 -0.663427399756875
0.405052569038872 -0.747124913724572
0.329681431828025 0.0289952091466451
-0.489024386941046 0.0538666447311005
0.212833202073318 0.0134039498456005
0.578129978162947 0.305106351506613
-0.0759841041910695 -0.764343483033765
0.586241429476341 -0.022198289867369
0.927205106143553 -0.11069360726701
0.0917679608429967 -0.777885958918934
0.236865240199125 -0.0504600879198335
-0.16591121082649 -0.37046525880279
0.939687366668679 -0.129730472417788
0.235562920720634 0.703177771897066
-0.477074139679406 0.135552351882168
0.320192910303043 -0.63597006245931
0.327759905275101 0.636243034298012
0.735833466503475 0.518821916374366
0.364007601654108 0.600928244371243
0.456572246771711 0.615025228144125
0.900217350186521 0.607092842896888
-0.359298714388889 -0.132395436283852
-0.227922592756328 -0.122805670576662
0.565241312641631 0.386866509194556
-0.309832285689584 -0.204516922982097
-0.12503923403755 0.297431905425144
-0.131690765530872 -0.139367050649556
0.000137402699050701 0.966593477515601
0.977439779669043 -0.461454585170784
-0.369303813355286 -0.920525067707016
0.0165726435183685 -0.829125246550779
0.605395711008614 0.95743430544041
-0.769665724228098 0.0457545484707821
0.688718224646993 0.956621789841366
0.49524296574727 0.814301072915225
0.396116476843097 0.766065339652153
0.692141978446454 -0.479012120947305
0.503403808292287 0.74341851051982
0.623480937823865 0.715417807200166
0.528078456910121 0.701498429467598
0.521288685883794 0.637474934523824
0.655735742860757 -0.902271209972119
0.0329903129124955 0.259387078741071
0.124371379534669 -0.71448038679187
0.216231598205187 0.560324499830237
0.499625691911757 0.516238058432293
0.0626156161536297 -0.0695347254618827
0.419622497794051 -0.504135985259817
0.249715846441803 -0.596673204026503
0.50074282650744 0.317843403398789
0.382758752248234 -0.509440894535823
0.339877364446473 -0.484490175096619
0.464028928335986 0.193909800661229
0.712927519531144 0.422700562052376
0.427455460086415 0.405315156577033
0.421320162317131 -0.559374594133448
-0.12136985960839 0.0546483995666537
-0.129832054826446 0.0654211862467891
0.209269192967741 0.181700378334467
-0.125706282138004 -0.00800073238449654
0.176305353095273 0.446532698622471
0.20451727334597 0.480282379031081
-0.0676371738661175 -0.519145679397544
0.394678628379988 0.695382314942091
0.0594752743396809 -0.523515094622771
-0.32583181793701 -0.651483886026429
-0.218014788317748 -0.525129703040839
0.562821274828394 -0.508933525313042
-0.261203438069104 0.400611884520918
0.0915083943103316 0.833652376941867
-0.377949952478915 0.519770058470241
-0.503317638251032 -0.985567124110948
0.841257714824401 0.533765089842782
-0.898574648509203 0.294032173318839
-1.1018123719935 0.0585652491149351
-0.699852349061914 -0.42681466824441
0.108480402158234 0.819381298217702
0.285812377750444 -0.769326020382438
0.196163519278608 -1.0905644736675
-0.244060050904195 0.623151921278658
0.0887586476976631 -0.703731141927717
0.517114705275361 -0.640987335482744
0.840192924628844 -0.415315458557604
0.0363672930778001 -0.639766153961252
0.447907648708661 0.756471801884562
-0.0248356897491119 0.519807095360403
-0.311648307409337 0.181629907252614
-0.0804073517149674 0.404615606743664
-0.342818062057611 -0.0660152145187848
0.398391162785822 0.305746306387444
0.392480618473214 -0.105741523787066
0.130137902568023 -0.319126881471496
0.133898828614458 -0.224499792094128
0.0129504697694027 0.271107307039801
0.216704412582379 -0.123537131455872
-0.102944008596247 -0.0685917218674697
-0.0561305112919367 0.0191263906895304
0.268118243280408 -0.315332589993658
0.243833442871755 -0.121932249778672
-0.0072599343106322 -0.163621542814156
-0.153809988847294 0.00121188873249526
0.0612898211451289 0.125560898167892
-0.121262806938741 0.0767598789263179
-0.0604554138083356 0.0540128419715654
-0.0439414433111041 0.0332388041754211
-0.111124010843549 -0.0257047602586873
-0.0632558895721227 -0.00496392303397053
-0.00563191424165409 -0.0495708815239885
-0.0766453786898925 -0.100709152951453
-0.164634179561001 -0.0384182278433603
-0.240230877838236 -0.0157029204333384
0.139469730534213 -0.017198665651068
-0.359413956658241 0.368518805237339
-0.308959466238336 0.337892137797355
-0.0407721704903704 0.269160514356993
0.000101880085784656 0.118595169803312
-0.197963870013376 0.0838945011583997
-0.0419884922766687 -0.109534708964515
-0.0690956578813354 0.0655353264502197
-0.103832797799223 0.0333700796405492
-0.018877876519139 0.00167391781656382
-0.0458669139557203 0.0416989124648646
-0.105520888930955 -0.0241303287449901
-0.0434067537208149 0.0298091364167609
0.114939069616845 0.117445473778069
0.194132051011899 0.0913571338794841
0.228817163971384 -0.145630922264652
0.243074753125919 0.267326340220533
0.204680303252057 0.0126688006827804
0.097269264347257 0.079532914286978
-0.0314324097978104 -0.0307540086997039
-0.256118649983378 -0.144296628044874
-0.176500893019939 0.20936057352263
-0.0272538029713693 0.0691622068620995
-0.527645332254647 0.0430429899941251
0.0177757428149817 -0.0269526661915656
-0.176789225113496 -0.200813765161915
-0.210821341218869 -0.25093757480456
-0.283164497284334 -0.202840560222024
0.023467220130367 -0.073281867803237
-0.194406667986943 -0.203182751644913
-0.217254775342695 0.105907520470019
-0.566887146942961 0.422031031015041
-0.617922728843184 0.235775397345718
0.211587987933434 0.0143343069112348
-0.549259923678825 0.126913483030853
0.0348884524851449 0.0578017766335571
0.0372009364482867 -0.088419728787347
0.063562770235579 -0.0596418758132162
0.155457839248154 -0.0507717605344372
0.228919862948201 -0.0373900760543972
0.184655950923165 0.0254404817906265
0.0795475062598425 -0.110070425281389
0.144744166828003 0.245802773642712
0.342820430983226 -0.00159995520092084
0.32071587837344 -0.00377767019511598
0.0826139138863272 -0.100452455884001
0.130502230764404 -0.0618307888824345
0.130708505365708 0.0104205529898861
0.14624934176873 -0.0397952527718807
0.210702170476746 0.0415736282990727
0.267015144108429 -0.0520038901011495
0.107268799415808 -0.010105048957372
-0.0129068990396196 0.019193249838267
0.113463086313846 -0.00369123318181036
0.0842754493368689 0.0140384715922085
0.0825707017959491 0.040477032247131
-0.0735149868556702 -0.204883626221925
-0.280927034100455 0.0699789629198463
0.0442770322593025 0.0544449301949397
-0.0689191128425277 -0.122820074770189
-0.168623727343486 0.321925341048586
-0.21484989995551 0.311651387297581
-0.18559730043677 -0.141896323201255
-0.169482419050047 0.427522169378467
-0.237324879147749 -0.254030528253286
0.0336698775469851 -0.0636036120351835
-0.293160412439293 0.352553600034468
-0.39028071627764 -0.214750416132788
-0.407388564230281 -0.202108266630252
-0.314237266464915 -0.165584755427084
-0.302003114541591 -0.046318829948763
-0.223490998766637 -0.10767008952402
-0.251305760081981 -0.0479893339993324
-0.298337925534445 0.0359535893571731
-0.252356849715324 0.107675877870987
0.0740436311823918 -0.101504042827405
0.101321331269049 0.284582895512626
0.0658953122439092 0.1348112084853
0.0999338856412622 0.202693162186287
0.331499227526741 -0.068240146857588
0.0744339742002297 0.283008499763556
-0.186920341449017 0.0749133021334205
-0.13091053139099 -0.354449984888021
-0.381077826506608 0.0669245845563814
-0.234512689461074 0.0440550596084354
-0.201496793104038 0.0145515529809332
-0.0965577750974393 0.146036161049071
-0.215255495198844 0.113624125209264
-0.200228482320521 -0.00702070450861465
-0.080925804507061 0.0737208037921477
-0.0700402337446251 0.0251741798512627
-0.0428195580140835 -0.0295729325488188
-0.191505736326194 0.240055215721658
-0.387409663972359 0.238209590394927
-0.0869333406612055 -0.0738610737767862
-0.00494079156284136 0.156163871481159
0.0264234037797436 0.199267718051835
-0.540128964923421 0.206674616793942
-0.463998529465792 -0.0378034135944652
-0.66486220553535 0.088714579992572
-0.291987894259382 -0.388705658244351
-0.366620668217073 0.327263622971922
-0.312977007425431 0.48315504141198
-0.35112166781867 0.394661955898085
-0.236324578588276 0.5247333616487
-0.226952699859683 -0.405139782778842
-0.260436880566879 0.454825651216146
-0.880480415603739 0.0850603887097419
-0.737994630714457 -0.00638717301608335
-0.629559015708485 -0.0125383636034069
-0.270071058193048 -0.569749921894442
-0.741754163500488 -0.0170745219696897
-0.35246720661245 0.77359457429549
0.556743686944191 -0.281354876342339
-0.384550266356457 -0.671072524697872
0.382272919498606 0.717856397746167
-0.828511489278704 0.0347012335005572
-0.598013852102181 0.641754772406738
-0.175144302963567 0.842215636557737
-0.657156672069851 0.690226048714674
-0.594418425774903 0.723806025605947
-0.379685499210537 -0.844936637115178
-0.774157035291236 0.849759513004669
-1.14089916495405 0.0353910482660224
-0.58227026306563 0.900883681648892
-0.447774649562594 -1.02213174026769
-0.0280249290866194 0.946636694047467
0.467855062492066 -0.938914446895385
1.06859201368051 -0.584324853087893
-0.756309913336255 -0.164334705521162
-0.0938186929599366 0.813619702377085
0.306837789068032 0.952997053115498
0.116479468423222 -0.783950063402982
0.0167842186316955 -0.769964106496717
-0.0115684790347703 -0.696949520088237
0.0364674948413869 0.465251888347801
0.139342778773726 0.415873972027915
0.0912090671222314 0.343021369519692
-0.210528313534914 0.00706739285509072
0.516577388827752 0.0246185125473111
-0.0945173222730605 -0.309217233932586
0.233797491496186 0.0873058667019881
-0.0907774281843221 0.123225583599739
0.147726148618765 -0.0179840180536096
-0.0481266650914358 -0.141368520583193
-0.116443234624275 0.103502933564523
0.065023378976195 -0.120242742629584
0.114500923627746 0.0194466978387323
-0.0542010405301734 0.152768603637267
-0.0524667914829345 -0.00856818007153516
-0.146942804026019 0.00482140135857617
0.0283439008431184 0.13466685490532
-0.182834329019343 0.0987401904604507
-0.26597527592559 0.0940312270617109
-0.35001491722859 0.020848970433625
-0.374121216815634 -0.0324923936070769
-0.229989265233975 0.0431209050684101
-0.248690798232542 0.0518105166721614
-0.3907051504971 -0.00209334725856274
-0.408731818968601 -0.0088793809824728
-0.43003326486561 -0.00460800215547259
-0.508058136808167 0.0948768166579481
-0.611215675704288 0.0909923728608857
-0.702906141553179 0.0710874068659901
-0.200610013165414 0.00531213206283538
-0.596924775138729 0.134132499588544
-0.19485657496756 0.392828983124522
-0.134401936402631 0.388791262402262
-0.105438516385529 0.471992898647162
-0.286070019794293 0.343528945344538
-0.691127472444994 -0.0167401635098734
-0.493384689173215 -0.453142485529449
-0.115757706334584 -0.42272426974295
-0.260257041681101 0.133219670852316
-0.609272519278647 0.0307426023537267
0.088664083124758 -0.0950483616597919
0.160067763693589 -0.0587603482873302
-1.33364857645436 0.0173402196300978
-0.295318980213097 -0.600881687979878
-0.911909493769003 0.580816293410087
0.352012694851505 0.094973830466304
-0.701170707217791 -0.789618583717452
0.430183883169864 0.137962038311143
0.255901127861739 0.880007184204763
-0.786826674796882 0.368774578836604
0.355443349414535 0.870327325069065
0.22051897016819 -0.709880734483693
-0.476892740828342 -0.848397369593906
-0.715743309473504 0.186514162040203
-0.0597345265480043 -0.679804189586793
-0.085575016359565 -0.686353299198872
0.44623141974983 0.318240837421804
0.14298561748739 -0.726411937018042
-0.805087497855662 0.0528042405673685
0.236392581930578 0.799881216566233
0.764050872225327 0.715755341993149
-0.724343419067399 0.13552784069875
0.69714091040582 0.786830790048221
-0.112222000541811 -0.754310135488801
-0.33118715650835 -0.862825410900532
-0.950137020089085 0.0467471299989254
-0.26032111336885 -0.802441040674294
0.217335191949235 -0.916369083797495
-0.546718840017898 -0.899248976889299
-1.03854147493815 0.0719516061700214
-1.19222826195907 0.00169713184472432
-1.18456152261017 0.0575460941918527
-0.0333280358252544 -0.965267709789148
-1.2430978611025 0.0574373640056431
-0.170928614855162 -0.899185462202955
0.0383644679413587 0.850038007577205
-1.33992550321448 0.0181241390160712
-0.914463707320437 -0.763767337554532
-0.871686747724935 -0.680280456635189
-0.93230056039866 0.614235642397266
-0.571853432212382 -0.45176065507125
-1.00511715022243 0.482560755750014
-0.950465355422776 0.552764778152546
-0.805457319984962 -0.364324262277537
-1.25049361356499 0.219492338271727
-1.35666458987644 0.206975360310201
-0.988290730010837 -0.401698507461217
-0.914627209532214 0.032776256224641
-0.747101307334661 -0.266059738569507
-1.38345288279319 0.337023178791603
-0.973041506507809 0.513335898731694
-0.567681444149111 0.0513833168271655
-0.988920569558388 -0.0365851560998511
-1.15312057276932 0.165490655009254
-0.983845310212958 0.210934813062329
-0.917617574745954 0.247899255782001
-0.966840795718455 0.13289399942714
-0.834823257164404 0.32682946901659
-0.777780987643037 -0.18094841201855
-0.766282536049918 -0.149127827516389
-0.821346274219481 -0.195413118983684
-0.8346571478784 -0.264294215469679
-0.551452721101185 0.317875947249168
-0.806430228050367 0.22458459742872
-0.613162428261378 0.226398770227268
-0.721798907543481 0.251472998356837
-0.731049783679172 -0.245107578200326
-0.738745989290446 -0.194122811333849
-0.488096942251834 0.296584288057337
-0.521872728760009 -0.180498314894274
-0.769850508732487 -0.000141182763545879
-0.664466850991499 0.100276954265585
-1.0894859676851 0.281577964659926
-0.694606209028659 0.5157464624371
-0.811555640323708 -0.0740651692296514
-0.883523168156464 -0.1396068312192
-0.928005533031676 -0.118931867784434
-0.447508793310403 0.105121910854895
-0.883800211801471 -0.350472627945234
-0.655128077693814 0.673533052706022
-0.442341522689401 -0.180544865854829
-0.174930097141893 0.013636812448004
-0.267252661522782 0.143912079889035
-1.19753290045104 0.586494006391533
-0.68365432391061 0.64469550752723
-0.265928181653412 -0.0756792498413756
-0.697170529335595 -0.40569148134719
-0.525946466109409 0.582696232773838
-0.732910791652526 0.467344086834563
-1.09035413487006 0.307865268847663
-1.06811340906784 -0.339871694816175
-0.286629586787259 0.0934685490547176
-0.671668915627316 -0.377485295979542
-0.572520936365676 -0.30056166971045
-0.309527004269669 -0.0395096788064003
-0.417369087154543 -0.244006645586601
-1.03639046976589 0.0360656696352648
-0.63306692620976 -0.0605571238618031
-0.60060156395292 -0.0826514947568892
-0.313950863249732 -0.14363239617081
-0.206976875226261 0.159816634648982
-0.446019924306989 0.265479530652828
-0.271831946046106 -0.00898169326018131
-0.448666106610516 -0.0590687596493809
-0.588948728306153 0.10923181367974
-0.5722079963695 0.131082269090339
-0.44923573577113 -0.130847306719586
-0.312143086679899 0.375691608704845
-0.173474719812302 -0.0813928420710723
-0.805783990404339 -0.247622673868193
0.0288800103854611 -0.0129499845064617
0.0134973510253035 0.0148599364753705
-0.695758290955099 -0.326815656003611
-0.0608561012379553 0.0787993238177474
-0.340685993066085 0.466744530902782
-0.0445927540530229 0.0529563408323769
-0.542017524112882 -0.157239407714211
-0.343071600620716 0.550639568683244
-0.351025632655262 0.550537194018914
-0.0241202157076737 0.0333726020712114
-0.456468956037662 0.532143192330507
-0.100581003916907 0.0586729149290018
-0.917428122443016 0.285708327514129
-0.426050278506604 0.522899093424141
-0.298488987843219 0.655854540852809
-0.617981702259878 -0.384526453469723
-0.938835888663594 -0.385127590649776
-0.140804700126798 0.128566513618248
-0.408623653365157 0.540841098807882
-0.452828814111339 0.597807353812339
-0.676747071457497 -0.149731586896445
-0.452191806540917 0.543330409149275
-0.747739884277628 -0.559723704157057
-0.574698807180254 -0.483820667728099
-0.387305009799562 -0.339891413788961
-0.451435935485262 0.499275568118466
-0.78630382405211 0.104190321957516
-0.0830262976824969 -0.186982409383752
-0.595293425865976 -0.0361612528115901
-0.753700116489053 0.232857531021615
-0.34477934497541 0.375965041625079
-0.329818740654433 0.402575504890601
-0.435420421241984 0.0236809967213674
0.0080087399634435 0.189096623866585
-0.0753486565826668 0.113499847849826
-0.336446749406459 -0.0482865821350675
-0.262300143679184 -0.118926080954476
-0.0519911999586678 0.106206697871013
-0.260692742953827 -0.269865378065638
-0.493745600985503 -0.367937874274867
-0.250109524519531 -0.227131837918473
-0.249008600321573 -0.298268588045074
-0.00540763695986878 -0.105339099859026
-0.79245925762454 0.00554647525195718
-0.00829688724115542 0.0704293164051047
-0.310366071414424 -0.244210878718074
-0.558825281484423 0.410884798908092
0.103120667122641 0.0191403645690561
-0.627441942613877 0.517042505016078
-0.695599607928556 -0.525402637126786
0.218256466052587 -0.0198449933199751
-0.789449679256301 -0.583663043844441
0.00745388661740522 0.0586809761604045
-0.342345519934253 0.471165207689608
-0.811660544490774 -0.390996292348306
-0.541885600290896 -0.364353013237049
-0.502267111776411 -0.241389553596104
-0.29391295669431 -0.518196264574752
-0.794273626134475 0.336659031545142
-0.87047967600589 -0.410968360229587
-0.551134954875613 -0.123276554083559
-0.703181513796945 0.258564499473672
-0.283213375907209 -0.43093913883747
0.037789690940083 -0.221202402030635
-0.35023007974351 0.210109447872165
-0.155750233729042 0.412322353235218
-0.336646436912175 -0.116658778170876
0.0317129291322878 0.0416583874925618
-0.21136222708045 -0.0637640595249269
-0.351273026392497 -0.199762872893312
-0.0620174722030827 -0.216632017558963
0.0586109986326583 0.0903770781781243
-0.443544295230028 0.237821202946528
0.344078785716367 0.0283855149818869
0.355801153377203 -0.0501573370514677
0.135349138148073 -0.0981154876234682
0.123874063385851 -0.0725058609556584
0.121030939625512 -0.0346686539234776
-0.169093820028939 -0.336002671898758
0.223311966658826 0.0433321426677432
-0.0759047652669595 -0.232858146504158
0.268458728799875 0.0370896114795914
0.242009434743016 0.0170975936214876
-0.719615679969946 0.373743746700411
-0.38747689751833 -0.478034941564631
0.270936495691044 -0.0665870585365838
-0.177870769434135 0.464748434107966
-0.376896110210306 -0.415417319258914
0.153449172126758 0.11113594909392
-0.396261459353331 -0.285939854159278
0.0980568826952408 0.697851891027907
-0.470077078620734 -0.329529452745513
0.144975654932714 -0.271159822134613
0.476762357538534 -0.120461948248286
-0.208857926178429 0.658723256055627
-0.674895132776899 0.20855163465034
-0.355014175257019 -0.173623166873443
0.287911776198378 -0.308930198221542
-0.284944042200395 -0.126772464731134
-0.489330425937621 -0.295294878332488
0.04125315844998 0.0254651567570467
-0.247673935860451 -0.430376961945948
0.333430487172721 0.21200439170331
0.251527764120435 0.147489630166529
-0.280263107034188 -0.159412729350485
0.254385889836601 0.125619432174359
0.141984751426094 0.407555645477639
-0.299848418703055 0.288516276878374
-0.0913776633712531 -0.328736809838327
0.350666480077769 -0.109585625025644
-0.292928926072812 0.277100380896594
0.295052908756699 -0.024859865662945
-0.660996758067136 0.0577686596133101
0.342740985834707 0.0109577475156425
-0.333752378916332 -0.413083900268106
-0.0629144083616744 -0.503089753108475
0.24570250378663 -0.313623664419089
-0.0738896395086814 -0.622094320524224
0.16887420161593 -0.352477800048757
-0.450535714689438 -0.503081321551501
-0.511271309400152 0.31513077096129
-0.870307546546524 0.0426540100250225
0.584416084538976 0.0159704124603113
0.00544213782926152 -0.570252074828461
-0.0451079147116318 -0.28101135891665
-0.337407967660967 0.702791630099402
0.0547910812858135 0.568944089681454
0.341737632657002 0.141949187768317
0.576162831404322 0.229709235358254
0.54683694205379 0.232042814785263
-0.146898962911416 -0.485843215648546
0.198966632714986 -0.290105236525492
0.387910517294393 0.133884432831379
0.380606914507183 -0.0258490976033988
0.0302781909690304 -0.24964989880842
0.108502703284501 -0.0228004144837171
0.107121375372997 0.239988874900456
-0.0621146182929319 0.262323407139213
0.268664029256788 0.389629406026676
0.15679221705237 -0.157109637040605
-0.165738303129611 -0.470030330963814
0.516226730474461 -0.0630431620153974
0.320716008368462 -0.232072421596546
0.0725693308508452 -0.339348404144585
0.0964613044207414 -0.419689827682976
-0.43470957709326 0.0443922873418415
-0.241854736251775 0.201977072035446
-0.266901718387006 0.268998718162273
0.111971758675693 -0.526543896501155
0.038162871347589 -0.520046888634025
0.45744608008836 -0.279336003889202
0.526502828371144 0.0254408838290266
0.223348016148244 0.609599872235472
0.0676443774647808 -0.585179716884379
0.210765841387432 0.617326158168612
-0.0354712107882404 -0.391137669975669
0.628487336999377 -0.308115357149294
0.547626409195606 -0.23328307261543
-0.593590595841779 0.332958213421022
0.362421057372344 0.700799600748979
0.341081435292641 0.0262209790549267
0.325251851205282 0.512353405509
0.0333601094199106 -0.334197481473941
0.548404976845252 0.0855680557180672
0.672242822110216 -0.022553521287457
0.246578303657183 -0.154056482022562
0.296161968019306 -0.344306036189297
0.268062420223941 0.291018446591401
0.166496328153228 0.174375728784229
0.393172990172831 -0.192327278596789
0.499774894170948 0.0476941730236089
0.0228136842196411 0.315805429722561
0.350689095983048 0.483911691881254
0.0339318227973155 0.278427940189074
0.257638195618809 -0.409894847108054
0.35065363241405 -0.174944378561736
0.100325878878073 0.34153127345463
0.585984813726455 0.10176248256101
0.167483613657827 -0.40750925858715
0.508216064697569 -0.125286030402073
0.421565806244238 0.5587315191023
0.532255816690819 -0.193399959933852
-0.151594859829717 -0.632403627346952
0.644200691305941 0.00677814398437055
0.532221308220461 -0.256180334554745
0.745251165693053 0.0025282405819645
0.34892336407241 0.554745472815339
0.707377153184256 0.0536213115581195
0.908304775947622 0.0395035060649743
0.405145343392021 0.598572542367386
0.354134518767802 -0.459865844085844
0.856813369672144 0.0408224386912598
0.907069162130528 0.0726547546648923
0.360527461461501 -0.39217041455139
0.12489565334934 0.137594564842219
0.328618921626801 0.260812230415554
0.489294346815313 -0.124026497598627
0.0852793433511646 -0.139579516356818
0.503626121515498 0.0226475198902457
0.40531173411051 0.202273588428518
0.623495543046984 0.0446000417721562
0.477770201150362 -0.0831406859197023
0.220517794361046 -0.0249855573398832
0.449293103670604 -0.0419236163424807
0.350285797304768 0.00812035760442938
0.474607108857064 0.0624455164545597
0.564582977158026 0.0677589842562657
0.567508742080028 0.0422235732031203
0.540944447816354 0.0575922498133075
0.609480199526288 0.0628280807571584
0.670375734214009 0.0238762463375937
0.523677776183324 0.130328800404827
0.516633774171555 -0.0598229182509322
0.385360159946269 0.0312212579313184
0.533214452117694 0.120752634262278
0.781147204016408 0.020151995949934
0.472920777215692 0.146428686610502
0.646683610333233 0.0708456265337206
0.463636520821122 0.346481999166964
0.498480530801429 -0.150011033760854
0.163854411060381 0.224420947127459
0.471170685060616 0.356610589377636
0.392211377390101 -0.294849155071182
0.356067628525158 0.332162424323397
0.460790393076424 -0.127972414669172
0.560548114492255 -0.0994544622606671
0.204371118891472 -0.266432027191284
0.370155129954676 -0.396192472018875
0.408027920362935 -0.436386435598056
0.950484273264884 -0.0311067534722291
0.631284693438365 -0.358360196943306
0.731933826807165 0.117881166843527
0.00421518034967892 0.306937965235859
0.604097829673623 0.487494200061057
0.347236681650577 -0.506607251733282
0.483581020498228 0.568389189613129
0.585762976554415 -0.208878426420316
0.681228316612048 -0.23020520645924
0.943240178722063 0.0618738936925922
0.0322480053083787 -0.56023284769897
0.737914880507327 -0.306725570056298
0.670797944875582 -0.253674622751141
0.71459386280178 0.0617616656015381
0.877376665656209 0.0618273437421392
0.18237065475658 -0.579407775613914
0.405411585200832 -0.272133503552574
0.203033166147628 -0.834789214084405
-0.326648837589739 -0.485385009473486
0.33952307561942 0.729907687280363
0.704629216169704 0.220410890649599
0.211101122627685 -0.316607594790844
1.04191284911306 -0.467767690320402
-0.5660013567824 0.80336205397015
0.97471503287445 -0.514546971366822
0.607242715133022 0.99540472789195
0.229232622637638 0.858396798731294
-0.306239464990554 1.11080585521018
0.975695291399777 -0.00737826739884262
1.01662077474704 -0.0557070462157103
1.05888490424849 -0.498527920023334
1.27511301700457 0.102613514961769
0.936638514873959 -0.633108811174078
0.140248275772745 -1.12960697898219
0.0976004543892481 -1.16661286618698
-0.431495335921871 1.13680521658991
0.136966710174459 -1.103493633401
1.10457837346342 0.0249825782941985
0.055362800786968 -1.17211533507953
0.0812384918319825 -1.15537491072096
1.0217174251205 -0.0174482326278316
0.404512212914546 1.03377486108876
0.847380994429804 -0.619442590653276
0.872107088148486 -0.67988347549217
0.720406705737874 -0.709505308060133
-0.714654040688005 -0.871965343457611
0.16317839435265 1.02086483980439
-1.00001603833762 0.684372445254309
0.371362607187374 1.20451186981135
0.252049913269525 1.19797581329081
0.6735203227898 -0.805756735815746
-0.826502338178581 -1.04129470384691
-0.938960866627839 0.818862462468486
-0.674162458383231 -0.979972885424457
0.0285259780002202 -0.967491317905663
0.0099539422489931 -1.06612518033176
0.757780217902705 0.0879223395328145
-0.90330267465627 0.669882779592959
-0.0538662019012924 -0.936461812685872
-0.162762487299323 -0.853824563746266
-0.101854076026263 -0.887425970855016
0.750859228639698 0.0292206674206551
-0.57505650809477 -0.787869155536837
0.197480760019604 0.856489614291285
-0.527371072576393 -0.74896953959239
-1.00109001148828 0.00645233917375288
0.174470147018194 0.929586702389828
0.277550639018014 0.8542462923957
0.331347708881382 0.903436378253074
0.694465213596117 -0.544888125032301
-0.30207976944255 1.00401297533806
0.341634410081228 0.88950983000357
0.815462771185305 -0.152473392499911
0.935787700909927 -0.141479162016651
0.136558472177871 -1.01920802272123
1.08948610982415 0.09237185826861
-0.593781185468704 -0.842913819762968
-0.515119712235354 -0.872955353962514
0.759982207345001 -0.558594052189379
-0.367707644816748 0.989682213576023
0.120606283166514 -0.937660491215573
0.160320727864393 -0.969655144549584
0.866921698807463 0.0660566800183243
-0.575332743994008 -0.823009246642359
0.237338326949619 0.922661844675375
0.389402849078658 0.935629233491003
0.778265207361527 -0.434545540748184
0.614904380903773 -0.456490371219452
0.110402690107568 -1.07420222888103
0.0867542963292762 -1.11753674904506
-0.00790073106436299 -1.07706239746236
0.208339730454174 1.05038344626086
0.818666988547038 -0.55041798501205
-0.0543265827534463 -1.0013335495603
-1.28742813937444 0.0146874329709691
-0.564755864882793 1.13345427513391
-0.782198109009207 -1.00538718691829
0.18079476485274 1.04476828280449
0.870667856806542 0.0210042170950016
0.752953807156593 -0.721852345986334
-0.775360361674511 0.994353435288784
0.827532746210636 0.0503885979783907
0.158424981623496 1.1274599643606
0.252569709246699 1.15085697378657
-0.111468969816237 -1.19138369914448
-0.10138708918546 -1.17311646674199
-0.0529712584901111 -1.14254272317034
-0.0801371460030325 -1.146240587092
0.310890873483092 1.20223959632582
0.980939345307317 -0.754487314252499
1.08329700546793 0.0584347329031283
0.259846416304035 1.0889674207663
0.289185555175418 1.21160061765682
-1.02102038965303 0.924203852913046
1.09798117723347 -0.0324718245982606
0.543766226654381 1.27097578669452
1.27841093994105 -0.690100021599596
0.843281715120183 -0.705724064951316
0.819812733658246 -0.685240746095113
0.528556925799943 1.23447517327971
0.56520744957508 -1.52438314947974
1.3154991499079 -0.171627862978412
1.18052269892545 0.312177981896418
0.407601402983612 -1.16497275113108
0.386429079387885 -1.12913554388796
0.415288581718482 -1.09640074240809
0.269756943608837 -1.13291939052682
-0.461303325666119 0.319923437021651
-0.0730381032098105 -0.414777677037935
0.366938377509892 -0.923279597060905
0.666611151328061 -0.645096173498651
-0.141611271454454 0.12271007523457
1.245410943089 -0.312918995097317
1.37224009667382 -0.319038585777072
0.853465368559052 0.360920195964907
0.149421543296593 -0.0416282574746628
0.808062149368129 0.349411580391326
1.12307678928047 -0.361768561050089
0.736325478623292 0.341347291876723
0.658079836512448 0.304919756710896
0.713272188313138 0.28761284824505
0.621351648329036 0.286397914673763
0.796481689869983 0.339676868708773
0.465352673879248 -0.293367973034458
0.426868205185152 0.259236336356607
0.358345558507972 -0.316688664275322
-0.0498366172030083 0.0364142674644555
0.573429650689729 0.450622375463666
0.173230650533078 -0.426425858737524
0.0730465895348246 -0.49181349758754
0.0447506926897988 -0.540690682110602
-0.112539991165385 -0.591021859545311
0.884209617244148 0.0703947357937812
-0.121053636944288 -0.589653122312511
0.658979244697083 -0.204966029764903
0.210654482450289 0.361948492634326
-0.0529317538626125 -0.565321156471302
-0.362053266788844 -0.148113576540714
0.261877427689868 0.17501491162314
-0.0486494209269546 0.706448536423523
0.336935910640531 -0.242749387454326
-0.753363958569804 0.318645148685033
0.651135427121841 -0.0429239367932616
0.616315422410219 -0.0620130462842763
0.320242001869537 -0.455402883707497
0.212609544893242 0.787019268596966
0.0592265191270892 -0.730879006311542
-0.198397122024876 0.735649644173468
-0.139568301993361 0.759827690029899
0.745147297572562 -0.356905267319959
0.761797897703344 -0.349704829011686
0.830454150211305 -0.376548204101543
0.227333310517972 -0.662086795733429
0.574929204296412 -0.485720560863838
0.166512430823781 0.78508649272251
-0.164780599809411 0.75311553329412
0.476753259338646 -0.931558250570985
0.754999434612115 0.274810160137358
0.378415150194003 -0.584373865604738
1.05005164847913 -0.393051410143567
1.14629507516883 -0.153557178903168
0.989824376577148 0.657581165462933
0.832033789538492 0.891828569169568
0.600259552802181 0.51035849418387
0.50699718396253 0.665547484909648
0.836320828990169 0.742028326123615
1.06064333786786 -0.315140496102229
-0.274806484328107 0.0476641274384767
0.0448174691786425 -0.713323182678433
0.771172983679561 -0.288254100862934
