-0.730717593517797 -0.22479461186394
-0.15700478901703 0.570701305071174
-0.101752926976901 0.579764426852967
-0.0990418320162473 -0.538461087147585
-0.208059516679719 0.523989526540397
-0.078972389968714 -0.435778282679319
0.177748318848634 0.503492416118171
-0.436780681404848 0.221754569131556
-0.351601012257146 -0.401274129941032
0.113136345229063 0.44298971415617
-0.225533573342746 0.0681111260254118
-0.342736731582043 0.168241802333997
-0.0496967717003148 -0.146806507210755
-0.372761180100748 0.187898529099039
-0.553481404587278 0.0698969140196296
0.0934950888758085 0.0201071410341551
-0.137489394983419 0.235494054662828
-0.200900560922944 0.17850033303142
-0.10462075191893 0.239857119070729
-0.432247800044399 0.0491061418214989
-0.103502561584801 -0.0935399133246166
-0.303681548775387 0.126165134425709
0.0357664233074986 0.0394985290741226
-0.1485184599306 0.160566846951776
-0.327410565014763 0.088614776706388
-0.258207067206535 0.0717621442125016
-0.200758547153596 0.0531803093742653
-0.150132474270854 0.0509855136331498
-0.441052342687839 0.30207393680626
-0.393833585766947 -0.0780465513467841
0.00758040344994923 -0.0361430893237647
-0.249981602443623 -0.0673098065322757
-0.125991846834866 0.165530650294441
-0.163541082461622 0.0125894688464586
-0.218676481508294 0.109941685361668
-0.200224733447259 0.0579620637954749
-0.0682374593344003 -0.00190654086063718
-0.0610408574583466 0.0774800113299443
-0.0489842771241702 0.0518531540566422
-0.0417241881910602 0.0270268647020623
-0.0107622468102141 0.0808927422207859
-0.0157181926675248 0.0544366668202465
-0.0200186093253032 0.0203179936859247
0.0373779389363165 0.0215211401028722
0.0625208598468272 0.0611796008354516
0.0593455277120036 0.0633164869110776
0.0548885825597233 0.00357486990041402
0.147305992150547 0.0181055504247757
0.203315514325016 0.0543014306976066
0.0465785526499234 0.00788826134253462
0.249384370405592 0.0382088019819625
0.238697799202367 0.0621037732419855
0.245913936252453 0.0102451044695421
0.321579509119159 0.0371038429234129
0.0578406297643182 -0.0189472380892241
-0.0307416414207206 0.0851826965049307
0.0935286801523629 0.0500270394071899
0.385635732664792 0.0687922360636862
0.407066184917481 0.117902917058344
0.26829385870051 0.121593347291598
0.133133471771448 0.100949818666479
-0.0191653519193835 -0.0782676478403969
0.356823883808806 0.27613451255126
0.448333445801755 0.00781750390051884
0.125061971193093 -0.191504758630926
0.29742247321364 -0.0245525023948558
-0.238506989749586 0.0231896504808314
0.87674043624185 0.081185273332223
0.79128706521069 -0.249258542367978
0.343941068298824 -0.388131411875587
0.855302808842004 0.383852776505907
0.454734373199114 -0.237675379064834
0.389472091487867 0.527655878950644
0.389558003095162 0.538956659347198
0.525308823561748 -0.27466708300697
0.49851141311254 0.496551661880411
0.1686929592115 0.132590684169438
0.918292126934513 0.207533069372929
0.911084085570469 0.402222101780306
0.58113110456785 0.468411957800977
0.376518118155193 0.0734168866898391
0.996456332001125 -0.326100385026255
0.776715723128916 -0.209237209260977
0.775699786685516 -0.129794904738346
1.06024933140274 -0.268064918835185
0.85483730207208 -0.0438496584179284
0.67775665658781 0.0640042747738919
0.200328534789781 0.000286436220252381
0.496486269108327 0.612351070245376
0.732552618726578 -0.422312209333255
0.212681585808194 0.417029710433596
1.03928997570061 -0.115933674090197
1.24577167601197 0.218790482050728
1.35173669133431 0.033905400945759
0.875683457246918 0.816396597396384
1.12239002787089 0.00196083930226312
-0.0781878410586543 -0.858776660827906
1.20663529916402 0.0878307314353911
-0.214683192875321 -0.909715948031221
-0.807329490536455 0.0314881632800648
0.599707350967384 -0.888267253079316
0.609378086320557 0.850158230647064
0.516267792200374 0.889877237809617
0.471645531640807 0.864828562433419
-0.810939449119277 0.057702803831495
0.580809672831461 -0.791618644218711
0.841204268155893 -0.82980520683711
0.669645352475991 -0.727697702314785
1.04164154688232 -0.164490872994462
0.413033230727553 -0.781610307564283
1.02660852182519 -0.188551680802516
1.01591275043919 0.793229243922036
0.485179965785712 -0.355681750921684
1.10917446809276 0.478861468922439
1.27906987846587 0.212602694068153
0.669761785808875 -0.339445885327453
0.110774565136471 0.0596333442369845
0.940296366465318 0.295416795969052
0.11921909895642 0.0396897480085219
0.802144099702209 0.261044356051198
0.90393176971369 0.0264413010481172
0.878207935516472 0.0247760970952711
0.535743760474065 -0.330322306131176
0.465233299122401 0.324907817955255
0.442032821428422 -0.370693524148088
0.348590423323211 0.244341803174661
0.622662828250918 0.0986817775969666
0.504260036655908 0.0162578198113576
0.366844287155071 0.00577668716586103
-0.0869511502001446 -0.147982061316087
0.794388666168396 0.0790561286544098
0.73732154228773 0.025897339273293
0.833326387543161 0.0564324421566494
0.51659071243094 -0.49406516746998
0.590588674188173 0.536762301995993
0.0869020432605153 0.625786344433259
-0.111482294642539 0.0255276586537725
-0.278517024500033 -0.00622051664954819
0.75303813885331 -0.559252717200075
-0.250836864551945 -0.019057587569184
0.294633380867613 -0.601078461847804
-0.433565410581743 0.0015053949902198
0.0309700118850757 -0.737921962564769
-0.514241550262343 0.0523946760519697
0.71658057117918 -0.709255120133754
-0.0807429901328401 0.850655281490185
-0.0850295968709795 0.868175640936918
-0.204510043471197 -0.714063141876057
-0.107080266840081 -0.761005045711276
-0.231218215432919 0.792645313787821
-0.709219387534128 0.00969254514054545
0.30339237936356 0.63642561993099
-0.252560343487933 -0.584812540832882
-0.725052694409302 0.0207331012268721
-0.73500691679592 0.0253951700886019
-0.719336007107646 0.00773525476004481
-0.718827233044625 0.0970863593232487
-0.699683799193387 -0.00532853517479146
-0.760441138266305 0.0356623147441135
-0.410955143537103 0.42207433086843
0.111342625685243 0.0148048461890914
-0.61916431738567 -0.287877514819549
-0.56168993083546 -0.258101581059448
-0.577840526935442 0.0560980889104381
-0.562377803284674 0.348107748953897
-0.842604982411906 0.00251547414148221
-0.677469357280155 -0.191644118474177
-0.453002285084386 -0.326503875095801
-0.777667179046282 -0.0569772076658945
-0.84567222429304 -0.133923121474557
-0.555999416043808 0.192015007497046
-0.6099620523862 0.147603339814191
-0.353305888452045 0.118908542541177
-0.183825278130675 0.0326576673782912
-0.553598782492279 0.00152396769374062
-0.560018353730318 -0.220877143702002
-0.279108049782796 -0.148244895188241
-0.526985134036286 -0.155898462841856
-0.456910962846536 -0.104084222925352
-0.211948460873743 0.24734412838085
-0.640003447257112 0.0197550083106482
-0.470013903091625 0.064741464589931
-0.572001563809976 0.326914583936832
-0.501617287556816 0.129463309556014
-0.186257934051329 -0.0668154934875767
-0.497808041854771 0.242349322714038
-0.687895934645139 0.455590194254077
-0.488670780401536 0.411000231123965
-0.646586278487221 -0.334218091629735
-0.448422294961902 0.536401796289097
-0.557775938784484 -0.537630017503661
-0.310848086460698 -0.182904434215044
-0.823757738242293 -0.424826313750239
-1.5632279771734 0.0166583040807713
-0.655913237373676 0.717211455323036
-1.18462028412293 -0.768599440084948
-0.463840366657437 0.964765729381256
-0.263156124053058 0.0396839580973568
0.759858957314705 0.0752875542398376
0.149439345838929 -1.09873071613676
0.516088517527255 -0.505025992467299
0.520588632035342 0.568618063524159
-1.26250484562945 0.439802686194284
0.884235990671279 0.0275759500544249
-1.49712497923191 0.0598248690674154
-1.27371383532343 0.243931919858724
-1.19943634163623 -0.0371220284047945
0.18620833037411 -0.883814580009794
0.13912819151001 -0.829308990264239
0.175731611375638 -0.831397682754575
-0.607245960453642 0.809686704407918
-1.26182682560944 -0.0254078056878662
-1.25932759443967 -0.0525086220197829
-0.805658146097788 -0.64607213401893
0.0379530817315545 -0.602135101646739
-1.39129027249102 -0.0583175847101616
0.00551758857682086 -0.539077848663381
-1.01677464684508 0.846638808057861
-0.79583067131391 -0.604504384414033
-0.815508554202385 0.612462212127664
-0.959895057932512 0.710279742893219
-0.421718145866227 -0.143800976040062
-0.845187123078468 -0.239777299235072
-0.401098013262049 -0.197797315234082
-0.865498366150052 -0.106372891314473
-0.993094042999749 -0.025808267317055
-0.0453844869845353 0.632908869611515
-0.128811414354463 0.578619086156079
-0.459959700881001 -0.459337054344901
0.0367126738916779 0.670966641650807
-0.393762140137461 -0.486802097453696
0.303662757885456 0.591918154939746
-0.667387229600667 0.0529490909630566
0.778746643949677 0.083048554786516
0.382120593835955 -0.676051515350736
-0.15900609675215 -0.544067619820101
-0.46882257770224 0.00421228127709585
-0.37283065476426 0.0511962737698781
-0.297592916192069 0.058813370252593
-0.730745266898555 -0.152464156523347
-0.423373927974346 -0.294127613781874
-0.0798433911537125 0.764918167793253
0.854450560394293 0.0321352527334045
-0.680758020802022 0.4780593703537
0.621833132130698 0.297233997018685
-0.732828369791779 -0.733441185429122
-0.119691726689244 0.828474045419618
-0.754607944905717 0.708567097397585
-0.527911246206903 -0.9544547006436
0.7588086970952 -0.135837910821834
0.266324948641126 -0.854605015263337
0.228278498329929 -0.844530039285565
0.76118850541213 -0.0561947706568629
-0.499221887865222 -0.863892656585731
0.290768638450656 -0.761545294630355
-0.456857653184383 -0.705357558518988
-0.390518523222083 0.767823178624676
0.330402729758224 0.771986441615096
0.732104659670202 0.120914977331159
0.378279678800162 0.722010107119818
0.873143702919099 0.0700877577424123
-0.207425750254598 -0.653534800267508
-0.597959909202814 0.0457099350101304
-0.544153232398257 0.0446734757400167
-0.0535672623533575 -0.446767428241961
0.0931959877961943 0.322387349724845
0.211627807606991 0.0490881360532555
0.513711691093222 -0.0893850088164424
0.225629272189673 -0.453616489761651
-0.248412974733005 0.489466307659592
-0.310919739400906 -0.0885845694054229
0.363672810051242 -0.148737626578306
0.288651859657403 -0.151893713638816
0.320808694544688 0.19694341068017
-0.259557969199609 -0.286656110047122
0.409868916825911 -0.0152532899976003
-0.29012618818657 0.134682946643258
-0.032791650507812 -0.142915973534433
-0.437875223714416 -0.0572582488042718
-0.515688772341098 0.0415974924354128
-0.195824094812367 -0.198466965426386
-0.115939956412015 -0.170706581985797
-0.280872529305212 -0.019926257396825
0.0794899237466967 0.0266968912717889
-0.0802185121634141 0.147716303665152
-0.185705270008001 0.207670241154757
0.172025854357678 0.0670618393323335
-0.0100328675882489 0.176410219875704
0.0590247827440074 0.218797843743528
-0.227699203916965 -0.0307533524994412
0.106969821980923 0.287926605388727
0.0711936539738257 0.270114900391497
-0.112515162013989 -0.238687107356832
0.0856764953452472 -0.0816656111657557
0.175771647746017 -0.268750731070265
-0.101348462440838 -0.332156108287222
0.228846706014196 -0.274527968550578
0.222052395717092 0.0213815516620973
0.55392636103425 0.219641585153084
0.725355605918583 0.0737869968144096
-0.258294418599745 -0.255888248571672
0.629896495856506 0.0923566829299572
-0.0517989107291675 0.361375215891067
0.142355047175432 -0.451023791992871
-0.617490468331672 -0.0200741064522135
-0.30870536292987 -0.683750488947631
-0.323105584682799 -0.449196504076114
0.247236453506743 0.666237329935981
0.312380653244677 -0.66815455222414
-0.14623235806616 0.899167489841193
1.20974043971878 0.0331131888198027
0.839575490738198 -0.1648653859293
0.696465092586136 -0.79710162450779
-0.025762907969774 -0.964563618181523
0.0717572132774557 -0.866035143368901
0.836509412695969 0.901921443266256
0.847780090278877 0.585586755783056
