-0.716078926341474 -0.0963724552607458
0.605094765566172 1.47709717063809
1.01163574408097 0.609939512756022
1.35076969591895 -0.137581568229337
-0.505523119387057 -1.07762048003567
-0.393926293496323 -0.213679655530703
-0.522394263747058 -1.02105079730399
-0.001005763964568 -0.629666271969417
-1.47950781917435 0.356590783453737
-1.36862122918462 0.538196981017785
-0.0454684678343277 -0.356018644187514
1.04368876295581 0.102128917408327
1.09124066853217 0.0993489786307574
-0.706083302996151 -0.70595963459243
-0.666174527496527 -0.823331751990916
-1.20422917263452 0.357062392332442
0.961120478036676 -0.0868164269916667
-0.600655371230083 -0.666962782967592
0.302529511075504 -0.471153297859587
-0.0186111150543132 -1.04799330280288
-0.498825793273956 -0.54573262639629
-0.560791520880589 -0.509023046289553
-0.284824368354423 0.546383537221677
0.1742733744973 0.722555936369811
0.438679729576984 -0.256998580164245
0.0241949904753075 0.576372488596381
0.0860786569005291 0.56123196041608
0.0674035204852138 0.447708267762808
0.0242540273251548 0.446888414761404
0.347107375988476 0.0113689409049599
-0.465523087098182 0.0385568729195664
-0.287757107861841 0.308127437735842
0.146718741198915 -0.308133742999685
-0.27207239218366 -0.308485258628573
-0.154868402463308 -0.598027507366789
-0.282249866904825 -0.220146766687433
0.306196076622595 -0.382330100931196
0.249447569825092 -0.396420257815878
0.0164607343549661 -0.0105261321833353
-0.0856069279315494 -0.471142931660052
-0.0188746856870657 -0.495916737482599
0.0979753064595525 -0.324780065770294
0.0429622272260333 -0.0815497890377022
0.354588615910345 0.0778498755624909
0.419682352380733 0.0478830386944387
-0.0918208830777506 -0.0354790395073626
0.323629438456546 -0.245698302386209
-0.0464469743535962 -0.269340268964952
0.213763489221965 0.111842246058854
0.335890721183396 -0.235261192785985
0.280505372941249 0.252074609635398
0.11448050204082 0.227159190812678
0.517740719347746 -0.162716134693289
-0.119348486134189 -0.439746679499244
0.120510607913717 -0.527878432360792
0.168300504865305 -0.489427189708039
-0.0842902856413247 -0.454232124979116
0.269400539624038 -0.309048276451123
0.460517182090997 -0.225593317518247
-0.361245254400277 0.00822261166149453
0.372808825115555 -0.198048111560596
0.0843163796478145 -0.327166596212615
0.0935205592860172 0.231323793106241
0.163982885933267 0.170289874806172
0.0463000754536469 -0.29938920681636
0.195839606793557 -0.171324469989738
-0.0308056879620752 -0.000186440669586854
0.131416697515109 0.0755588134259086
0.169733379380378 -0.119835471808013
0.257390212535462 -0.1094965039389
0.116915410425201 0.0364540471161801
-0.00264529868346029 -0.200468701615119
0.32606740885766 -0.151166960510994
0.0866248159646001 0.00886708962024797
0.232133048011461 0.06747278303068
0.241478293241489 0.0366792559186788
0.208699530230054 -0.14713702241068
0.303054069380101 -0.188815355952908
-0.0135722553850507 -0.272170284378666
-0.0469271574481121 -0.316320982196045
0.327174858253666 -0.037211929804688
0.208232667926154 0.238483301411156
-0.125388278347906 0.228407377369056
0.32862363372294 -0.0956272208090105
-0.360929623509684 -0.0232218546322447
-0.369297600894931 0.0387020908939638
-0.143617658826148 -0.354014063204242
-0.0306511587947998 0.271905448307209
0.222588128331454 -0.29876265683392
0.517297167182599 -0.0504256099416079
-0.422717217926357 0.041275442967236
0.264524856086762 -0.26969708991651
-0.159196573093286 -0.34120693066255
0.337661836479876 -0.316039622547203
-0.138811624271021 -0.479249351564918
-0.132276220632248 -0.486304120502421
-0.0839008513859505 -0.518596326460333
0.264454564389273 -0.0753756161351259
-0.0606500921037776 -0.307616708271137
-0.068671195958703 -0.0105598845806626
0.432440323379763 -0.171734843431783
0.0857162236767561 -0.1856332487925
0.0801518695203747 0.0910795428220669
0.168256767270972 -0.232666490826494
0.251401093506796 -0.119601722654826
0.259952926933654 -0.143987596467973
0.00305290856290595 -0.297651758385814
0.00449798856184574 -0.215084137083567
0.165000646830214 -0.082674988146288
0.0917881461837226 -0.0113694320915157
0.0143084966406519 -0.0936162878161485
0.0654565287461946 -0.018126270221684
0.0515467692260886 -0.0570203719605091
0.0871113734453128 -0.119765332333559
0.0552978808245877 0.0237315219017834
0.141562145929529 -0.102172280877081
-0.0411161572472436 -0.113286785432965
-0.0368675636766551 -0.0452606134146922
0.0967339578155871 0.124836512479392
0.0190768710221293 0.0118568883609358
0.297119211987699 -0.0735862047494779
-0.0946943961638054 0.147748020792114
-0.0566466425278558 0.0942603634697009
0.227014955396147 -0.322028531908281
0.428231944881706 -0.096778972956996
-0.0291967681509518 0.309317480643589
-0.285998209961476 0.0164330222379646
-0.180869756637426 0.031273520962926
0.061326866175479 -0.370251896672092
-0.0127235425590585 0.226111478041746
-0.359414637535527 -0.0853364417173282
0.231907821188556 -0.505007725097941
-0.464479200325414 0.0166230004330239
0.117269732687885 0.541267599769248
0.184037055205391 -0.529618896121071
-0.0908176053012861 0.147503952041152
0.589838354706416 -0.206250613886303
-0.0906860460345361 0.245961962991724
0.356041860551378 0.311437055485625
0.0975315091295709 0.49485226346113
0.558120456331266 -0.19928867421986
0.21021237755072 -0.34982481898973
0.254809196893976 -0.477175889488045
-0.261736514317739 -0.0896148651482115
-0.309306424788683 -0.128998067329336
0.303862004662522 0.100926502334836
-0.160652381498955 -0.171223176988942
0.223829458524536 0.294697957122087
0.242203573624618 0.15370787660248
0.032518413800595 -0.0321694788757525
0.269500150568226 0.0600773236092471
0.177356549086598 -0.218422719611174
-0.0260021429393592 -0.0104119103078876
0.154375040744118 0.062783036025366
-0.00697601726807713 -0.0735412000335798
0.224754556663974 -0.123506419810429
0.110764874379336 -0.102653297521959
0.187387349000241 -0.245721526480604
0.030806048356834 0.0891886792786025
-0.104097843812489 -0.0967841885456488
0.0344050103684545 0.0528928753745444
0.157177499966645 -0.0176150301617479
0.134381794923338 -0.0161259639832136
0.143568376482158 -0.2814588026023
0.00854342511745718 -0.38401381652677
0.136275807551599 -0.32049997470442
0.158186627488886 -0.325606206844965
0.20087143203551 -0.355569261745068
-0.0863307352096953 0.0521775968356326
-0.046238706232353 -0.0370141502851935
0.332970696032764 0.10669952868628
-0.0744970794270278 0.125423685054761
-0.406686982983607 -0.172835340147275
0.467683153872662 0.19098188683929
0.343476260686519 0.17127926589534
0.29640617121004 0.384163871577963
-0.177290447755641 0.235644401589895
-0.185288573157905 0.341943051889449
0.351880114655857 -0.0102068158767819
0.236369569953889 -0.1274758619778
0.0397868560411664 0.264223593632346
-0.168980276828618 0.0981788105025874
-0.0205444308246826 -0.340137849746583
0.377425768757679 -0.193022857121174
-0.177235215106783 0.115156818789513
-0.0940386559749732 0.0885863484634778
-0.351570628612326 -0.0815121053688646
0.00489698815259677 -0.317228289932985
0.0525131665421624 -0.18206948503353
0.0318050485565813 -0.161315880651313
-0.101932253385231 0.0877018332837728
0.0958336342835435 0.159711264312901
-0.0250388783972674 0.0119292926562015
-0.0956396379466977 -0.0464311661452401
0.108525871743952 -0.0514826368757283
-0.127231977626383 -0.0921465222755816
0.0674320563195876 0.0241529618826578
-0.0299701525381389 0.0226542005688206
-0.0315223755658831 0.0324563999646568
-0.0982269203350107 0.104065621302172
0.0736578247632388 0.0806678279037373
-0.0823688173300513 0.0687582212462977
-0.043732303000375 0.111892260504377
-0.0786879323164614 -0.14521782017305
-0.143237799822862 0.032857046729142
-0.0713469472292444 -0.00625460233780233
-0.0780259985337492 0.168880793468017
-0.289573033644416 0.00169181290993852
-0.270651692174444 0.124247343376768
-0.0192776101513967 0.278538445248768
-0.0217384752879755 0.199706876664295
-0.322941175482914 0.249705966233809
0.418907921235947 -0.00593699880607969
-0.0629649806017247 0.334818798651025
-0.403464104369197 0.340118222340714
0.0197702996200604 0.455659078354779
-0.535857013234996 0.170926984835587
0.42109338857126 -0.356650893128904
-0.448866875517635 -0.122228251448697
-0.092764459230693 0.480788150978688
-0.41192513882428 0.241333633706808
0.0806471810782359 -0.243049923959592
-0.256813460303332 -0.479776319877175
-0.29954815018526 -0.0371037259559708
-0.451515900013795 -0.292481734774879
-0.447612089386387 -0.163374238388409
0.682879834419206 0.0454107875341677
0.447241378166905 -0.163910398460177
-0.853252907960727 0.134616907932719
0.547758813935295 0.270075582556998
-0.272738967057521 -0.665216596223375
0.715521162481699 0.322397469114679
0.0697022414506936 -1.07841436146177
-0.707463478524859 -0.310208181936383
0.215809907668255 0.473531547996566
0.227010394434339 0.349007858180394
-0.247411533992538 0.922217087301922
-0.248857388777209 1.14057369734772
0.924218512843148 0.363407154620135
-0.492210437679325 -0.92116059331092
-0.7725363928743 0.672720540455008
0.313637067949114 1.44675727558779
-0.532157520479367 0.923281155733243
-1.50859209558558 0.413265778371918
1.18857740150345 -0.398071724601188
-1.17787893474079 -0.482513389293187
-1.26222457239023 -0.414575767194708
0.416143036170431 1.82652295864798
-1.07553856187384 0.896589717661792
-1.66031363253342 0.91370494622596
0.00211761336724468 1.50025335587494
0.637411821855393 0.522005419863559
-0.655575797933969 -1.54698168856259
-0.684087246378662 1.25719848723505
-1.60371280138297 -0.560891709726022
-1.8139673984588 0.975764394609073
-1.44302441394422 0.945741763647452
-1.09238663095793 -0.154182820492557
-1.78205118332734 -0.452594855746655
-0.216126208314016 1.5385422429852
0.482956760062384 1.67190703054042
-1.53728894897899 0.544614126197137
0.812794183470903 1.76308112860903
0.872846470749844 0.988306412051127
0.849746465886896 1.02043407429353
-1.4427753565667 0.30269952904079
0.52825235131942 -1.36829628311415
0.230297415196057 -1.57517162811883
-0.919314046490175 0.978928232506786
0.63759208308261 1.26853155137788
-0.651247720526448 1.0682112127128
0.511704486208111 1.04990267298911
-1.00123980056215 0.10167449999542
-1.00612085600506 0.144924017397477
0.418332782935231 0.835908132831386
-0.898758020031726 0.00772653796746779
-0.530664182918818 0.590693137609732
0.0103362323536202 0.854035496209237
-0.790103250154471 -0.0698422888115465
-0.75647450438297 -0.109189366302644
0.591155888806851 0.54981469364817
-0.267118964185968 0.268937869943433
0.639440320288457 0.575028361925845
0.357748826102719 -0.785388354525747
-0.827952489127396 -0.17086490296082
1.14622740009983 -0.491832576272227
-0.774317466976257 -0.286077299376595
-0.0530446347192374 0.0733695196123273
0.482141828687817 -0.903172153707508
-0.796123882586294 -0.422790771521104
0.789005404403804 1.13056130856197
0.807821496978691 0.679175655633169
0.982110933515763 0.57279685105549
1.5538003040099 -0.625050147154476
0.0918862128020974 0.0763687780473258
-0.315657024613897 0.144462097472486
1.8082495504434 -0.657162971188027
1.80370966789354 -0.798479775411854
1.1574280063583 0.955837622563242
0.375363528962642 0.256394258402496
0.947954648052162 -1.24115184794514
0.702107711039105 -1.27617199884119
-0.820794961972385 0.334328509059697
-1.20816177685906 -0.730463599010785
1.6712378932604 0.477351233612368
-1.1416916104236 -0.738440140797674
-1.09820456956696 -0.679626360918747
-1.00859047110561 -0.666464372805564
-0.737405245013331 0.228189834598416
0.805795853193943 -0.851846171179466
-0.656557431501904 0.830447930662623
-0.403565681550572 -0.453038384436154
1.40848227078029 -0.452306756408969
0.808163808984318 -0.735492557592202
1.28573158951151 -0.313293997782284
-0.199281790018721 0.483463959199355
0.320630688216327 0.81479292529184
0.347170316864616 0.768417184736881
0.595078571869467 -0.651482183127991
1.07500800104102 -0.261500559335725
0.411939921965063 0.653934142986942
0.546585569677693 0.397158248619237
-0.348904663374317 -0.939846064613587
-0.660081775252136 -0.31232268554288
-0.493156092642757 0.178396457447294
0.276886493385765 0.2300795021327
0.364773191301135 0.616957027364801
-0.587401572950167 -0.272902052868884
-0.482505304912149 0.356821348264237
-0.608426519543618 -0.31730243974674
0.421121448584798 -0.392386342847081
0.282500910504098 0.146221821070469
-0.521211012924444 0.155797329629713
0.288485894122016 0.035774797496505
-0.637511698186445 0.0874283179588768
0.33355968965671 -0.199732663637537
-0.255059027747115 -0.558526909194539
-0.324210824949704 -0.261501544222274
-0.45198094907825 0.194700270920383
0.507247445461754 -0.0953066316276352
-0.526886839278497 0.155172751402947
-0.258513151214408 -0.214167623313753
0.339511655659428 -0.0462758825111438
0.0990241845063388 -0.106558558525997
-0.261614399053726 0.228241198234097
-0.179919755858448 -0.152977933172348
0.203582391351892 0.0422455849292351
0.111323436570309 -0.0534253100079938
-0.13808728284203 -0.13067169716686
-0.0953849457337482 -0.191971098256952
0.109305329169282 0.0408253311500071
-0.00827479926368222 -0.013364248658175
-0.0121405738328933 -0.113577977164747
-0.095808382798664 0.0668344109302414
0.0404883975864635 -0.0806067063255684
0.0186429350673229 0.142416340440232
0.0844936421461255 0.0565008781627481
-0.217545719208809 0.0638971624062085
0.0285115060178842 0.0132294757320319
0.038545818265623 -0.0160639001839616
0.131362031002331 0.0224940674543414
-0.138710979801724 0.166214461126014
0.0656615494893765 -0.0899546363188093
-0.113303254598025 0.132580843611082
-0.057619727754473 0.226544451144672
0.0476424301176027 0.0655032814483921
-0.192919755663721 -0.142714721880239
0.0684752055521637 0.266119018800413
0.0217645798349656 -0.198216703584487
-0.369314239261393 0.161989316203104
0.137622123701723 0.180562915355943
-0.483718044395136 0.185514064815794
-0.444400967775645 0.226362028430682
-0.0525573289363429 -0.0704443669179482
-0.0185905207825958 -0.0375104758841936
0.11817217914811 -0.0872272128686213
0.408460636149094 0.0121074267379832
0.0445344015021341 -0.544450197157566
-0.487070809236592 0.117374164521916
-0.0334939981727861 -0.041992867050518
0.29756992800996 0.0200332421003723
-0.127521334864486 -0.241177936780024
0.0197174485243345 0.303971629891715
0.198953882381677 0.0426944063080813
-0.265067353539639 0.0309256435637523
0.0784272712990564 0.245959100082512
0.326947642806345 -0.183566526522757
-0.128277676146618 0.0366204425983024
0.111513696562521 0.10623667835498
0.168646601625098 -0.170136378744944
0.056602071709205 -0.214372241979857
-0.0289045681240482 -0.0418542986091729
-0.231633410695553 -0.0215703241999412
-0.067131309493113 -0.119552786018562
0.236510566110802 -0.00643383916202794
-0.266903978428374 0.0772755393931174
0.108791715408199 0.292967581583052
0.315850331275539 0.0136379642985712
0.202069521461075 0.264552089125418
0.393886669818993 -0.218691826246335
-0.403267089473575 0.138644013536425
0.213753545832701 -0.125741478889965
0.156573707157013 -0.211611623496557
0.0989844257426607 -0.58253169394273
-0.322397958212931 0.339469370034274
-0.00830556954724027 0.304195006076764
0.187556965057916 -0.184852696326607
0.0351663639128158 -0.273978698749508
-0.234058929964048 -0.528873221344085
0.032360134255899 0.281737084734041
0.305300936770307 -0.372839677473866
-0.326661756618703 0.0847049059270397
0.353525909586723 0.530509697818104
0.555716250590017 -0.331241888435372
-0.139993109696525 -0.269311764578968
0.605792663491045 0.0601226627655806
-0.0548465283385935 -0.65874007138476
0.590831759657991 0.109335042379339
0.478242635849394 0.438571959178331
