-2.20229053953097 -0.209644922296924
-1.79372856898961 1.27257892973866
-1.95370080800213 -0.270864623203369
-1.99791081876117 0.0419606179022368
-2.58993385715628 -0.0795920864038461
-1.97898330762135 0.152021553706177
-1.14133682797789 0.343797456064724
-1.72075347075807 0.350422473698294
-1.69362611130272 0.347102593830733
-1.74534219508385 -0.637053440676117
-1.44378967458509 -0.373298083620197
-1.08769119291936 -0.564392640205732
-1.46985324421641 0.110129357007387
-1.37028301180203 0.0327378966817506
-0.897299842949289 -0.543532760109569
-1.40073690174243 0.242270938714174
-0.576482799168538 0.786117616369088
-1.15462933824448 0.0628246023318998
-0.835852554866953 0.463053388910193
-0.767342100895058 0.568450764948365
-0.91498743210119 -0.418145383784599
-0.857489524380301 0.0701139634251567
-0.631280501923503 0.37602378553682
-0.726264707444687 -0.368449800696006
-0.309459782880403 -0.314386198563542
-0.444023880892502 -0.138439462201256
-0.185307432258007 -0.0885801500695064
0.074299884903553 0.0700273755000703
-0.534869179475587 -0.167108665061624
-0.368617035724954 0.251294529168798
-0.487431176809426 -0.00834127221380045
-0.405203000800243 0.0114657354813221
-0.578575789954201 0.171318147101435
-0.428298347737548 0.119917723265972
-0.341323983018232 0.206270366708876
-0.264752642091792 0.208939675191922
-0.304431870577487 0.183489609046234
0.0569677844754056 -0.173164601936908
-0.255041058240664 0.190075254775136
0.092721285013598 0.145162633277316
0.00630362140547399 0.189147534256621
0.290570436998993 0.00916467253949976
0.330578348228858 -0.107216407060809
0.0265283639589985 -0.370868586304516
0.417679560564437 -0.167614635578481
0.108928809626633 -0.691093122365926
-0.333836878316037 -0.737697447515797
-0.457531785782806 0.573797089014619
-0.00413949547347825 0.584079007345443
0.128473146461405 0.53661026471678
0.182878937130953 -0.0496747799965925
0.0672569464125647 0.289070302427252
-0.186143236964299 -0.203175200074791
0.24133718039743 0.250868461071424
-0.00390536969953511 -0.151987483416829
0.0482978829834422 -0.133880140263008
-0.106406820007652 -0.205987884211408
-0.126281467726082 0.158763429007016
0.0915744352188003 -0.0844483348832484
0.0730129018248536 -0.0664095674378922
0.594836329634272 -0.421224120594198
0.105432779809556 -0.473536523020564
0.420922233299275 0.304956840223212
0.397944509492353 0.182014756249371
0.329787898936265 -0.141324716970149
0.326361145653855 0.0103929557927475
0.341696881071209 -0.059388289339769
0.246580126217738 -0.0387681245008175
0.386763133948713 -0.195134126224477
0.20140614985377 0.0683446602341708
0.459768040659934 0.152265625240486
0.769757317089599 -0.314554821882473
0.426722201616105 0.33402111084989
0.421367788475066 0.27012285772391
0.818828944344149 -0.130378027001226
0.652672196578588 -0.269137335911784
-0.131413721588273 -0.627837173997096
0.3904428779957 -0.684641729267312
0.299392304244063 0.445006561644514
0.281046877305844 -0.489120534597752
-0.0672705413579173 -0.412223000054717
0.0296829641144761 -0.40155908433033
-0.144727399091295 -0.255654877983937
-0.293945757811971 0.0200808894605119
-0.473984505374677 0.230983053036228
-0.375873567685841 0.0379730027815803
-0.533785750965809 -0.36856137392644
0.00301012909157806 0.0978011508801874
-0.430425101025674 -0.265080190217395
-0.729507552695116 0.421816955303866
-0.474548766438614 -0.341615836839186
-0.516325783866195 -0.189577349744478
-0.224112395684492 -0.35138847104018
-0.367835107609738 -0.409559062484859
-0.430109906739259 0.469100922583343
-0.164065329361117 0.359685917862631
-0.192088402048475 0.601485298623868
0.101273419666387 0.661733890467251
-0.16202512629877 0.249158227171184
0.385215092800334 0.533850075327566
0.593300620530379 -0.00931167359968343
0.147784754180477 -0.637363084234362
0.695129285945407 0.249894234080899
0.492006652553477 -0.310249637297139
0.45035452584989 -0.453077992667735
0.538704088325633 0.0190195016215971
0.352092492594602 -0.0892972793726637
0.706241783726976 -0.0532742438574063
0.590439531378254 -0.106651070854433
0.466229999682207 -0.108897665689363
0.660305434483957 -0.139869042883658
0.4615795210498 -0.166450618688873
0.888446013477797 0.0594127501116027
0.440505403347519 -0.384051349996358
0.511787587596671 0.132271846680113
0.478975548898351 -0.297464190403902
0.729743599080495 -0.0256016624684526
0.388264353446029 -0.0225698584781323
0.579707355990918 -0.0785107294105036
0.538699431802094 0.144980922301493
0.673513884542869 0.0969927934299618
0.403533658338078 0.368443345158978
0.400030702078867 0.295679389167384
0.595144474907711 -0.480211638163208
0.335266720936757 0.556048428913025
-0.116761469689535 -0.683394646715335
0.0691428937914943 0.473165437015922
0.217035230543004 -0.640402853564751
-0.0330855990634544 0.579023765084709
0.141446569672107 -0.333372453982911
-0.28257387998373 -0.290205986499198
-0.485021649499947 0.0793340126401239
-0.491477568674356 0.0469092268155728
-0.236426844319016 -0.134011660409027
-0.0276851526643778 -0.212805527308898
0.376233252750145 -0.0612442085711043
0.147114774485865 -0.36747951783927
0.360461193618272 0.363084725579809
-0.0563181648157536 -0.581751174063792
0.203233356666048 0.572804489049469
0.541765212496961 -0.44909627262218
0.732769931176267 0.185060310265189
0.204945244963349 -0.0165459645707268
-0.0419278496575231 -0.637224157100656
0.0876704203491736 -0.589946485035339
0.1960667437398 0.592455811955643
0.549348451990005 0.693672134938094
-0.154628125107534 -0.503804032384642
-0.223323057251624 -0.440598937558854
0.317627913563327 0.356336227452715
-0.32311038659126 0.0737968244070258
-0.134257340560397 -0.0384649175565389
-0.0934490061389773 0.0556050896744464
-0.124614526226936 -0.0873032036132727
-0.173583283527172 0.00226113757191232
0.0340043877701383 0.229843066086805
-0.396699324810388 0.0773679354202654
-0.0447471347750893 0.285780571423549
0.255000957793651 0.376357845110713
-0.315576755137111 0.214554238790809
-0.359795029836508 0.240724583894234
-0.243345879031473 -0.464918962200894
-0.0780998162419655 0.419293802393419
0.154678173461005 0.250043294272489
-0.402442980956089 -0.263584325071465
-0.514731573799886 -0.207634542659215
-0.253587836741691 -0.0106596086611876
-0.22347878313584 -0.125437436777362
-0.392837425409521 0.0565101357033702
-0.221300338232129 0.0368531433947047
-0.201026388976964 0.0657039258700222
-0.374966027174284 -0.114141729062944
0.0708687442036912 0.55404944855521
0.580038135818961 0.345262416727465
-0.105429611470565 -0.0742467771078665
0.57253932547999 0.298196649115736
0.554507773183839 0.105360235520206
-0.00192114926925119 0.721859086479172
0.455893476468972 -0.492418082467808
-0.0622219967907813 -0.367814350476062
0.65555796913248 -0.209043980568588
0.682067087287912 -0.132603049292616
0.931923740480857 -0.423033152091523
0.236442683393125 -0.0464260880440994
0.0444473357221859 0.00428973605807311
0.513230071417249 -0.332883829016477
0.164084355883528 -0.169143449398075
0.253565268891821 -0.254505193490047
-0.229762241774983 0.597991073692863
-0.394073177506549 0.479786005579165
-0.242589597075199 0.49655102844689
-0.393668741299359 -0.646626620399936
-0.807470261298982 -0.44320894097691
-0.26810630182777 0.517953041209649
0.35412129613629 -0.0743951804771092
-0.00666469624475873 0.43897970788386
0.277943652626508 -0.052141941441814
-0.0561225742504117 0.140559543116212
0.170821668700927 0.342745308261833
0.147659360662224 -0.467472086446617
0.243302640066311 0.10723567181526
0.275806201060004 -0.160223230476296
0.125766614425846 0.00832469139923788
-0.00208092553121162 -0.0368209000930266
0.098832341607171 -0.257842739492842
0.0043219611705655 -0.236419067678395
-0.266918289695215 -0.153670411216416
0.382806287273999 -0.0369225964249946
-0.201881391558062 0.350252186136083
0.20118068273692 -0.203331309090734
0.332682378837864 0.382497916264778
0.162012740931208 0.0111446453929849
0.309597587375699 -0.0422429969049109
0.183776856472384 -0.0168946932379434
0.491049619025471 -0.0943195218619241
0.559425474842814 -0.100057840706899
0.0198558190320766 0.296259056183569
-0.0419243017739543 0.456462386455556
0.539799226484385 -0.60635471224704
0.455825778397528 -0.614715619382044
0.0442289729863552 -0.205274112138314
0.461196758604598 -0.0936954199414118
-0.460922753616777 -0.635674499711494
0.0758568891192193 0.659478703759449
-0.59108441499299 -0.649592872434776
0.241702779078326 0.737422560800678
0.666930911347175 -0.179095513696005
0.640052005704223 -0.138205244657374
0.232598669015445 0.286975348676379
0.246287562974175 -0.229546114104448
0.0269619091535275 -0.335925804514024
0.341386296613007 0.0906328869696919
0.121858972356291 -0.0520787606247148
0.670632672618274 -0.569023330984998
0.310256895224824 0.223837131284994
0.635939996891458 -0.438885690344673
0.558853500581751 -0.197414629980915
0.424831134543461 0.0629876406690249
0.168027538099846 0.391524796735513
0.502457957837766 0.34676747788287
0.638599248006021 -0.340561604296307
0.642051186235672 0.179454746221162
0.350360566029925 0.19369953475481
0.323710511129155 -0.458498765361283
0.411804702930611 0.533657652227399
0.109060925889728 0.144152631448246
0.69948626436043 0.13570585253274
0.0238196580665041 -0.740699117513124
0.705373835092804 -0.412897101374562
1.14205572280507 0.138781418494132
0.572668902659682 0.53884540875222
0.822538128117986 0.469845223092301
0.681967933935489 0.711039904041878
0.805091447263287 0.576257502105821
0.877985813890732 0.445732224302021
1.37989248102196 0.613333808624548
