-1.43100733524022 -0.500386699359587
-0.977813284052664 -0.416953218260985
-0.578859796482845 -0.906082132656655
-0.293440661881384 0.926287165666998
-1.04272181505513 0.159416872496155
-1.28552322413855 -0.361711941153484
-0.747675387897567 -0.795362488900988
-0.773532572821095 -0.579761129468489
-0.797700876937464 0.760578622054836
-0.72391936036818 0.704812602745425
-1.18282275506798 0.064264420140491
-0.79238003074426 0.716869501522
-1.13850390824928 -0.186733547524895
-0.936415924046554 -0.674164220691338
-1.30987611814032 0.0819227056737927
-0.992663746881373 -0.670175597474583
-1.29303822763302 0.0535516452994434
-0.959460674759119 -0.620768147821417
-0.72247379689946 0.753455952070307
-1.4192204575098 0.294674184938244
-0.393860513753666 0.816039117867602
-1.09315192437513 0.0233435236378574
-1.20603079332117 0.347467526599499
-1.46922336049961 0.0518376538870917
-0.759317380816986 -0.540742333866079
-0.92334598635487 0.227189790476845
0.103590442915363 0.763514154161646
-0.767628076671586 -0.777379780128014
-0.411015988762696 -0.316528879792658
-0.544097999917013 -0.626029853232296
-0.79658694708676 0.0614288162348802
-1.14996149866419 0.0626163503639683
-0.583453646947002 -0.797837196264931
-0.822100254207365 -0.0101663323162899
-0.477536440808143 0.897208360451655
-0.814033146453169 0.0725620951102179
-0.315307015895529 -0.749056362609625
-0.880021973485908 0.0978260707759155
0.351588262026813 0.720019534740786
-0.269846127809137 -0.720830686099185
-0.288057795693465 -0.750323618651719
-0.672998913557449 -0.0361975339162503
-0.43099896882485 0.222982039827707
0.57609230022978 0.59904165974743
-0.1663588253938 -0.696558293675848
-0.126889670135791 -0.69285368466759
-0.103412577087314 0.632219789378616
0.463534187195449 0.783058280071908
0.283008403894976 -0.894528198035291
-0.114799891426227 0.694725249834403
0.597902975959715 -0.386171532103345
0.758516497667367 0.196594608589214
0.428767648222543 -0.330176590949915
-0.600864690676925 -0.0843774796960192
0.317022337481693 -0.335010918926748
0.0637707712982506 0.681689046880135
0.0266009361790959 -0.567699884066141
0.140912621831183 0.619131304342387
-0.572287684131859 -0.305664877639825
0.0181372078934837 -0.563496511283345
0.583264171710762 -0.489495588791788
-0.000400462031948531 0.546719707998953
-0.616849500196497 -0.069477855817051
0.075244321370255 0.0176678886253353
0.38492142233726 -0.442539925806376
-0.236806189190656 -0.957839319335838
-0.298784299254039 -0.436011423345745
-0.197551266002875 -1.14339591783864
-0.301175650163372 -0.497205958434915
0.867688867232535 0.858021966133167
1.27302661092599 -0.0511376266399824
-0.506216488375671 -0.514668022981077
0.356178350496443 -0.611189387104837
-0.0542948642474983 0.936017358290217
-0.337041405647346 0.48347489146848
-0.0875732987245651 0.901452233094858
-0.495535194125605 -0.417877421655303
-0.439951857893626 -0.357101598389568
-0.326748553488691 -0.9671868732878
1.02695443380387 -0.00944031831371071
0.0794641905207483 -0.739095401771653
1.12820358824131 -0.0475147322034081
0.20793058138207 0.664198285801653
0.0359304140636139 0.815747828688592
-0.402959587110445 0.247853553282089
0.845367657094505 0.779886149030251
0.0856840160264139 0.939047783930841
-0.50218536500782 -0.272857565003756
-0.284960403286112 -0.94091946091755
-0.566893324888297 0.353290684212087
-0.54489989733617 -0.0131075356616968
1.41151405724767 -0.0451140272401304
-0.235657138886259 -0.329494929343769
0.141860226339499 -0.807478689029987
-0.210068597110856 0.189683926304202
-0.42433506618259 0.239859508850577
0.60034957741591 0.0864460102248005
0.276883271146234 0.605105069135942
-0.114128388269316 -0.129797535631317
0.731477144270897 0.447714989757091
0.265610953147117 0.565245252060793
-0.0131319963686322 0.0577565224723719
-0.0678693047507962 0.125678639961224
0.404386291986723 0.468800265215918
0.904379799707323 0.267422304897974
0.122384798580629 -0.00610386889413755
0.79172863581431 -0.254706700548796
0.676894603366525 -0.232597794476603
0.626367422528717 -0.200101079002499
0.774076054623884 0.173237480135922
0.737100219515057 -0.286034479227251
0.540555512639409 -0.207460553568538
0.491073579453594 -0.164149280470232
0.403295689747247 -0.261682351778732
0.419866603272111 -0.324754749209943
0.170700357686968 0.0276184651342056
0.0658107953356523 -0.046711913123872
0.264110275488246 0.479883257243322
0.0406860363332135 0.0195340355100333
0.188023257884589 -0.504772349836808
0.582267372022449 -0.273777177523445
-0.0720898103706719 0.141192397954684
-0.5356509254509 0.00389431997509374
0.00562669168786631 0.391377665053523
-0.0860811985863258 0.311813822653397
-0.0966689525028822 -0.261462410391837
-0.182264542599987 -0.0737219361653619
-0.180475447768594 0.00180457924223096
0.221908181883504 -0.366351427232463
0.653195237562153 0.277845811435746
0.0469284014755075 -0.0331800302517451
0.100671908258851 0.0963761964459876
0.355094612136242 0.456012245121196
0.142899042476431 0.156135924522467
0.630340799772708 0.173281918383593
0.345513152854339 0.154062363297717
0.27071959125047 -0.000413022597908364
0.553463369925986 0.233376084767097
0.358949738644142 -0.0769617229245421
0.521490082653443 0.180438563038018
0.27153190200139 -0.0863391305297594
0.520761366628931 -0.13270107889462
0.544078104041748 -0.212288778892305
0.488805768903428 -0.120456644100033
0.441046092592963 -0.0973731913044265
0.362365813207803 0.0720951742370163
0.560313501181035 0.0765733506767448
0.448932384339415 0.200677570474895
0.419846171705608 0.115191612457201
0.356999404471916 -0.0792634403594705
0.525739962995555 -0.135036876789035
0.616988168908381 0.0334118878555669
0.0623248079387517 0.426883502375867
-0.154401093819584 0.263971070042949
-0.116822350600933 -0.019493067800767
0.757212840432012 0.163677231233537
0.911456702806207 -0.0442928357432813
0.579370377504293 -0.462731540966186
0.528243429826533 -0.0723325848960155
0.260108157087442 0.490764201410989
0.791293371434347 -0.33387671807131
0.724671149570266 -0.382662157534734
0.488175604696193 -0.281438139483056
0.365460782940846 0.00771043671411215
1.02091491783585 -0.071607990527299
0.150474996672951 0.0756480750111443
0.281273106227919 -0.0157311482189899
0.811695838279377 0.241656743014284
0.280777042848874 -0.0360621908066345
0.23082725638643 -0.0646957875945529
0.162719251440635 0.0162181581100811
0.259416896076176 0.0387869561493044
0.23175959896116 0.0915056860525537
0.929619434496248 -0.0336651840487087
0.399173355216834 -0.230652691842275
0.604026708457533 0.113625209380646
0.302593496394567 -0.305124992637497
0.118347512626985 0.0636279978891177
0.485314952897547 -0.174809856186428
0.509924121868195 -0.0636628675180976
0.473271348266669 0.0194746058983988
0.805295199824123 -0.0474596792626165
0.752731413836422 -0.0500056063433423
0.643942692349733 0.122173953344359
0.659940780653453 -0.11539859537792
0.464348081172072 0.135404438622877
0.380181712171248 -0.279703859616475
0.0939743672448592 -0.107491422767051
0.436580002333336 -0.0634775169878692
0.438565663701178 0.01962526359299
0.447628513763284 -0.026204580400079
0.129257903074609 -0.301079618714746
-0.121979743530515 -0.0787708190127093
-0.152151188596626 -0.110563696948473
0.633521421458395 -0.0294059429450897
-0.188986208185824 -0.420613770644747
0.180031338745256 -0.38955896359194
0.0747013840753009 0.271826944559716
0.496693658694576 -0.0594620893164988
0.606592064940764 0.0502415945664763
-0.543292935815827 0.0597778484180365
0.117552245195807 0.432446561536783
0.350918436970993 -0.64054177486425
-0.369459057429916 -0.150123502212387
-0.695444586338996 0.0117923264157026
0.291357612531203 0.392135887712553
-0.14151132312507 0.618768067237247
0.411607237054394 0.496788047883944
0.688282327979313 -0.010371803342788
0.384702773192647 0.413268898478797
0.593891520507949 -0.0522496581389101
0.769147041613906 -0.0209393931201459
0.272301636136105 -0.443317186687458
0.380560902716996 -0.668975708189016
-0.242397869048218 0.549674337308877
0.428092650036345 0.552208252701213
-0.0514204908706974 -0.58988845883969
0.456414677432304 0.461520897317167
0.35400516541525 0.404846540670691
0.368485545504607 -0.445041665943667
0.0353776392334121 0.406343083478412
-0.03139157948329 -0.29692020163949
0.0439600535478812 0.267179619054397
0.569322058339978 -0.039109512073969
0.59712678059657 0.00720830922304275
0.655452967680809 -0.06356018864652
0.630879339139933 -0.0012298737011671
0.680257624710335 0.0166342180509455
0.50979503155666 0.137468206799895
0.498296333673055 0.0735131582560436
0.430257531851827 -0.0232575963287852
0.662021226873189 -0.160976057120494
0.879139758219627 0.0479186555660114
0.590904489255909 0.269714453053786
0.681164597721457 0.287409162749943
0.482826465452793 0.274937847768584
0.393405861059735 0.0551323184105028
0.455916889286961 -0.349127120946831
0.702442591594835 0.200851640027911
0.947087914425811 -0.094919873450215
0.326340627155652 -0.356231276073741
0.131310308467545 -0.220041772109697
0.599303953955607 -0.000229399110489579
0.868636769120355 -0.0012830106073208
0.483645672463356 0.355117801157708
0.804303843635129 -0.0824866064253622
0.207352379763013 0.163474767440651
0.327379772673091 -0.431675435403566
0.225282675307074 0.348591678488516
0.490425543035586 0.0133919478684046
0.386915181969686 0.00744640626108641
0.0401997370411398 0.0714537966914226
0.381766952510124 -0.0085283488231462
0.18828950019457 0.20053123397486
0.253876217137172 -0.207662966993184
0.345266554351061 -0.0499564684953408
0.128030662459871 0.214303811451317
0.157009302518501 -0.153036015297496
0.296801156430172 -0.15924854064578
0.418689705148381 0.0375119666711991
0.38205297824285 0.138610050147598
0.291570315107836 0.11259166088684
0.329711924758642 -0.0726162433718431
0.57989567696983 0.0254556353083322
0.522243274134088 0.0338587697346657
0.517204775431213 0.101004577327518
0.556801101384297 0.143600069858353
0.498687929193865 0.0676264208510259
0.541666087940985 -0.0485849566219488
0.505191998173323 -0.0469318413275336
0.422963445813513 0.060721077307727
0.56972886422843 0.00414391746075834
0.544535765121976 -0.0383480244379604
0.582160449733172 0.0112554925206588
0.426985457761316 0.0321610326509693
0.543842103630602 -0.0346090945496273
0.464888164572823 0.0840781189972798
0.4205230684679 -0.0440374357710783
0.403267984327308 -0.107479795619999
0.261949147690676 -0.0276891596404781
0.36008047167037 0.150945872082204
0.272209098102462 0.187268737244463
0.385053660216077 0.133967025224558
0.42947278398386 -0.379333468293028
0.239170564617106 0.279429552825372
0.281203247881457 0.100661858417844
0.0537643663190285 0.12019664104047
-0.121719084485686 -0.155293364221118
-0.0502551286268943 -0.065636864104086
0.194669060183239 0.182463822181639
-0.0217690939487201 -0.186288872946286
0.0481113909523982 -0.165890824343012
0.252206618933269 0.0560846780489709
-0.0224762833478032 0.34540813985249
0.0701515282801564 -0.343395807856113
0.194761720793171 0.229035271963106
0.0615361534648739 0.382396505099407
-0.0799825668825784 -0.382825206345594
0.479380505322428 -0.200961982735863
0.153034770633723 0.348855070964625
-0.0208347958058192 -0.0324288425645287
0.145116839092402 -0.239892358603896
0.393589862262519 -0.21294930076079
0.309768964289579 -0.082846149682008
0.142532252603061 -0.022917491721338
0.58455441086328 0.074243148510729
0.304144442311274 0.0514078546038309
0.24157664139723 -0.0685395833186958
0.292279066273753 -0.150550629931487
0.39179584427298 -0.184419953489239
0.528154373960698 -0.280650641389196
0.280634497250274 0.337223181506847
0.475311302935537 0.084861867934732
0.353941028929205 0.0936598056591689
0.232339599807669 0.317255537451777
0.268002774113921 -0.34527928474627
0.347301643047298 -0.176294261947225
0.280050836316652 0.142413213452028
0.223867971388071 -0.118919319910982
0.063585687355027 -0.279641768388718
-0.0696537192052173 -0.0596107942700942
0.0961089606752253 0.202398926174045
0.14914742955173 -0.152784583152361
0.230456288012242 -0.0345074120308458
0.174426923898649 -0.068128213509
0.335952947892982 -0.0582598112702019
0.192942002521071 -0.03125257991934
0.233168393726753 0.0405002128637888
0.266740154397652 -0.0480150774922229
0.286862860863968 -0.0160746141984571
0.329587499871491 0.0340606954454264
0.422277229117078 0.0107798656197635
0.307487862091848 0.0697510959592524
0.467385403185468 -0.00194445283394244
0.340401848541478 -0.00582893775061047
0.400048296576865 0.0154359649684171
0.372540628671011 0.0242557687296308
0.455479870384171 0.129019401365619
0.199726892275707 -0.195182742870858
0.184662572276416 -0.105654286013103
0.172925459809787 -0.268303107488175
0.185906917738353 0.0407326624346177
0.156752704235501 -0.350251474796992
-0.0829591551739178 -0.348335122218271
0.124710197038593 0.0250999822637071
0.0330612026235962 -0.0406192802289768
-0.0603413432069112 0.0102674760599882
0.294547679744697 0.165738122144937
-0.0327998078989333 -0.191487503211536
0.114719411387416 -0.0888145635298701
0.0376567137120444 0.0481893721773062
-0.0932695887407163 -0.0137526494276297
0.0602321238003111 0.0734968256772343
0.0637340211079954 0.122265477035651
0.0172218856207892 0.0684180175340583
0.0942981540166846 -0.0505695742371097
0.057688333632365 0.00863438078784513
0.0911036508755921 -0.0102789169108767
0.141005905674684 -0.00152053131765405
0.16271921814483 -0.0746707789854437
0.328363577264481 0.00312979364824098
0.145803169881329 -0.154817968441255
0.216781757240647 0.216386332037337
0.215530235107142 0.275791585046884
0.213240152293973 0.338971007748933
0.329950252466365 0.330124297902832
0.849821554454539 -0.0218039363247247
0.295227411515877 0.468174983919151
0.28100704573403 0.424546652473396
0.41947697598093 -0.228825867172959
0.282137701110619 -0.205290403530618
0.0719255717547752 -0.00182554245760042
0.161250306112416 0.0034453607866465
-0.0273598964527546 0.0217427737333492
0.312145414058024 -0.235362951707174
0.34666147336943 0.300100384380234
0.309783012033089 0.233618290048471
0.111063150243889 0.0648834147473874
0.0989119486581615 -0.082542593054272
0.293561275439281 0.235969836928889
0.38450018916633 0.252652612358928
0.287435718926463 0.117729571208183
0.222082332759521 0.175660126648376
0.00832465136453424 -0.0301360316539799
0.3404211208517 0.171999685358695
0.443687706106947 -0.0562915755983153
0.0741876367228154 -0.132732069818041
0.323524254394745 -0.248636896059991
0.409807220436444 0.19937110948966
0.358220873734153 0.0810195477544676
0.229395786334527 0.205989235401233
0.261751363273815 0.110092068611104
0.394671528672822 -0.0506063815768333
0.446936523971022 -0.148606328919281
0.0874535025548821 -0.231007798770527
0.310978158269144 -0.466617531191352
0.0653643871770336 0.22882430829073
-0.0543887850927715 -0.367549181680337
0.240140421534364 -0.262548804313758
0.105656953022681 -0.29396503239026
0.158261180285036 -0.206650362197283
0.424710678371393 0.201837113405034
0.620033488161709 -0.023345737730106
0.182875458010415 -0.114076873628611
0.421561813218963 0.29890877793606
-0.139589298620716 0.147080535690537
0.0515020931772925 -0.445941526705541
0.474210828580082 0.37761402786378
0.0496936199450562 0.25354351058738
-0.00169197574342835 0.22206447545212
0.485969254256299 0.146561964640549
0.100837634423054 -0.211095178501715
-0.276743848464305 0.0246020076317065
-0.21118725473471 0.0471671799446591
0.176756126882401 -0.0534960349108394
0.216900474134354 -0.12352718316045
-0.201383420827947 0.0151541297764224
0.0414389033408838 -0.292182315382225
0.153256474971731 -0.00705118862367175
0.508455166072782 -0.0386990572390281
0.0657044903306344 -0.296068150963223
0.373244896573598 0.244228162631621
0.7979478379955 -0.00104211335422214
0.479613186250861 -0.378776536086694
0.161922279848266 0.205552681351489
0.810055052875784 -0.0994887255941894
0.778937802346439 0.00951725878110637
0.58149350658962 -0.359867263831863
0.569044386922584 0.190323142350137
-0.11207671159152 -0.00167266208742205
0.227969120482341 -0.210933836705779
0.101936228963845 -0.38039161642059
0.291541917770323 0.317718552520908
0.698489266381547 -0.0401692571963247
-0.121445112944965 -0.458433096410389
0.421302027839914 -0.296983917094524
0.231830343481866 -0.53264392792753
-0.126206808401842 0.342665304081132
0.247006689009219 -0.0218861619118797
0.121339737336729 0.377417389529565
0.456818892751203 -0.00910285374274679
0.331460847856809 -0.40978852419748
0.488200634544393 -0.046648247359287
0.0629208372334092 0.498617061367908
0.292198163974326 0.312466288739057
0.703098673902681 -0.0263171177797471
0.408329751847389 -0.0928643040039761
0.25417175601993 -0.042306415324297
0.0526236629087269 0.0751266355950069
0.175259374440793 -0.0180439103838873
0.485610367057141 0.0469637198487553
0.433429081574779 -0.0683414882920001
0.415681667462707 -0.094590071571656
0.237572530676836 -0.100783251332266
0.46066657466519 -0.0439517651612235
0.423340942111639 0.159618552882514
0.382850868727218 -0.285140715066758
0.188839706090939 -0.0566779588896416
0.650112733907475 0.165962548718776
0.0685907665357538 0.111881320988027
-0.151822614168778 -0.0105694684863949
-0.00312144776837321 -0.0459712660428348
-0.137443601361575 -0.21199483400238
0.631458060565628 0.459326722196176
0.298955888283575 -0.0302299727506847
0.306907078393794 -0.566417496051807
0.212005035010996 0.00707092115627854
0.461293466996273 -0.229711348412683
-0.104625257052483 -0.417431705457955
0.603160111528129 -0.370832668873944
-0.79440701457125 0.0475034825756883
0.517656817770579 -0.724538116407915
0.320444358860286 -0.84662590521823
-0.0500913882287522 1.00220423519735
0.437692675635158 0.877609766175118
1.44988608866025 -0.0892981703797435
-0.938936051651669 0.0596446245052763
0.24289384650704 -0.991147958860475
-0.959088955988509 0.0256803258375603
0.571082577451205 0.327846685053169
0.519378865240517 0.290924528237848
0.968120529812014 -0.0687642906438947
0.361301446027169 0.00868604429364778
0.819257087574393 0.0125231176252935
0.085071151678124 0.684275778701088
-0.0320930203563578 0.742968961258685
-0.0448644758107105 0.70164947399981
-0.877298206184415 -0.343614582047271
0.712475964025104 -0.0477356751757268
-0.476743939366368 -0.753548635055434
0.303344542490889 0.783339185395613
-0.355729368234676 -0.755944527512581
0.326325000561631 0.621856814483664
0.313522861877697 -0.642711864073641
0.37297730078558 0.569238714070568
0.766733712289225 -0.0487306717652389
0.43964980754012 -0.657673353924126
-0.418593746874463 -0.254527864917812
0.362167200000999 0.638325611447285
0.81522537584829 0.0553075246762497
0.433130318159747 -0.587991410763115
1.0971943697433 -0.0602718396061709
0.0388186049516209 -0.651203977063774
0.825914009306632 -0.145624589357982
-0.49388679560197 0.727888513604309
0.904146447956172 -0.0791744732612849
0.389163153115736 -0.0341264301269095
0.311661800035722 -0.941606083700277
0.710717722625586 0.141956680015512
-0.0305946015892057 -0.644022613710422
0.401884652164371 -0.275921844541041
-0.00927520466021814 0.791822034069324
-0.472230641601434 -0.883997155935684
-0.342984599291405 -0.517368771089406
-0.021359492680123 0.902877705195231
0.00777897220265326 0.781973473868507
0.0202644267403481 -0.641092710394124
-0.558030151886012 -0.371667484809421
0.388456801511775 0.215580030134357
0.00175673774870147 0.650822469668406
-0.195549023995617 0.188723976659482
0.015655391573313 -0.525564918446586
0.102900205930747 -0.647716753175477
-0.0432146781565757 0.489483688888147
0.579802448757216 -0.0304479360985569
0.700283833571476 -0.00519725846844201
-0.0793420143639923 -0.592707597119663
-0.000662332613581118 0.715192721331743
-0.450552588030112 0.527459923939134
0.37781207755228 0.0982087721165041
-0.0979676521046878 0.333946507018828
0.141020707395252 -0.509771932210289
0.0363345765533334 0.351383267309287
-0.012967097394913 0.279021261603427
-0.092630517593459 -0.267629101680397
-0.118515257572964 -0.315271507799973
-0.348850154205656 0.285793781951791
-0.445807961143247 -0.478271851926296
0.256800699606924 -0.112010306678877
0.432067059449402 -0.0361275726961407
-0.564810324430188 0.499214578875989
0.322138419318244 -0.146511500279036
-0.10664305973182 -0.502235167651711
-0.281560106969118 -0.550434353068019
-0.374463854398711 0.678947168730001
-0.566668639121583 0.429486151158606
-0.339020431850901 -0.444348699630539
-0.223974550732677 0.3301004877896
-0.18235133973725 0.407497838633839
-0.438438353929158 -0.239473685055662
0.137555934866982 0.186945901688295
0.00258092550311573 0.419692258241643
-0.219851868581647 0.386082682213976
-0.407478273882971 -0.0667298446387773
-0.383263980404351 0.0558455081472248
-0.120645735252643 0.100490800167059
-0.0431967368745509 0.179369163253652
-0.264947736674047 0.29764840236391
-0.366024524926395 0.115635979373501
-0.234075379489847 0.159251045705381
0.16674686232365 -0.0411403617185173
-0.33100524261056 -0.319378666568485
-0.0591056949966207 0.144080536532449
-0.290175102586987 0.166563346868073
-0.104307689245518 0.44500458294087
-0.656529527336975 0.336003145282927
-0.241470795883093 0.593446050892327
-0.865129916003061 0.0257285734529845
0.164903774243553 0.246495189163493
-0.511492839368092 0.117524010005488
-0.666246774398839 -0.492444876785628
-0.236005282947613 0.135148633233124
-0.413243520105918 0.331671494832151
-0.539721988547991 -0.100813449976989
-0.435737382598915 -0.141632108227057
-0.734676036653728 -0.0360064939228239
-0.54525485515112 0.499569442230556
-0.44655565803563 0.517094239002648
-0.55643209739135 -0.050016880295755
-0.519542518891789 0.0962907973927192
-0.348944546505882 -0.288104769198451
-0.388219059522043 0.333106542991263
-0.228819896268189 0.177587877240769
-0.335520974219242 -0.365550455031706
-0.545737337659029 0.360128514829625
-0.891463600021834 0.0828568495959317
-0.693914455524195 -0.0163670571330101
-0.806630614738498 0.0450198983260192
-0.706233972472354 -0.109720392708912
-0.969732741314622 0.0578283581819646
-0.766601329112518 0.429730791243733
-0.785481058229132 0.51543542426775
-0.427282969115101 -0.447035208293517
-0.397364217541209 0.239693406926926
-0.252504227582128 -0.42973443000643
-0.682513633356619 -0.145927197960646
-0.860278586986264 -0.1315652949598
-0.505815841424081 0.539822653644546
-0.802401923347928 0.107738119219629
-0.682545738233002 -0.108449155343299
-0.49406684136247 0.460349523801979
-0.752914971831268 0.0598613186693946
-0.727841079213961 0.0186533230017706
-0.507542140138946 0.420451969578157
-0.222264431784128 -0.361531036418281
-0.448236214989958 0.52694743315787
-0.845003999258038 0.0680851285515125
-0.94930595240044 0.0271687024809184
-0.897142353555026 0.146741435158713
-0.496472353952398 -0.575735249732864
-0.357297531599862 -0.371764408956626
-0.542947946183326 0.570601923838986
-0.929729960544895 -0.194781140394012
-0.453835980831184 -0.094655858496969
-0.951092257800678 0.0229519031567914
-0.9630910726715 -0.019825760173551
-0.71695503019068 0.0678802081260621
-0.354986832197419 -0.617504771683928
-1.06189199206539 0.23513000077419
-0.488027247120946 -0.3329020117091
-0.89592817344518 -0.679329688156126
-0.929037820891367 -0.714303656856837
0.403838057088175 -0.0454400318554052
-0.733115817304632 -0.722057287554252
-0.784863909279334 -0.68453694982561
-0.202032971782896 0.484071539089538
-0.730278684176361 0.834287011779291
-1.4417552381065 0.353289421946806
-1.30156795596685 -0.280150505673879
-1.56256820520312 -0.228150740418481
-1.0093957099493 0.636437107915953
-1.60045225376887 -0.0623078357369859
-0.983500038252894 -0.723451335545869
-0.839621207596715 -0.901912117819954
-1.14293599011226 -0.404842459573089
-1.99341632989371 0.086206334297382
-0.834944419238008 -1.01299142876018
-0.779012858680096 -0.935666946226799
-0.982412607280113 -0.689446874144244
-1.65114426989514 -0.604315658654208
-1.24769589705657 1.27479808140662
-0.571223522695303 -0.0365093147386076
-0.391541399275471 -1.33696396698517
-1.29846072328625 0.602324117367153
-1.78805953092785 0.825954997569193
-0.567056678888628 -0.159227104100658
-0.989840177735257 0.963056254933011
-0.539518952323027 -0.132362225826444
-1.7197931750816 0.699865089008862
-1.413525513781 0.505411493801582
-1.72210471631145 0.667991824559335
-0.467502494525952 -0.366962792753924
-0.229491319745428 -0.491451639667267
-0.976837838464384 0.990407287885907
-0.903650751565603 -0.877942088486376
-1.64186082264606 0.0156917770853717
-0.241333322249674 0.230392655536148
-0.884210248630082 0.760631862871258
-0.740693989298544 0.0123872168301366
-1.21409403880972 0.213884316676427
-0.979735839348263 -0.467151174308694
-1.50723212799856 -0.30525791399949
-0.739704953311232 -0.732035545955931
-1.45501370955221 -0.0606074944820686
-0.802985993034789 0.545290294139587
-0.606588665982173 0.578389140230429
-0.0688527005277024 0.100069385000868
-0.258896321225411 -0.0297327557549271
-1.48005572930912 0.120472056716035
-1.37856165397713 0.0669477392376691
-0.618561508658041 0.494945056992881
-0.554118182053208 0.702983731959415
-1.0302909283757 -0.555531892697328
-1.24438621248447 -0.150623001442957
-1.27577836779935 -0.0840750363306346
-0.0877847256263979 0.091637430382363
-0.635382806182756 -0.555694407612018
-1.05838135590727 0.632492382618001
-0.0625101624611133 0.063916362104701
-0.0922879651958092 -0.00856768769855363
-0.967310960141386 0.601275056171281
0.10541682515733 0.0796963674284894
0.186588993429815 0.00782732999664491
0.184990813221916 0.00440229802023907
-0.0945814762334665 0.23556324810703
-0.413530108511865 -0.714963227202021
-0.820393322658573 0.822696575644712
-0.672880881857031 0.560994289499871
-1.08132289898252 -0.346313259763442
0.379027169134765 0.0310651894006131
0.249657261075579 -0.282420262108653
0.209209788770421 0.269123119360941
-0.158731967138109 0.839046094956705
-0.732803121012159 -0.34748380778101
-1.37773157821923 0.0843788427386322
-1.01842010332736 0.443987976541857
-0.659843057747583 -0.776191180975101
0.130112314617765 0.933836203687866
-0.335697638519263 0.784888006579801
-0.750423007813472 0.318892102228566
-0.289210564475554 -0.849605976623301
0.924632620240155 -0.0269510029630922
0.363125352375633 0.983905031006599
-1.30826237755438 0.129032953164311
-0.716354042289311 0.260827475023361
-0.710630002753075 0.25829602034378
-0.203902631430782 0.941759559983491
1.01802011042765 -0.0105559553443594
-0.0105600526584579 0.740641548475955
-0.685489846244009 0.197921975875788
-0.409443792391292 1.09300054210464
-1.23251452944431 0.081202886033909
0.610586807139872 -0.868878788252794
-0.745136882575872 -0.185880775653915
-0.0952415737353712 1.04219467482018
0.0269673891860876 -0.860985014209787
-0.876020619068641 0.13993188489691
-0.72742966654457 -0.172259958391704
-0.667534191178193 0.135192281748071
0.459762649252484 -0.84251910175271
-0.0942297732400419 -1.17717976627262
0.956499184982876 0.973642490123504
-0.756743983348108 -0.320035064035885
0.0658497053586445 -1.10665750759265
-0.807079875116902 0.0347679094255759
0.270617875797233 -0.773424357893343
-0.232781265635921 0.312638351532543
0.552314613308031 -0.219855143426739
-0.435186176718429 -0.652023260191258
0.0727905713764702 0.0573269466963752
-0.0503941154974426 -0.667079048353119
0.755384763424491 -0.0697164396370756
0.321654844384747 -0.258887874749039
-0.00158176769202233 -0.455245818537346
0.236282234487319 0.0323297096786576
-0.473163129697912 -0.33533958618529
-0.410670684110304 -0.480893157052508
0.215506694881305 -0.0159586737560834
-0.518478863686268 -0.416131004808325
-0.24649771961472 0.451814163796536
-0.0270451227988825 0.494305925426596
0.0489185073103159 0.533099252332733
0.0670155066270877 0.581270744457731
0.0902601045462 -0.543348681813809
0.13111740971412 -0.537456701375192
0.250338456017924 0.542004096282902
0.602091717245371 0.559014075576007
0.253163110320827 0.468744395456469
0.639201835954038 0.480857840713664
0.137072474826571 -0.257753390726398
0.801409122762859 -0.238977328503636
-0.0209622626548491 -0.245994027537148
-0.155696070991561 0.0121142074004118
0.809245927162574 -0.121150665947292
0.922846756286893 -0.164953540838126
0.730797626004893 -0.0595311265452204
0.287461739124278 0.457529405745785
0.134410520461962 -0.426955981365129
0.567388777288002 0.333891267643263
0.578012545495687 -0.531458814092606
0.945519324524988 -0.063955225681388
0.27296090823933 -0.552470652461758
0.877033382394018 0.463709009955142
0.51838275772918 -0.526181593489773
0.783791494170696 -0.459312029084777
0.503945992721616 0.524365625784234
1.07251029882385 0.246868054779326
1.36046954880116 -0.0174437722294826
0.54083648202448 0.414390972519412
