-0.758772850225977 -0.645207035322899
-0.425035043376703 -0.890745205546546
-0.898442394641325 -0.475319458847136
-0.554013993594084 -0.871413903576505
-0.929684750868655 -1.06174295647176
0.0574352538598986 0.387024744024069
-0.525141531124913 -0.973098723878568
0.0873204857519735 -0.623623506134985
0.0527261103646625 -1.24172760264579
0.0107473744372527 1.06802647411696
1.28237928450358 0.0405103699590691
-1.40845037058261 -0.0604880758484696
0.174183686561085 1.03812770081179
-0.336758556756816 0.701226162896262
-0.531092365232362 -0.585027679988662
-0.729015708578847 0.998564824318973
0.449180468604488 1.1735093414231
0.606014824034519 -0.73705282482806
0.228101851064297 0.936058051894877
0.369268324947629 -0.828045546663181
0.634756779461745 0.855522750085177
0.879066421005852 0.0657931447904219
-0.26211539581747 0.426305224483074
1.33086027381421 0.00200991305592432
0.13096535498989 -0.164876864851436
0.288811938494534 -0.231426242968665
0.660784969070437 -0.701718998536377
0.918760663670635 0.246805636617337
0.546364081921433 0.67704730147477
0.221857190860427 -0.363892931816974
0.686485134082305 -0.151609770582496
0.988576641356415 -0.205856732348053
0.749634357959365 0.330649117270555
1.21280430714486 -0.101539253558862
0.701316508420038 0.203520668779954
1.08655964527026 -0.209358454727737
1.16711614655082 0.364137946198871
1.28844544058516 0.0596481882389205
0.97405314303683 -0.0741133840396244
0.97646976881457 0.14543665869875
1.19871372726438 -0.0524699667862201
1.09915769735596 -0.00459043977231201
1.12664218436895 0.0503163155463164
0.765563356159385 0.0270646967563166
1.0049371593839 -0.0177987972402571
0.871530391494512 -0.016986346572273
0.933551324596536 -0.0679852811152181
0.580278360295676 0.0042824480618133
0.680857478964802 -0.214156771159973
0.453385114465175 -0.000353637952071988
0.847361149695012 -0.176906634036953
0.719902733982105 0.300671662476839
0.751802399012953 -0.264740939198421
0.696566852098873 -0.165332554435713
1.04532423486619 0.0109383207838166
0.509359533703387 -0.141228512399241
0.605802548182558 -0.308222749096567
0.381801494151551 0.60306519661747
0.719458249958981 0.107985774264914
0.147286870625475 0.717768211069675
-0.754165879348178 -0.0267390222020961
0.390974136087071 -0.720323157574826
0.1606338644715 -0.86812121684829
0.30702235224335 0.859623452025153
1.04546858222286 0.0214592345823538
0.606341103701332 -0.91630486533734
-0.354049991905654 -1.13288147489673
1.17480628993944 0.0980594365467935
0.622834828854115 1.17985036902679
0.448694025823249 1.07910910634555
-0.914728586067478 0.619589586723711
-0.845388026863008 0.684418053731945
-0.486700639889948 -1.37777052447801
-0.17370766714738 0.851243541172459
1.17934788183519 0.567763328863792
0.123327458187858 -1.12626565677078
0.614541536948389 1.23383163877105
-0.794476342731281 -0.505350991923858
-0.149208631779012 -0.936469032337866
0.0805098594150023 -0.956959133755529
0.339129850562287 0.475685576118826
0.0264710329669183 -0.826146421572555
0.121385898029881 -0.745704059399809
0.578588734736426 -0.639858385648453
0.235792517329966 0.478747738660251
-0.380467517526339 -0.0945202941001741
-0.397667699780725 -0.105347187094844
-0.451277370560793 -0.00924248203073472
0.187748866571541 0.335966946518985
-0.440547210508361 -0.00123798120701352
0.0373359605723142 0.713233518490633
0.0778070329434254 0.819455594604909
0.789148341762553 0.880373279320973
1.06772565028914 -0.451047264267351
-0.390428695093098 0.0747145182436163
-0.21448643092964 0.136205600950258
-0.159870912509825 -0.0815970951914068
0.869291132738819 0.473975638830439
0.602012769496799 0.926388031336819
1.20571900771311 1.04523990449995
-0.31445480406317 -0.182875568724583
0.943634641924546 0.957826269054181
0.189342978840455 -1.32465885112405
1.37605189014754 -1.09970495296835
-0.406854861696877 -0.291265349722999
-0.682568491521982 -0.35065989953822
1.1526445778985 -1.22058936250697
0.00192661658610716 -1.22326432572524
0.889878932727157 0.600010080605541
-0.294713443405295 -1.22941792702009
-0.270265813934831 -1.33231003322868
-0.0164412693674123 -1.14262866030737
0.771426773034458 0.622648303741333
1.04170613279575 -1.00237745121937
-0.663501844503073 -0.0606269436445022
0.591262414540314 0.7828398092124
-0.73142812857211 0.00395367333424051
0.395497923098964 0.847339562012358
-0.83516355102022 -0.0179944626764269
-0.779206762430451 0.00918151137145547
-0.329647869845592 1.03635222156476
-0.0487788023813948 1.10882581433661
-0.428421276657219 1.00032292205232
-0.414633550206302 1.0443970919546
-0.474857176309684 1.12758934366675
-0.671189826462356 1.09057629302747
0.840393950091948 -1.12691996119153
-0.896287093132744 1.15485371079652
-0.466412176436665 1.1299532147715
-1.39536006801344 0.147055164060202
-0.5365719291891 1.22671426786239
0.77848544854341 0.991556169762988
-0.500094304235286 -1.13100813328469
-0.956790147220887 -0.254209011580096
-1.1595818974587 0.139290591303745
-0.879676260845592 0.252785781869369
-0.747854646543166 -0.0524425295015641
1.26645624645804 0.105537184768672
-1.07327913543171 0.113152006122006
0.642558999717332 -0.8928782772438
-0.33459306050923 -1.0111955375231
0.689756257773408 -0.759315139920185
-0.651642914616167 -0.00817668911048531
0.1609294708292 0.840590957069453
0.970543058235849 -0.402526051017274
0.00702465362216774 0.756738354830644
-0.81006876513848 -0.0550816498529229
0.957892161790615 -0.00647988367148935
0.570476053620788 -0.580144874614557
-0.154236351774506 0.826454365398173
-0.456077116662409 -0.82297947422458
0.126108076316459 0.370967700936592
-0.246767810814645 0.783698864807831
-0.562521684121196 -0.830576501773669
-0.881271953594412 0.037952866867613
-0.18657505302702 0.560242922946833
-0.679772451619743 0.246561847429996
-0.959680785712052 -0.241057650445751
-0.43280349696227 -0.618875894855562
-0.0085497763606418 0.674485311978857
-0.33422361933388 0.635322052191435
-0.621930613775019 0.504668720681548
-0.708214716301818 -0.153331828440401
-0.715660281675095 -0.657505130769531
-0.318093511155419 -0.348604894825209
-0.919308605083296 0.0661561354316023
-0.679370865531032 0.126907619403224
-0.416455123255011 0.189740199556777
-0.490831912870385 0.119929323534899
-0.369330883280438 -0.17154789461028
-0.560966633000393 0.207125151766152
-0.267866764720598 -0.0179293198694353
-0.105959945348517 0.0448827045358774
-0.570559853907752 -0.0194399002976999
-0.489397158096224 -0.149578296831979
-0.669819657979138 0.239735612791279
-0.498874254544811 -0.22226336307542
-0.155989267291139 -0.124857667312969
-0.842298715907325 0.267511996900218
-0.397721732877925 -0.0178891866643451
-0.618482684559415 -0.425525548562048
-0.153104098186723 0.108906274068845
-0.165421121695844 0.218905153592343
-0.553040331063197 -0.182535900329343
-0.116539169239659 0.265822834597619
-0.577531293545844 -0.317478878903538
-0.766992221209218 -0.418284735070996
-0.277918689866432 0.420549560164715
-0.656210010110157 0.0774801339801694
0.19331762306857 -0.20407456609991
-0.116475905507072 -0.0554054896724534
-0.269331260153755 -0.39987574551216
-0.644970459308124 0.155276857769835
0.24292077869273 0.0526911729859497
0.164705834129129 0.0395452737046932
0.174643007043034 0.100237389151996
0.0982692689213423 0.54923218478776
0.507635412906928 -0.0507954563412294
0.23621253232469 -0.458310861229345
0.0105228699641279 0.469336649770934
-0.474636757183852 0.521697101533937
0.0499850305308707 0.134251792308592
-0.228723133502034 -0.507683263911681
-0.583180754127018 -0.0644782017866302
-0.287559226468319 0.350822092475346
-0.423020922749709 0.373668644752555
-0.705676443729233 0.0428257662458493
-0.803316476069445 -0.023136738268644
0.196950486853666 -0.437875807433589
-0.0309791980100474 0.579026515058301
-0.91939331514982 -0.00349054837961863
-0.371831465634357 0.436060497044283
-0.418585207233099 -0.641875529827398
-0.482916397916478 0.503174893969187
-0.396613877802972 -0.719840558664107
-0.367609132286607 -0.656460328837222
-0.35289329999838 -0.541869100345412
-0.799626845408753 0.0497669335807644
-0.806990743436204 -0.109732722355622
0.343770429988476 0.618159873126083
-0.34659051248625 0.590964677211161
-0.212161440831857 -0.678613012057227
-0.278959495081755 0.655429154103783
-0.573214366632429 -0.0660479828521698
-0.503698127325481 -0.0605099134228999
-0.18623233558039 -0.735491560184215
0.899399864348198 0.0531010850750773
-0.160666127504948 -0.614522932541583
-0.508772769376651 -0.151800903843717
-0.306888563812985 -0.78157942851043
-0.111120536527949 0.569304559591029
-0.409061119167036 0.621983599965939
-0.676067308924001 0.201035092250424
0.46790651385643 -0.694089033883852
-0.198189312191786 -0.0137547340288362
-0.70252156650296 0.129711345475553
-0.470146203751397 0.596756675867463
-0.569630707902437 -0.774414155753968
0.260050773243042 -0.675395519292414
-0.901569307373593 0.285934771109582
-0.647873217070403 0.657923829516851
-0.80172278034676 0.713839275117335
-0.8450205773724 0.567196472863267
-0.0511064779413369 0.745878594520896
0.326722626114408 0.186490503952777
-0.295851498440259 0.599705772001687
-0.0118077995851126 0.695301071340674
0.491164621538596 0.1642298111251
0.385998762830181 0.107573987081076
0.0764063306315539 0.542401749580293
0.196739352463873 -0.615016971017823
-0.262992184709243 -0.656192400143349
-0.280019317467568 -0.272803810649757
-0.339442072643484 0.265451337871124
-0.324874041272722 0.418854809588735
0.168327862285351 0.249914008276177
0.136391603807007 -0.39393927725904
0.255585912719988 0.432218055104584
0.248737730480751 -0.312410225901804
-0.254549196991275 0.342638665916685
0.108403605138711 -0.314188792348629
-0.595142279783864 -0.0908321282601621
-0.378433578026316 0.365525065363352
-0.455901672522306 0.418402839471913
-0.631891725657698 0.0186084596004733
0.00192430193647872 -0.368444800553773
0.358446746684847 0.0292417755998314
-0.300615880774275 -0.149248007596387
-0.50808653209808 0.415712483131149
-0.18016240164697 -0.515472733891597
-0.866856390435213 -0.0705997468109609
0.395259931738681 0.309832579222281
-0.230920840841637 -0.607478484567958
0.817065457331435 0.0116576473038321
0.0791767165798005 -0.576953867479908
-0.12195917024753 0.608017003016463
-0.514324204015228 0.0689032306212333
-0.152170379284568 -0.58695373393958
-0.559780659549317 0.0461591498459447
-0.210621635163823 -0.5457777672773
-0.61708987329112 -0.0422494175355014
-0.169573674645929 0.351617790385358
-0.0913355136414922 0.393949833527825
-0.0772670330627494 0.252606597987539
0.0729555858552708 0.0648659678767391
-0.0216431718184476 0.0947406334654518
0.119785505613911 -0.233183101818684
0.0444025285965921 -0.0930910323377428
0.554034253119658 0.0221772080505299
0.436414757623297 -0.122373870011364
0.0347223134329103 -0.02989714509757
0.25497267500045 0.295567093904975
0.243836623481653 0.275870172422675
0.349521186214477 0.241070090622735
0.382506508166356 0.329508556794428
0.198274338558737 0.496724679398027
1.1328215580688 0.0539149589097842
0.206527483669857 -0.681408327878448
0.661398239533306 0.785394666726729
0.109685658922946 -0.810265671211765
0.141055234327561 -0.306585317116623
-0.0953260593449812 0.142777922693787
0.646942959826963 -0.614950033279496
0.213164526809895 -0.921315271469106
1.12605742521907 -0.740289319929402
0.216325601004168 -0.164249252318901
0.964586142868716 -0.196357873697396
1.24118107235476 -0.440018334894855
1.00834804931937 -0.778645721318488
0.121079844571314 0.386851934827061
0.43353539400872 -0.777965079332863
0.873663843049989 0.901846548307825
-0.022454389510447 0.340692952680559
0.0523146951839594 0.0094392796915971
-0.0469412082561537 0.823809840849813
0.493111048286539 0.442343678440402
0.457103329476151 0.476262518710925
-0.39157676139119 0.00488475150259359
0.0914558066618 -0.766583073640077
-0.203811207574016 -0.0459718085523477
-0.258376767163552 0.0340467096392659
0.330194411763229 0.693341778378226
-0.256569430668712 0.0176516998022827
0.641494796849859 0.614731760226717
0.84252987945382 0.160027752015395
0.884966030945195 0.312763268148214
-0.264708020992708 0.215886093655893
0.526826282318637 0.883103252703032
1.68698230726358 0.0612991941662223
1.30536639356022 -0.679563443457478
0.798321106171301 0.723479688246607
0.0705847838919083 0.263608872026815
0.584400094743665 -0.94878256108992
0.0625716279807385 0.201240725501565
1.24110048269984 -0.77750970352046
1.71974631929048 0.0845872674867663
1.23710630713116 -0.470845100904231
1.13429222685467 0.541381532150334
0.620217607257237 0.432330944746912
0.709854096117277 0.354621552199828
0.944348040196182 -0.305001257687391
0.0217979730291861 0.0790993654842435
0.202554822318729 -0.695356326049147
0.251821570382207 0.34189264871297
0.593276811792443 0.148690505089058
0.366740650499055 0.335653786531
-0.223863457656712 0.0976622447459853
0.791574540505018 0.00620432916661684
0.485791097503532 0.407907529391756
0.497049158339021 -0.26903378623281
-0.0804089458906197 0.0475576546138306
0.0280993010799853 0.30308846642946
-0.0226801652327537 -0.0771496996372597
0.301140957178372 -0.323761746452845
0.0772074221423388 -0.135743673279309
-0.342102567955116 0.181927261040725
-0.286595491922796 0.322769846480884
0.0974375258393112 0.000622273781024152
0.109252490186739 0.00518794113082134
0.122856859219275 -0.0687332981617892
-0.0650630647346423 -0.338477939510553
-0.109072264012575 0.452276045666964
-0.153355777616458 -0.441163305855458
-0.503171089128434 0.367839397574159
0.017948204736087 -0.384644776021989
0.365382485126655 -0.0678239807578944
-0.0882478110138333 -0.329202024553255
0.181635348653091 -0.249736334350999
-0.186625783301248 -0.104098644646182
0.227523631529022 0.120342867719642
0.180713954422098 0.225367541655634
0.274225322232105 0.210000167625234
0.4757973642126 -0.233622045627952
-0.0290635854876815 -0.471317099185342
0.438229518037914 -0.354660514713043
-0.0464590582678516 0.242724163372511
0.309394284408369 -0.281131427467281
-0.03444498086385 -0.293725667058268
0.0813996161477775 -0.289907137375866
-0.0655432830532456 -0.00455920299298333
0.0276640011020931 -0.183402747312038
-0.0193908382091382 -0.0732244803353303
0.175152093738607 -0.0685135002017467
0.149779138843287 -0.126194630476637
-0.150748658742076 0.236820368041567
0.220993448979016 -0.0599336992179166
-0.404196501345835 0.0397077136825213
-0.306796704290707 -0.0580027849759965
-0.159256525757484 0.349888911945169
-0.381189790519919 0.0067415089671963
-0.498577867468943 0.0387594532882641
-0.0275686200731786 -0.573940819473085
0.106878877368407 0.475367135042991
0.0681963282352072 0.599003573019806
-0.110848836124887 -0.155500350684858
0.344413360238931 0.528189957291007
0.822432859947629 0.392079230086847
-0.0344438581401149 -0.159191064339396
0.236872633633259 -0.700598324681682
-0.109372601655217 0.123210308847574
0.447072016471278 0.574770520346236
0.160029385026627 -0.217616483903649
0.836202941449096 0.7961949055332
0.530372147280177 -0.591321179232982
0.762738459285491 0.836251036183887
0.446814164061533 -0.528729492611669
1.08255599422732 0.058061824105997
0.427598333933933 -0.412236574649456
-0.202797816104878 0.709368583960516
0.674588483940145 0.461229622374808
0.0484256663829628 0.50749230793025
0.0729947103954656 -0.502030632269508
-0.426814105248609 0.0908959603507322
0.10631631881487 0.5035244878262
0.111913191584531 0.314681227229109
0.420378341236902 0.505171473239444
-0.0261915345640456 -0.401200042059262
-0.126964921819438 0.419067260724486
-0.10397506432032 0.241438154527362
-0.0482021265286982 -0.353626138815042
-0.313644504911391 0.0377084291193798
0.040892200029902 -0.284162447372145
-0.134855904584565 0.152897851136123
-0.161658447786785 0.0780868136234799
-0.22690434133891 0.0471635772106714
-0.183863249946433 -0.0739433089559215
-0.227962994289823 0.00447197892206586
-0.0981400356220052 -0.121344638508074
0.00228638151278472 -0.016687809011271
-0.109341242934013 0.0543330335587866
-0.00542956197825165 -0.119682429650983
-0.0750781934913876 -0.11740130376891
0.203174304929971 -0.0407031270566348
-0.429620969863699 0.0402615536153266
-0.189978624171428 -0.146313369560012
0.0670806286868561 -0.0198138291250343
-0.119502786836244 -0.254435918606367
-0.246356972305392 -0.158088417132798
-0.0743483866743335 -0.015385970732885
-0.443150367176624 -0.252377415113434
-0.331555564675458 -0.0150673854132604
-0.39547251633191 0.316084828073417
-0.304460497770917 -0.105651781727496
-0.637737364413927 0.0276512660220156
-0.406320304413007 -0.0624275553601083
-0.574911775828364 0.0169995878385352
-0.285427942988695 -0.0448139254649427
-0.261941746307884 -0.1215015848961
-0.502305635913862 0.0157941935988946
-0.150726625406192 -0.260884373298479
-0.643283353408167 -0.0187179877553978
-0.462054817449854 0.0379063923076457
-0.419233312699658 0.23404943867911
-0.642288593612174 -0.0394918444212268
-0.602140881474708 -0.255226557447063
-0.599379079059817 0.168134330630171
-0.481508006726622 0.26981371999397
-0.374122407468357 0.221103039740966
-0.377058584429314 -0.210294180873621
-0.158813161696847 -0.0315599668954518
-0.184801499988578 -0.0449059079249852
-0.83080828906943 -0.0492321036942631
-0.426713666932185 0.127775890601782
-0.313524524071271 -0.217843289807085
-0.377369358390303 -0.118452200054819
-0.293386966459552 0.0117830971197367
-0.362986313697221 -0.225506894199376
-0.213378316714457 0.230095111546658
-0.204898384593633 -0.20825418861787
-0.23924939946185 -0.217723584609027
-0.178310375822063 -0.166938700364977
-0.310249485700678 -0.240422667617691
-0.123031072759146 -0.193385256178524
-0.532116167170771 0.27773343564581
-0.406951207607928 0.0933084678684762
-0.241927640434694 -0.415991312254353
-0.674892500409518 -0.27188551803839
0.0989829322037435 -0.185394055598779
-0.177389878456837 0.301832211077728
-0.241137976711042 -0.147772315377769
-0.586642063381259 -0.255801342332554
0.0546278299851699 0.0449054827492404
-0.0978938336699578 -0.0725192493227067
-0.019795158220362 0.0212788077205333
-0.174740685108555 -0.102806519944512
-0.118100132739212 -0.0873247662047147
-0.223483225982943 -0.0919212708079868
-0.31415134128805 0.0827514454904666
0.0670064255934278 -0.260008261636035
-0.0570774565781405 -0.0243304415542564
-0.0278201455686573 -0.00150305208293245
-0.129809213547835 -0.0648285796546433
0.118709752627919 0.207956425183071
0.123937839358943 0.212743939751493
-0.259081713464947 0.119538640949325
0.0954864892864171 -0.459633938234196
0.543098006340803 -0.171786815957218
0.386485745322024 -0.136455809913717
0.00560771370927317 -0.486431933309627
0.0848769318756754 0.229805908392293
0.179988474891609 0.199738125241681
0.281773831238256 -0.00613146842510361
0.0177943693534576 -0.159812254465297
-0.0709047407861536 -0.0792529376098096
-0.0631354026548956 -0.11952194602934
0.0231394155779854 -0.0586834805801306
-0.358872054350631 -0.223454314745906
-0.122933304777234 0.296494461525693
-0.0896965543235751 0.335118340497589
0.25522081527421 -0.268538323345025
-0.210184515062145 0.388944505200457
-0.656850167701456 0.0210943210576266
-0.541206759209171 -0.0265014365150924
-0.583802839681999 -0.031436864229628
-0.318740155588988 -0.422236585940074
-0.160564832552726 -0.445067490731878
-0.181001036783804 0.225726589588635
-0.510512394682075 -0.0387692329494192
-0.189136912394275 0.110120549889801
-0.379944174327365 -0.0210707383833197
-0.252789068325237 0.209708937186586
-0.232473752117703 -0.197326689347444
0.0579272288100729 -0.024950836337271
-0.292584390162505 -0.076546637175847
-0.124294548478967 0.00301018812976713
-0.377968050985114 0.0716005674928783
-0.241362597352835 -0.0735815401688417
-0.218335769789707 -0.0379431967764834
-0.145066429723541 -0.00507308774755234
-0.101466669856192 -0.0362217090422412
-0.0648484179390786 0.0854434761783849
-0.187737613956668 0.0290908939330321
0.0431145555708999 -0.134398826794851
-0.053087737249604 0.160803585283664
-0.0152025768922334 0.238354235809867
-0.103514859481335 0.366574365468567
0.285739146972647 0.530376462532506
0.23059947072189 0.0976170914105278
-0.134001317284775 -0.180028121183332
0.166228162577443 -0.241560698224737
0.357551255276982 -0.00796529214619697
0.152290800262428 0.0920300813576832
0.142920271012512 0.142613304676964
0.418371235788352 0.0406263121104438
-0.116859204038806 -0.091482079768632
0.150006415444175 0.159406867946367
0.285691502635728 -0.201595328625265
0.182448237168619 0.192872804018394
0.340337161771621 -0.068761904195334
0.305922444004979 0.382581524384817
0.365146371415942 0.224364612318579
0.403339555748116 -0.248153597935054
0.442034623914462 -0.202392054913952
0.397722298593868 0.101319134789305
0.167697795603048 -0.153506463725248
0.411722556784039 0.215331625948192
0.321309400651957 -0.020379848154276
0.273086124206585 -0.0463814626855086
0.141696229254501 0.206496968399283
0.105166559358679 -0.0502033723120007
0.000943410864666216 0.0435843899596501
-0.042607955267548 0.00753765484224502
0.124811764581333 0.0201520103264815
-0.00957465735989386 0.0448026381203355
0.107636867623185 -0.00800343069736029
0.0134961620270789 -0.0113115046967812
-0.0394959241347659 -0.0737224785589145
-0.101547982135658 -0.117226955494556
0.115158384073982 0.200351438977288
-0.0896813613533588 0.20757217744842
-0.045529128940675 0.225320097469779
-0.118852646334558 0.218374037828868
-0.101010960830246 -0.44308192890088
-0.277325897266605 -0.00570624526821224
0.362359078696099 -0.349338112117581
-0.330702887652795 0.0580626339255456
-0.321699666278127 -0.104665858252651
-0.184572395037272 -0.0521341049733603
0.497818671715302 0.370660248768428
-0.145693864605744 0.0357686855869821
0.181602969239961 0.270297206199559
0.439869313347548 -0.231470080301031
0.544659728168401 -0.138704628239646
-0.0163294474591995 -0.062515297585192
0.206469732329803 -0.209181912663244
-0.0730795410039554 -0.10407289790977
-0.0769201353200585 0.0667593585727324
0.117594640717952 -0.252712615170832
0.2185545647455 -0.120625476467373
-0.0514585129771572 -0.354271427770491
0.159978897538697 0.257784896825537
0.0566538784630128 -0.172020397536815
-0.01604847220257 0.146788171408883
0.244994304291196 -0.02391243724161
0.0530789130360905 0.096919055092906
0.165341707518486 0.0277846410000645
0.259915835000751 -0.163868981132389
0.418230875412867 -0.0802053243875301
0.204403329363574 0.0108766718963974
0.330003142015948 -0.159614331952559
0.541048724688982 0.0160558032348579
0.427485474257223 0.0358998339607973
0.267714413798007 -0.0448551514501426
0.366592138718746 0.0245637346549186
0.120556595804504 -0.00614817282537047
0.267168826409709 -0.0486657924419459
0.151550826423648 0.0732790188496374
0.195177842929872 -0.0215528667065432
0.0329023924086817 -0.0365586926023315
0.154642001798148 -0.0645370851585174
-0.0838983040973247 -0.181409246959542
0.0416686826479112 0.113114783957167
-0.131426280982251 0.135114689146612
0.0720127481567631 0.329561239697929
-0.00240238485303208 0.210267996821248
-0.444429660565587 -0.0365459143762967
-0.487387213072695 0.0169811466002128
-0.472183999044342 0.0064440515887726
0.544636509321612 -0.305021712583965
0.503333251021055 -0.552217124609539
-0.198706435700983 -0.664418657040264
-0.225470941749112 0.545729571763342
-0.580794678178815 -0.0515237883528034
-0.359817834654073 -0.0401709431363659
0.142648212226403 0.411987001824265
-0.130567895687091 0.481978606167299
0.473346182698301 -0.749075805819373
0.0212691876842969 0.509392867272465
0.631101823506299 -0.361437478098702
-0.721225294258697 -0.0590552417379475
-0.112854657100124 -0.599706418594258
0.36494122191885 -0.117849566793702
0.331519702327798 0.673056163685658
-0.0577136953977142 0.43523627674549
0.299199534802167 0.246379795731095
-0.12675419653761 0.0165834952603305
0.284181151101151 0.257698614089943
0.0713660394109097 -0.551075387223064
0.363431223311932 -0.405725793490886
0.453876881086805 -0.0853576677269301
-0.350584492495603 -0.285554019487285
0.328564743697732 0.0828756333909667
0.268235181123883 -0.350188873101877
0.103162978471486 -0.28754872771696
-0.108550025939461 0.367616671167329
-0.132823292921313 -0.132740826597977
-0.25939297190365 0.260574947193721
-0.172927998941479 0.0345634585270689
-0.477246882383118 0.292035952314114
0.266737823904114 -0.148947125073609
-0.640180040209248 -0.134399260962854
0.510909061390205 -0.00063035720064503
-0.674502121657272 -0.0114971069836148
-0.879240284183026 0.0501803863103202
-0.618207926758256 0.478903384428213
-0.0235321214047498 -0.595465904452245
-0.978433582429257 -0.153052739991824
-0.572604583624966 0.198109772599999
-0.0745341231140525 0.502537620899957
-0.160383648012128 0.488625241085244
-0.968933570814399 -0.0993064488079256
-0.830650234412994 -0.0311856823017613
-0.777167965220497 -0.01838823646247
-0.688193438272049 0.259248335534315
-0.892298310187661 -0.113415882346129
-0.482600867112812 -0.34734491621094
-0.511951340427199 -0.350211392580993
-0.326613350089792 -0.0998446092084072
-0.551446584637514 -0.330114650023875
-0.556297438228905 0.254537865974451
-0.82098592142593 0.0698129397589676
-0.782316284377238 -0.120887678012443
-0.851498603734384 0.134909217734591
-0.695938537714245 -0.25048944314055
-0.41317013383626 -0.0314086628139654
-0.414079845289256 0.0153394580749081
-0.673289338628319 -0.0245954953664983
-0.614425797130622 -0.0815544320247992
-0.429450866163584 -0.00276061511264324
-0.590832663882864 -0.0131964549796554
-0.684667051368656 -0.0654668612793627
-0.517025990491783 0.0348293753657247
-0.447189469266295 -0.0249771474375579
-0.394354827427511 0.012453915827846
-0.38712477275716 -0.0339021432812448
-0.326984256808459 0.00319678153365652
-0.35386863068955 0.0140561482586512
-0.398877457739623 -0.0134893322499929
-0.241079163139887 0.0350784207655341
-0.204904908124095 -0.0569978219645919
-0.325402971677277 0.0352118379301971
-0.21732842546838 -0.0958935201712558
-0.224581359285127 0.0658299380280474
-0.0854158078915792 -0.0717403732171291
-0.0977327886650408 0.163888747356543
-0.214021056147616 0.0314746571035019
-0.0110855644554904 -0.048973615256618
-0.187642591336212 0.0586137368438511
-0.194915737949145 0.139341090019845
-0.197965853694098 0.127955957507136
-0.342225310425962 -0.0177983211771478
0.221441114772489 -0.18150744865449
0.0303489028822623 -0.37169899398813
-0.0722281198444186 -0.286046073867541
-0.431592270331836 0.510972338459867
-0.0789056005587479 -0.436806164879439
0.248719689559152 0.177978965824296
-0.642335920474568 0.471024642941373
-0.0737689298061033 -0.534091725070401
-0.660081720317808 0.637491028838646
-0.653940015295875 0.364983212479444
-0.610415238089836 0.404818099889041
-0.347206869903424 -0.403307046070918
-0.133230949095534 0.57267533831787
0.341972894996696 -0.0302740900210206
0.419561044219348 -0.0110857793050104
0.326139013162129 0.0182793762872534
-0.720383109748216 0.431099785385418
0.413269251384613 -0.00535087176426256
-0.0981282833537638 -0.619325044436901
-0.0734278955146125 0.702185951568112
-1.09769654877626 -0.0585386477100137
0.584667391485467 -0.0364440370679981
0.122783706084461 0.883236478658363
0.191083229456089 0.885188000928383
0.249997240761091 0.0292232582845105
0.241805006522642 0.715557530308229
-0.553367239282598 0.579962735595497
0.298795779096879 0.00745928903708175
0.26818906402118 -0.458895540836871
0.120999036492193 0.500598192246655
-0.347324624584337 0.202850363246806
0.216791769316045 0.00855851221656322
-0.4070539174076 -0.528628567363646
0.296162559295103 -0.0251694419807755
0.0358701136624105 0.42433266078181
0.223358598644265 -0.0259596443947972
-0.167565928868272 -0.291843570768548
-0.140354019959731 -0.254730108017525
-0.408698523582731 0.277482660706334
-0.105540149605176 0.398356124231698
-0.394305058727747 0.199250609700527
-0.0734002782754028 0.325613042389756
-0.326388117654779 -0.103733184015919
-0.311954066945083 0.07315236692066
-0.0909855807251781 0.0297778583089575
-0.304596350920373 -0.0792372905214527
-0.271390747480792 0.0326744848753756
-0.343102702710793 -0.360520539557965
-0.0913681300546685 0.351207098653265
-0.316154357484998 0.263564982759921
0.0853849469855662 -0.460963643352956
-0.772365786691957 -0.0318881145347069
-0.0465762481450207 -0.201300740863873
-0.67124146287697 0.343642536240491
-0.712374403426382 0.373834703335334
-0.405353990475783 -0.337708551351811
-0.567482930923476 -0.398125186303673
-0.591052189534615 -0.444890746387249
-0.703801033349353 -0.499597748733655
-0.61420761937266 -0.464145831206161
-0.308037516055302 -0.240210483562232
-0.719989012409215 0.38851516622982
-0.459541112713488 -0.296313330243142
-0.251151393319525 0.410777246810813
-0.621198731675696 0.243866855177835
-0.254902408362535 -0.398891900916605
-0.184369578330913 -0.527749563067028
-0.248149060699662 0.530818831437659
-0.45627206183305 -0.58514623523221
-0.463047483976573 -0.615980257651102
-0.153799274556669 -0.564137232434226
0.208934622938543 -0.115641733940628
0.367741626760888 0.254576820786979
0.158964688204895 0.76287433179989
0.134925428353647 -0.456747297392605
-0.153569958709519 0.746226486930269
-0.722114300141952 -0.34624892855863
0.276924180770077 -0.589711197098561
-0.561699552551433 -0.904538396072512
-0.319679164595855 -0.708359126595961
-0.862780599182762 0.350903106974483
0.00705304212790972 -0.0124857553852161
-0.0526289612164022 0.596435024826778
0.712584171006123 -0.0398545368515472
-0.190379573181595 -0.321573903942755
-0.014777863569322 0.521043230590022
-0.463168659913958 0.233071473728314
0.681880693096975 -0.234817695038729
-0.465566555811006 -0.345053276666128
0.491574613394922 -0.471990367841845
0.330561183229545 -0.560513845374122
0.392116797181927 -0.529030294307921
-0.57815952184795 -0.508740251897984
0.869036741150188 -0.125110376985709
-0.0714812413101191 -0.95901751585492
-0.780387852798955 0.202223165767866
0.79422973080191 -0.790882397858523
-0.297816192330034 -0.415262142114503
0.0782419872835023 0.00690741238153341
0.0825355694756586 -0.0464633214227971
1.42890496677999 0.0486956507157328
0.664250119622806 -0.653224095208774
0.792064759306201 -0.525537488037247
-0.218766271740001 -0.370509551532077
0.772636332151894 1.21638579101926
0.650270427819578 -0.738424534648169
-0.22726375938406 0.455543513248526
0.846461548371603 0.534307749081454
0.0818767633026452 1.24343553392491
-0.632943430522408 -0.537341978001791
0.688020781325838 -0.914024100314558
-0.265265132580337 -0.385978712536941
1.45426986498634 0.836843932690712
1.09467913585511 -0.257154124396704
0.777507617180948 0.71463631791538
0.581156453042954 -0.863275265894919
0.597908600938829 0.931305208310685
1.32336633841679 -0.306235353375407
1.37741736014004 -0.350393145300299
-0.744307004247049 0.0127985298974611
0.242159460245928 1.18958941236242
1.35652748641918 -0.274816387799585
-0.222768416771807 1.07153998724781
-0.212827561708076 1.19742070301685
0.410149578078086 -0.958051749455651
0.814114661285095 0.372265250266066
0.854384281932191 -0.449466742604944
-0.98582281813817 0.0169090943506257
0.357112249059554 -0.918721790823019
-0.49755065193121 1.16045959960861
-0.190421611538616 -1.07402409774481
1.32864403603236 0.0189848968037923
-0.420079201289231 1.00846411615012
0.842556225646672 -0.940029637058273
0.276174612987796 0.647845000374989
0.440309450502344 0.741477753665912
0.312199167385576 0.638934939259887
-0.289498656243016 0.944163474250583
-0.650976421235059 0.194082871711702
-0.341592450715747 -0.186336169951697
1.39880448935527 0.0764346080281482
0.643577565264127 -0.25133684392315
0.256048038623266 0.861481736841886
-0.428442781489114 -0.370796723822727
0.438988259341346 0.662108700328077
1.0227636756747 -0.667875406926333
0.00473046325811124 -0.440699189982314
1.39641493027865 0.079502161286095
0.737123035861646 0.994667361832889
0.784412652616701 -0.477047215967848
-0.455520102459229 0.431767861473076
-0.453194596166703 -0.46433970947489
0.843044153329022 -0.370703617568242
-0.333004426608143 -0.296736103400873
0.656400444044182 0.595850657517453
0.322343408482875 -1.00158457694436
0.255259930075222 -1.05153113415976
0.270741873145197 -1.02363257489822
0.303739341625292 -1.07732852857044
0.494649983515522 -1.02225073015889
-0.0312615454083368 0.466966876848348
0.948244652390445 -0.396451084764863
