0.290760065547987 -1.54851068148643
0.223139984223372 -1.47725133847245
0.128660071813769 -1.38202625238611
-0.10506675385695 1.4949935152806
-1.65812312563619 -0.16248510378005
-0.649938637634303 0.553443500530291
0.0796242955254765 -1.28718516605398
-0.677245736021803 0.591137499395178
0.436814222338516 1.37416013276453
0.942644982827454 0.634197759150702
-1.42507746358668 -0.140911261089437
0.0611760406572851 -0.875249973972927
-1.16776341122779 -0.418061161831007
-0.741277265188306 -1.15805168338716
-0.527980270241501 -0.500195643164327
-0.315661968161064 0.820320685478299
-0.28900089815129 0.852413462317418
-0.632005136512907 -0.977750714613289
-0.562975363531284 -0.774521563863458
0.527238256830105 -0.258133567117947
-0.914626202596021 -0.223189754010901
-0.691413148869816 -0.280126203926049
0.191531178187629 0.602718553435106
-0.769407060561082 -0.386884328898861
-0.331644470316593 0.255398432271244
-0.0316635821753735 0.197129713780541
-0.900543831517476 0.439378918543393
-0.273542025937496 0.00833564788811744
-0.907382464026048 0.314683666220589
-0.128694502951045 -0.306118384741679
-0.421454169701403 -0.321794843062792
-0.412705572424024 0.0385201425626444
-0.669844810539379 -0.156008860558958
-0.236463924208183 0.151923393458983
-0.614310670169865 -0.0751351384449695
-0.546903937107302 0.0812751197463447
-0.679379080493599 -0.185035491209786
-0.775188044939813 -0.259571321916346
-0.370892590234001 -0.167407028863598
-0.565149886376814 -0.129257702944026
-0.741473510124069 0.115934477102996
-0.386787790768554 -0.0435467531957613
-0.899337908066819 -0.0133918249137133
-0.396932431819334 0.0473400113836233
-0.573418266357887 -0.439760298545866
-0.196846855416057 -0.088514690051744
-0.506701603485921 -0.187179489056075
-0.0641406330139863 0.0555591668712789
-0.485828653951524 0.383750567338996
0.0130282520425563 -0.367839709883089
-0.907981502178684 0.152622541193986
-0.342793909522388 0.302641916288919
0.11986544675212 0.154377641842717
-0.666364693283784 0.373686705629589
-0.752879565607651 0.319264847412417
-0.533359120708767 0.220775419769886
-0.377643668676746 0.191735569079082
0.0660287519694129 0.166720101382555
-0.372175759467411 0.257265423526178
-0.303344308580467 0.365763972628464
-0.275746504785879 -0.440141630093918
-0.355971819503596 0.483628072184818
-0.26880145166003 0.558446717669141
-0.220670212773037 -0.45993933718104
-0.595009331551232 0.658765997988868
-0.162565873065632 -0.364811549284479
-0.334510052683728 0.562295810397697
-0.0312501009695454 -0.590621296814833
-0.77944398557362 0.563555626530005
-0.0416132947701761 -0.818912221094083
-0.28114585091937 0.732435482757361
0.468678358030549 0.124529079030092
0.69699796865759 0.191015504373531
0.644154817766994 0.0725384709775178
-0.228704198802496 0.876018221064581
0.32034328150163 -0.677487164651752
-0.15217609608935 -0.236841825829572
0.812875406128947 0.258000436243206
0.219774813771631 -0.128114824123275
0.0548516862911773 0.0570683279003693
0.281495828845665 -0.0326837759397862
0.244644654640179 -0.0512575680482032
0.239394326502874 -0.00546596749785569
0.467700778938109 -0.0446454798764449
0.562402132728541 -0.112628512590267
0.40013363046357 -0.114662117465874
0.302621438491886 0.267832652337068
0.324013465663853 -0.131820062047418
0.556082727908201 0.561917087271845
0.784678254143736 9.31561169677016e-05
0.234671637332239 0.358201097336117
0.329788795085044 0.815798403567329
0.28140742263446 -0.72079640631031
1.00883770421748 0.118287814496774
0.140062837424381 -0.935719482854181
1.31419765431779 0.145933461171175
0.568539809207893 0.0638331254551946
0.276090779412376 -0.967773411788703
-0.327589713253002 0.632193235462468
0.090697498202647 -0.653673283644209
0.0631955253944305 -0.808843241969855
-0.381985360763707 0.751950435077137
0.278147863072242 0.540667308205631
0.616894701758585 -0.540154897264177
0.464391286873456 0.467645970631497
0.866694189023933 0.0916079004861702
0.250558071899645 -0.213769902629706
0.671728171386131 0.122808967415118
0.603311192004029 -0.219336254131828
0.482569969553687 0.42455470103163
0.455356071602202 -0.0230377935998907
0.356038016442296 0.400462828444025
0.35518609261641 -0.136042473733631
0.536636080554539 0.393217542629927
0.879181526490313 0.223489151628208
-0.18816124503171 0.00635529347212058
0.805186489644201 0.159841700556678
0.856262115303069 0.430956846760912
0.0198529135756974 0.852598690826892
1.05485071200216 -0.354393785057449
0.753241450517697 -0.472422572280433
0.330813292814664 -0.575559288350104
0.467761023733991 0.410652635404885
0.830028285007153 0.352059463896622
0.933616308782348 0.608812587886286
0.102064989555655 0.127394103962872
0.915673066128762 -0.166703822180454
0.129967237339807 0.0190532363817174
0.0426736725768825 0.0400475762443114
0.804003621665294 -0.132826805371103
0.555415795311724 0.651268648081861
1.02273728807388 0.269983366451324
0.703532044322034 -0.188531721909141
0.285595009544458 0.271137823934051
0.496462189996919 0.57901585199148
0.695228505379254 0.465771253135395
1.01207283002375 -0.55134737670259
1.08263357500532 -0.0603341372146785
0.988063409526918 0.209387649394835
0.182419579002657 -0.45038702214676
1.20635863009728 0.0455109191060011
0.09408706463894 0.95731735264394
0.154491058206854 0.996622592176628
1.01973912489248 0.489676302022126
-0.608107260170214 -0.0361804794557479
-0.429658944771808 0.484828111702483
0.991033891784135 0.330447579137589
1.18405431655729 0.0845554054232299
0.0178532039458197 0.292079242695511
0.0177034230954757 -0.205071547978953
0.503084562333421 -0.426952796725444
0.636338193829491 -0.414067833659204
-0.24183234397088 0.0117591763774689
-0.180998361231156 0.00920848965249561
0.459790806550514 -0.176385933925484
0.0538129531588353 0.300587990501592
0.00212748367422163 0.418959599820635
-0.207970329229123 0.46650079651243
-0.0621936808043854 -0.534032917264274
0.687561075996374 0.144058691102938
0.023919515288456 -0.293401067533965
-0.249333086834134 0.687311952535777
-0.181196029097149 -0.665032085392347
-0.389457395834346 -0.624803907212466
-0.495342305913028 -0.0970190323905703
1.04543121603489 0.102814558588389
-0.0945904246365758 0.608301622026203
0.320141355395925 0.606365032269054
0.375203309630387 0.309038527619425
-0.393924880951142 0.567965708327502
0.160346116048899 0.379868353768898
0.0768965457325753 0.0358494208041895
0.42146974162481 0.0448235314402436
0.375821745218532 0.0186957237829292
0.251913190291566 -0.288683019023983
0.343551932906679 0.528042135589003
0.28914426508317 0.451233067540266
0.712956405953376 -0.103603671163064
0.576471851546157 0.848591489665815
0.272216561216494 -0.529500464205247
-0.155396337680886 0.416506867736497
0.762685472174516 -0.424303214302984
-0.43359158703862 0.266661653157018
0.719513430383719 -0.44192519888289
-0.266812620396003 -0.00790954403235327
0.0373427162130974 0.841046813049023
-0.113319000114935 0.0250475089790695
0.903871931309172 0.390317063482968
0.38446343781965 -0.620508707622973
0.568463847779941 -0.321597457812861
-0.0702115456480053 0.0287855536130153
0.750707763868416 -0.606428631928518
0.587292544964896 -0.781295811874882
0.047949922559721 -0.0190997205048916
1.12994849147566 -0.730159211852001
1.00954982164356 -0.304726383650687
0.97472472422731 -0.353924994701943
0.329370573439461 0.0877421523316459
1.25335616520307 0.25966142230213
0.594326583351554 -0.607065718348576
0.198222690235463 -0.774943564141771
0.0467489390834843 -0.73186199554411
1.03773084904183 0.127385243565095
-0.256702105139015 0.699948784978468
0.454461677066941 -0.526225236851051
-0.293235439416347 -0.0564756665320385
-0.112983248195456 0.306626570277439
0.052524962119354 0.265468534480463
0.135104712041913 0.101701662968514
-0.0847277748185223 0.33115708512356
-0.086595080016311 0.284637166544841
0.146163787844699 0.0473735376672214
-0.0162964767235647 0.382008128473709
-0.389700187141054 0.337843983175024
-0.54540985287373 0.31549978087885
-0.0984019810001308 -0.515751565820556
-0.18667480241822 0.421968154780264
0.0237504554037581 0.686689085601575
0.397353218587779 0.261844072327511
-0.725799554072505 0.352579356775596
0.261348333024701 0.148780418641938
-0.479956297832962 -0.281180274678827
-0.419920924115321 -0.353873011527288
-0.555118451583717 0.268641606436182
-0.346703931568583 -0.443224437595083
-0.259766303095385 0.0821174000064677
0.0208925133333644 0.0662067168412228
0.0333214059934584 0.0569565162929706
0.0784313208334645 0.00131373323070568
0.232852100094043 -0.0583038651857576
-0.00642394860693764 0.100616268984574
-0.0763307856781596 0.0785739100245401
-0.0374725353784263 -0.0284370537395932
-0.310066163726957 -0.0190707856378836
-0.4009381354909 0.0328031679111298
-0.287640142238017 -0.167373142152003
-0.232690856907712 0.0816082808749997
-0.763849103633295 0.0117788717123061
-0.656137376983866 -0.231470068625989
-0.0559121926259365 -0.413202442433036
-0.55336671924891 -0.2841816060822
-0.618409967115482 0.332784756931449
-0.74496366369913 -0.21031258968435
-0.147343764846466 0.446350080183534
-0.649169497599506 -0.668584788926573
-0.782575088206977 -0.115394146559395
-0.604781241074122 0.71664847053888
-0.964724474586864 -0.272972707031257
-0.72839613043768 -0.11028439147691
-0.149028563507856 -0.759131511680922
-0.479362273741062 -0.0319008538335512
0.168532576648802 -0.0853759517320906
-0.272374014182603 -0.411773936628216
-0.216323978566829 0.319609210019389
-0.082632258483065 -0.399019058388053
0.0041252997914203 -0.15195064060885
-0.310704497012576 -0.144605240964623
-0.181433185773645 0.235740636896754
-0.328952423477487 0.0413099165730014
-0.121094124954153 0.0130012874925206
-0.59567072731831 0.160890563169173
-0.366349928090531 0.232144275283153
-0.974843317220543 -0.0396066797132107
0.00327373939247968 0.110453472377674
-0.0446897291373921 -0.198067720634652
-0.634330852975593 -0.502179392803738
-0.820470307010573 0.0973879805492288
-0.602041101157013 -0.57116867113011
-0.153863087924659 0.303247410680425
-0.0555388313737796 -0.408292200771923
-0.789461126099419 -0.0476154795166186
-0.275340600924176 -0.583731828299485
-0.696354083679203 -0.0349729537481888
-0.556906011771693 -0.0354472889225113
-0.174900318852171 0.72125780714693
-0.138965015556271 -0.443318964073006
-0.667200139955829 -0.114283275703904
0.435416379658435 -0.416908732969899
-0.294891299519076 0.0315477586891145
-0.332275245402657 0.213639876754559
-0.38701542153984 0.705522737139989
0.183712112628047 0.485131684650335
0.813741384615403 0.0983195221206538
-0.335879109100518 0.585933960083631
0.153084875895167 -0.491469457399513
0.135537837969541 -0.258284646255337
-0.369048931513195 0.13385861567016
0.202086556052807 0.116408569832586
-0.00912004558975623 -0.318149969027225
-0.242375704805207 -0.145782773982859
-0.240307213383071 -0.198419803069138
-0.218345669759742 0.0822454327211365
-0.265133367776612 -0.0247657137161893
-0.349467071923934 0.130296364042392
0.133687513421279 0.252750513892692
-0.172498228487291 0.00617100302811472
0.365477105609164 -0.172402235081616
0.506039471782498 -0.0929619810087444
-0.239207060554342 0.160234577570371
0.641963572290481 0.087688359183611
0.414378829873702 -0.273624779234443
-0.270785766440795 0.0758005890837766
-0.44598114256806 0.00222721495991994
0.279379500017198 -0.352599507010639
0.15275215498169 0.60239049336893
0.0301415175639361 0.74897221018586
-0.0362733728152981 0.735746962626783
0.994098062659819 0.145632434582019
0.543595480539599 -0.173276166971717
-0.154763507868197 0.919641435232847
0.16040069706499 -0.844195708681113
-0.0269660671781463 -0.952265898032938
0.247404127794836 -0.911659860811692
0.500351380893961 0.856373955460115
-0.884760343034269 -0.0663797812126369
-0.631009138258691 -0.104317817308094
0.119255209653094 -0.973267914260065
-0.375447842509743 0.223223833589781
1.01716862343425 0.891085163080745
0.960885579627922 0.633253766379237
-0.93111299662465 -0.134250031209392
0.38989120272962 -0.911657871703423
-0.249520764691249 -0.1014019940971
0.458253864214147 -0.755589680037434
-0.0287311146087663 -0.0629876272991234
0.353597184292665 0.886893043661518
0.211227189862505 0.715606950053744
0.439210406282318 -0.872166909077962
0.696295854555726 -0.210642961471053
0.776550511716447 -0.441019488468809
0.0176818731845022 0.0117738255221885
-0.070882378934248 -0.0843518028361569
0.515914146399755 0.615617867326392
-0.000566082877387651 -0.155296118682888
0.424898867981113 0.152953470666384
0.58525050236314 0.17671555207224
0.111093353220308 0.54962248677388
0.463850770385475 0.262536231074041
-0.113420718512326 0.496990130849951
0.580771183567112 0.0390215767019446
0.454207827137066 -0.346759143031239
0.690850075531374 0.0897773380655287
-0.304365532840809 -0.41679545625026
0.154167069645238 0.534556317875861
0.38515105945265 0.597670768678194
0.762525264617398 0.0777519107049006
0.340285297789683 0.775370322936558
0.169602207078903 0.842429790533705
0.998850116672004 0.0157357373644766
-0.213249545930433 0.823910431745616
0.460366900358715 0.629289938898751
0.778657983116176 0.635044993267617
0.731544796345208 0.0836612597034654
0.0717052330968713 -0.28051102567747
0.586441342303262 0.437389896131564
0.588484061411355 0.848003989165349
1.07015413421656 0.574525403569337
-0.203134601402035 0.0174217273111201
1.06339824745597 -0.653149612563981
0.0614286759262424 0.99511142429345
1.25662638071726 0.485464314859159
1.09027942389035 -0.918396814025483
-0.193044762001831 -1.11105042501711
-0.779103019170927 -0.527948255105537
0.257300269021205 -0.988529317885082
0.238122537378943 -0.791709373823227
-0.475127657876258 -0.59935680235435
-0.404361967353833 -0.976333422543025
0.547248786257414 -0.927430145065096
0.57229020915433 -0.659908875699765
0.0655008291098702 0.694495793877511
0.254471297868628 -0.723826404414625
0.0205584062442025 -0.812156986664167
-0.159854875777429 0.26915843941832
0.192653469667935 -0.589926762963007
-0.278475502927326 0.181852577382937
0.0914500030731498 -0.395446310687775
-0.390585320662664 0.500672849816134
0.139655595501341 -0.123707294114791
-0.383984149951343 0.467558712832324
0.0645391798158528 -0.0415567607648583
-0.124837573370179 -0.0147457025535632
-0.319053723471608 -0.173389468013215
-0.339935864302581 0.0262001478898338
-0.31411620890342 -0.193081958762087
-0.361530453056889 0.117289311286041
-0.360828014450675 -0.020301707115417
-0.39887454815222 0.021752251111532
-0.539514133707223 -0.00937116087237208
-0.422705673420735 -0.0279839804699238
-0.369137179798709 0.141082428152332
-0.555871778752561 0.0566487586462262
-0.717625356644805 0.00952615016204591
-0.48719909677762 0.00115347555065881
-0.541886400501576 0.0375009280772905
-0.448502781934662 -0.000339512438076452
-0.8400483238703 0.022925949033462
-0.958236864273012 -0.143181549050444
-0.655907640245947 0.205606040973966
-0.580302671865995 -0.0190200303774588
-0.706908571993644 0.192386133031869
-0.858650257205414 -0.117661542862404
-0.352829744017695 -0.47229511207979
-0.0353014940918184 0.0307838820631467
-0.788673715983198 -0.285438888924006
0.155579713985283 0.0688641229206694
-0.284474708612402 0.0165513598276459
-0.168393690628368 -0.264328746239791
-0.260019690001628 0.0590401993056347
-0.0506951426722998 -0.00574868122545985
0.0811112637398956 0.0228111207014983
0.233350890943768 0.0679994294485499
-0.00170171355714315 -0.128889930439348
0.189947292938808 -0.186152532397478
0.166392381071704 -0.00569282802772914
0.323770923501608 -0.162855051477065
0.310856244156455 0.0713179310519087
0.434782508993704 0.0929152495644523
-0.436467745345028 0.31669699694176
-0.0396030322528178 -0.245958411315424
0.184009468468032 0.223323335811607
0.0929552005751878 -0.53543221949055
0.220116693194032 0.077881251360343
0.231422492963807 0.142826304645265
-0.226097004878999 -0.187347963146633
0.226830910122016 0.0606168052682155
-0.523012113411384 -0.324002928968311
-0.58174039934766 -0.181561452245532
-0.252033408738633 -0.368103783583449
-0.785953968992285 0.0831345597625241
-0.589598646191779 0.214094621478504
-0.311332248203699 0.323364855403848
-0.715714549182144 -0.177983219000881
-0.832539258651171 -0.215731381389143
-0.724025711988315 -0.31009929323595
-0.394362181246237 -0.31255041465089
-0.796043685072592 -0.0743389463058288
-0.835568210558105 -0.028446888300248
-0.0284044809104195 -0.373263169645196
-0.385850647352113 0.411148611230482
-0.11741973804135 -0.194034748485425
0.0605865162675469 -0.0544978151876565
-0.202847115386068 -0.101176794453633
-0.145546235261156 0.355276064126437
0.184722741376757 0.150041913777597
0.156481227642298 0.356123170444038
0.224912841610431 -0.225377328878105
0.328980425552032 -0.0150864738551754
0.49788502809613 0.0378106958107542
-0.348711854319212 -0.347848370003006
0.446513151010685 -0.0795359719413289
-0.490471226314061 0.549617325697494
-0.397521817795367 0.677742281410891
0.418787913305586 0.296929648567968
-1.04893853034886 -0.0671244328967999
-0.741397681440573 0.383291135735485
0.708337901213143 0.229038112588185
0.813765080167724 0.126769196470395
-0.579566140660855 0.399199246625827
-0.320080571019307 -0.539031165184616
0.421647085441337 -1.11654346681854
0.218418524281014 -1.10423738896808
-1.43495035356928 -0.144342496527064
-0.799323952272397 0.297738262740415
0.475245222993867 -1.24327688888619
