0.786285500709712 0.99351222606762
0.970005386221966 -1.49053006027463
-0.59158369693237 0.572987404049978
1.29408398579602 0.196668954246422
1.7062014848561 0.0762695154553774
-1.09349782936949 -0.244840573283465
0.419310907344313 -0.92641665237525
0.873328849803375 -1.13772777872796
-0.270634533678729 -0.887841640908512
0.723119927332082 1.12571606454921
-0.522352303556716 -0.123879472265214
1.52556283162125 -0.0255241907563423
-0.963973990504993 0.176063981702431
-0.575790147177315 -0.84851140653547
-0.371347121317107 1.03255593718339
-0.131077426952025 1.0557186221784
0.391121781359307 -0.550270455225732
-0.508935197888754 0.133228108326947
-0.303560548832673 0.118976563069822
-0.521024016474394 0.303397274840367
-0.0446203514529239 0.0814082086313686
-0.211873384867045 0.212145645320489
-0.0507275788811428 -0.0692846619509785
-0.148822436109666 0.115821279117859
-0.105787344173313 0.604687466564403
-0.668010618005278 -0.319142154005574
-0.448419071756374 0.0311347770545092
-0.0889886366174355 0.0460814235446014
-0.472683401042233 0.236128448311718
-0.577751909023824 0.126895474564106
-0.349334986754476 0.328419641158752
-0.394268611596055 0.113886833761972
-0.782203380487122 0.0876593101100349
-0.329241643941437 0.525015533466859
-0.781217311093666 -0.30482071084835
-0.176999147755455 0.115085128940975
-0.740052943163303 -0.190124383892864
-1.10292987349335 0.091040875044532
-0.759944613198416 0.444246871945367
-0.391188395878316 -0.270941426284091
-0.733697042006009 -0.301475562474338
-0.963834920396992 -0.216066542957215
-0.369224592944852 0.199685693124364
-0.666729560920653 0.297824388168421
-0.886665848473243 0.0973408384076678
-0.748653872001765 -0.0697344868911422
-0.837522238706036 0.0908671387086094
-0.837398809233075 0.107578346712758
-0.212550325813784 0.0683181106506677
-0.576912801451503 0.241575510653098
-0.568228737749052 0.399748796681603
-0.760869185257563 0.087861763258731
-0.780550787284655 0.103518502684554
-0.435854684052918 -0.19171283478135
-0.653256935525501 -0.488689779142047
-0.654546822394539 -0.201233151283476
0.00397944603344013 0.648504326573321
0.255512865347075 0.666895538631315
-0.151922601511705 -0.718768955666143
-0.380832735167203 -0.76919614330712
-0.857968427987177 0.0849992373269394
-0.381555076313411 -0.353556311316647
-0.351479079920019 0.489976092077062
-0.161924600946407 -0.175154775598937
-0.240695053244591 0.0458309275521141
0.0342702200271985 0.155351260142721
-0.433330266052685 0.149974595871262
-0.345711885366964 -0.077281910610261
-0.29454172929325 -0.392871905644568
-0.471489245756099 -0.502055932379189
-0.680495146296149 0.356268045727198
-0.347696108588653 0.762163688572838
-0.299818295432909 -0.507076607713334
-0.11168069089884 -0.269218223805077
-0.0336665837530063 -0.583585256012781
-0.634148113431251 -0.0317247973023774
-0.785598617671639 -0.250561577148735
0.270267142667494 -0.25034804417851
-0.192246083237113 -0.534090590905667
0.284880587721888 -0.845698838185329
-0.00167568647286987 -0.696306211709713
-0.17784596926754 0.38538490085153
0.0624033293887767 -0.45151202748563
0.0809740094258405 -0.600923377037394
-0.733085683629093 -0.620311051136756
-0.515025888568236 -0.260107158609527
0.800562825741575 0.0199322264800488
0.016741253262625 0.090782205649736
0.0211669435657004 0.0495058887585871
0.107699927545687 -0.00909454324242725
0.182105918115325 0.0605096397598326
-0.0227528860353339 -0.0558742266072688
-0.0600693354742344 0.403248293842747
0.241247468495968 0.0100382732435568
0.308684869305197 0.562782526683545
0.377207441772836 0.0745669432752286
-0.293065633892771 -0.8651306581881
0.694790346061373 0.0794419855389434
0.124661859875149 0.610894966157796
0.252301135989911 -0.443414330443033
0.734660227684886 0.0188530513449005
0.312502159816614 0.79014155177602
0.155461719509211 0.740406534342293
0.308529778332398 0.0300759552322035
0.676797647061058 -0.360229180912443
0.312197299778812 0.710100507910194
-0.443645990076818 -0.106631419854736
0.228508509523129 -0.314362455631912
0.153680996503856 0.0805133935826052
0.427157614384296 0.492682809831566
0.239641162972435 -0.324372947664132
0.37307155126889 -0.342314952226239
0.369867607546819 -0.439167589610182
0.188715310031992 -0.579837259667772
-0.0706398877659152 0.8240013533937
0.97758516780621 -0.063146720732872
0.282107617718726 -0.628241454328269
-0.46039853931176 0.536923538965322
0.381488393561085 0.561101288075144
0.423632729535448 0.445662722231149
0.190121593370751 0.0889980279611042
0.395567384293898 -0.067679375236648
0.02940078138001 0.0675069501287342
0.151899483427877 -0.00315809779805757
0.279318543656759 -0.129287171099177
-0.254257191411924 -0.0190703272647941
-0.375291028288765 0.125012533962166
-0.322451155539056 -0.281005021084649
0.209737726588247 -0.371037381648656
-0.1040313161973 -0.688041402559046
0.425868380309653 -0.73849825635033
-0.118479573665862 -0.826063013570476
-0.677369605819065 -0.165827333912606
0.52054262266013 0.333461294348493
0.0731103770110854 -0.511152869505818
0.794649557978625 0.277999170380681
0.677030573661452 -0.277763463345722
0.733886410541893 0.359124687467511
0.158016395583537 0.187891985401896
0.731257170030957 -0.16566257686655
0.90438710972521 -0.080707602627219
0.805509287033337 0.0752532490874716
0.712918495911491 0.0315089615393563
0.624249252364127 -0.216603953286173
0.605712331524365 -0.13175333325529
0.860556611228548 0.0965605293417432
0.673686045559366 0.0835830334203917
0.785693549382968 -0.0139159582245451
0.886926232106048 -0.0268727934840843
0.667037543489852 0.406698473704977
0.423534261529776 -0.19431683192155
0.554235491818356 0.51249625234087
0.390288183774446 0.199069086054721
0.41771707031121 0.0319447406599671
0.355431779311443 0.330429031647878
0.38249213479549 -0.0322619987390632
0.108929699759931 -0.217057714969504
-0.381510605385448 0.0805871348371478
0.382796569336349 0.020644209336082
-0.841134565385391 0.174911539702472
-0.779844275271998 -0.152445664228035
0.368279411303481 -0.599374902500946
-0.268750996094927 0.695789267233062
-0.00860306847003059 0.507912285696577
0.176232104895925 0.169349708554637
0.0927192434990817 -0.432861524651909
-0.301817071222219 0.56112503436475
0.429342308139127 0.105287789928929
0.069194719194038 -0.495216542674036
0.500245124003694 -0.0874674577370754
0.319310861803522 0.269501654110428
0.608014427620662 0.388659330503284
-0.349337726353709 0.0088602289658357
0.636628421813766 0.0868969424399599
-0.0266881834896019 0.126168539070597
-0.184182936638734 0.0640531710049518
0.256848930285639 0.793223442116421
0.407750195314438 0.885947517245676
0.450392456087485 -0.344392351850832
0.452864599159218 -0.480575775620034
0.155606127593573 -0.769627035503963
-0.358532971701118 0.108999052387936
0.436468941175028 1.17174942910823
-0.173862531276754 -0.203156120470891
