0.277386395785778 1.17787162598498
0.509445143331005 -1.40785442172567
0.916751136516187 1.22581073936097
0.262259164999905 -0.937825930897762
0.735825217918731 -1.02767895545981
0.94272907953798 -0.113155457930231
0.757143609963896 -0.923187895143315
1.50793611136586 -0.135253584469584
0.528402066662025 -0.610109477257658
0.632471075629031 0.513209798431142
1.4888443296367 -0.119274163556533
1.19795525103067 0.698493000771817
1.52688362288574 -0.207073259370928
0.844901881888498 -0.502109413038797
1.18517301068454 -0.102066456871216
0.387477737614363 -0.0980757144712852
0.978723382614053 0.123349541446856
1.06679592893534 -0.129556556903355
0.942964070210876 -0.151939281741642
0.942966049774992 -0.0640996835142769
0.860474547790755 -0.0216738954887399
1.01638554706103 -0.122347173245429
1.08549539925958 -0.305147995675097
0.83361816000958 -0.0730668951968893
1.13047906339322 -0.23563980062238
0.845783179181885 0.403133926123791
1.29804643489752 -0.509766548935288
0.860801418882612 -0.661724153935851
0.223308456048168 -0.291574335393999
0.775591875615217 0.764892964014918
0.810604330357453 0.904721333904657
1.14701531616336 0.440908725008158
0.81152262800166 0.865038285546566
0.0477992232749432 -1.366988862938
0.388987122376988 1.18008924583709
1.44231092309847 0.794262317085075
-0.815484388409691 -0.214953703100946
-0.98628313112278 0.0736388579682442
-0.5804543497944 -1.31831016086405
-0.351376226305979 -1.1051510434729
-0.508958075288062 -1.17254618277162
-0.487890720544463 1.1093966529023
-0.976088438004664 0.401104789582296
0.374161926624355 0.652594240637277
-0.089454011064752 0.510453717395818
0.0103273788046558 0.911333576652765
-0.330338841320972 0.175060864182384
-0.901288098431102 -0.70499931378402
0.0114055076416776 0.170924100422631
-0.619258235480099 0.595064475557458
-0.422596338276655 0.581420891740646
-0.810339000973539 -0.526019040982226
-0.938003048460238 0.0705261753703177
-0.854704875305759 0.0349304460302843
-0.688993446588314 0.208297902439668
-0.542778936966176 0.0244880287874355
-0.507128796539034 0.347233113442044
-0.30292207047969 0.136645396531643
-0.631934750143533 -0.0238541844875821
-0.497042587054305 0.034809345845035
-0.49054297668261 0.246996489234713
-0.0259313304744153 -0.131715997945904
-0.318016618894793 0.471326542472672
-0.0896056296401516 -0.293688915581001
-0.731304050134346 -0.349518915954117
-0.867017538000843 0.173268097161339
-0.0607111715634251 -0.490704664481505
-0.487264245362232 0.280427328484973
0.236569739275701 -0.489322876806187
0.118827088346921 -0.384513771740209
-0.0452860640353785 -0.289151828769403
-0.089768630718763 -0.243003085051321
0.0816875560429933 -0.144624943518349
0.177362419338311 -0.197424786615436
0.337911519182171 0.081038589691647
0.253730664844304 -0.0350491339573829
0.317532652245391 -0.123131530733976
0.200367914141503 -0.114240104054371
-0.204491651362128 0.0441249551102161
0.172886800470103 -0.202293665689292
-0.0332297349351026 0.0128418124354824
-0.0263824111791167 -0.00564858508658016
0.00897146646226746 -0.00564548377447035
-0.0453146268258531 -0.0103120636220945
-0.396189902524717 0.0227593380540537
-0.432411296029327 0.0927757024542499
-0.316274286287971 -0.0609659338805015
-0.100535453829477 0.143495189897494
0.0590235591739676 0.0172771660506937
-0.727955197892976 0.0152288536086713
-0.598121198720168 -0.100646113947241
-0.375977953925805 0.0278911723763538
-0.445791378391766 0.0176935264245445
-0.401912661623935 -0.0307135133204269
-0.141126237639765 -0.17031585340145
-0.246715052509072 -0.0243948404666786
0.138215507918331 -0.269029710680798
-0.0339710353739538 -0.0179453834647213
0.13517692334339 -0.0101971859964792
0.299713679452736 -0.0779490261715168
0.213051209252469 0.0209782156053809
0.387831936196791 -0.0474837828738166
0.370935814112666 -0.137811929463571
0.0885216777260258 0.039212878798343
0.499451515745052 0.158124067366529
0.227587639379421 0.221159695647574
-0.0531888009536469 0.0951167309942246
0.292942581163312 0.374473654332332
-0.0936181429114699 -0.4411646979768
0.248113692385491 0.241233633364757
-0.245689122238361 -0.454158430879632
-0.311286575148646 -0.333240977337407
-0.242788240716417 0.220157784390772
-0.525382234393566 -0.225957866167259
-0.137140553299053 0.160130537277946
-0.241530324139574 0.123980842715007
-0.0314227935982208 0.0291988452277384
-0.014578069001719 0.0221719714080658
-0.217530408737628 -0.0862431175733316
0.0350992842662354 -0.0192802990344792
0.0207792912062205 0.0187680362988046
-0.214928418405749 0.0191696856111874
-0.0818373107247272 -0.140900997081998
-0.0413439072062082 0.143228824877012
0.121556533204886 -0.112105748129296
-0.0956103755684217 0.155887143285158
0.189645102292924 0.152640951313423
0.250023981699722 0.151435410269526
-0.100685110755996 0.326533969794281
0.292207876716944 -0.253454116573146
-0.165905842433117 -0.360406834480505
-0.447174844419559 0.0388742354729807
-0.0550585842707963 -0.250906583415447
-0.165051615921514 -0.12073576456762
-0.437198020613824 -0.420490914158105
0.0340599041387912 0.359136689470074
-0.185429666107317 -0.56983574084688
0.439662024439056 -0.0958154010527688
0.194067371155526 -0.617814342876036
0.368392339693862 0.606381488775766
0.657422289616445 -0.00212619274619196
0.313047926984368 0.478378114174738
0.206257786898138 0.418868019947974
0.0367922276817854 -0.437786780719611
0.156183091365245 0.273313735220004
-0.0660282944857533 -0.0241996276860846
0.14684403332736 -0.0511391400469611
-0.142772061747457 -0.000562108593932248
0.126925667285545 0.118262012267176
0.451072823100791 -0.0692006134876627
-0.41309182241237 0.224798301225382
-0.477153331196526 -0.344734769562361
0.291990053394392 -0.034921397607366
0.360205504617686 0.0393106772981259
0.51211536036593 -0.0881748122756964
-0.512571615290453 0.615632261073836
-0.837602413424635 0.0316196497130407
0.208615770013746 -0.0365698513419853
0.40103383698617 -0.0934597805995451
0.255817253333344 -0.0507898406156845
-0.62423415278154 0.122928230323842
-0.465786505341736 -0.615281818894254
-0.0538774109414395 0.393612757763946
0.216076427802782 -0.650246128109042
0.116955823465168 -0.549026659647981
0.262481136821118 0.041378398338785
0.347277810630261 -0.568126617053304
0.184196593515272 0.43336116171187
0.392392710120105 -0.696046382222088
-0.400721951134237 -0.601177102251041
-0.700088987469624 0.20355015228924
-0.180375232188872 0.660675702960785
-0.179399633325049 0.540455735605347
0.186394624222891 0.269521940753249
-0.654953468991256 0.830927733553683
-0.0940228555552117 -0.667873041638798
-0.0474427820888076 0.917101281429673
0.296619136167163 0.778569459350757
-0.434986911484612 0.593008233587542
-0.769057614423096 -0.304296114693295
-0.0355570165091663 -0.325244511818045
-0.478577090892509 -0.720420601678045
-0.3445180899286 -0.668248797328111
-0.267556342711239 0.608566462872124
-0.961738157245187 -0.43183883043113
-0.206180960301548 0.750606192676823
-0.610585117130619 0.605732849620313
0.257684872199842 0.151792968527614
-0.719166536426723 0.356817852636186
-0.11898932996397 -0.177992637323276
-0.229509918844388 -0.287026565733678
-0.14395445556081 0.262000891960658
-0.0771933162111018 0.122224943367271
-0.367641068880506 -0.103194985414061
-0.499916968561983 -0.0476759020046947
-0.510359199306652 0.114906478199664
-0.0788216409972088 0.00296027744845725
-0.380992247373581 0.139761221790587
-0.43979720392856 -0.143126995611115
-0.637150016979359 0.129137516942001
-0.247479901549052 0.0207965188266298
-0.456278636267891 0.145085886211142
-0.609191318439199 -0.33990901716921
-0.779091057623964 -0.0412323137412995
-0.388589692663749 -0.265687346364374
-0.654391802153942 0.254503474908416
-0.238048647002706 0.341794809536101
-0.212156684762052 -0.306832605413854
-0.770536015374666 0.27490227032267
-0.085856023012757 -0.309640264496536
-0.780302090643071 0.38928610010691
-0.720809341999671 0.683612745854913
-0.0188141341940237 0.402182001611677
