0.0843474605432415 0.698896234415899
-0.625367596725365 -0.386923649489073
0.116729580439178 0.482533526197864
-0.270761879605269 0.652654581432819
0.0911489960276332 0.501866306864511
-0.279314736936366 0.545971787533595
-0.550238756434374 -0.21143985086784
-0.0443151752467735 -0.441734089746492
-0.16899334995716 0.157787278408976
0.168025550844731 -0.609208871979856
0.329616399040037 -0.0455632704811007
0.331683149480048 0.0855652789005208
0.742787072227252 0.0633794181309816
-0.16938413011595 0.482253709371208
0.447439757081419 0.113097833429535
0.410894781384117 0.00393340618412458
-0.286031642216332 -0.260478924869152
0.146122307277975 -0.0048473359604679
-0.0321312209698651 0.574324159317643
-0.0251800062289235 0.424755256506742
0.365665299693843 0.324914781457345
-0.215382852559123 0.0337171085109961
0.0295329317410906 -0.295851556058586
0.0660690569628924 0.462607019806122
-0.0404374928540233 0.468046808111138
-0.312602403081617 -0.000221658091150708
0.139991057448796 -0.277014378671482
0.668031707573073 0.351352991376098
0.33893763211286 0.60406063508565
-0.412854481299143 -0.468940505160666
0.160119790325402 -0.664806238549096
-0.401861254145944 -0.569948484958325
0.581175694026976 -0.653995415666369
0.0737021436305352 0.770754883510595
0.427666910734693 -0.72857806720726
0.047408891909054 0.666993424068092
-0.558737073521002 -0.0879661824672064
-0.621650228689568 0.0334477040801799
-0.631857320842413 0.0473777572934167
-0.826327108966452 -0.0176876507979883
0.530804018000338 -0.918705032018024
-0.694531118404277 -0.60656056372548
-0.680816327517875 0.113140556406433
0.236829949423386 1.11016479557151
-0.826288290723778 -0.804299814878748
-0.769131658889834 0.06840349753803
1.09953353791828 0.736219321533393
-0.830833935487019 -0.313583921361986
0.492363032140172 1.05563674072424
1.21938511928819 0.792663306867193
0.395499929946639 -1.19673661507487
0.903877344197226 -0.74709149315634
0.67315234301123 -1.26982882033611
-0.617250737658588 0.174927254567806
0.365046604026839 -0.868320315784089
0.351095119651334 -0.726098486852122
-0.572848642056516 -0.533203942187008
-0.500136340030883 -0.551029886037967
0.175565302656056 0.883287666033223
-0.533409919208507 -0.6397476627902
0.649122055379838 -0.502049188378182
-0.221153971934539 -0.00631155563877255
0.55944272315306 -0.319579407503174
-0.444472295610649 0.949927608288887
-0.927612309164815 0.260613137728975
-0.690772439696483 0.155047339746417
-0.434345292649532 -0.666807507905055
1.40983373491825 0.0336330529980722
-0.751528048838716 0.399977362037028
0.244553856526188 -1.07338107724211
1.13815056450992 0.0124434597496097
0.195651056622531 -0.926056163602482
0.103108232597589 -0.88802790546624
0.114044462954922 -0.747492574016238
-0.71907175569482 -0.278890715911338
-0.0439236649117152 -0.764847423532022
-0.594494764000125 0.130364715611043
0.338158358777005 -0.595445913533419
-0.199259060986787 -0.370404234202008
-0.474139373128607 -0.307999082860417
0.0331268553862362 0.407577562893146
-0.023509486174754 -0.518891080589613
-0.176506325535027 -0.412691267247895
-0.491990732931867 0.409624784659779
-0.415464664583651 0.425328886996424
-0.572855872613261 0.670674527672414
0.43847529937277 -0.2171448789493
0.0820007213827543 -0.777728401457644
-0.486779712656714 0.257156645777024
-0.500916713931164 0.999328744393442
-0.619833116075877 0.332732361800685
0.49878685893646 -1.15921099577516
1.11387142606216 0.350454436586329
-0.881210201930459 0.530914199002138
0.780106382183654 -1.25089621488753
-0.203225763499193 -0.60026109278113
0.0958831415910678 0.962101327752901
0.306273949296946 -0.938883421908399
0.465128335729707 0.777848281808327
-0.68781450378564 0.583634238314488
0.689979725219573 0.411841273216898
0.26566416015509 0.74751033215426
0.738368855557569 0.511100132007334
0.672760010298516 -0.279859294882041
0.383018484084388 -0.801982436472974
0.51677988110116 0.273318731932909
-0.767959144623514 -0.371934722928535
-0.941606555923825 -0.0151981416440789
0.251557764853974 0.500153234263862
-0.651832927984994 0.0269245874164139
0.180675935548232 -0.601071159734835
0.219779155147013 -0.494124828942995
-0.231746173833681 0.425212251410183
0.400680223281974 -0.0358480996523277
0.445099972143867 0.0727901950426791
-0.105286568661654 0.381574742972753
-0.26446906621016 -0.249310480131357
0.342589797877282 0.00609533211780968
0.445088570874817 0.107182228188022
0.202964354700621 -0.255624770648622
0.257900093782263 0.0766055859332033
0.151369528841976 0.0705914142262717
0.104571289779237 -0.0621994132457519
0.21415126075616 0.126369220478055
0.291768756353054 -0.00144821941343526
0.175790440999153 0.0551869237630265
0.314877277603118 0.000934258197718828
0.193571133742452 -0.0160182191320746
0.134982489910313 0.025915226312932
0.177060686172487 0.0230924978649531
0.262929503671785 -0.001222934073313
0.2098878186104 0.0819642003546469
0.159667813160923 0.0432140577881539
0.0981314839409565 0.0500946164168896
0.283025142555433 0.210353034221667
0.293294205000986 0.201514846451562
0.304654669110811 -0.180440092358455
0.303249633364383 -0.0391974547690047
-0.0599690412385306 -0.00896941602632506
0.117954545344004 -0.174474000542187
0.185776370675639 0.410894877123646
0.14875517053822 -0.288684599774131
0.181458069079478 -0.327207590029549
0.453390268503174 -0.282456067063742
0.114296097782305 -0.43897999699207
0.432599594087294 -0.420600158609552
0.0943412243659441 -0.380624770512332
0.515873270374077 -0.40202745257313
-0.206868081030727 -0.0213423114587754
0.772607663361867 -0.68756825544307
-0.13519592947758 -0.74701476258993
0.577922566018683 -0.643015704925025
0.764374224787904 0.270838250703112
0.0236982818446495 0.633237686341667
0.22537473083379 -0.417068935127253
-0.213285215235842 0.569220719529868
-0.429021058807412 0.0706343102250322
-0.358026629486386 -0.0476658500326902
-0.385241371601833 -0.000886761123392112
0.163280194910801 -0.384936044129253
-0.191987493428764 0.010537267747567
-0.213385605936781 -0.030215268590661
0.38666241017895 0.228141826099038
-0.287825998566767 -0.0297445145784295
0.326654768831952 -0.300590774847636
0.181153274980966 -0.259731363270115
-0.0381703896370588 -0.300962740827153
0.0125197752118159 0.23336995387551
0.157175876512861 -0.211495913865999
0.0620427767104658 -0.21136667261138
0.0350976584751934 -0.281038969135221
0.147734375648134 0.0748123588302055
0.21980821214852 0.107614045577338
-0.125507278328714 -0.0883475387419136
-0.0161886761979968 -0.0954082150789385
0.167003416301413 0.014527870251479
0.0594497715784033 0.159677929365192
0.2510149093716 0.175260224034372
0.0266880353546515 0.2618410256647
0.126402958367276 -0.067363936687177
0.0575602360496105 0.322323908382447
-0.0680910395630065 -0.122861017157499
0.216749506184354 0.223357493452113
0.224431415237895 -0.116120580606363
0.373063845061478 -0.120803324950915
0.772502763869572 0.071353158673639
0.240491941963149 0.448151237230005
0.550561395354236 -0.227884977891056
0.52357777674456 -0.397664073767822
0.532167743150197 -0.449716734062358
0.69494518070149 0.31965675775706
0.174954747413702 -0.336036684346765
-0.355212021632212 -0.528306059253402
0.204157216084586 0.458547791965158
-0.476000625184184 -0.182407055616225
-0.510927952212495 -0.507345198769359
-0.0692204130443577 0.513253752177108
-0.434407830229319 0.107433948625081
-0.222713994808207 0.491680513609979
0.220605189430612 -0.103044284658113
-0.183214570429409 0.333778650242057
-0.238532735517334 0.341442421439911
0.153855208194866 0.192030561881869
0.0345911204585265 -0.0951412923914285
-0.143785066522533 -0.302953176958636
0.0337177535637758 0.116127765411231
-0.229921315330806 0.190469287263619
-0.0257161766670796 0.00063805533356762
-0.215219504995329 0.169091416563176
-0.153675997884395 -0.240510836411331
0.0120829580007371 0.10864301264902
0.0385242871986833 0.0570600999663284
-0.0571491854175424 -0.103315240417202
-0.347987067213988 -0.0295120081027773
0.0421819244059901 0.14757926849228
-0.109904269808622 -0.119419756824588
-0.408197529035873 -0.0133121462826733
-0.224503973117914 -0.100318942873777
-0.297633188638487 -0.162814372822396
-0.196161113646057 -0.165561043186376
-0.204843284776781 -0.273384146184614
-0.389375799233694 -0.0789674481598536
-0.260671812760107 0.481940391804607
-0.437048353661691 -0.174706548371371
0.105866615109944 -0.491256093830647
-0.239622984880032 0.511907820605923
-0.0207840156872405 0.0916876606228081
-0.678527199929164 -0.20524840214468
0.0389791682237958 -0.645492373263645
-0.384456118316229 0.637381362137647
-0.581426655021261 -0.0668433280866792
-0.849101154325871 0.234522988842983
-0.136326857051695 0.421066622456884
-0.493223687003239 -0.60413467390166
-0.269819954748095 0.577869374422259
-0.708546324214606 0.0254903557830986
-0.0532755153910163 0.66296050061825
-0.709631745127697 -0.0257968683472706
-0.701513473023821 -0.454177122072794
-0.329277893360242 0.562376211298909
-0.54036157229544 0.00110617400243238
0.224755138572419 -0.442161744288249
-0.0614884110567124 -0.481482596950854
-0.386687440405145 -0.345188972234856
0.00942072222309796 -0.510054328938595
-0.256625164532686 0.353980766056052
-0.161351685638175 -0.369027262563539
-0.108810337235156 -0.348386902774281
-0.400476124628287 -0.0994873671286316
-0.409419295583862 0.351370159299468
-0.522714575552827 0.0731136795841064
-0.253919128053288 0.249803993260263
-0.0712448075664999 -0.0160320899225625
-0.147883161840108 -0.0553371050841454
-0.203442839322418 -0.274003360276726
-0.0326496934413518 0.0107808158644592
-0.32323397028774 0.154860704390511
-0.0899207325163727 0.110469558013338
-0.0799424160499884 -0.420194869086601
-0.621047174152981 -0.202779006296041
-0.409666040446491 -0.206632139614452
0.078867772179429 -0.237919613547305
0.141617599097859 0.154214547759205
-0.932482213693691 -0.05434288017568
-0.806473297648078 0.0108213108463343
-0.258710011159939 0.317299162928604
-0.418577874492736 0.0169239594281776
-0.242149481940691 -0.244586117825521
0.175103540895126 0.299035741929498
-0.207777091136142 -0.195021734388839
-0.273835016568011 -0.185120536802861
0.0303865850317243 -0.157450107073446
-0.314469653859795 -0.0616181408933175
-0.345618500742181 -0.0172431436432992
-0.444785631876651 -0.000426524553288607
0.013055282151014 0.176884399695127
-0.498891226291259 -0.0949688182344551
-0.190185908337089 0.0704386714811594
-0.113123384889222 0.136620238784819
-0.368133010526798 0.00467808523620828
-0.261509226363886 0.047038502564836
-0.333203994726253 0.0271149715247137
-0.268326512546695 -0.0256597311830411
-0.212019045089798 -0.147911471953648
-0.363816313184926 -0.0134452189806635
-0.256678701357229 0.0190735045015831
-0.187550657357948 -0.0841042309715476
-0.17289921074112 -0.00638301376006148
-0.283493622275119 0.00197598963082058
-0.345545891293076 0.0460252033551463
-0.188247810837601 -0.0135541460032043
-0.364627485654913 0.0442557376320454
-0.172245618147791 -0.0365629791723752
-0.34128352196833 0.184808033546871
-0.0151059214254604 -0.114339171183211
-0.47698920908719 0.170216020465699
-0.160680041150055 0.21024320558828
-0.604402646492675 0.184230780632825
-0.575516713497007 -0.251219326389435
-0.129728184129147 -0.374618771714959
-0.371586817422221 0.286705622523002
-0.311277701392914 -0.449688789794443
0.197465225906579 0.0968077385322415
0.197296935715473 0.0298484927497397
-0.0281081623037381 -0.0236104944151446
-0.422614089053236 0.516003704682038
0.354929228498821 0.0946508866294145
0.240300848389292 -0.0330144573024783
-0.940886421670497 -0.336152649359952
0.00470779104703027 0.0101400426595479
-0.681829466686722 0.703872557541369
-0.558898829151026 0.608373813886351
-0.556588564673708 0.723435921372797
-0.201410252275437 -0.835187830179454
-0.786773904220383 0.537103098164966
0.435594410148066 0.773582801876338
0.577796216241738 0.695735333425313
-0.824781209367051 -0.514808530538907
-0.91102198413983 -0.449256114072663
0.528611672921157 -0.0101645051277801
-0.253142429158055 0.715159138862372
0.0496549206744397 -0.668262690134212
0.417010221172943 0.0587187300487344
0.417508152915915 0.00628140917524423
0.483011089912952 0.0243058582597349
0.483659785699459 0.141913062917084
0.423084345334349 -0.0301762886482325
-0.430945049726633 0.475966685357603
-0.157445638280387 0.34808195825652
-0.258900322836036 -0.407706838347843
-0.215049183312198 -0.444344225545
0.302695901069366 0.0610270361648119
0.342113801297703 -0.00224302972738831
-0.0398783515124555 -0.444285990300926
-0.214316702925011 -0.324576944204561
0.139771641177737 0.104190146273777
0.0726319393201597 -0.0843316460683296
-0.486848629241778 -0.140944007053724
0.0117264488078382 0.0345248273953246
-0.28016099330994 0.191457707408491
-0.145561682886062 0.102653910293055
-0.0178499694572258 -0.0281566936702926
-0.130127727486354 0.0658004276158853
-0.285419330761515 -0.129883372497149
-0.0911804669745477 0.118212434510804
-0.197866974013294 -0.119042512885857
-0.264930652309762 0.195721202520987
-0.174432347587848 0.23304741126542
-0.154794510542186 -0.134282788413259
-0.0749007046944522 -0.299824841327816
-0.110557991326484 -0.391847316379358
0.233092600378057 0.236058593039666
-0.268517367823723 0.159310610537866
-0.00452416685520891 0.00283476784980733
-0.0457929538229293 0.144631133234818
0.245139461541783 -0.289589275326547
0.179010075454809 -0.207218016667966
-0.00877791459103999 -0.030242857875264
0.0703950458955765 0.129724938736216
-0.0710149172792753 -0.02799980994301
0.0669847899499376 -0.184243997244639
-0.0513717749019444 0.0912083361718952
-0.0317161602936181 -0.0050322745722236
0.0946976457210314 0.0837603397601508
0.123744080041197 0.113490896130326
0.190776245304165 0.0233055243832464
0.114062228798459 0.111939267530136
0.151209147801535 -0.0319368979785226
0.0293951630109929 -0.118756980897793
0.402551341669779 -0.0474973369657392
-0.138073559113553 0.222606336778244
0.11182248024493 -0.284456729690937
0.0327707490671569 0.393396816941972
0.382803547153401 -0.107253965772573
-0.29204568037644 0.133993277566908
-0.0407673403326983 -0.17722589057034
0.248974380499883 0.403790302843432
0.336302578591221 0.302255575847136
0.458064395574178 -0.55612420662346
0.538172119148407 -0.119308959712831
-0.321664939128413 -0.209045984057384
0.292008471401411 0.469058210530858
-0.0798843011766711 -0.186669165872258
0.833417050514911 -0.299249504432115
0.925689279666848 0.415552182965181
-0.0607377048244601 -0.219903156001596
0.931579611166628 -0.410788637598531
-0.25899244898006 0.185054670749631
0.222683431095917 0.719960118111004
0.682147440310601 -0.346222856951843
0.27881049544466 0.692935081287532
0.400605217138094 -0.609096106079474
0.653587544459568 0.89238464668024
0.363552821446991 0.758358580758396
1.134120904715 0.298872807237823
1.08703479286202 -0.763381858640678
1.24842699149975 -0.559580560581449
0.868434871098734 -0.634534725832037
0.334158295936563 0.155626858957282
0.497190749100084 0.0552620172308645
0.529651011437683 1.11505301978308
0.709751241319499 0.0592908508390465
1.3422177191994 -0.0376601718309322
-0.168865756863477 0.555555344470763
1.21603474757879 0.777163363930282
1.75808882097858 0.82504464847216
0.146562509625105 1.43392062075388
0.463677745299294 -0.762043049842792
0.80062970593196 0.506403485969679
2.41235187816789 0.0607092037594405
2.46181962294079 0.064790390644881
1.65083098026407 0.347558836596976
-1.14075076613315 -1.49251664471665
-1.14634280474824 -0.723785368956095
-0.616368597085481 1.14165175383932
0.807037537494823 -1.54755480825243
-0.50826266207644 1.96173268241725
-0.406237052159695 -1.57829238032636
-1.52880908785793 -1.2236624171064
1.38059674473244 1.18036241530909
-0.540712474127463 1.64609012073274
0.443644487222992 1.0936389733776
-1.5142420449447 -0.948706706017604
-0.750898642465533 0.819768165630697
0.835306292716896 -0.0906610043230443
-0.553681267868255 1.3705393650298
0.862526063408382 -0.199254699555755
-0.673082209414552 0.516358261175041
-0.702993824587022 -0.834029236057737
-0.377807225443175 0.984665443245843
1.12487621944273 0.0739993871012394
-0.223219713846663 0.914269345615711
-0.765089893577697 0.343946744319093
-0.938117497318462 -0.235392276484066
0.762348466753859 0.353408779272692
-0.428181400204027 -0.774227393883417
-1.01543931786738 -0.181650173965886
0.0991349426713597 0.74150318697861
