0.51947273675024 0.686894063106698
0.832580993092123 -0.794497896180328
-0.926953728346425 0.214644288754227
-0.905743191214929 -0.529940415713694
0.613160169899043 0.809529293771191
-0.837055662042084 0.98139721850403
-0.72093240919657 0.0284381765675809
-0.991492552144824 0.0907720088458471
-0.431754205524121 1.04415871669568
1.085762441729 0.826020231390773
0.17369964146943 -1.01453299278124
0.676163330460444 -0.699056186779522
0.595625656140091 -1.02780353728798
0.630980672692455 1.32727888637932
0.652788109913361 -1.06531683535739
-0.830664466558444 -0.242499284488179
-0.994618205775464 -0.263916792242556
1.2015432813456 0.992108662360659
-1.08561079226358 -0.36771717146235
-0.925779762928201 -0.235176093796452
-1.23474107562452 -0.461727601335743
2.0979761145676 0.575556299986654
0.776199136281071 -1.42723682624274
-1.49792399900143 -0.377444378071628
1.75463747507778 -1.07276410373698
-1.39003495071929 -0.381514993355814
0.509139726189904 1.95714979513863
-1.39798007363873 -0.351184159805206
-0.794195681178964 1.43414406254086
1.65620118398313 -1.04114825288398
-0.544528458846957 -1.52294356055114
-1.44266813696331 -0.504178906496922
-1.37660780024351 -0.227007140536417
1.53231267535918 -0.993874512108302
-0.814985117222912 1.38554712828513
-0.545775248588588 -1.59494780010407
-0.422651165851501 -1.39183436651997
1.29688592889869 1.05701565216161
0.427913068811698 -1.50498691085196
-1.15609128062442 -0.570825264167721
0.387996309932238 -1.51173336774291
0.447854989406579 1.40699037365032
-0.829884980778233 1.18485102537918
-1.01808803846354 1.27213475064468
-1.28948664432793 -0.523873719362111
1.25659559297937 1.03704838428797
-0.536079375317864 1.0724035367239
1.1197827930936 -0.812086464274954
-1.31999462834023 -0.613113568782435
0.483201134496715 1.25104197828802
0.406259012592421 -1.28551091094061
0.972415972964595 -1.04391011971791
0.0828254225450997 -1.52215771978288
-0.992273948106917 1.10856316896522
0.0695628124328307 -1.37424664493581
-0.720005858352677 0.977716079615255
0.89109258390508 -0.615157996328231
-1.09330099560933 -0.0776352487997454
-0.725679716164224 -0.210087382347062
-0.97947785165222 -0.119568340202952
0.311901091273228 -0.706693353142309
0.829263140270064 -0.474114976960279
-0.793752512251902 -0.524868377383418
0.177160894059682 0.879806756900978
0.128552030011704 1.06257578173975
0.130998991236432 -1.00705968082126
-0.871140216528025 0.73022360125858
0.568888833814877 -0.479846111606372
-0.830168773143804 -0.919292917188437
-0.372174975473434 -0.865979619329414
0.214277516924048 -0.473069381904929
-0.655942735831018 -0.622966898740255
-1.05348776250957 -0.502378288462707
-1.18008482912777 0.109400358344747
-0.0515649688341815 -0.801984619768763
-0.492736160377664 0.573965406288267
-0.311499221449969 0.370222384820585
-0.483562560499835 0.710645147846508
0.189379751684542 -0.793876355201998
0.434121040814604 0.168499597510469
-0.571926340251405 0.469018787901035
-0.515253666992905 -0.578538711248515
0.334724853242826 -0.20535375682895
-0.826818889741338 0.424175071750667
-0.627847096632501 0.343744947820397
-0.917230268437029 -0.510130799689569
0.21820997116258 -0.107407901174179
-0.562732163165789 0.00318163478340729
-0.622074086448121 0.083642940458689
-0.146383606180278 -0.594287478927134
-0.1834894669588 -0.602115133135732
-0.0454273884421806 -0.541129391037662
-0.427518893506376 -0.423953345821155
0.126030384421833 0.0575210270499656
-0.286043641718639 0.264273187081376
-0.414645228540793 -0.348311944108919
0.269144710322125 -0.446493707332331
0.0431296939776719 0.529784259009268
0.497953468369164 0.0385870514407268
-0.55560947424317 0.542988327527274
0.513115425685118 0.0925716749801018
0.308389022927107 0.40153709829073
-0.0211627044936116 -0.604509478583609
0.365344632983292 -0.616044586921768
-0.33613942728891 0.428914932634862
-0.570962886230975 0.407924117725418
0.119719847136568 -0.503681865561877
0.0821707196272776 -0.492295937948267
-0.588096800144646 0.189893053141828
-0.254040700478931 0.0847024662624363
-0.192813692059183 0.541124914570857
0.340158238124044 0.197252557801491
-0.227267194745754 0.419974015228074
0.398095710883066 0.0977025880625822
0.235161561034603 -0.634913125710502
0.3973158870454 0.183486396387956
0.35697449400024 -0.0257132875999276
-0.257190203527499 0.588008338102325
-0.0103208609891557 -0.00889705015020371
-0.278690898846649 -0.487319434239223
0.107719744531189 0.614998589653883
-0.510778606270551 0.512663594863625
-0.134248535072057 -0.355176851000433
0.421414784743013 0.320894296705688
-0.122259049358995 0.523130877035358
0.281009630011926 0.279510007386541
-0.645170209919687 -0.152175857878851
-0.297775652693687 -0.366924619516881
-0.118722989663701 0.20234631732396
0.265603798783537 0.124459763139508
-0.185502169805294 0.116519287104527
0.261167783631325 -0.0200200570028959
-0.536774020117829 -0.35840176705309
0.227244508331802 0.0803334359142626
-1.08735626427662 -0.295983980729384
0.0852895067719486 0.0450147329874842
-0.545477491074448 0.341887267461281
-1.14409887861219 -0.299165992133528
-0.358305572395155 0.407142469542375
-0.678443135512086 0.44085527426052
-0.643562189117015 -0.440473686768361
-0.46822056542297 0.0367096781602035
-0.0301623088566361 -0.014225625360832
-0.145982589788484 0.351655098225661
-0.491774630790907 0.108372364193313
0.109207176260024 0.0744897650406148
0.0159348436800234 0.00176650336398839
-0.180518936223792 -0.0134989992940546
-0.213736836269265 -0.13176187958996
-0.0533465900937771 -0.0616716920704436
-0.152514175055905 -0.109447402332232
-0.0815761759468482 -0.125669178891385
-0.116877951718018 0.0369647589662701
-0.250248109304046 -0.00553951533528284
-0.400036508028929 -0.129014893551969
0.0212242570103628 0.055481185936705
-0.0464532409012573 -0.111881197465818
-0.197722707665654 0.0192353025461111
-0.45203281354517 -0.149588861397846
-0.321840021395105 -0.195159693619533
0.0925573807905791 0.15163827557267
-0.0283565709958282 0.39998811604821
0.0340498594259082 0.028854346661375
-0.0386749536627367 0.364516135648463
-0.0187484155168979 -0.380546524845397
-0.122094260022486 -0.304150806772348
0.271986251003511 -0.298257573990007
0.251182407873496 -0.201451157718875
0.269556151903247 0.335595665967136
0.442105988935807 -0.0329556348497509
0.202080103418687 -0.229397491239664
0.0347844144508251 -0.198960196395857
0.342117917871144 0.258966648352717
0.440815867113221 -0.242769524863946
0.104407012173628 0.184993378716466
0.304875373388768 0.0772821224492227
0.445631678885924 0.125595297353638
0.144955229752961 0.294858433258761
0.157462923540936 0.246515015256762
0.0231605576866721 0.210518448558384
-0.0869290867159213 0.224940967696668
0.317093056372969 0.178458580132332
-0.145245494678422 -0.167264812901507
-0.30920836910405 0.318019788501739
-0.160229986625596 0.258291178033249
0.00815050299192486 0.439874707635087
0.574540039857265 -0.0434240186436242
0.0365065099644296 0.4670077586346
-0.00486284625216611 0.573381341824835
0.0626268698466081 0.350062458404486
0.491837563172332 0.15952444492915
0.112630235967266 0.280219786498896
-0.170436876040582 -0.263061540101222
-0.230643785539833 0.274658689063016
0.166552291779082 0.508140967413034
0.343177643449367 0.31826901708493
0.362918162012361 -0.252123501732816
0.659519874642063 0.169487958201265
0.455248541899709 -0.177083769301555
0.450255805371857 0.00668001165400957
0.416454853577127 -0.0453460378492881
0.146209204120694 0.136018787868202
0.271815829672576 0.0277081794276799
0.414860256181487 0.0723020491586609
0.193100337360146 0.234560386526869
0.246643044151035 -0.0342504810917966
0.0636676332682375 0.354586659042308
0.212275767428544 -0.00520994448778004
0.218918409557321 -0.156954666925037
0.28380811207352 0.198606405118151
-0.0386316753336684 -0.0187158847752611
0.0888472296258163 -0.1131723662971
-0.138928341495903 -0.106103349594355
-0.0329496961815585 0.247156237579785
-0.0445581160241505 0.0239641385515421
-0.146993827634527 -0.0264048553725164
0.0298167850639136 -0.270584865412378
-0.00796977164027549 0.223086149982998
0.155095294168484 0.0620277451368411
0.0812200248029309 -0.329241965559926
-0.0580318949417511 0.123932180105359
0.197831581072087 0.0339514474159318
-0.026076306800556 -0.230291353016817
-0.126042157273544 0.106910183046985
-0.243743885521847 -0.0723813029162516
0.134017471598231 -0.0355894202593615
-0.0649230362839774 -0.072763548465192
-0.00658262999487967 -0.0134276071597756
0.0128351071264199 0.00495212377232357
0.0497674672289145 -0.00563508670530513
0.0157663756978463 -0.000572251349834355
-0.00305734261029591 -0.0808916259530318
0.104597191693946 -0.0534567600379356
0.0188505054024103 0.169971753033772
0.105121044879022 0.207413807547209
0.0139244488484723 -0.230176457871798
-0.179692430005644 0.0687679953956579
0.193867004959987 -0.0409972197241849
-0.184181943352552 0.294481260175696
0.153853732640438 0.0238318419964721
-0.157121046148791 0.129155079195727
0.21231413151499 0.0604344413538586
0.0545706590117418 -0.269233519354113
-0.0983935060535999 0.10432459531999
-0.0910898330504648 0.117251728498945
0.174612186071894 0.131480596461037
0.122999335363272 -0.238873347897258
0.0642795532413027 -0.0381385358119215
0.00258346860702329 0.18630291036526
0.14916107142814 -0.0227394028388354
0.210723331600153 -0.288376612770443
-0.137450238723269 0.154417897961087
0.203126594825123 0.279544392828414
0.207745829670734 -0.259638060292028
0.093154737345759 -0.134683307384143
0.258775486821156 -0.135146900785013
0.238855744924167 0.144324214101895
-0.0165387099962695 0.16693062501234
0.125856124756225 0.112005286380492
0.145330944624584 -0.0597057853892005
-0.0379044724760205 -0.0493975452042731
0.0295685291710463 0.0407135322863112
0.0215537286217533 -0.0548393468523252
0.135967318565842 -0.0549179016441787
0.125435397510759 -0.0098770130944647
0.250699846563171 0.0864698340259777
0.243711222498565 0.101542087443977
0.137618867087795 0.154543946508589
0.110193991314556 0.0414728987117283
0.225623891855432 0.17687326841662
0.221257527457376 0.192417758866695
0.376032285061247 0.244620773293987
0.228388815295412 0.0395009318542905
0.625431540104772 0.28899267078696
0.403720343054829 -0.111710383069918
0.0313951470101059 0.029291416442638
0.696436778365069 0.214618939513087
0.30463170961809 -0.162083973708509
0.412221447351896 0.285480495226476
0.649992989763215 0.247589785527937
0.153353606251088 0.216601631679588
0.0677947500567556 0.0159926739189218
0.136260951204846 -0.025555009711248
0.354765712509624 0.152835772227498
0.297194720732992 0.021227369360858
0.0696925368747318 0.116152439884758
0.227644047754328 0.117858995173858
0.29936416117684 -0.0927530551016706
0.19033849223193 0.184278749507918
0.252586024362702 0.0261284729528765
0.116129113625157 -0.0107983646446652
0.3144088921401 0.220706235378345
0.102258122426072 0.0423166627583071
0.473440068519008 0.0855167842376403
0.294280513024949 -0.047524240101249
-0.00880950776590111 0.010429931919261
0.0757849870484953 0.392583180748472
0.472124358725527 0.380353416491176
0.719147857056414 0.201059691093353
-0.0965275647776129 0.0423823137318628
-0.273008402702497 -0.134286302603184
0.241209446743733 -0.0965393012053822
0.102809690889703 0.087724016460715
0.196521225146535 -0.0803824275298948
0.175563876134869 0.0203506324963525
0.0666781536001108 0.0239438830742421
0.357020569234764 0.0981486893646887
0.243225550570533 0.122420450731879
0.380680367912461 0.0805261453791019
0.257187662919019 0.0598500913810053
0.158857122523127 0.236373087936944
0.346989587779989 0.116926763971452
0.276456496980595 0.0757112867228298
0.295391219210272 0.0556348609723043
0.337251086799024 0.119478547122077
0.3319707705969 0.113335425549345
0.211766622264804 0.063618484821163
0.338682073624248 0.139263235358825
0.4318268176263 0.0560895059609897
0.480678518128622 0.200780435831432
0.137085764102745 0.00972311170539166
0.358841018564377 0.193315639565404
0.208068693003273 0.17792976400365
0.301276820186251 0.234193913568871
0.262525485444687 0.211240311349104
0.0382197601413094 0.273365975469373
0.439656753245494 -0.00208099391516145
0.348102464731475 0.0436691096657157
0.0600109357582201 0.0147102871802719
0.0687824242739619 0.306943400564662
0.021438623821722 -0.0208670021226827
-0.0581606040718099 -0.0683733213962682
-0.0490281671690728 -0.0841858493614591
0.29964427308382 -0.294273162597908
-0.17669723639257 -0.0648130903188786
0.416280148858793 -0.350247495944922
0.869386243836374 0.223679546357472
0.598537179325714 0.346835269809186
0.481452623819621 0.458509841296119
0.52852302832809 0.489184226396593
0.711208575003636 -0.417138840295238
0.337236306300733 0.493897148502077
-0.367405006384468 -0.103250497718393
-0.314476818496357 -0.13953369026134
-0.137252102469861 0.418155185996468
-0.419460259735795 -0.0740045246196822
0.107587013055827 -0.376458368891964
-0.220326712336774 -0.397525572854536
-0.510132966153906 -0.185747501240095
0.217227039211353 0.300620832061247
-0.0089771824545971 -0.512219203164637
-0.411072413645609 0.484965711295498
-0.0340755284819824 -0.516975248993728
0.497883794818085 -0.526883910662307
-0.298373165689606 -0.615733511856632
-0.419043555217545 0.679308039099158
-0.561101926480458 -0.166190998277654
-0.532830553292374 -0.129222960225142
-0.444842084075879 -0.125727364634399
0.0707729328564862 -0.593131797759108
-0.112859721829878 0.637534618064627
0.496830260537356 -0.416162198202773
0.0313860881513074 -0.634442229452854
-0.305302398392723 -0.114960405182037
-0.074053487778397 0.630806295827299
0.47700207959945 -0.327195782526011
0.52241268475122 -0.246644461810649
0.61847468782538 0.382420013919515
-0.0033844878493333 0.515417522231585
-0.195467760670988 0.00340083732276182
-0.103770455607554 0.378873753771814
-0.27443441492349 -0.167797461714045
0.188875988412352 -0.259014943351834
0.306913389170667 0.466211409231304
-0.186060752117542 0.287919382251079
0.0570314643076239 0.593742248565041
-0.0860246692774094 -0.411761687209042
0.0538973462197966 -0.33017033452438
-0.160330879790298 -0.473514426322351
0.372387598907412 -0.306621282496746
0.0471342675782814 0.385548912747118
-0.466382184754662 0.327726370367549
-0.723029743071603 0.0546953130304287
-0.106960252593901 -0.541077105102141
-0.319376071268354 -0.57315968277835
-0.469267668493895 0.381727199987124
-0.747747196390196 0.560028564900239
-0.361208997247813 -0.567500027131238
-0.779219158683969 -0.309235511212087
0.242696250796066 0.5539262891245
0.27800095534854 -0.527253166891697
-0.309182574076407 -0.539386506722659
0.293300241841255 0.553969770682
-0.324225298814404 0.634990289670232
-0.126938783523475 0.555340437042113
0.678148886326432 0.19193343113662
-0.0802020012537454 -0.520425188486352
0.746991442829146 0.246776486580332
-0.333314067502341 0.578151349123926
-0.518634662482526 -0.286605555046524
0.0820299955991723 -0.566834816336045
0.179455745732909 0.70126607809482
0.386422708411495 -0.270900519317731
0.0498758110085857 -0.515097388212549
-0.264671749954644 0.102538819978984
-0.611229129138391 -0.136251436043512
-0.574739083625871 0.212815262101553
0.600416823600565 -0.0873369648729326
-0.206834780550769 0.193262067443232
0.513095779460372 0.310331148745169
0.43949771944989 0.482716441825949
-0.14316741870784 0.639556411986698
-0.131651357862404 0.481317953393228
-0.539764573249127 -0.515938456297258
0.61324878539927 -0.0632375591767242
-0.274821929090862 -0.781882789793402
-0.478164195138207 -0.543498525511781
-0.148464700252702 -0.7423716150157
