-0.750930996910802 -0.00264629505582273
-1.30967511387438 0.820815389456016
-1.29243930199238 -0.809636248828729
-1.29255676700962 -0.727126270922577
-1.22511756821618 -0.68285022594025
-0.529599884135972 0.285647686898716
-0.312135953378889 -0.303910874626827
-0.457306645303201 0.269378742751768
-1.42182444425309 0.459903848006147
-1.13180002333934 0.0583546142463799
-0.769402456517884 0.809545324353397
-0.662980283876125 0.434267140380676
-0.421389455061361 -0.461888049977451
-0.824418995745364 0.839618334141937
-1.26413785380712 0.17971876097872
-0.90869770701309 -0.289299446927821
-0.691694457830164 -0.465855863440361
-0.807578560763556 -0.235515054041774
0.0138534748820401 0.475021949880538
0.137599279558755 0.73132186426045
-0.904796396109991 0.143979964460159
-0.827414537347093 0.129795074956585
-0.380873189397735 -0.61967194781961
0.6063008154113 0.845118872736548
1.25919199495302 -0.107919354107281
-0.693591400116024 0.174694794367705
-0.0129040755807107 -0.710422741268233
-0.650764122609898 0.0593869061998841
-0.893041643141344 0.0884107318476109
-0.696501101993364 0.316023583041852
-0.0271191788421005 0.790160440512308
0.702561142061523 0.312849784453256
0.209794552202285 -0.844172887733213
-0.0572965666422574 0.832997827478727
0.655371228603676 0.33455209688635
-0.231804197702462 0.0258416917375965
-0.180217778417385 0.781290308418871
0.267957561148552 -0.256669267167173
0.0450389970336577 0.0333988568779358
-0.0608785592665095 0.507641538592344
-0.463366145941677 0.515338862402947
0.11880727129472 -0.870636898091955
0.303895348278364 0.175134393690692
0.366494568307233 -0.0260937761039588
-0.183592787030909 0.559694844778993
-0.0988631957800697 0.566909408264939
0.287839661196026 -0.147597519235076
-0.290063042027758 0.393932769002357
0.132298474226513 0.0535770590501813
0.27257959297591 -0.116620864433099
0.0246203346951502 0.0147523357262922
-0.347470023078197 0.498668252769868
0.0621939357043874 -0.102338577554351
-0.460356292159425 -0.143759862010927
-0.178309212508428 0.0659183969718551
-0.122004548443469 -0.143379145227522
-0.401547728489813 -0.127789771091687
-0.0661960230726301 0.313376102573429
-0.648745089913441 0.266599825440056
-0.374242490397024 -0.569678727534716
0.0653009474014433 -0.138226053380527
-0.13738270115189 0.867544432214609
-0.0971476421426072 -0.867265204396476
0.327879980425505 -0.0280901441316887
0.348976417825053 -0.00212444360419849
0.306138192609538 -0.280420560859932
-0.0657011013326386 -0.20472548014202
-1.0521504380565 -0.134446601223453
-0.384919250658235 0.661233985437755
-0.512742222370691 -0.846477896322916
0.0221228653928058 -0.0448502202435329
-0.92604169482525 0.632915406170156
0.375863434573594 -0.039918351168528
0.263564550827311 0.00954192904534125
-1.12124115675752 -0.149702191413592
-0.569182599769677 0.554071337535947
-0.178760040400812 -1.01988983684387
0.154029063762138 -0.203938425588857
-0.836464388924256 0.527705061735253
-1.24201342174837 -0.483500797257962
-0.437025526970315 -0.978706136414256
-0.31837154552457 -0.0195399013024814
-0.205596575151833 -0.432565930008764
0.320542551234517 0.252721704932438
-1.708332077222 0.0980261688632081
0.0214791173645515 0.323278201527702
-0.39907840463911 0.756518284752949
-0.241077405588185 0.857228202232715
-0.996179192848633 -0.351440801926858
-1.20674730361648 -0.0679982154865587
-0.686221718448971 0.680441301995021
-0.56437431229476 0.226572598987002
-0.196727713067035 0.203271843348789
-0.947529560658045 -0.0257978877511873
-0.797844672384588 0.69379894301142
-0.904489592263217 -0.148897783671881
-0.290787366210027 0.0369551327177651
-0.257083675104813 0.118276211119382
-1.12799662575778 -0.190457930864562
-1.01001715117798 0.706220151376766
-0.123402067940064 -0.0370681940549556
-0.22625539639304 0.0414024763084415
-0.138800548629949 0.194947067537566
-0.178967683724848 0.231961999403484
-0.170247219578083 -0.22999125386245
-0.463362270192114 0.426403626408008
-0.814147069094468 -0.166894540242789
-0.213837060458189 0.31604947373755
-0.622008768704056 -0.308703369239454
-0.58393998434557 -0.172445092723452
-0.283321606380897 0.175798008143792
-0.460553164281974 0.0126997850590426
-0.797290243475674 -0.144662126337821
-0.687376770403153 0.0563401972876351
-0.74880470795996 0.261748014251364
-0.766747036571542 0.292073945537972
-0.976729523719688 -0.0192489383879825
-0.484827632264317 0.18175916487675
-0.87953820594542 -0.0913142112498896
-0.946907875807444 0.155761060183361
-0.564935994425974 0.0641226751910565
-0.558199250093635 0.213069739641738
-0.397042270440169 0.284087070419074
-0.46408522725121 0.0256390618015736
-0.517173711260548 0.101797511414083
-0.765854907849367 -0.0532190143395295
-0.597343444195314 0.216502569099886
-0.431264681559771 0.00769370153286842
-0.482867383799012 0.0417125880729952
-0.565596795458577 -0.0741376348613463
-0.433770648335343 -0.0955159935873669
-0.347628303376387 0.332218726562188
-0.312783621985113 -0.0721034813979341
-0.0694407342892666 0.284959635951292
-0.200360866709382 0.430187928347412
-0.565952786796579 0.00501655356617927
0.100612715548433 0.337408765156041
0.264925232794475 0.343833979750598
0.727517728026275 -0.0151696703077002
0.482749840413742 0.58025568889558
-0.012792221894335 -0.488454766639294
-0.363946849867664 -0.138997283125479
-0.48802187738052 -0.0775116515813885
-0.292839051089274 0.286272544148827
0.530487858763308 -0.555505011266288
-0.0741733016190142 0.378305678637175
-0.304964370577338 -0.917754310284864
0.842360348131777 0.612895001559027
-0.751860651456776 0.0701535404583195
-0.591584227549872 -0.94256626450514
-0.548986406155722 -1.02816375216244
-0.404484578136024 -0.8133958284515
0.326083221864413 0.815584819561671
0.0866048025288539 0.680201822855968
0.637069387815021 -0.260746730779763
0.336580099561067 -0.035029498786936
0.366870086483334 0.76647307201742
0.173461829301688 0.577439583433938
-0.241578147802203 0.671329842801772
-0.680259911112849 -0.329961629630965
-0.126935009600512 -0.533805499793894
0.120205095373292 0.569513385061522
-0.176758410593968 -0.517107813824181
0.203896557928622 0.785350894798569
0.314128072722089 -0.0801261323564281
0.421365408501566 0.0181695812566791
0.402774704191353 0.00970684310472855
-0.358985695178067 -0.189944440343233
-0.210988690096492 -0.234739639167349
-0.160293414631451 0.133494804232832
-0.604043908678976 0.0704094483874336
0.222653346750809 -0.302256054727324
-0.404895142705428 0.147885231882645
-0.0873256696096343 -0.211432466060693
-0.116685184474071 -0.0573627605914142
-0.148109254211258 -0.107271642938817
0.0378391381977806 0.0051502225274848
0.136138229514309 0.00785447483812441
-0.0750938699164393 0.104199072881968
0.0182603752983781 -0.0434645087021622
0.341698712642919 -0.0462874666737804
-0.300806469563232 0.412912796368607
-0.064165118729548 0.458891581172173
0.242771719508151 0.421577300143384
0.228164335353937 0.350418523866052
0.546604774420628 -0.0266199175735882
0.57266583806783 0.0139589640620321
0.478441645370554 -0.148475115849916
0.080347094850305 -0.6223996973305
-0.0534510158590531 0.697995527796991
0.734856700199255 -0.169834420105223
0.603018616837851 0.358791883752962
0.570904536786218 0.724592616839903
1.03898268508692 -0.124459431588645
0.817150133799908 -0.22397095979877
1.085942322594 0.112451394215879
0.00194910133360417 1.0340743563811
0.668654167591954 -0.0890381894066948
1.42536850382681 0.117599753489375
1.27747541859988 0.133717171866258
0.0249698266725213 -0.485600401104341
0.970936361250377 -0.601786884529321
1.00572562170973 0.508438008873404
0.469684279535569 0.539949783215673
0.432895751959073 0.4718785562409
0.888873787546396 0.19013431850497
0.90252196729579 0.0293854270299818
0.46886317850528 -0.538643599555417
-0.0249861256196957 -0.0526274826011697
0.556519902952618 -0.134685831980629
0.366906550287023 0.09285604281938
0.55983579311002 0.0803600829722478
0.216474154723601 -0.210934502812904
0.237994800386747 0.125975907209989
-0.251927952130428 -0.022458879510084
0.287100576067241 0.141576187468201
0.0406516645412693 0.0807315601788105
0.270427753858864 0.0824229097135371
0.147428577766454 0.0260276706568577
0.0925319400185496 0.0202823684939074
0.135139688393942 -0.043539679451151
-0.0914423281803772 0.0740454387219636
-0.0766320740601536 0.0637253917594685
-0.212454036535041 -0.00909454991003035
-0.154668577040897 0.136713010126064
-0.215135165231321 -0.00414591275679845
-0.0198766536337934 0.0765673211419043
-0.0547743059833055 0.062920762804617
-0.211253526348071 0.00177928108749753
-0.154151696474485 -0.0764153351530859
-0.190567982858524 0.287317577417
-0.655652916343554 0.0267760511307286
-0.111477243992766 0.292186772266084
-0.654141876158568 -0.0374053111597188
-0.328800211251754 0.511527060398194
0.188647510862532 0.0653109969145554
-0.598235442862855 -0.149120569317306
0.186545833452189 0.0817614474449996
0.329147842160916 -0.0582661000329915
-0.247106354854784 -0.098618336941409
0.065317004399285 -0.276521927816393
0.244274568110305 0.125397245188718
-0.161002955137139 -0.151521126792025
0.0811898996856741 0.456512936235927
-0.269578052599758 -0.131381763107668
0.394188879345846 0.31424507136661
0.391868862971103 0.354035107183268
0.147136667510858 0.112071541811107
0.181089240398881 -0.0667758777178098
0.20248300500661 -0.358550782624751
-0.400369507669586 0.109170777403545
0.558807694003622 -0.233967503858204
0.313545570328604 0.835858523089785
0.496646569664152 -0.166452766870437
-0.999060446219718 0.0931119407340378
0.161240066565966 0.748081693474571
-0.155816384910827 0.351096469274337
-0.59786934943902 -0.287580193886648
-0.192639980077258 -0.328777437648835
-0.216110555549867 -0.412355771714252
-0.247095272961463 0.257173272462384
0.0769455439789865 -0.189129197818895
-0.0524013603653862 -0.281413893531531
-0.138270728606069 0.0418096333014538
-0.220630469394089 -0.0223339449571442
-0.513077373750046 0.105445744710965
-0.38196062107988 0.0088949189489962
0.0312249372873612 -0.22913619406489
-0.365643073041128 -0.215076858720307
-0.252204204732389 -0.127861423118692
-0.241186852322469 0.127658580092119
-0.470284080888638 -0.0709137827518198
-0.410637510502545 0.0862922465529567
-0.535935714173669 -0.110660056774496
0.0340225135979512 -0.17702618673334
-0.51723994623305 0.213383180769113
-0.109523568496308 -0.20656772376546
-0.237345416115735 0.558591630614049
-0.462499073250528 0.10304888701853
0.173692640854266 -0.462781281349088
-0.156926479010948 -0.308660567964255
-0.474924422978532 0.0243998467664183
-0.388492960502357 -0.0302333399882739
-0.112632122448479 0.581416368379194
0.503738181045984 -0.555683151463605
0.0799505300448181 0.599311644098849
0.0132220190411146 0.683241410741237
-0.473730521431158 0.12553819312537
0.572473818727228 -0.612733249002851
1.14982203073098 -0.105789987205041
0.812949561522959 0.66019831594875
-0.28536228845569 0.154867530745958
0.399689432157885 0.689900277892043
1.12171038718903 0.213483880115204
0.788380065319053 0.576821480057048
0.520232098824199 -0.365777102987064
0.237463517598639 0.0365787250481484
0.0673048344569969 -0.0140425676403045
1.17124810735977 -0.127566962532617
0.342302021144057 -0.432326446766973
-0.119944907625398 0.0290783509835704
-0.11451739250568 0.00495363010238962
-0.157359603146616 -0.0104840760672998
-0.240576759861146 0.00739017497301722
0.335270559449936 0.559696690404047
-0.252624591607311 0.308232284130598
0.145434826098938 -0.604707787337059
-0.356304704728755 -0.0261025910566449
0.692770522320033 0.086903680713595
-0.116967266669294 0.144903156830676
-0.31419063374893 0.240707021846646
0.0317981474607546 0.0984609674800051
0.429601966605488 -0.20647721535275
0.0453132367595842 -0.0570652931227074
0.253177657742992 -0.224249773649527
0.562531418448943 0.0734293777685515
0.523921230825559 -0.189778979094747
0.424057342893371 0.295886176915816
0.650570336442834 0.280465191415385
0.948191082694581 -0.337603530799232
0.719675639741024 0.317918576500393
0.0682013015604461 -0.432140575889219
0.15701074728468 -0.674175153658797
0.509780275403932 -0.759158822887639
-0.0369192971221534 -0.750459966344599
1.03681155444117 -0.119755462190057
0.595289589625295 0.604125985180791
-0.302985515572468 -0.740636640863734
-0.463792299632369 -0.546741653119864
-0.456540780046325 -0.722234976402612
0.850811585261725 -0.165495159888101
0.852163796445621 -0.105534965024624
-0.493537879764656 0.744854689087497
0.196764912040273 -0.958743529787423
0.612645961551496 0.675274362103841
0.664075776745652 -0.0492928693662403
0.211308232598648 -1.18078962409982
0.895344090446603 -0.0822800340148477
0.831384181274336 -0.104851595325504
0.69449285910655 -0.0832174816406738
-0.863612389403678 -0.787457913775299
-0.931778314418195 -0.516655468680831
0.274276131384783 0.0148238433612227
-0.875629005935129 0.97462921369139
-0.289863248802901 0.756855241247949
-0.679441608352762 0.737602506924668
0.340237055409626 0.103342698210907
0.413662911629701 0.0121688761604653
0.46433935539697 -0.0132420673030404
0.468849289682022 0.00259603991861566
0.414870969274156 0.0323143354750624
0.0522201223538198 -0.730223086989411
0.680244083311919 -0.120815130652962
-0.810844815223228 0.101562402207946
-0.445179585772222 -0.391003435883222
-0.169730238279186 0.75254210557921
0.68318185699378 -0.0153715046807889
0.233341012428883 0.515544288542022
0.285680273629471 0.505256405014389
-0.185798757437486 -0.42801008002763
0.639141455627739 0.387357646873467
-0.168512154015142 -0.421893924095141
0.573484271805948 0.395811897479354
0.332880128930546 -0.563784683246066
0.493826372329463 0.271119180111725
0.631134293908883 0.230406339577655
0.660866327093335 -0.196020707905352
0.278518540637237 -0.0479985032161713
0.0774048329363715 0.102146946570748
-0.125946894202582 0.238164671378968
0.312433449488262 0.19563270525446
0.165588820358428 0.160130398940712
-0.372811112858164 -0.149335971940806
0.145295718177126 -0.322161783476975
-0.395036111642979 -0.526257280739498
0.0540727493240619 0.521314801161815
-0.404887933730964 -0.495136896112012
0.187884001610761 0.486676411088952
0.822781203518994 -0.0842483780114549
0.194927904338439 -0.838407286573739
-0.685766163493463 0.450381255703327
0.764870242062329 0.266910130386825
-0.0448826032143157 -0.823412601817636
0.248819329867123 -0.362796909094502
0.26220392798389 1.03286389185788
-0.926679897362024 -0.766268930283354
0.137305623829846 -1.15196994863445
-1.18009944683175 -0.721049559683897
-0.518046976756604 0.650868958256431
0.00753938700776435 -1.20121606659499
0.0106492323579428 1.17157792621527
0.414914083076526 1.31910232919368
1.13370725074381 0.137702670804111
1.23918063477358 -0.1576097098377
-1.17889805217982 0.0749247021707699
0.895142296710778 -0.4155837652764
0.30378703889382 -1.09034061551614
-1.00152064951943 0.0860840290986744
0.591576438694369 -1.09303564414175
0.522401039137342 -0.930068827689969
0.419567428729288 0.816469420701596
0.764647869310528 0.76103955586707
0.171517389477949 -0.651620575139637
0.362301298236136 -0.636395576648516
0.402381026307402 -0.62587719481477
1.1186966689625 -0.183992519370051
0.065303578644694 -0.567601558370431
0.434043699503888 -0.30812308657422
0.303193833951511 0.572505783088293
-0.164941863710297 0.158084430043795
0.376636878345157 -0.383855612104606
1.24128031354899 -0.0751677560410662
-0.120194850894547 -0.0274075830346023
0.394992642362559 -0.302473388363369
0.486217348765581 0.436133602696767
0.50602818772102 -0.420851027991948
0.425118229953975 -0.223621953180454
0.589362617332559 0.30207216526465
0.971672959170267 -0.423811464408573
0.732154360625275 -0.213575192243335
0.134883991212482 -0.113099954197473
0.379366194347775 -0.367329482502621
0.753122605833798 0.0511127947133784
1.04511223609287 -0.19413977785576
0.539469986100778 -0.53354892522904
0.47653077276919 0.268157790131645
0.0601321949062237 0.641636526751658
0.382904090681526 0.292207239162568
0.576360090692713 0.0041141657950307
-0.124971116832832 -0.474609797640711
0.297931035376639 0.492453696694822
0.713109860811737 -0.00155006482478206
0.0709360660495004 -0.382837081327965
0.243013007014077 -0.430406927386729
-0.36963052003845 -0.475791967509878
-0.385865242665607 -0.362307145880868
0.216246946388893 -0.593773219548378
-0.664198658823077 0.0833443220258594
-0.487645882260646 -0.32855872680084
0.290895512347685 -0.128638156647661
0.0435570131764121 0.529741255691954
-0.667444119049047 -0.174283240761933
0.245096589479065 -0.119896130586127
0.0348450288084603 0.0518986938035545
-0.225676629692351 0.276539106700348
-0.26483647291217 0.287835528570723
-0.333268902530569 -0.357345574047038
-0.527195562084836 0.0069858498443634
-0.56343366039048 0.0249189464416335
-0.0793446705558596 0.26994792036304
0.277794867646324 0.0936674001850074
-0.342238752847455 0.0531938983204727
0.0820763337710494 -0.286401270047236
0.190856156653551 0.194482500100482
-0.00802760807348293 -0.113327334992486
0.186007920169392 -0.20292553940589
0.323689310447647 0.142368227358083
0.301733413312954 0.0624769600295906
0.517019273225276 0.121748597083148
0.3127886113723 -0.207125971216515
0.440822992583227 0.0371197809516022
0.201016783831534 -0.0140110532574397
0.352467156303926 -0.0317193020859769
0.332691716873519 0.0184317674079571
0.477990722041147 0.0057698950940774
0.758358024297829 -0.214223173703438
0.53852718148199 -0.223567574999949
0.482238397931436 -0.338514277982298
0.484389447472205 -0.196996293541062
0.460071383826004 0.179609440381573
0.299407967376265 -0.0920099591789902
0.416968802488808 0.0925107600967115
0.547805861901996 -0.0706218418246055
0.249514072961659 -0.0347671404881564
0.23416677084248 -0.151532975917929
0.292152654669064 0.0935335479639053
0.10114382969699 -0.0247434688488823
0.0841209555579622 0.154577047673783
0.0355649828825438 -0.0890879352685975
-0.0944850696931418 0.133538323096927
-0.12651618044378 -0.0138122415406543
-0.285474188727278 0.297254541846145
-0.272721165518891 0.181968222212174
-0.236365765057459 -0.029393588920481
-0.348181557794323 0.174826143411255
-0.329311905016945 0.139942605598451
-0.319572342619985 0.154324900676698
-0.0723854683329626 -0.0297901671771134
-0.466850244238499 0.147871535176193
-0.243435489209229 0.0929180631981457
0.0913346261370954 0.129104111491816
-0.890245376953875 0.0840441922998248
-0.351845580604476 -0.393606046834815
-0.251103287485607 0.0780137873042849
-0.379525764436803 -0.276153500492076
-0.575627040618121 0.0167415537449115
-0.527197090644095 0.118428769619916
0.062383209990904 -0.211796386110542
-0.57301334412344 0.069702358028281
-0.497395373206928 0.0246329337126357
-0.243484231515512 0.0619142992491218
-0.00381290150086622 0.172519713396897
0.167082598691285 0.267759195607655
-0.2274232851677 0.056639743930591
0.00709419217243851 -0.315212771814714
0.198872672552369 0.271752062689747
0.137869404344831 0.425186146288978
0.0769051652695264 0.440835748585361
-0.390041743297453 0.00379945364915643
0.193983255123684 -0.509681083804976
-0.0165000750979667 -0.450964264291288
0.807346718141535 -0.0802292822387282
0.485347347540244 0.113739976070196
0.407837308663065 -0.418996613594178
-0.207648881903751 -0.356914916470127
0.342300902636213 0.198275978786536
-0.321495366141954 0.672331274691565
0.198446663857397 0.154840322411244
0.13309384167782 -0.045097514468184
-0.3848293428007 0.790665706434392
-0.972391911490981 -0.587587262372247
0.316530601917047 0.146178585601703
0.447021830087694 0.158227910486202
-0.255140339227203 0.953027413491678
0.510501104642729 0.343545903839144
0.153159529117372 -1.11889272322277
-0.0813059362777588 -0.80499777868601
0.311348624630626 0.0372909004176808
0.405445320801146 -0.247627699981075
0.107967583294357 -0.915251156580125
1.16730341209029 -0.197077844271297
-0.739062812950398 0.523470487446636
1.16771164107867 0.213601231964684
-0.180767769518802 0.386186780447633
1.11250054640004 0.708380489432677
0.745208366608634 -0.998367721071281
-0.322163702151546 0.00538023776756707
-0.276147037259664 0.0807629468742584
0.293560599932248 0.7123947006749
-0.223242139735862 0.103955234407376
0.289733625417204 -0.455328738934546
0.920925738679515 0.299951855894021
0.78429614186979 -0.42206969086197
0.126059023523324 -0.525671372319412
0.387899056351038 -0.24817599364627
0.0328315809502518 -0.631367278819062
0.354648691498879 -0.67912383689142
0.495361486979394 0.375196694201728
0.311498938268154 0.693544689253995
0.340707886806805 0.831967052774841
0.295842610821163 -0.761307652202133
0.594697139120845 -0.0395078756524855
0.0187137601289452 0.385339576066356
-0.28840014315919 -0.524326780213837
0.485878777966998 -0.0339081843034587
-0.0917158318458214 -0.750885382564622
-0.81864859154084 -0.510273961175683
-0.126295763902992 -0.835666218818004
0.543386651082826 -0.0159319137900228
0.479059668800784 0.0145760511499654
0.443128330146642 0.200896373312122
0.129726255343664 0.887638251874976
-0.219075290709173 0.788619762394841
-0.475317610175159 -0.730587112840297
0.47783599075192 0.809280313221374
-0.894054230208244 0.100358817331976
-0.651084272285399 -0.725700546436826
0.102858707098079 -0.803473546804871
0.843158306715455 -0.0340179935634972
0.877458041829973 -0.0768331031217948
-0.699734903649794 -0.632948052976777
0.696875064949902 -0.0712831261456408
0.264464396960713 -0.811898673773841
0.329329811743546 -0.926785454963754
0.486546792683452 -0.0736956129356227
0.511658554852018 0.686979114800841
-0.416718762264154 -0.676156679971025
0.358870313348222 -0.826866513814228
-0.744886439050304 0.0922512278327335
0.341035217688665 0.410251619087282
1.35573306627604 0.0646010508146096
0.0193857646053532 1.07237750668071
0.769532669215829 0.896819217816205
-0.044457416515056 -1.3181064180133
-0.73833227102525 -0.393988082302415
-0.140317371025449 -0.476622945666134
-0.782566383271426 -0.392733475035575
0.240964633289082 -0.024290073528806
1.5388665402863 -0.169343970423284
-0.705088222786345 -0.34373990139948
0.135015066141541 -1.09433120666015
0.308655320675734 1.23088694622635
-1.26499661611277 0.16365643699342
-0.666797703453481 0.803752137241551
-0.223829839842007 -0.852498808243311
0.719611537262086 1.0284631857038
-0.0507274955698638 0.902556392194943
-0.115721144681151 -0.898048174206795
-0.936300567801904 -0.81346712730604
