1.07035735512238 -1.85317072439272
0.928365433097666 -1.82917079139642
1.06126712499443 -1.60343384133252
0.126942136656897 -1.84525852987452
1.72869428019111 -0.0098058223817427
0.643745221944954 -1.22983697669113
1.97362711748068 -0.363075067345099
1.58197019179033 -0.0373625921686548
0.512520406033212 -1.01881092023264
0.51093875352092 -0.827391210929379
0.755874775983379 1.09535296151264
0.429472287256849 -0.673226495249677
1.18663517757833 -0.0251461013773538
0.758825069124936 0.790473240936121
0.644454838816872 0.782383033951104
0.500900215975562 -0.385310633459555
0.473800654103795 0.241718523849039
0.667079458808545 0.336160432763416
0.801582272391085 -0.064171149329027
0.548295495979123 0.32303586606887
0.654934392926641 0.20764975519001
0.692386586859763 -0.0120603502538789
0.690592866312982 0.055876040888106
0.749418506060559 0.0596004672897276
0.738157796881406 0.168262141633995
0.923539060012638 0.0571249413217263
0.716458732803115 0.228518137605679
0.608543569783621 0.00246669185356002
0.719119285359607 0.0164117553146757
-0.199444317270544 0.109047992682064
0.395960448338296 0.63283191266421
0.179196553367351 -0.654032204983726
-0.246340908697659 -0.442187034555385
0.997323800520062 0.287393245595989
-0.396055727304618 0.861488303169614
0.546540065016071 -0.794060158096763
0.612525112795539 -0.691602057235823
0.474255163892465 -0.598319488321199
1.04549203895634 0.168226824682294
0.534460751327564 0.617085425177963
0.881058206730835 -0.0098577962767511
0.390118377396312 0.518999400925191
0.723901413659963 0.0787554050761694
1.0072125912261 0.104356301050386
0.343731282789759 0.372727993493374
0.823662228562607 0.433629390237868
0.369002401824978 -0.458025054041746
0.208826446002544 0.0272491653659349
0.1507149167777 0.100145713304756
0.711451734782968 0.382904062744069
0.15185425515971 -0.0186585703876498
0.601748849012019 -0.0929880459985885
0.319666008968626 -0.0744972174062837
0.374767926066681 0.087439769737358
0.610364577089396 0.174035532968663
0.336665372317253 0.267300660138245
0.318779821957498 0.0297264237843544
0.365920687262212 -0.282445067719945
0.262675069651999 -0.34828972973977
0.753065701425383 0.090328266761681
-0.386544651104942 0.492960409164228
0.337049936882512 0.768177929693339
0.0132045426311255 0.297233506739548
0.371306069389138 -0.510861839470007
0.348189617165688 0.617044287992824
0.261581748551732 -0.330855476523518
0.618211594038561 -0.342302799674148
0.300051414679995 -0.174780055936153
0.370056503817653 -0.0197856148282052
0.550725183349806 -0.110233682199021
0.648020367167823 0.19106572418164
0.832478618516185 0.113237102931724
0.831087771293564 0.166101217939284
0.881460824390363 -0.0999046056451706
1.07717644201194 0.157290135781153
0.881056016301623 0.370454299381178
1.12508039223793 0.135652293190198
0.549136671397826 -0.288287682694695
0.96612899084483 0.134030204904984
1.22314285807745 0.110660461427142
1.1027214870508 0.0908638268740137
0.826788707893945 0.681063835351998
1.04622060039204 -0.611201771651898
0.967809275712558 -0.430716715887874
1.26119256327327 0.056348981444379
0.736351681206815 -0.665469087039358
0.291336872054024 -0.576264411427752
0.655584414895638 0.563695452656382
1.04677182767169 0.493779390311912
1.11680336193235 0.370499717317297
1.28807761417622 0.0799891837735409
0.493780947513309 0.155769097735591
0.529414110833788 0.40273249973394
0.704576169641579 -0.144711744001431
1.00937472824656 0.247699653903655
0.520367164986677 0.180229500279075
0.474211637520847 0.0222869266304673
0.664456656315589 0.202969054205987
0.406482455057568 -0.135324602840013
0.558413149010032 0.343056310028198
0.49277682736083 -0.130820635702115
0.331744695999602 -0.0852161917685246
0.748723841054528 -0.018067611887871
0.321752335080205 0.248778168165725
0.469518935029734 0.417304789630111
0.840719313378286 -0.172606036943785
1.02447005237919 0.111400867237155
0.140763774715272 -0.442989619515987
0.628062239439514 -0.321570559457682
0.0392146250132338 0.396366574674698
-0.309616693975484 -0.302500568144806
-0.509676347914767 -0.0485864016445879
0.414243105891284 0.653776169796891
0.610337261317516 -0.620293938488603
1.05694116912724 0.447854957882481
0.0833920635634052 -0.475548286738351
0.432761633961749 -0.288422765409417
-0.468395249391136 -0.104601406402388
-0.30750825039891 -0.0911034120666542
-1.03347709811655 0.0143632312009766
0.230285862201795 1.11733587188508
-0.391143503899596 0.392204406082913
0.341613588500852 0.306825150068749
-0.521947177756614 0.582764086240492
-0.631012648410367 0.412992733870839
-0.143133614626059 -0.527070884201377
-0.134410080552378 0.271013156912018
0.0182488421071616 0.553481045610136
0.279752007221213 0.155490900307875
0.0421112651698353 -0.205141353906767
0.143232005526932 -0.377185225677175
0.173160215828 0.622951034889855
-0.129185439829409 -0.185671698152568
-0.425355550244256 0.128884645617056
-0.591386299720044 0.0358016921138107
0.172949734670414 0.660884062469
-0.206421265021028 0.643522446664302
-0.0517841933684921 0.710355826543626
-0.466670073724533 -0.642070726983565
-0.340375578880621 -0.591711602316869
-0.499230610431159 -0.472992239293752
-0.564560882338511 -0.633139681521168
-0.659696348561085 -0.458479130084633
-0.351951608810644 -0.713326905231557
-0.652889619677501 -0.626630481584297
-0.55950835808478 -0.0712121648316714
-0.981642345271678 -0.237896434500451
-0.542354335625603 -0.343400522033095
-0.405311202363152 -0.486333510336012
-0.730915786946066 -0.070070828407029
-0.206253945589156 -0.413068090768865
-0.802344006541011 -0.0420659754990754
-0.27553481709637 -0.352735032395524
-0.105520072169956 0.223349312485536
0.236697932280127 0.108939259262223
-0.720456829649712 -0.0152878751707013
-0.51744617886481 0.695528216094344
-0.0825697795484282 0.30454399686119
-0.256464407381119 0.0843311951628545
-0.229814905357238 -0.258055316428623
0.00689751422037986 -0.293207217515009
-0.297199463658209 -0.0169624652695227
-0.652863092709005 0.0273657240781724
-0.117282278347605 0.26743009436785
-0.271497660978492 -0.262173983002719
-0.0695007907355548 -0.140778627424045
-0.814350597399574 -0.318955688267881
-0.686063220318889 0.123860807679094
-0.861875626936478 0.323898044626669
-0.972753616331669 -0.144566007567495
-1.09496653276457 0.221278386903924
-0.98244185378005 0.109181846756784
-0.561015124451607 0.0753080857990682
-0.24618654424291 0.098165811347099
-0.539647718104858 0.0872692344329077
-0.246045197271939 0.108688930357713
-0.270749169237436 0.114530917433443
-0.00826218311112205 0.118279429102766
-0.0714696853861554 0.0530734166815304
0.011205646829729 0.110225288862344
0.237807979395495 0.0639966450626651
0.217887006512407 0.00517202483283664
0.13833958074232 0.0791836711183794
0.229407213211323 0.0680470670521157
0.259966445737313 -0.0969336887597437
-0.188463750486323 -0.0864901249127248
0.0556962266680861 -0.166499444097073
-0.211958842449529 0.171724487468899
-0.434912042664105 -0.281758624976144
-0.473936082526344 -0.0546420164098841
-0.361211458383569 -0.468115656977455
-0.241181822975026 0.606058767703587
-0.276864263002425 0.494125999932251
-0.185551895690801 -0.522615289463245
0.146383550103062 -0.125555067572858
-0.919972723274681 -0.20816968195922
-0.963244475184671 -0.35544934689555
-0.533321478994081 0.572898697544221
0.171810668277064 0.086423743508871
0.0807631691443924 0.0108154018183559
-1.06515812742511 -0.614585978337042
-0.684421674014062 -0.608211062444556
-1.43024920322639 -0.300753698881837
0.0777132581458565 0.201347106735642
-1.13797967298349 0.873293390656495
-1.11571663829035 0.575001443545896
-0.736440165920401 0.496118425305295
-1.33795208429502 -0.155804789049612
-1.27854127226236 -0.173514091737791
-0.593343195633747 -0.54976919958833
-0.666452617150426 -0.496710748109127
-0.778954234417422 -0.503556017383427
-1.11427123193313 -0.10500540334326
-0.520970170773752 0.0671944191371397
-0.466779840944981 0.0557259528591395
-0.540464350585577 0.14604254027144
-0.470144197186919 0.255227446914452
-0.287114414527268 -0.213875783366058
-0.202476309835287 -0.120781933619466
-0.14565005488366 0.0110559531564963
-0.172085585272269 -0.0333198415606728
0.000555759650945398 0.0193278905410385
0.1050644858922 0.0782031637897144
-0.198372510282068 -0.0858637262002865
-0.0301186880823419 0.284144133834825
0.0135739559116386 0.272956941877601
0.342987210972975 0.142938689487403
0.179741669324331 -0.0239716683440796
0.447517756813196 -0.0277513810623372
0.365563727931251 0.192293987632326
0.331975706853245 0.238317963163614
0.308027618926518 -0.221048663188051
0.0488187693904034 0.248197669494183
0.72507216047644 -0.072691782223755
0.494146345998299 0.130657512314042
0.263614741372111 0.0390687873354408
0.237626673671421 -0.10682001163195
0.19250949159363 0.181124415176805
0.31217606012226 -0.195671078256356
0.151525368456438 0.16233810500821
-0.0124725892431897 0.239931026876761
0.0558497136243762 0.096091586667448
0.136878181493039 -0.0137883769043362
0.224862490496481 0.117143627844989
-0.170009070320487 0.201593674767252
0.720562752902349 -0.210298592362495
0.332372425479022 0.809938942049819
0.299846385083753 -0.686631341615422
0.348210062405504 -0.511973109509869
-0.137135263046424 0.31490702099293
-0.140505874405217 -0.0209823799310408
-0.0287911936857245 -0.239601637712362
-0.196666391424168 0.0459383860007842
0.100657709612108 -0.103130968549029
-0.0695136269265082 -0.101150530793263
-0.464159532321009 0.0226552029964636
0.0154282489518411 -0.280454509599435
-0.437715097873945 0.00318024275660776
-0.457506954151469 0.0755007380442774
-0.171141574725762 -0.146685673675086
-0.465527098224458 0.440872108743232
-0.293738692978898 -0.413631914032137
-0.832572937829959 -0.0395527921316348
-0.49875658825675 0.183740137657518
0.103669242961253 -0.0185942763519159
-0.0288986142488179 0.41292326840938
0.375654149514908 -0.17323817742186
-0.27493561456228 -0.0412702963915004
0.22405829423848 0.571042742391295
0.239766719493288 0.432114410701123
0.578582542815719 0.249984179016324
0.0187430271146656 -0.0427763331545851
0.103445074260865 0.386806416544357
-0.215582400117048 0.102364508260314
0.078110390598539 -0.347879436412367
0.378674593669504 -0.341690975848764
-0.119512475598179 -0.460697953160479
-0.348127736873808 0.559136531675182
-0.366141090426796 -0.0460791960969495
-0.0339346891721344 -0.193511431946554
-0.0584161891375948 -0.217560110699691
-0.200154515255383 -0.311919303725602
-0.339039983167283 -0.038253304678571
-0.388432382310827 0.341011029001101
-0.172578369504944 -0.0422295902455963
-0.380412383874509 0.0949751633089858
-0.566526673734571 0.10473965658672
-0.413642409634202 -0.0382738637119261
-0.43785545887976 -0.0383990982811162
-0.576845628761451 0.118853190494931
-0.480051038724391 0.0588497813969058
-0.781404111134978 0.0602904174291678
-0.899430533462144 -0.0460185643621881
-0.75006101579053 0.0482456586288862
-0.795600852710283 0.0349366205657046
-0.761613188327253 -0.00648319956773298
-0.609446261632578 -0.0364916182501799
-0.558777080617244 -0.28967904220991
-0.332417014467191 0.129666674601918
-0.338433681235312 -0.0685523410805598
-0.333346354169795 -0.318300170719793
-0.0487041371135208 -0.0631605814374434
0.00224190011073701 0.191394298314474
-0.103437755873497 -0.0548725737283717
-0.105466912028365 0.0662540037835915
0.307902939142916 -0.174076183802027
-0.201208931152719 0.0314720339484053
-0.16080975695087 0.0972076632784306
0.314214864348203 -0.415833849405404
-0.270032480381857 0.553767647337351
0.17761196263216 0.375531958116905
-0.08884856587722 0.602437617771834
-0.352006396529413 0.462976862283628
-0.642891805941622 -0.428259816086355
0.128518435587338 -0.040898361191515
-0.242819003451699 -0.488778925687089
-0.202466686453321 -0.539101010939904
-0.851073751291523 0.605240248208093
-0.649064197749421 0.53622903403137
-0.824416181774002 0.280053598924256
-1.04211117757113 -0.294648042978732
-0.286619457145481 0.353905430080554
-1.08062530859347 0.267179317918181
-0.662387174510192 -0.783759489292218
-0.557544166962563 -0.622940310461951
-0.169654774223727 -0.632565573063832
-0.432011849287162 -0.583958359493976
0.209437035887101 -0.516844220698933
0.0463017830666158 0.685423211152007
0.044372910537895 -0.662738098503174
-0.398786761940628 0.600424799658889
-0.352408737933288 -0.743165832534533
0.0200688330814524 0.762566009055934
-0.774587267379944 -0.130793316242685
-0.268416087953546 -0.698492950493647
0.461139345380479 -0.599687385043776
-0.215673809579384 0.614705698690348
-0.12759259321016 0.646904759780162
-0.543630185856175 0.204615427513913
-0.0763840534091673 -0.784333758633246
0.361533136476658 0.896287437243705
0.387591436428016 -0.180325907524376
0.107485444375082 0.710335447755954
-0.313595574101661 0.206399625704917
0.542768089329375 0.820733937511369
0.336888086572805 0.619237670669507
0.545499726774576 -0.537737967350474
0.412473290178651 -0.469731363832042
0.280662393502248 -0.366683379302766
-0.397708528855106 -0.407789805751418
-0.117710533431666 -0.259470011379284
-0.0395981124262792 -0.534301576477927
-0.00265892362625361 0.450750577526967
-0.252916359672887 0.19355695271913
0.057800775386388 -0.289681626964942
0.367753417195525 0.121993216670582
0.343178805904853 0.0901263690400438
-0.229283749009099 0.340350689515383
-0.381264267229194 0.361538850490921
-0.545954088106808 0.228447193524566
-0.235264083558552 -0.191348811280244
-0.0499294267359277 -0.000489844273213301
-0.440958026952467 0.297277976308392
-0.40264787435238 0.109143016929466
-0.464505174002906 -0.205532989974559
-0.409789616867003 -0.369335006925942
-0.16716403020096 -0.00879558632379228
-0.663617662099069 -0.245371428866655
-0.314140124832395 0.0327558765406179
-0.663891903610177 -0.129009781925716
-0.784179151918336 0.117197547071036
-0.625484375537857 -0.307433282350572
-0.596646785104616 -0.303453703530517
-0.806759184731393 -0.0766890318519815
-0.240279479058659 0.294098968274918
-0.394838313606675 -0.249530000241294
-0.217553654021517 -0.139645781807077
-0.334266827434268 0.0886481545962272
0.248291841342969 -0.300441271401034
0.172716981828955 -0.231674758862548
-0.273636448908329 0.00581106955830128
-0.119238107864287 0.188460960000721
-0.162376816355264 0.0608935390362526
0.354766838702249 -0.25645870556285
-0.0400235607601907 0.241026392743041
0.878410142725778 0.0973685418542533
0.591845649628006 0.356010258300282
0.212547689960649 0.248846529970318
0.165049537870168 0.241118397044107
0.520393588155028 0.0915743485584595
0.316566421199958 -0.384409017523057
0.21094951022286 0.46574929551419
-0.17847617668484 -0.54591407013603
0.42145865877551 0.713692655364898
0.21329141154197 0.658326997056375
-0.79084474276792 0.0764131478261508
0.0602809054523039 0.653922377373499
0.330692848248197 0.071845713809537
-0.0804129382641768 -0.290007227370756
0.435910512580272 -0.0781822330491861
-0.652695917677895 0.599571022992003
-0.0959388568377416 0.535662500583697
-0.643484600177998 -0.196360629471505
-0.577338255993584 0.331371684124594
-0.135692303405055 0.0661825499516363
-0.358076788314271 0.557088423912703
-0.476616050160369 0.507115965462036
-0.488204440551049 -0.371394683228073
-0.643802578377879 -0.524548344007755
-0.523112766840224 -0.388239432375018
-0.757995881967754 0.414287976379143
-0.619614767327012 -0.534677496467565
-0.9593646747115 -0.0112030737390551
-1.01183528128274 0.168483553463381
-0.564834701959397 0.0130595508643056
-0.444144835308614 0.609093485149588
-0.214798936742597 -0.505129370131042
-1.09028110323107 0.0596469479818438
-0.899406392407899 0.367587575024953
