1.80700032073975 1.36038711659933
-1.73041980729143 1.36729658083078
-0.515825292816101 -0.644363850772578
1.14742005830929 -1.86523930190533
0.881243872357467 -1.80236251665647
-0.341199135264929 -0.559705296949236
0.826177832662035 -1.61071739429532
1.07553109672675 1.32632766218168
2.31258815504795 0.0741162362051657
-1.68128575189765 -0.184613884020974
-1.13242326519619 1.14945616352171
0.382581016136595 1.97745280071639
0.629509554516157 -1.23679364115316
1.13388032574214 0.710411270310745
0.385988877507352 1.19645261699027
0.942083308977753 0.907735910464771
1.04835866676958 0.575821924593308
-0.549681138764349 -0.267461152364598
0.888329129576376 0.444703410590903
1.08482652955578 0.124180706871634
0.372375854404483 0.979406974851123
0.205112611609333 -0.646668882850604
-0.538303583270275 -0.0769303383401713
0.467271492405213 -0.103452100714658
0.146295441983404 -0.44736893567792
-0.2445538303161 -0.082005665302625
-0.153763772593731 0.0291239650159489
0.184544957219916 0.180936635596897
0.194596548887576 -0.048022580663353
-0.108389568696584 -0.156905647249676
-0.110187010044452 0.223170817919444
0.179709858417254 0.218994354241641
-0.136232152762136 0.219474542808112
0.254483967563695 -0.0587285803017264
-0.11906262411468 0.309868793358068
-0.54405125125913 -0.257620142741813
-0.06712728049119 0.324709482910771
-0.199932363051092 -0.0661607329943703
-0.646461055019754 -0.221856989245913
0.507303358071392 0.261585826518089
0.823265484411352 -0.189358313065864
-0.471733146111925 0.803087327218002
-0.851449507024467 0.172659100524655
-0.00411370994465969 0.31606882359496
-0.583546109595051 -0.513991210994071
-0.507462921190236 0.422768044006453
0.0587623645179977 0.0223155104861511
-0.358486984542805 0.332062168092264
-0.470117750174046 0.282945943663813
-0.532097052685734 -0.147384095641927
-0.556958333037373 -0.179151439623866
-0.271622080066627 0.0553136751721998
-0.217609020912842 -0.127154577810314
-0.253160129530062 -0.0934877274325503
-0.278004726014864 -0.106617315905642
-0.35294889348679 -0.146670771907697
-0.0521013215639983 0.264414982172118
-0.127119502794867 -0.152152253570477
-0.262173084051368 0.113664860505198
-0.318099505420098 -0.269553847198122
-0.150065946817265 -0.0590903543551515
-0.496801576199084 0.257819052165766
-0.755702510575227 -0.258861862982608
-0.326938828913245 0.0167906334156187
-0.553214015145016 0.593212259984916
-0.370277797199998 0.535086221090692
-0.966732844851912 -0.268701962496891
0.263573497541825 -0.294151018170293
-0.318894935627924 0.731012658399456
0.220031592020846 -0.211334172088622
-0.380894002693017 -0.377968810876152
-0.0435549440531675 0.0379797244175292
0.125117860617775 -0.0779481069939574
0.0645607181720145 -0.0171235829600132
0.196270984711593 -0.203510921078256
-0.382976782735872 -0.612289678525805
-0.403973939612259 0.200480246159615
0.0173380141315013 -0.040723665084555
-0.0595765730071387 0.188405182150462
-0.421015217560747 0.250279377904171
-0.172143182070002 -0.379881799670769
0.243833745656456 -0.213322351476231
-0.127231208123734 -0.405509639397325
-0.13117243434063 -0.253246371591234
0.00856400238977614 -0.347883538997377
-0.140598505222736 -0.129437150227093
0.108702961723754 0.00719779539674052
0.0672732502693154 -0.0391107557624871
-0.0782205786068646 0.0623461131675153
-0.0226854500446261 -0.015632265617072
-0.0893309415180316 -0.0246296936554189
-0.0654770238603751 -0.113048956315601
-0.0282449088167136 -0.0166958024745172
-0.0855043316789967 -0.300504697304865
-0.0856814499564332 -0.318631120287809
-0.298622572696248 -0.0378112045374235
-0.113793062840161 -0.226004772095313
0.118641756026044 -0.269865959230661
0.36783593017904 0.215256156337944
-0.30124642075954 0.191657039713924
-0.00991468488522597 0.66785758835723
-0.0204042226793387 -0.0655993224783851
-0.53032196977164 0.349818415373371
-0.700095897535532 0.453338720398749
-0.512650785175303 0.446513053113261
1.01191538145211 -0.123001550463056
0.0245260379782988 -0.731019835045322
-0.236653235714651 0.625530431997586
0.581934631621549 0.328023631951993
0.305170032412791 -0.0597130578298858
0.335630318006242 0.323935478132011
0.100388787991763 -0.355663751932377
0.194890166880288 0.193062305388114
-0.204808754843162 -0.104821950861856
0.130715518196806 -0.048833675691944
0.399592411857805 0.176809978849327
-0.0604948121706699 0.00640168946093507
-0.018167263105804 0.0939328636070465
0.0531650368576592 -0.0535054960455295
0.122732019273625 0.00978624239746956
0.412497085091275 -0.000860024676244376
0.143990309047365 -0.0596625185995806
-0.0180672008701452 0.382858933541353
0.146266226170322 0.296984639467416
0.558990242732403 0.115443369902035
0.229000419227549 0.462462138265901
0.317277287163371 -0.216926459642215
-0.473994716572781 0.568130325843927
-0.0449211817837721 0.894175913315683
0.0141759943631246 -0.79752829360945
0.0366371335978315 -0.947288295867749
0.264749722742029 0.272475652012907
-0.0657473029300334 -0.768212371788569
-0.35083262211514 -0.516532718985268
0.0473125709331004 0.0579893672551833
0.33482637256209 -0.264287229565124
0.0789161411133839 -0.0436518898584752
-0.0974143835777192 0.536477866663127
0.172048265793324 0.17011236535319
0.333039468935544 0.190449760099558
-0.10060667901989 0.316361222997837
0.386876971778547 -0.0219172126293245
0.0911532674218548 -0.401026122889454
0.318672569002454 -0.144582902181966
-0.0153148958940142 0.0787380895702864
0.13549403688698 0.034647254167671
0.205602192050569 0.148907697953807
0.100568218689803 -0.182786711532061
0.0219071165889816 0.154311265295189
-0.0147957159141997 -0.0600076759237453
-0.1812708279422 -0.0414040089008431
-0.106234745326152 0.0178541407192335
-0.0723627181579845 0.257776448036422
0.296837807922327 0.116379061912944
0.193890483996115 -0.0608386460427988
-0.484626466500325 -0.0196428670864576
-0.176024803243601 -0.153074853465875
0.0718529131230724 0.104846467154843
0.104346229768939 -0.529635598773415
-0.0131015226212676 0.450993998036582
0.260981541261021 -0.534120393122481
0.39586629965905 -0.473371589458961
0.812981275278227 -0.160541105596717
0.523466608214963 -0.594074380669644
0.0775893940169014 0.788731874833573
-0.155070548926446 -0.00970906948495976
0.572264380004233 0.557024915944733
-0.786071551030694 -0.405984212512814
0.628091552194468 -0.0253390200576029
-0.732654368079935 0.336284908647499
0.548064764726293 0.0100403155705925
-0.719008449743946 -0.189023863777083
-0.298592318471756 0.511123162436298
-0.128030884011891 0.423890624927192
-0.381068999319335 -0.226431139433255
0.230045998239757 0.0116422499049537
-0.1043395226293 -0.059167156983884
0.171368697522596 -0.09757868233296
-0.272962804131583 -0.0357992432723453
0.245037800718613 -0.107439401334449
-0.0499797004580379 -0.0567597929366314
0.0743203393270685 -0.162779669485683
-0.0922554715213251 -0.552212765768031
-0.347407907233768 -0.419022198320249
-0.188494292236289 0.524946633137994
0.243618539338125 -0.363435190503493
-0.148091417368882 -0.472024409255619
0.131784267199546 -0.714353817543841
-0.562579237155036 0.17262420913437
-0.924871358452525 0.011676719920216
0.279512771643575 0.766489352307383
-0.703501131045332 0.0912875756475963
0.151721329860567 -0.546105273817599
0.123321156596524 0.36383970987597
0.32777531363861 -0.222266319179316
0.387409311256065 -0.308114055246686
-0.313198681324083 0.586948712523833
0.348680905997011 0.302265774568549
-0.452153195252158 -0.378833337468295
-0.187057570809485 -0.513764828402512
0.154071801136101 0.036369836251816
0.42753418641419 -0.219262861595274
-0.245102790556701 -0.419529122981986
0.151655614415225 0.0673548423679462
-0.287739441402846 -0.517015387765573
-0.143461489225535 -0.3286764504051
-0.0759646504719091 -0.406495747904498
-0.487882081429474 -0.176065372514619
-0.435993229977424 0.000752368796165141
0.0896096576513008 0.031542890393705
-0.496828894319748 0.0127321244564953
-0.161910673558995 0.28459613993751
0.145750991492831 0.201809738749698
-0.328926632298209 -0.176541931140205
-0.361172429421647 0.107336041722013
0.179042529501986 -0.299571442869881
0.355375044860982 0.0620547545972015
0.59166417265772 -0.156402374434894
0.407924490445118 -0.277525303887219
-0.33975332009612 0.386205710193832
0.268745583180646 0.574934043850094
0.533393681733178 -0.293694182946942
0.595768711199478 -0.312902460952757
0.485110882993664 -0.00939586068774045
-1.00351658960798 -0.0593660224752518
0.795570754998427 -0.35942592934707
-1.28123826295654 -0.0976896793046645
0.642373949759294 0.0476409692628903
0.810356221904704 0.560874106742809
-0.389090829394268 -1.08055930152796
-0.627763686839933 -1.05424298062936
-1.55405927510156 -0.0339652918203217
-0.280272747014889 1.13044237698598
1.15749712142747 -0.498395210087638
0.871246458498717 0.651132526096499
