0.675092929409619 0.520899463653096
-0.882693562529496 0.955813654937155
-0.81282839989365 -0.60925545866491
-0.0532874911283371 -1.17537939889021
-1.26455530969116 0.422804211517781
0.224284270465529 -0.297324788991059
-0.615834781832358 -0.668830819996983
-0.305000216696195 1.04634280436565
-0.559581597881549 0.746068122608251
-0.879705945229975 -0.707239407812002
-0.73625399734564 0.920795984403352
-0.903988384494617 0.53710815740149
0.403205952407942 0.649570040443745
0.0675666039402721 0.376975818161047
-0.422542414704192 0.710034371280563
0.022749642997242 -0.771262486131975
0.21381809993521 0.141480691330604
-0.756515383922293 -0.438078616366871
-0.294217148966215 -0.733983369302215
-0.0364589497848911 0.478556554272389
-0.00819857998377903 -0.463026215368395
0.390368041491613 0.0923733385099133
0.427699270426199 0.407596586627764
-0.703829948233528 -0.0384191240037165
-0.260684165186102 0.425849806054496
0.000334963768790194 0.55091551137557
0.597256969868796 -0.044914778865982
0.0878987855125558 0.588368596756101
-0.233643883535448 0.242037088135861
0.15816171766297 -0.549666175386032
0.305383449238154 -0.468030871028016
0.235926254687811 -0.385668127746596
0.208067498351391 -0.132715350265697
0.43117150190864 -0.279875559183064
-0.348226127388016 -0.196203636508697
-0.219498240305632 -0.0568468430326432
0.302739155087556 -0.383517401956961
-0.215505478759296 -0.136933002840188
-0.269040300908675 -0.209504570094135
-0.308074021698293 0.515685639339164
0.377838880398244 0.382994959433763
0.0134156418319317 0.0500152353580536
0.111617235967823 -0.0269549936626803
0.205125753009296 0.29374908062269
-0.338177807673653 0.165438690377754
-0.0330440238697248 -0.407304174581349
0.164070238138469 0.146816995697631
0.090095209661676 0.33134804672106
-0.514256532510191 0.378816658729721
0.339047641671793 0.0967237683744069
-0.262927892177595 0.423229394023093
-0.210066687281929 -0.338019405036247
0.381612968802192 -0.369488260172679
0.668517643541016 0.113187134084524
0.178373689480757 0.21496770071297
-0.222944123720396 -0.0207753079722578
0.0100752791608439 -0.146069414956406
0.422053568264253 -0.164652804430702
0.347460317387996 -0.0562602320695406
0.146816079728729 -0.0613146864571597
0.0731547277354946 0.270444126222051
0.24239019895706 -0.105977368564275
0.163361823771443 -0.132495538867955
0.29844984554473 -0.0583995633668916
0.292009245804787 -0.184410841562664
0.245106551308307 -0.24558364456121
0.127776966543526 -0.189899508635002
0.392678962808888 -0.232921376107801
0.316595462919294 -0.131949469154702
0.218747294710022 -0.266766443255726
-0.00325463086276348 0.410863372417643
0.408390204857184 0.108254014015508
0.0965891070010066 -0.327382447375599
-0.298210094499498 0.466105667532009
0.194923640172871 0.0485427836533419
0.0710409842455065 -0.472808154341673
-0.3253046682647 0.416888531164947
0.26494521529795 0.101532269654164
-0.454539761879323 -0.488780898737256
-0.764749559154577 -0.0375902876802756
-0.394183363268415 -0.23166218006885
-0.0879069161869335 0.0335101670484078
-0.255597350177559 0.060327960677047
-0.17196918364216 0.00226404670167848
-0.0667446342606612 -0.0081807910023949
0.0215374628067767 0.00734108644415868
0.00706981981146148 -0.024249426949488
-0.0776956242248142 -0.0753959372081641
-0.358121559840053 -0.132292579811761
-0.343853355060792 0.140590618084407
-0.0732414068297665 -0.00937538963024285
-0.24793026069584 0.139065661100475
-0.264441509687202 0.041889186279828
-0.382140140627939 -0.2059824964426
-0.109875202097347 0.0149795089236273
-0.415045489704934 -0.00167855397447948
0.120156977977094 0.0850916779977692
-0.0728782556401441 -0.118691936481594
-0.445329746912089 0.226296580840363
-0.324663274204749 0.250488219955205
-0.282789199562838 -0.264154845087634
-0.237327076499971 0.335474164033417
-0.140037445319957 0.514326991489417
-0.622561543371726 -0.0647900885624125
0.210371254590225 0.180496100366016
-0.554226408967218 0.176970300504144
-0.329387024681147 0.00466323074752664
-0.262483910243888 0.192577937086451
-0.150996458301442 -0.1246177790146
-0.230098034036852 -0.077682453154144
-0.0323321825988643 0.0141564405878358
-0.0295514655547795 0.0816009896083179
0.0737656349960832 0.0622844056013813
-0.0224310038679799 0.106899183307669
-0.043625695395132 0.175425113221121
0.140023348360315 -0.0679120808962255
-0.142784728946256 -0.110011844970476
-0.318609077770652 -0.00099365889305518
0.2268108207403 0.0514917832255436
-0.155722679910637 -0.0311080129305023
0.193822438119757 0.0295938866184188
0.195439163774819 0.0540810036734108
0.102696151535768 0.173983011269446
0.0308780884601857 0.0595803690674225
0.137592454221047 0.259473812601872
0.0275689440125161 -0.225813608170058
-0.0183522223048036 -0.100050282038707
0.00698816753590822 0.16893724025818
0.0747829571457002 0.301950740781089
-0.16898690027244 0.0454062604861129
-0.10907969541764 -0.208225358606591
-0.0913898127338156 0.349466135834554
0.0768935845654576 0.388182647897414
-0.039652591766729 0.433875688338694
-0.286570219596806 -0.10989684536684
-0.179190414932246 0.440236849530395
-0.0790994238655419 0.023926146537683
-0.117843332101191 0.00438856598424265
-0.419197948783255 0.129556887785936
-0.239688663116578 0.0948531619359009
0.0227356755954739 -0.33576806850973
0.0428818355971461 -0.187328222639483
-0.128061693895379 0.173256420911213
0.0868089683032976 0.0852887029674387
0.0479354866286718 0.154994293944124
-0.0684385595461472 0.00574466625990892
-0.0456010762591373 0.050668500455754
0.0633849109861781 0.00246244431975184
0.114405365881726 0.019315724216132
0.0836962149855029 0.0103195467936254
0.143723309064514 0.136056594095115
0.273085974756525 0.0874585698812723
0.375882015577828 0.082501285750239
0.159538251412323 0.0259212667990127
0.248294813653481 -0.0379565502448829
0.340859007414421 0.159703216460912
-0.19560631466507 0.264943779485764
0.00045411308350423 0.0167250912392782
0.103126075863318 0.228479417555062
0.119838732355568 -0.038603465425097
0.0456659089644984 0.0227174983446725
0.145183986975199 0.268657068245583
0.131604262222489 -0.083077158379888
-0.0372988691677179 -0.139006008649844
0.231670840224517 0.269598597891852
0.310719417072401 0.252180929816762
0.151708139297012 0.0158964113634715
0.443692020355663 -0.0874065327530038
-0.0795096813149758 -0.250260555619608
0.447700450626652 0.0752990466681978
0.336170741827531 0.300349596794241
0.468718581016829 0.130158517306692
0.459857686057618 -0.125510319900396
0.29302807259974 0.13826753365238
0.117976564491623 0.198298522310178
0.280441946358017 0.0268388452766386
0.42774029399478 0.0985728899528294
0.131991875601325 0.166151583787703
0.25076351945377 0.103238042452846
0.212864610576993 0.0819011588630308
0.124142234312347 0.0375796735289635
0.0554519815982136 0.0852910601796314
0.335057788429706 0.0730158547477565
0.169654652615038 -0.15094148886874
-0.0288499137383317 0.188649778365158
-0.159398039813901 0.26270536619456
-0.177149519865747 -0.128160105160703
-0.342189718948117 0.2943699790125
0.289609653420632 0.0733189835166986
-0.16119574743139 -0.426509447322888
-0.473575521782614 0.376203831218656
-0.409971227885906 0.378371017385857
-0.0756795062426378 -0.520039341953609
-0.196730456641224 -0.56720144096167
0.0998234188497318 0.0263752498832343
-0.150310492756766 0.310828393598298
0.0138440354323022 0.158193037423607
-0.273852119619674 0.112367455573681
0.0670370646363252 0.101687652943828
-0.0817382154472979 0.232523797594499
-0.206657568761444 -0.26753098235371
-0.11545921901492 -0.199814906622471
-0.00406812733412229 -0.385075221996298
0.5360090030218 0.407564537809159
0.294807813226662 -0.220987815921107
-0.412326705304641 -0.51775695142724
0.265964643446644 -0.605566286866274
-0.260147281228865 0.350487636611437
0.308900203507726 -0.645492836640449
0.362682891906456 -0.476144556509427
0.439460036774319 0.140470489153928
-0.0903974484498015 0.24604383310692
-0.12561023293991 -0.294787448320119
0.21951395617335 -0.336818875675029
0.124496025096648 0.196683227959875
0.266254318663598 0.188729260819082
0.0474638305645716 -0.122128481219438
0.436741244200196 -0.124442404178997
0.249059376414155 -0.0302324708495949
0.178605407401125 0.273197729374271
0.343653476664796 -0.100987993680326
0.158141248290891 0.380786042947158
0.372397531484738 0.56743402293035
0.185974407493697 -0.124769543733759
-0.122260846543721 0.0243539435232397
0.415031328276538 0.198802864413519
0.45472529445983 0.0793424769150443
-0.0227370844460926 -0.087315306369234
-0.0959639813024586 -0.211031643870241
-0.126302281231706 0.131286951848523
0.225517859831821 0.208861144523258
-0.333110852456185 0.360812502946299
-0.35113883538464 0.331412815028465
0.15572506951599 0.245235562038436
-0.46729100986913 -0.381769419414759
-0.166214633874637 -0.451890578872611
-0.597168318364693 -0.0709053394308618
-0.762614063626849 -0.0675546944583265
-0.850406341383344 -0.115273580581309
-0.370585437972974 0.528559526701448
0.350226745071589 0.420267607952448
0.0741538917235687 -0.677620120854576
0.545354960419353 0.473028887228414
-0.55299256467939 -0.206614256623676
-0.297866236182799 -0.411204939864835
0.154353048637343 0.623919118782993
-0.262996466068665 0.538596702514329
-0.558386316365402 0.0973046252927946
-0.34827862092449 -0.24353868159408
-0.231257257295276 -0.213862742039078
-0.320487209480559 0.17425693294306
-0.255269091459996 0.113357447649989
-0.0121263084610867 0.20236322744704
-0.0767655029275662 0.0665973018963372
-0.282595116142665 -0.0555869133904551
-0.360097854845424 -0.0886534550388162
-0.258203786052624 -0.0333044817129701
-0.558385480259163 0.0444049586873912
-0.488487631840953 -0.0289226268439218
-0.0642125032047611 0.500535796522671
-0.391441483262799 0.489109516895112
-0.0243116397318009 -0.609739423911186
-0.0289054654634613 -0.520656551309531
-0.116459561530162 -0.609116625593945
-0.500709054157975 -0.3063326594944
-0.536325014191714 -0.00595672127866205
0.183569975570087 0.419256103212105
-0.254275683330743 -0.0064328143359065
0.0850456510599966 -0.62206632235634
0.533772551130888 0.241967043341067
-0.330796007810472 -0.397043890164513
0.397882986299184 0.504595510524334
0.0073113429852824 0.22342512050902
-0.196294501066011 -0.471826416304832
-0.320489194778202 -0.498325538868582
-0.412420166470908 0.0566042307477853
-0.127071494900594 -0.339680574778756
0.149928937764213 0.0628618270779943
-0.273458780522225 -0.0294623570751993
-0.137381815023065 0.217546965245073
-0.159721389130906 -0.0655466821218165
-0.509375809365718 -0.0336021454755201
-0.439761626173223 0.00722925324127311
-0.484986889828358 -0.0160193984343379
-0.401040154577785 0.07761864507914
-0.469929826080928 0.0945312293869793
-0.104652045282608 -0.223198305903599
-0.227565899612552 -0.23733493117152
-0.402479416670349 0.270291579634948
-0.618922351346479 -0.120502274541169
-0.299113361322772 0.406795904592545
-0.864828467174641 0.0633076342656854
-0.198838220354504 -0.582372748939885
-0.637871780918313 -0.0185848975375972
0.0285625909120786 0.629986200045939
-0.896209655108313 -0.18821953202018
-0.260790316188928 -0.146985545297206
-0.794456528024245 -0.185883714385684
-0.452895519381793 0.331132959788002
-0.587715122861583 -0.127909799611364
-0.287902326903484 0.236627734510033
-0.271055905896639 0.226577880208165
-0.228009161838746 -0.0912183427549855
-0.233580115082855 0.0375837270295248
-0.249043669271706 0.0495233732479507
-0.251237583571442 -0.0353465874843995
-0.301489137511475 0.124871825779492
-0.439392022858067 -0.092103577400014
-0.115530608182381 -0.0550104497504892
-0.102590936730726 0.159369312030419
-0.209591577606647 0.207730327060517
-0.226650196119216 -0.114979549086861
-0.106857830223817 -0.292070468988001
-0.416482484621747 0.196393217689182
-0.471516107055387 -0.11403791263372
-0.226141527949268 0.0843894945032811
-0.295295628355302 -0.124111064532158
-0.401253397782951 -0.083773340077297
-0.35105608530675 -0.0381492909410295
-0.262027405272 -0.0203533717055252
-0.524148836383422 -0.127346894805407
-0.450155593695905 0.189861104153596
-0.658798915294613 -0.215296411813613
-0.540352733040714 0.226237561936802
-0.474738775021289 -0.204691260658431
-0.8460028065931 -0.344559254945517
-0.601813584452413 0.254336693253019
-0.528560390179271 0.229225991487534
-0.488482528726339 0.133899526515908
-0.489341861051207 -0.0590682762063704
-0.503376634671127 -0.140902427595869
-0.2725235000925 0.0313696768897996
-0.456093916329575 -0.00365475718387728
-0.43640942462499 -0.0856846524504495
-0.452429242954918 -0.0271134595664022
-0.320151029060761 0.0145346456242249
-0.300735391853792 -0.0352261753655862
-0.295714055035149 -0.0177396568563519
0.0960606571411964 0.0888762463109827
-0.291001215757177 -0.338737493127555
-0.183372229425518 0.384037097040591
0.272981357925022 -0.270628583126999
0.255782753712871 -0.314313449309119
-0.348062822620016 0.185199187210247
-0.361511144229233 0.0705027111778931
-0.0549896302225034 -0.261542425540901
-0.199687839918495 -0.0392266666228943
0.0394785000571453 -0.143848189818395
0.263835986625778 -0.339487105647507
0.429407965337132 -0.234608425397237
-0.220241887066684 0.686258243846904
0.331633761790283 -0.565289673816348
-0.435466084352771 -0.107675506933152
0.257840583306039 -0.487974987467035
0.531028744321796 -0.430177624459548
0.817414815128078 0.405488403732857
-0.0769735055642961 0.812723778416336
1.13072520583512 0.194892252506714
-0.243577224149773 0.811320133461334
-0.657492303587522 -0.0931857929068101
-0.311854415021557 -0.83727747259111
-0.238914092458217 0.967784924329662
0.0140737147677509 0.898168907370902
-0.277246990700181 -0.926424904477914
-0.516553610494206 -0.93888862639591
0.57852872443923 -0.913949577962684
-0.633596038581863 0.0652444120533537
0.840137732601054 -0.628658420172107
-0.0424882970242254 1.09204658385805
0.542586714872139 -1.03224098802975
-0.834910147347057 0.134534521681102
0.592800790608514 1.51001391910154
-0.267337583791153 1.2839865784007
0.895122584114689 -0.808054299341295
0.709323335849431 -1.18909071306017
-0.962141564573729 -0.139808010642603
0.585907650065264 1.72391649230158
-0.650541517879373 -1.34050914862297
-0.0658697297006414 1.47493651727861
-0.735216198951386 -1.36149996847653
-0.349359395263374 -1.42268596601996
-0.968893000556054 -0.206316636631101
1.93252538660942 0.932197702590188
1.90449123573779 -1.22251232322004
-0.0142234682127596 -1.6645283390692
1.90457939237859 1.00333612297252
-0.741026756192167 0.166623087352804
1.11669938814495 1.6936066272964
0.0459306151633586 -1.55131927975521
1.51046067836993 -1.25425976651536
1.68477893678311 0.995427588371655
1.48857157562829 -1.30056702086473
0.0620380483541409 1.4878301523422
-0.664214238403997 0.0756618641319006
-0.532035347490277 -0.0401745545885967
0.889582629474538 -0.923093073294475
-0.588965274296547 -0.0669617150040804
-0.708193499582877 -0.0423755548801425
0.817803567111438 1.34306027158227
0.793518274868921 -0.835701473722584
1.23742594053667 -0.783675858057018
-0.634171690412802 -0.0300622584966254
0.79291198146158 -0.739957122508453
0.666914841770984 -0.600394305085413
-0.51786236968886 -0.0650557077564728
1.20223901026087 0.64548570626642
0.637798025408305 -0.627231392533842
1.00640426071517 0.536528952295683
0.621520880856996 -0.504742592381241
0.491219334336485 -0.730416016993837
0.466664395163209 -0.640656942729425
-0.427998466880794 0.0769118049122442
-0.447883373827841 -0.702499850766772
0.465583939418559 -0.501038670376236
0.00733385785347586 0.710303170321228
-0.177059160320118 -0.669995998856521
0.321391007170928 -0.595814770654189
-0.630751785945134 -0.105345387849993
-0.369820552177332 -0.576390711338741
0.53947297826446 0.444429802932951
0.516984428914702 0.501624304599223
0.26018822857411 -0.63514348499643
-0.417087763286873 -0.418038623877654
-0.0145943734335872 0.400090216213823
0.125299082566929 -0.455646357188533
-0.657671358312147 -0.0139133734831657
0.388863000976184 0.321809596691883
0.0455373260498362 0.578297413979369
-0.391078219533011 -0.516109230751345
0.258143972792579 0.508522806920906
0.410517727714975 -0.481688688743257
0.290265651944605 -0.554999151081125
0.164365115339913 0.539905209729424
0.923149477511618 -0.176685766182313
0.563357230711565 -0.133290671161922
-0.363034032047365 0.936934887128644
0.0986140787983084 0.890361611062668
-0.681996284785683 -0.283913237309727
0.213659289567364 -0.772576008592636
-0.775933117209121 0.339564642104699
-0.533272248939183 0.355676679254074
0.282562853115795 -0.750875104397541
-0.600741074315332 0.269974225596994
-0.827715323753975 -0.290535694220014
0.514476633203873 -0.192686422259186
-0.670101021300868 0.330555580968876
-0.159274075794669 0.744680650885049
0.0924723047037773 -0.0771143401989096
-0.473799758340946 0.155586920976861
0.0239291483680822 -0.783899749909412
-0.221378266033339 -0.647177922738704
-0.708046999475998 0.302266495977049
-0.941976756867295 -0.533478088845094
-0.877345943001347 -0.423608394639861
0.176540778439267 -0.315249443920435
0.0258703266352813 -0.711375974506836
-0.349042599075009 0.492484030036125
-0.221550042725796 -0.266016785651392
-0.801986282546835 0.0901258796396417
0.000838588117358628 0.327442485103696
-0.430263607293228 -0.353094275334528
-0.464689216330078 -0.500180254107706
-0.581389307756328 0.276597629137735
-0.350864175110788 0.0762287035100302
-0.587117925349285 -0.295858574578928
-0.478733106090442 0.137780473287479
-0.0180410613348705 0.0649627362983595
-0.451396149525549 -0.275352072159303
-0.583254243334966 -0.0980474881542737
-0.319909270392654 0.327488299261449
0.180309144479492 0.037378243485853
-0.138651618531529 -0.304953976174752
-0.229400554649349 0.275380538703972
-0.10152943170426 0.21775109409404
-0.16864390746562 0.16365342405686
0.096755611057913 0.013018352929764
-0.200370589203512 0.424346380268508
0.366939492247812 0.0984167831049496
0.413344006053387 0.0913104226600407
0.488297003199742 0.0787854303042858
0.531227669123303 0.110932035085651
0.484936929689402 0.135093706913018
0.353254043098891 0.115575250057365
-0.0080189157591637 0.361314202811559
0.36193142108238 -0.344081730817313
0.193094176994799 -0.328893192363943
0.709073974631719 0.124598110199771
0.466349683104912 0.25129377742486
-0.138021983210937 0.597502883390535
0.312807431157795 0.850801596009006
0.25226810276389 0.930910461577236
1.02839132597423 0.0881122437434824
-0.295281105831199 0.735118119841671
1.09342144934881 0.0100513915949063
1.14157861506882 0.160325019074603
-0.589312761940319 -1.03309723201343
0.951241787075077 0.174110320883271
1.15674029421537 -1.12340189186311
1.37431713242735 0.377931464004363
0.869994535523847 0.551271408372129
1.53314857378436 -1.14158673781153
1.94812630134593 0.486715590189801
0.434033213047062 -0.75309746760121
-0.116199991904286 0.831561532134366
2.26433422673697 -0.216664530974674
2.09039479842292 0.992720037966124
0.69531344752807 -0.517080376768338
1.45550306639949 -0.684673734793758
0.322200715556292 0.914964291501792
2.12016640879339 0.0302252723485891
2.18448614112018 0.18386505444145
2.15293489455108 0.649631484884778
