-0.382585955957871 -0.875226188580208
-1.26684297794864 -0.0852803963759096
0.262096447046244 -0.245863822835032
-0.434638900390075 -1.09697052771907
-0.112523416943737 -0.202119000548449
-0.187763316936258 -1.06524706793252
0.0308707237942109 0.36353325237023
-0.0127930448550197 -1.0272713394192
-0.581166204342531 -0.345945674119117
-0.989383453269802 -0.132225818594887
-0.672533021311849 0.140929978079315
0.184894987296789 0.260130466292423
0.143752627093879 0.0129231150626279
0.0349168179737512 0.102408692025219
0.225402236405227 -0.626904899790379
-0.556304094831679 -0.255643278518693
-0.284785073324298 -0.828010938467277
0.3260959998639 -0.582655256175783
0.0793071153271931 0.0234962569772441
0.0533192604595756 0.00457922039266157
-0.654464756337208 -0.220706258639514
-0.341550767983194 -0.112900562357037
0.0800392142064968 0.0243019817005219
-0.545445551294269 -0.108390993506527
-0.219261502272234 -0.0970307424586
-0.00709262943338679 -0.0394116014007187
-0.456326316985411 -0.0342903957170053
0.00978544397092599 0.085929425343575
-0.0612302482507231 -0.397431962897924
-0.182209873412853 0.0879138241578632
0.0488029580532019 -0.322915755454049
0.262894374737184 -0.17150316509294
0.170191628480675 0.134545182114756
0.0361639072031292 -0.243293593385257
-0.123441797808925 0.123371592270322
0.184424281442413 0.235018355056818
0.18590780213787 0.128146236816182
0.154912424255697 0.262073379183355
-0.086566081742684 -0.307381340193348
0.106753289791514 -0.0267098735367365
-0.110968780043127 -0.324583839861823
-0.0429617391688274 0.055276592991492
-0.141332335909349 -0.114732198595269
-0.0870912450890254 0.518931971120231
0.318472884790145 -0.10097059249038
0.530154776084981 0.55482982024292
0.496908242132629 -0.262194755232415
-0.0301314977490342 -0.0760836233275825
0.433505953681858 -0.467043400583451
0.626492477422394 -0.0552197265874205
-0.176699708846554 -0.0555378450865432
0.202205675164474 0.926954365278722
-0.0957873923143865 0.036299957866927
0.666976425603674 0.158103486394972
0.33014901049542 0.899829871178689
-0.00541918486849 -0.0565370705382042
-0.0565475261442918 -0.0763500041968821
-0.292676127617386 0.511411525934461
0.872955073347571 0.203594038795592
0.51368328595146 -0.0933103522500834
0.22788491005976 0.655572812288177
0.0536409391633412 -0.165212114899947
0.379049232561102 -0.0125625068883327
0.178412614417469 0.506624029356355
0.518057386090645 0.0868150527522523
0.344798420635669 0.0671499252711308
0.0777247799414745 0.0400232711572522
0.339413942959432 0.110155869736695
0.0362619311163042 0.385739843632438
0.332579719515522 0.183182335676561
0.297614063215709 0.127341387283805
0.338044816463763 0.138226231577099
0.325661258668474 0.328382519654605
0.414469537277516 0.0637877782315072
0.385003396303364 0.0251155780323662
-0.254002888252019 0.1578530445112
-0.0184550029831841 0.237911631834903
-0.0512710738375416 0.229403107787058
0.290778980907202 -0.128160682859311
-0.146686947884823 0.0718500384170587
-0.102210364551657 0.185759036929514
0.205395620948358 -0.100301972636905
0.0909601334275651 0.216101615654731
0.142497715441228 -0.0491450082483042
0.220658305366845 0.191597747343093
0.043804271419511 -0.0827465431451328
-0.00634211526027368 0.0981879935287598
0.0425377535651499 0.0647907230042862
0.0831838819415822 0.117307935086407
0.262606053566254 -0.0955691096787049
0.0639253041676158 0.0330264224531593
-0.0180772118065552 -0.251101030268293
-0.0121383379716435 0.193606922011269
0.4985235981069 -0.127698322662746
0.137849506245543 -0.45931532194418
-0.0424124551714541 0.291575027538018
0.0864447603119496 -0.621110663368828
-0.233853084451778 0.463579874512634
-0.471251684367336 0.21895797396809
-0.521841157927377 0.24668908077717
0.0878184628350248 0.319455310142417
0.682702425762829 -0.463054956327182
0.133738549195333 0.132689831255999
-0.110401679404664 -1.02520776645982
0.204025495754303 0.381349260117332
0.505850683025551 -0.725558851436431
-0.855513726911919 0.122728730067212
-0.79206121404946 0.421448058417549
-0.903041898031585 0.412469639084394
-0.942951208851592 0.293421792606981
0.323872486758816 0.40935868929525
0.776957443628581 -0.818719558581975
0.438251151324469 0.398459722510579
0.39440188239394 0.418716291477916
-1.10073953677219 0.55383353393699
0.466753539907424 0.488658490446545
-1.26099332506484 0.0259409975643367
0.504076350710373 0.482291053911374
-1.73451118577969 -0.215810985376893
1.0732590896342 -0.976108124248695
0.625297343220464 0.658037331037546
-0.0775278424785216 -1.92190122244114
0.567220615542977 0.49344082155646
-1.25192487005869 0.685173761585573
-1.27631827716616 0.770906920194403
0.607987023731194 0.490151085623537
0.345005357578284 0.390370858491352
-1.94418369188502 -0.0134136873041321
-1.31079256921356 0.838898690876317
0.944588724945767 0.551817781165028
1.14320925035759 -1.08435096619718
-1.01054490299385 1.30359169560626
-1.34712775323312 -0.581642064764009
0.939748298847997 1.0283070601804
-1.86579415360103 0.11031058756513
0.690450659340894 0.442389887108031
1.08180273679822 -1.00065369531205
0.631604592079265 -1.06463595758458
0.734173240639603 0.375131297409346
-1.13555195513686 0.793295302953532
0.684216237761459 0.44943207821467
-0.246304557520579 -1.65501011139108
0.941394493257967 0.422226826528359
0.917048565358462 0.487034615996385
0.939803637035578 -0.946874480977995
-0.886551232864924 1.19797598496895
-0.215614313218611 -1.58847697521754
-0.948403459061567 0.874033744025482
-1.66394068221716 0.0625293054854717
-1.10961921999057 -1.53098691846695
0.953256464391565 -0.869178342862
1.19057882995856 -0.735284902912012
0.883938469028645 -0.901731815827555
1.24321653758882 -0.689743867584833
-0.476909854786359 -1.37192345610847
0.56218836957626 -0.913377577934449
-1.50009438807845 0.0274898887612545
0.736715636558959 0.763369447861183
-0.807286328870537 0.790895571529936
0.0838681189283158 0.547816523183171
0.818559115928446 -0.841133030437063
-0.846597377033666 -0.245705952925788
0.121653264486894 -1.41355598761716
0.221087967554454 0.185102403376535
0.506316869695092 -0.904403652551464
-1.22594043783001 -0.350224069135233
0.363635788407395 0.631329391238755
-0.890314236441159 0.512600783524736
0.390370561181828 0.614669750129332
0.333475368153185 0.572260550783572
-0.88871513297462 -0.384979244144446
0.582529940573667 0.623761859812132
0.328405958968115 0.588223940728392
-0.790041943799432 -0.187447782158522
-0.375793849145763 -1.19781997128343
0.314119292765677 0.520151436364754
0.547734611455035 0.586454476785391
0.308590333302318 0.547246496501804
-0.314431070996774 -1.12552663896042
0.312961588091387 0.472529527300119
0.244681084728411 0.495722927811428
0.653989649474413 -0.646745540649755
-0.699897854030061 0.0897167823670344
0.200783897109141 0.212110883868354
0.601973199153006 -0.662914632302911
0.159690976647982 0.143056724295792
0.490007329016408 0.25843814910858
0.432720114865308 0.464562754488206
0.600068457781253 -0.623600338764231
0.0814434065960143 0.331585879737262
-0.0452234087804112 -1.02059917714127
-0.65789604190677 0.115491873027335
-0.744227403792009 -0.975179509756365
0.254763084604166 0.179838008736632
-0.543379425792847 0.319550215692929
0.328204746418227 0.197872142180193
-0.246177092717993 -0.8325157047147
0.160881593093297 0.219788174548055
0.179610405097422 0.29556792897895
0.267940448692724 0.282139647567704
-0.0014492911821363 -0.726259674276247
-0.739323337855195 -0.0880530097226064
-0.721545487801658 -0.168935234065225
0.193195188466177 0.222379446339412
-0.389603795268687 -0.129250946239266
-0.338364435792067 -0.0316498746690248
-0.0659209526146993 -0.658958211376645
-0.434868560645927 0.11634874553783
0.26438057710093 -0.428691947803904
-0.182395018655502 -0.600910595840903
0.232934044065849 0.20721404475475
0.343140476434015 -0.349524768582977
-0.335155275125328 0.075446931835228
0.179735152326904 0.115455241410625
0.24312859666851 -0.373969559698344
0.37390813482957 -0.299716756926202
0.143731188428398 0.139043176436942
0.312909407439376 -0.300573955453448
-0.33150554145645 0.127551800976889
-0.271080574488964 -0.0638960385069709
0.287358397737155 -0.280854936343452
0.159538733025169 0.0833818479639962
-0.233164112023791 0.0469857296639594
-0.216904978001749 -0.0480273549537793
-0.0761698813224328 -0.418290203137009
-0.13103067855816 0.0318209207478219
-0.153745965421074 0.0187251441022125
0.174099977802767 -0.260433432639327
-0.182707013347086 -0.0331196358360806
0.170672239246698 -0.243168160347123
-0.0192705692272649 -0.291805777306781
0.107739021003856 0.0275476068391866
0.136422814843969 -0.239050425059991
0.0708575774144033 0.0159427768393614
-0.105607531508173 -0.0274253324862705
-0.177060610400189 -0.265455120335327
0.0338798367110054 0.0213025109961458
0.0887169284832686 -0.160924612472638
0.0170885040009103 -0.178664817081187
0.0416680282534682 -0.00701766205174442
0.00194135520347817 -0.195861598125649
0.0807122194604752 -0.155265057836914
-0.0549533990129947 -0.010942934765993
0.0234416030805423 -0.129390846882201
-0.042975225430818 -0.0553624350788609
-0.0204247739913099 -0.0681137977770305
-0.0298036149826616 -0.0301246651157651
-0.0401680697976891 -0.0931243144252402
0.0166187374808358 -0.0850340931058303
0.0233481523323136 -0.0233940162265604
-0.0226932401516763 -0.0226256566193297
-0.0662331032461237 -0.150522733517803
-0.0649960733093407 -0.116270673534904
0.00237669498147967 -0.0271179923110076
-0.0153921913826949 -0.0304413349913188
-0.032695266878747 -0.0404739236116016
0.0785122292331798 -0.126353202499844
-0.089028765896357 -0.114690833773512
-0.0738624480750166 0.0362574879191573
-0.119829489232619 -0.0191452326531049
-0.103920830007471 -0.155979389835206
-0.184619004099886 0.039849392434993
-0.130296460797649 0.0237652889819391
0.27718418116752 -0.0754344193568571
-0.0115883240944426 -0.113266779868692
-0.0196919569934382 -0.303857606375872
-0.245092985562224 0.0565815922060762
0.0977211585685865 -0.296151667992814
0.0358486744499513 -0.188100633494381
-0.290682257339051 0.0643965194910491
-0.167508892693374 -0.219791619564014
0.0512243032322459 0.294135285816929
-0.104688868005154 -0.187322056781483
0.141875326811221 -0.41326089114817
-0.255739631398537 -0.240289290588501
0.034341297300438 -0.346863188976493
-0.260787843624227 0.125952216405112
0.292980866793922 -0.349737842468779
-0.106317692476738 -0.210646873042841
-0.26503908778688 -0.512672428172727
-0.284184337928922 0.177162681001606
0.58002714700015 -0.178886454789063
0.0981019274387258 -0.566101956102825
-0.273948266684128 0.209407459224201
0.16934554989495 -0.652175217114907
-0.169623369029164 0.57615992408693
-0.541920025494911 0.200018995793288
-0.550011068540547 0.221877057109253
-0.304741677113431 0.305468923369993
0.71487112973539 -0.32862222793777
-0.184441425338818 -0.291140891181679
-0.262131443910122 -0.652505636345625
-0.310042938112872 0.330123368289007
-0.0519461067321998 -0.591193989167407
-0.195151842253485 0.776049155044052
-0.632932988879277 0.302295621289877
-0.680798067733402 0.309927235086362
-0.643648189943708 0.300490837837577
-0.394593520433159 0.321601370392662
0.495590906973579 -0.601543794830977
0.804790010211589 0.054159886257305
-0.149695708027529 -0.260852707691994
-0.502700875681394 -0.41860961496363
0.0943392457748683 0.809629707066345
0.103019794014832 -0.797025824099392
-0.444323449257107 0.40862053403075
-0.767035338780663 -0.550272871876899
-0.0472189856148835 -0.738346417170023
-0.228653994637747 -0.320537917384859
-0.434671660362508 -0.921128644515446
0.214720745855924 0.846475889610858
-0.653317636816152 -0.627097305489849
-0.875608505730451 0.347934222797205
0.234316822409254 0.914971087910653
0.795519563464514 0.850411872502813
-0.993653004672296 -0.543761465086479
-0.951029797671831 0.485315351067913
-0.360867997797159 0.629814408811764
0.854601687973546 -0.763355958076845
-0.747197498477713 -0.343071793808716
-0.80621680083954 0.72886900285973
-0.0172662055837621 -0.0848522319770146
-0.994346706111586 -0.438324343775765
0.360396725946277 1.11395830817355
0.978444254719975 -0.630566284492837
1.32339023605961 -0.368034353334051
0.471141918922797 1.03185404041942
-0.763615645653274 0.671219665003998
0.391949564873419 1.08053144401417
0.397970748541694 -1.14523300848558
-0.12876660206798 0.698935247031078
-0.0813310506058501 0.727292849019944
0.843871649716316 -0.515048177411589
-0.534293035695529 -0.190945115487897
0.397888277899392 -1.10018240674618
0.919550405236569 -0.0207463874801125
-0.799159216509726 -0.285110579125356
-0.64227926777888 -0.831263859588083
0.811935340394 -0.530583672218954
0.268551275254544 -0.504333976942826
0.767020733025193 -0.440275337383979
0.247270199163917 -0.540119332910527
0.377560477302656 -0.87861881345386
1.04407517208479 -0.220783668969426
-0.677624884902482 -0.268978549773683
0.106830191303534 0.066168385451361
0.750406770553054 0.0190733462338091
0.832684032986116 0.288046181537876
0.655532352178446 -0.392654637055182
-0.0372863938252844 0.912420052352813
-0.071974951476079 -0.601188117017606
0.673173823204685 0.746329762286611
0.851150971717213 -0.205958520674146
-0.716428952841808 0.249090015960905
0.491254393589242 0.227184062719124
-0.175419752908691 0.620512961233504
0.50363639808137 0.230006880552023
0.531924905861179 0.192908133207975
-0.358998920998285 0.478894209410032
0.121231616084852 0.0373045291778
0.510924841128406 0.147983707133773
0.0315147819421909 0.792165339122743
0.389393732666587 -0.512372422726078
0.49261400270147 0.184187187106207
0.0827502889374139 0.0664550178484136
0.44771686804179 0.152370423002915
0.379923576224962 -0.496100068101112
0.428545345159258 0.213009758857247
0.41553422360206 0.144810599000465
0.495271749956768 -0.213871950970496
-0.0636774075155507 0.617391463111598
0.507995165778295 0.579388428997747
0.453622088895108 -0.176976418431623
0.462360411170917 0.538471988486321
0.0814270895672373 0.388285606599311
0.103523878961313 0.0955378026768318
0.407979620916172 -0.165226687876886
0.489704288141946 0.26092154364718
0.0341019142307126 -0.226734552887172
0.0392977803763734 0.609107215267464
-0.155281248124753 -0.255414748710998
0.277409867707573 0.384616178933594
-0.0083055298035793 0.165147699233362
0.242222760252274 0.442458322661198
0.195954888799929 -0.17547258718003
0.399212688858708 0.170555790199447
0.296087153443751 0.204224918031556
0.116838494581906 0.103333434208349
0.0739028143297699 -0.119765200512587
-0.101077209134639 0.0267095917759152
-0.114295408923422 0.214601861206442
0.250407463849647 0.171089308416849
0.101468367974191 0.37515882928815
0.00284203904316116 0.204571570480359
0.106171630665804 -0.0837866759072725
0.0639336521975262 0.134445767612502
0.336616453646648 0.0420990267712125
0.190525123354896 0.0238686647600056
0.157176648093644 0.0957707923903411
0.283373614196142 0.0317091191161674
0.0455982099538634 0.197219720767933
0.178176959003161 0.21210004582777
0.25297759571945 0.0782282299152086
0.163456740556009 0.0471010407768359
0.182716542016087 0.166520208633721
0.220725624361361 0.0930531977306178
0.13741336384124 0.162408030801153
0.140123573617307 0.177624368148616
0.155665063741325 0.0792538909403905
0.164488006541303 0.151850336884355
0.128136570112601 0.18918697636179
0.173058441335431 0.188798145159033
0.160194941642569 0.116241258500651
0.154242876264151 0.115030693701477
0.125294887688904 0.07164579036277
0.164610953091561 0.116855293858986
0.140508604030961 0.0890129851786807
0.113904755785306 0.136525266292621
0.0737611782064447 0.128128054912965
0.111637337836386 0.170674493517229
0.0885769857186476 0.169805111825182
0.166083908002716 0.157985714616163
0.245993854584303 0.0337946990528929
0.241094926830648 0.249945753433686
0.0894009918535823 -0.0499873606727449
0.0654163615216968 0.166325704637618
0.0682810915346978 0.264280333639333
0.0770573273224127 0.148341170371314
0.0258644261185462 0.282504820321026
-0.0112425029910459 0.242077090760959
0.302692135652446 0.253541805169511
-0.000347539726388318 0.313950446076617
0.179619899708475 -0.176435465191371
0.386154219295561 0.319785727237311
0.254204753172287 -0.0996956510575466
-0.084730784098463 0.266557519631689
-0.0681956304478895 0.16993518118522
-0.315705175858784 0.232135879989467
0.0792879802842516 -0.303670222121395
-0.0963708738891447 0.171617027670692
0.132496442615639 0.385373649890732
0.258086607670391 0.39952376321961
-0.277452763011234 -0.393212435096277
0.492241527663987 -0.176167161766166
-0.0856437248874476 0.32114630483205
0.0154378446117207 -0.466902503700511
0.351967019197914 0.513405186725532
-0.58489661045805 0.233089106487007
0.0206761350087888 -0.505599535749931
-0.251665724403565 0.401657942789101
-0.639376461398885 0.240646416147423
0.614205574887806 0.268093377572123
0.631505055328431 -0.281547584775457
0.426218178833863 0.351496086967726
-0.34887667658966 0.517787616234731
0.460577265514688 0.207645426775548
0.667617663545831 -0.330778265955956
-0.33071669311499 0.516338054655273
-0.0877890934219973 -0.631967197917625
-0.279510862242561 0.842251620477824
-0.51485364526394 -0.691113380789784
0.553208834251929 0.282102623776499
-0.0878817304746863 -0.72285815772608
0.677874057780243 -0.400645204934765
-0.86084402338491 0.286466428708288
0.7382722111163 0.0479864571267878
-0.595071855277727 -0.779181813903454
-0.478460653611389 -0.0667070713003528
-0.937143059471166 0.331315056027292
0.873231180508232 0.350423898703511
0.647911778628868 0.264290527465099
-0.987768095190981 0.294688324119782
0.655368041564775 0.311737449484084
0.471271611975291 0.847193714479634
-0.522908481358933 0.710510069684652
-0.526626214141401 0.727529101589122
-1.01732499204345 0.384703637400209
0.98402820830229 0.392392584613727
-0.704336957125006 -0.911235458402496
-0.558061538586251 0.0447686010753052
-1.13173603223582 0.354926951365393
-0.93269445420434 -0.28940579178305
0.55670209945143 1.03519892321764
-0.608277090215237 0.82526864764499
-0.6378410480487 0.810792808390785
-0.598237039463731 0.904184565583602
-1.1872901552954 0.392220510717309
-0.239186389426672 1.09684037608356
1.44083945972658 -0.243379344260782
-0.769066635688 -0.976764757681648
-0.146464386274352 -0.916705802406
-0.187613762824369 1.42102474472732
0.980360326690588 -0.399330175259004
-0.98766466183227 0.565715434286983
0.23048383360059 -0.476826397573657
-0.606956842515889 -0.137392785431098
-0.414813661296819 -0.585936688628319
-0.294877641274867 0.0270538621905545
0.137648179009182 1.11093885253554
0.869380077633432 -0.183606681068296
-0.318404964466003 0.700265926996873
0.167981239161511 1.03089764192885
0.806306136281217 0.88669029015128
0.253178926054334 -0.187556371905605
-0.204010244792953 0.633320888260877
-0.36475706126739 0.479013269724185
0.402047444974714 0.303538832665058
0.151101649100857 -0.140287926738549
-0.0306846208892267 0.50192127561213
-0.0647121742745924 -0.139735917385806
0.431693080036446 0.0041300788453838
0.0276116669756651 0.450417441288469
0.0518717884105151 0.38685673469918
0.325820031820115 0.364889161092511
-0.0817045041088705 0.284445409986068
-0.0930967075384372 0.260084040408884
-0.175196969529681 0.218240798347437
0.235805274524482 0.255362663533601
-0.388129820310683 0.0217737316495142
-0.43847209278332 0.0337279286587653
-0.161131384705655 0.0965665121428292
-0.0712880059142629 -0.383655802226164
0.127613284827523 -0.0274010693087123
0.149931113818192 -0.258619602766296
-0.0286404933380567 -0.324492527616907
-0.0977370000254351 -0.180431862715073
-0.156638485715528 -0.22095948655711
-0.267910367606491 -0.262389055793606
-0.163267031317676 -0.224147512056205
-0.262460558479249 -0.240011067018156
-0.133768600598908 -0.187188905714159
-0.242678864691423 -0.225237148638079
-0.0602268586462143 -0.254552753108613
-0.188150574539007 -0.312166766260233
-0.281267597255796 -0.310330666471793
-0.457806662887213 -0.343078994615387
-0.332367755364043 -0.292806500324305
-0.310638903761877 -0.531823899605824
-0.117193245291147 -0.314530044674556
-0.475893168299054 -0.640138014710369
-0.535477309914047 -0.510339986596503
-0.314954396633619 -0.603580629114462
-0.38795554941024 -0.151458892313461
-0.563851179844105 -0.154599619639755
-0.39040711241115 0.0362654517008083
-0.358227131731101 -0.0803273162501906
0.0154782696346939 -0.620882203830195
0.167656757045222 0.180363827475021
-0.396854007415419 0.0638075029571086
-0.463825724506922 -0.659085375748518
-0.473767216037098 -0.644662840929683
-0.267038415184989 0.247624089618399
0.311829700288642 0.288384727304228
-0.183865163179538 0.356522164472793
-0.449218058411557 -0.670627290022676
-0.127666434488113 0.415982921117795
-0.0987981578419007 0.447296608528023
0.246547392156075 -0.654966898319381
-0.406581557954973 -0.507830613728718
-0.250230386387509 -0.349861167678887
0.352748067579913 -0.603580769006342
-0.292561002750322 -0.412397427397303
0.707736957873865 -0.051552196047389
0.584388678653913 0.622899582844593
