-1.01039959921671 -0.460501582783437
-0.359661953536066 -1.2611314049894
0.00466952443461858 -1.30220319142007
-0.365248545720001 -1.2072609870855
-1.03506974401915 -0.0622509788269014
-0.203060306893466 1.17974552702278
-0.0637250511435245 1.22105199166746
0.716075328765341 -0.949027260654683
-0.696375940637452 -0.269053312909025
0.774812235431183 -0.514732352459133
-0.361023696721955 -1.03393165025988
-0.359673501431917 -1.02814239687067
-0.373863806777617 -0.978699199644772
-0.964586546753202 -0.634661183273135
0.57200585437191 -0.520265440172005
-0.352813455186502 0.950503660261519
0.458369769259118 -0.661408775594612
-0.509308690064504 -0.869574832968909
-0.441994773644862 0.963025997795477
-0.978113695216003 0.171053709591119
-0.501796189099584 0.939416261027503
0.139420009984127 0.981010310580124
-0.748194245706748 0.667609070975629
-0.932406643256658 0.0590955427302056
-0.355632292953008 0.891943739164608
-0.222961574294903 -0.605721466579095
-0.552711035320276 0.69661020957455
-0.171864798591483 -0.536552171896765
-0.601756204634418 -0.634673325110952
-0.560540854611319 -0.654710270301178
-0.323448783995698 0.906187831960329
-1.13430038246522 -0.389462238342191
-0.776165374576655 1.03415255838076
-0.16897221803444 -0.970324533619616
-0.121288558198744 -0.995574889444076
-0.0637974213810207 1.00915479413004
-1.47685180719053 0.0187951092872383
-0.739732361925721 0.326328036002466
-0.71957492299115 1.07490474273036
0.821751137002818 0.168254991444336
0.335734908868292 1.08392813902254
-0.679059624837827 -0.972852087805211
0.833959523818925 -0.193658145684637
-0.952708474822223 -0.188756989020071
-1.14652360863335 0.0594430544902189
-0.629391974505107 0.763873423553843
0.736891594521243 0.237683030241538
0.154726061008807 0.817376559170527
0.194234877985231 0.801980863484633
0.872510605312376 0.056574367819583
-0.323432496517469 0.76236576682214
-0.738128889138421 0.0468343097368134
0.509027005626323 0.64063711015887
0.475373876846233 -0.645023590241152
0.963353539036192 0.100826553911211
0.91403167517016 0.154757680530555
0.725927464305593 0.138974496527395
0.996083406800871 0.17201968846834
-0.216643701246461 0.0465675494312298
0.479812469640045 0.361784119994736
0.976663476570484 0.149112043099507
0.29012945540158 -0.0558987304858524
0.647294416744127 0.227125314896731
0.558154581712438 0.353948471649162
0.155617291086589 0.036703482355528
0.623946836136451 -0.151032425543404
0.361387525869271 0.315581055397531
0.511295850223912 -0.0370693702364679
0.567147807595333 -0.170145681013961
0.351724577107217 -0.11362715841848
0.554507714297242 0.0966250085194857
0.373232855204424 -0.133076344325586
0.318749346370318 0.0312152694180155
0.285076282706108 0.0106571484661869
0.250236444534028 -0.0989716928184978
0.00372346776305267 0.0178386225175612
0.056693503176545 0.0575480149457369
0.209663222491195 0.179226400193751
-0.0290321253363272 0.0220599419932299
0.0417597488827582 0.0209752142959891
0.0591235113735697 -0.0137599269038744
0.0596490954989076 -0.01489509687321
0.0130827308752005 0.0082118113315779
-0.0220292741168453 0.0171978922104807
-0.0743800688618941 0.0635022459397632
-0.047620249894595 -0.0969913663439345
-0.0547296698017207 0.0182220912242205
-0.0637586851118908 -0.087219984227387
-0.179278164680081 -0.022204262024456
-0.27453865942801 0.106049124796853
-0.188401879106428 -0.103177798662032
-0.263828981541698 0.155716580801536
-0.255852267939957 0.0578402622302961
-0.118437603025404 -0.147503041065012
-0.336126161759765 0.0731946818597221
-0.0777833420312127 0.0141466425741908
-0.147511888237293 0.0389584793598997
0.0365465347753983 0.0819502795012862
0.0360922824267585 -0.109377746598304
-0.211791259441985 0.0358064562366092
-0.0587621966336615 0.140691096500328
0.102154588300745 -0.270739100211782
-0.197265822027649 0.0103070718118407
0.131918069775549 0.0888506934714958
-0.137929964373379 0.101093715133955
0.0484505782387678 0.0147605643017237
-0.186925719617633 0.019665498462203
-0.120154775506645 0.00964398438638655
-0.162679235919987 -0.0241250354774679
-0.10849177611981 -0.0022489338491507
-0.165507810950542 0.0326201110271058
-0.269623551308811 0.0421732764161979
-0.238316175413745 -0.00930824748930161
-0.29201817641318 -0.0348489071224392
-0.172611194706225 0.0429196442115615
-0.183884254867841 -0.0601741642499286
-0.163150585068726 -0.076142195532626
-0.125931843902839 -0.00166314107629672
-0.067587683122481 0.0446086724776173
0.000379481092102608 -0.00225306132410138
0.0327631660838104 -0.0394082261738741
-0.0152469666762581 0.137883947732026
0.112384227149626 0.132595903969389
0.0760919970008821 0.163653342003172
0.0268049367569495 -0.1368046794913
0.00819997112095384 0.161466423023192
-0.0848252831547866 -0.0273169347079399
0.192403567292881 -0.151292881482337
-0.154950384968095 0.00359225644142469
-0.0873450623291254 0.207096196425344
-0.220176956937771 -0.0692450264739905
0.226184011238094 -0.236022111123521
-0.25311498608099 -0.0177903769482448
0.126060681881673 -0.0908882033918255
-0.315503048455389 -0.140488158469507
0.0377096813503409 -0.17521561169701
-0.405270093266317 -0.0313129186816193
-0.0328576112700422 -0.160597315771662
-0.431968221134895 -0.0701176566420076
-0.0683898879860792 -0.0797864342596725
-0.367733538141 -0.0607222523996926
0.0388392922437236 -0.0661241293548094
-0.126411064752769 -0.0982714574950099
-0.17777140997949 0.172335021410355
-0.151600070193296 -0.076311979714394
-5.12851643030571e-05 0.112591837122627
0.0713424868089188 -0.0985670867452441
-0.0426623780445317 0.126195440787055
0.0111191069819728 -0.163080941710934
0.115156025909247 0.141752381224362
-0.0578650136580938 -0.094616464116704
-0.0351020267462952 0.218241007978842
0.169405795339346 0.0255106232896321
0.171230590091475 0.138951734170083
0.0910335754180835 -0.167680769839487
0.173232160126185 0.1145025435148
0.0251834438810971 -0.0435400881877897
0.0353934492897903 -0.0502330264055576
-0.144789532597524 -0.0289779328360694
0.104016728173199 0.300298919037171
0.225271980884488 -0.14576327817274
0.0391428800173881 -0.0448141584225256
0.341944701984055 -0.209953957189252
0.537110737895523 0.404049639144944
0.452323406850607 -0.23139231283574
0.517465187998459 0.407149740799417
0.179657545842864 -0.519134139615683
0.397935273892568 0.417159106729509
0.0171698630915366 0.369866147365435
0.0393356651716365 0.36234903078388
-0.462886516728706 0.0548411217690328
0.0384070191031727 -0.235522380769951
0.13083464792296 0.190156652201503
-0.0630350377693695 -0.142622257979136
0.0425187849436651 -0.304299847387076
0.580820786298004 0.0592205883444359
0.0516748562445414 -0.300803079734508
0.372135319224958 0.280682344156399
0.0301032096184814 0.305077613396313
-0.0225434734575149 -0.318789715362358
-0.27610842859906 0.0220201989069932
-0.0855057447431553 0.0457204882111619
-0.034528018745679 -0.260968472630396
0.125225832459617 -0.162543171898752
-0.238659071371615 -0.050498759666233
0.152493892430479 0.0714115443872099
0.0264589006549532 -0.113549840481411
-0.257169041927006 0.0253457032979035
-0.178372955680046 -0.231688750843559
-0.363012615808198 0.0302970558300068
-0.147907644579282 -0.152071447099675
-0.29059299595324 -0.0591810890693698
-0.345038270652225 0.0299411807537905
-0.416856487827717 -0.0859769620123813
-0.521908247141062 0.00645291049796855
-0.468128523700516 0.0166099236019383
-0.485785967462787 -0.00966695241277256
-0.547391969350979 0.0163798745693541
-0.483086453861116 0.01412267266354
-0.396426189774984 -0.0193576012593452
-0.470897199454906 0.0391792782781585
-0.479849437594855 -0.00637274820926836
-0.49369128177006 0.00384220204974463
-0.42406284055232 0.118250077511815
-0.377137557416218 -0.0578337459273327
-0.383154867349313 0.0163889613875541
-0.365668661712102 0.0168719987650405
-0.466748907469537 -0.120967823639491
-0.365916510902299 0.0562657377615316
-0.289472565359793 0.000234218921354597
-0.274167105140499 0.0384683123604763
-0.478386529649413 0.121768437700239
-0.45923680301271 -0.229006093355927
-0.717256877303572 -0.200305711787838
-0.397714262237627 0.29856126657536
-0.466254543962477 -0.29443072556261
-0.480901553457452 0.254030850456425
-0.625291694071193 -0.312143456496322
-0.617962726570575 -0.337426287025317
-0.5988536954086 0.368811854507794
-0.143105580929365 -0.235460045253035
-0.416864081327925 -0.305922664564651
-0.284664970112025 -0.056782953232215
-0.569453190208152 -0.252859029357067
-0.694157655964442 0.0322351106206525
-0.210012979769014 0.281499875997182
-0.699090952940501 0.055093398433554
-0.606335123923591 -0.297163130479555
-0.257429098044619 -0.345228037811572
-0.853087447525317 0.0174398479531103
-0.546862706027439 -0.0572157755688945
-0.55087751955227 0.0240445945222794
-0.645080430985523 0.225891992079841
-0.493353172706525 -0.0797481139637865
-0.602291737251157 0.185002843004111
-0.445588082807597 -0.101912392002696
-0.364278808332188 -0.0555324556314679
-0.486427773961884 0.0235476719387935
-0.40959474486604 -0.165416818938554
-0.378297748826289 0.190260881813459
-0.45260142812194 0.205067273072782
-0.449525825693273 0.10349750255306
-0.474491084240082 -0.282314423328052
-0.484371324909774 0.0569179848177147
-0.15656064976321 0.0615885384255098
-0.647794728765722 0.322687186444607
-0.840158097672803 0.0427405759037374
-0.211412652298833 0.152041875016284
-0.457678707816506 0.144934335445511
-0.156146689681139 0.168684543177123
-0.334105214807971 0.268994541338849
-0.573655622070317 0.14275778990414
-0.36023923465641 0.395751765246615
-0.672708597265179 0.0899049528527475
-0.516865986580616 0.140256605789156
-0.473332632604049 -0.115478805869986
-0.271545457120545 -0.230285432544977
-0.18240293955867 -0.0287418677185545
-0.4178789703009 -0.131266722644753
-0.112946910324344 0.188126519014835
-0.659759729650151 0.00629289464003333
-0.546091789903632 -0.16353161369341
-0.556022115064273 0.263349829054661
-0.52709280840486 -0.0493482366834573
-0.0688729056358236 -0.0176175958814704
-0.0883909770183254 0.0428879890407832
-0.304559261030467 0.2296907274631
-0.0428491036381658 0.00228119548839188
-0.589508318950849 0.0148616213780682
-0.17403255585611 -0.224776577130115
-0.265758693093968 0.126939435200691
0.0113753144272547 0.0285716916742208
-0.590085234552482 0.0397497914178769
-0.116070557359628 -0.259457665934048
0.0151668768875136 0.067518701213081
-0.106159086883497 -0.270730248297331
-0.0624548917223138 -0.259551892748964
0.180354247858682 0.0672233916160466
-0.304166109804749 0.363813421339627
0.173498608815531 -0.0777829271089081
0.104514450207545 0.0621365998726048
0.0975728726906755 0.319743230429376
0.00406878772569743 -0.235663898299056
-0.11737006751153 0.280812050200469
0.000725658068780985 -0.130967610600075
0.037403493366217 0.190560321323547
0.0223278218056184 0.138989832848528
-0.178324013314703 -0.297077037471064
-0.0592363288247778 0.340443095413105
-0.170354404607344 0.348613671424254
-0.371272025413799 -0.0466665038367315
0.134740211638224 -0.236983289659361
0.161708582389231 -0.224112770265482
0.145876867557835 -0.150719419514997
0.309927607352072 0.163429964201905
-0.376877597717779 -0.0117843171750429
0.206621593171867 -0.0803322508251318
-0.285497718746711 -0.0166716023126575
0.204625870315874 -0.217454468291465
-0.0208942732694721 -0.401401977934591
-0.113313762136666 -0.472531519633781
-0.104361798960057 -0.351830656256597
0.284246430080607 -0.175803347895629
-0.0217901419651276 -0.44495954512576
0.252589272833148 -0.206771595287927
0.298711275383755 -0.248118415900038
-0.368773235724005 0.0130259419576097
0.381145909735198 -0.175289333961945
-0.242597410266121 0.0480373864551498
0.344605553713993 -0.243909167772535
0.308681471670035 -0.241416483819364
-0.0556260264906663 -0.587773792236774
0.590469350051336 0.553341680489189
0.558411000866782 -0.523257153542342
0.0262178191812915 0.553588586524624
-0.0123957759662104 0.578256003317017
-0.0270360571018056 -0.599013142826954
1.03171660116554 0.0587556816815781
0.468016014012424 -0.201097757355686
0.581960169973049 -0.656704087663041
-0.402446351892211 -0.00798259409614927
0.529517555077641 -0.370187207542525
0.72100248916319 0.61022988966525
-0.343839787224184 0.157906990231227
0.832356275008247 0.32756293469051
1.15775909902785 0.11075020245419
0.822769037593753 -0.492844777292378
-0.20916020082682 -0.158561335954531
0.478666701415323 -0.448129305415964
0.5925438968667 -0.489236541825454
-0.305816497076834 0.0124059751057
0.784637756737362 -0.761451408261984
1.29912197688667 0.124518919838316
-0.0685001181506199 -0.736352573041365
-0.0116074732864063 0.921432561965542
-0.256604675704645 0.163659878365128
-0.423473527949054 0.249827237460471
0.668833371318325 -0.57852548351054
-0.292744298268933 0.237799742680362
1.47781141244273 0.0936460016953429
-0.0543615496052582 -0.898895671906156
-0.324775390975033 0.093808213276613
0.981988121036239 0.815672616991401
0.0729770905147647 -0.919645435363712
0.0517578584604735 -0.928560389956689
1.51279072051314 0.0751854345794334
0.248594596218982 0.926318301513233
1.16485785617349 -0.665393662561808
0.813506126685877 -0.637889215440666
0.503413135524535 0.800853291503747
-0.0690580420642938 1.14549086265699
-0.257378739340255 0.310003092164124
0.260145738648679 1.08100177249196
-0.734697249895697 -0.0208199533468987
-0.837391150348594 0.00564477239814862
0.850338392614024 -0.762229408367753
1.85877974866629 0.17992462033596
1.18507941204133 -1.16214665388845
1.15991092426396 0.512766439145214
1.9166050374029 0.121282398844377
1.95410546074932 0.11361055827903
2.02283559453233 0.15937777434947
0.205909580883535 1.30267314388068
0.227466131374874 1.37781778736839
-0.706657585596829 0.200927146894211
0.144874010321556 1.30053667684394
-0.44456246688612 -0.611507569673719
1.01390375826227 -0.296078244994791
0.616673291871069 0.97699719635155
0.0322363942605814 1.35622101428611
-1.07582050395991 0.670381932918608
0.583558674638758 0.893322797921078
-0.528499305543815 -1.27349057419784
-0.83991428353443 -1.57461880526309
0.649803187434741 0.821832322419697
0.877255643841562 -1.58088821690293
1.07238086464776 -0.217901340726691
-1.90520694550598 0.0104152397499061
0.40620095565784 0.065636232257157
-0.09846452149642 -1.17698431492954
-1.98690202375768 0.0324810302300143
-1.28360829774577 1.08258979710842
0.862915687054684 0.505781341665857
1.50633244473746 0.0829513011495274
-0.141978787435633 1.25976036538722
0.702545608099289 -1.4575666610978
-0.301187983893137 1.14633460413954
0.644617987620086 -1.37450337340802
0.0674138370971584 1.33700035876401
-0.973420185967921 -1.371872027538
0.797409982459321 0.406855258172893
-0.91575777669093 -1.27900455944436
0.779174318232651 0.378452211574678
1.25010852473438 0.0673674083686434
0.574026419794266 -1.26084590630113
-0.208905537375952 0.977947440267687
0.589615926752125 -1.30839962388457
0.410725951621882 -1.08988062000885
0.439507563150955 -1.06597310480686
1.26728753679502 0.0415781131812637
0.0075168365577755 1.12910535494635
0.0571986959158456 1.14980895889299
-0.905944814276507 0.817621113934171
-0.472706133761813 -0.940592160026324
-0.61772927486716 -0.830780958427773
0.887262857192311 0.230676532709626
-0.429748015001732 -0.895040490990565
0.539431340566441 -1.07034419472222
0.593650913740028 0.320526883597114
-0.772579602438881 -0.976977048904619
-0.792359460236393 0.724632754465182
-0.668393989502358 -1.00902548992166
0.545567754712701 0.30559886477621
-0.720121270770092 -0.913724044375112
0.654647634986457 0.268904393404892
-0.617875054821318 -0.951982835596977
0.533525381128118 0.285514648673889
-0.636985814029127 -0.845976334405238
0.582648047732745 0.258049902772232
-0.576895995482222 -0.879623193813489
0.541133862037207 0.261664126116941
-0.536617234175376 -0.794010833435642
0.497352805963147 0.254028347880081
0.417392371770472 -0.851024825959313
-0.551368855767877 0.56045324608429
-0.43205695755716 -0.762296748093145
-0.0877144644546937 0.476714446355198
0.262845941483535 -0.626115069291659
-0.467019971747844 0.546466798516139
0.470798061589566 -0.688871649358422
-0.0672488029018977 0.431991065785388
-0.417768968495439 -0.65867845547064
-0.362790884773302 0.469109563049325
0.801754624986869 0.089078634704293
-0.0472628276003259 -0.546373883432297
0.253039330485276 -0.456331619790419
0.175281612985324 0.565875877674745
-0.264685302872655 -0.562940340903268
0.0566910193469543 -0.418835715104228
-0.484746732884411 0.0147691660887717
-0.278047293636484 0.265998516929354
0.453293939750767 0.195076362999396
0.290618394805635 -0.388660063155442
0.53948643560491 0.142373123767808
-0.0451091373717791 0.141021865626653
0.430279644672797 0.160087874835247
0.0637506035909904 0.232512420914891
0.292908062868415 -0.241408193523471
-0.0437157246697542 0.101368658188565
0.103516100999316 -0.174856469095347
0.173017946680195 -0.0863683658985598
-0.188866770362128 0.00401526229522938
-0.0805839360961291 -0.00290577308747569
0.0707380601278889 0.299055375942316
0.273713511425772 -0.200099603961039
0.255411220195899 -0.128250983835975
0.0459763131028774 0.0300624170607087
0.349919577357562 0.119512088399974
0.0407321016171952 0.0475293050147229
0.0962426584452647 -0.191323729941292
0.234816397786902 0.1082285228935
0.426312767422244 0.0399074551841731
0.0683794651928968 0.00667688457961173
0.257725358462641 0.174753389473774
0.151894018003821 0.101909833152908
0.243022484848455 0.114741830957136
0.0856222344129336 -0.00190739020189404
0.132708049420606 0.160246049303198
0.202022846524952 -0.0340703753543696
0.213720781815865 0.142870706645461
0.305725140659974 0.0211544308795172
0.14520711791053 0.0899151934367592
0.246875203698993 0.0400996435063769
0.266951117513899 0.0851380817864013
0.353643703984793 0.00546800710201098
0.396393268823458 -0.0375866456744011
0.236622360664949 0.023449971681514
0.19981593173827 -0.00422146573906902
0.310592505279702 0.0729029784236862
0.27216422694238 0.0617430104509654
0.458162892785438 0.017808112102816
0.430741782579016 0.146903799078568
0.55405121454504 0.032422872996126
0.325771710685243 -0.0895640174704207
0.0338112113418925 -0.111467096956404
0.094697806255986 0.165842804281305
0.209872962945588 -0.204878667113972
-0.0388972341161384 -0.00993310371227738
0.213275820798795 0.212360112985472
0.0195936836465536 -0.103755680137252
-0.0707119734577355 0.127800456432516
-0.00652004644439234 0.105847140554709
0.224478051672087 -0.435761269268596
0.0449596707470708 0.395451186803255
0.509577880289292 0.238898257034324
0.331305572650323 -0.238135691415062
0.146083546588672 0.472687855209878
0.398125148068911 -0.0355842384564695
0.635304732978236 0.347712211654325
0.688847423247568 0.364728375033376
0.683408904248431 -0.324388004431656
-0.106180570400496 -0.146432025985374
-0.198446286272218 -0.0695010519582567
-0.154829003208106 0.0363216416413798
0.729414883742048 0.36758110193752
0.418603288960796 -0.36536098051107
-0.213591218753691 0.142967207462461
0.666656613070532 0.575932892006853
0.764757653897227 0.446834677859038
0.30707792209937 0.548283025492281
0.636349192001598 -0.690193457115458
0.873112528739922 0.360372514102187
0.893477397440802 0.333810163918507
-0.42383546103843 0.119425114345669
0.797484989987774 0.529531156756914
-0.450327756279414 0.146778536813721
-0.0122705635303521 -0.700104568783932
0.12796691880908 0.703743285569088
0.65515222818983 0.659273372620571
0.424605174908242 -0.445000809851007
0.579482589372043 0.642896844267827
-0.459266988612454 0.121074188136323
0.587217580924366 0.69688751571281
-0.0894759134867664 -0.793252649620024
0.446625625949411 0.717600740326647
0.930839932085848 0.0709429845539759
-0.276468554557346 0.720136878954585
-0.743139557279652 0.0541420008231892
0.493634501265592 0.455439637590089
0.402185952417999 0.62780951246594
0.514409286601763 0.527734847226616
-0.113525481210478 0.552290721464645
-0.547537285357789 0.145911617154523
-0.167252163440857 0.639688401440987
-0.49402821449375 0.00838297148573478
-0.543236700956926 0.0531259525491056
-0.235637757616357 -0.492809588540286
0.179024882915271 -0.362253113092908
0.234211949565403 -0.397806132794256
-0.276038334947433 -0.492922599008527
-0.181841999401244 0.539571370238379
-0.486384669579349 -0.00812465884188109
-0.510266104282928 0.0188429975993606
-0.512416006618971 0.0052884241194341
-0.403175745259952 0.0128747724794047
0.0639598569001996 -0.416433955259199
-0.64309599486228 -8.51631205979625e-05
-0.276015082340956 0.447185485891359
-0.52352077698581 -0.0224195140021207
-0.312174373370299 0.00771991354617953
-0.162512355888269 0.248862349591469
-0.569450266209688 -0.0192097110408348
-0.0374334998727173 0.337412073651619
-0.288139018617133 0.0273077089434205
-0.563115031352709 0.175301279883116
-0.444557248034026 -0.300749249728934
-0.210656304808081 0.250687401741011
-0.174376286018644 0.242418318773463
-0.826816372167869 0.0364494340218683
-0.438084079932242 -0.199242562531212
-0.429318073465793 0.402074579473813
-0.447655289584766 -0.276740457811097
-0.643561203364834 -0.27857011616981
-0.370599319923725 -0.263603997896279
-0.185757267281928 -0.353629409784033
-0.379768444949425 -0.208355245844958
-0.636625723092014 -0.119641050195614
-0.387343042674367 0.35778665549766
-0.177498222814825 0.507216034930223
-0.0672719738726993 -0.46636215675794
-0.366219600951857 -0.32940033391877
0.183763754818927 -0.0455705265175947
-0.252245207889011 -0.274428261695783
-0.274282629953686 -0.348522049864995
-0.268469399475068 -0.309560965611959
-0.549570131339834 0.173073460861038
0.232832196431723 -0.00579991029835591
-0.179102403775227 0.351260456924953
0.213757286683093 -0.095736738939495
-0.194806275165685 -0.388667806653441
-0.0750745407936237 0.497734603595376
-0.211714016561847 0.20253010467718
-0.0721064471463772 0.470756461860398
0.238914050993248 0.483933163109179
0.202575971716476 0.223149017074346
-0.226349436884329 -0.0524919217721868
0.201222418259817 0.256554633768999
0.0242195633942495 -0.388423135642345
-0.0661559173613799 0.493439048942308
0.0981505426664047 -0.393387087323907
0.00420083535605048 -0.430385976723329
0.00885301013970777 -0.435536267586974
0.0946793119443186 0.541879559421529
-0.185797836348902 -0.0739298671097994
0.0194752926140606 0.599282514035119
0.189203559100221 -0.516964283798226
0.204255671719002 -0.460272064661788
0.544329168052839 -0.0715353555230511
-0.223610641731297 0.0328790564916374
0.0278553858715017 0.0998290069830041
0.0942214616190604 0.660234474791184
0.836698707302387 0.231951066109661
0.816131357533921 0.34776910992731
0.102277500507032 -0.682640707898854
0.929055059052186 -0.334251405495506
0.00634980296838536 0.0111617830838545
-0.127170251572726 -0.0443668506493244
-0.0972805505133095 0.159351018200082
0.51078838798591 0.585884310484959
0.412208111977003 0.651857712855118
0.400444994960892 0.680213532506461
0.748922960401378 -0.152503402071955
0.279699078226835 0.774155868128211
-0.0551983715839811 0.0283366175832442
0.809922689470425 -0.231895625647929
1.03640318489431 -0.615522301585639
0.59369450713302 -0.598770818752818
1.18194164302813 -0.540377215194807
0.514176421466163 0.84921628527646
0.698943112656722 -0.688275076718518
-0.150948556416293 -0.0195467174367119
1.30498294262523 0.78662574952782
1.04585989880516 -0.228137745168324
1.0045296959262 -0.426727596673134
0.513466195239091 0.981382159735647
1.10138285296528 0.0415802879540664
-0.498224779213199 -0.0255087954403945
0.469300852137979 -1.02618741864156
-0.340965375304582 0.360062950362589
0.334769253565807 0.999087696783707
-0.0285497478461321 -0.440090780991133
1.02106733019958 -1.04840160949847
0.734062435959616 -0.587306259576224
0.194661491511568 -1.05798292594907
1.75927230239989 0.127185124971224
1.81941396600657 0.0875769056999535
0.174000549619491 1.18237264161139
-1.01154916444794 0.0549950662173067
-0.178277756588397 1.39192224061022
-0.058592461697496 -1.25850148476333
-0.897608603142556 0.0242663257816643
-0.877777039342864 0.0185340655898954
-0.89736405243353 0.0280727033494204
-0.038529407169752 -1.31142431922343
-0.127966714754276 -1.27547114430199
0.959490941607564 -0.688241246953559
-0.22920670012192 -1.27617829567088
-0.130204545926524 1.17261323089465
-0.959647823760717 0.0156344087874098
-0.988878272800408 0.00294849089569199
-0.433069001153065 -1.14456988676137
0.80807975196662 -1.01039574662852
-1.05302987982338 0.00975393039341396
-0.889029052644752 -0.574045094135537
0.58384832592628 0.973797665626203
-1.02324451427132 0.0324120267430728
-0.485935366306594 0.870161408652208
-0.969206255837187 -0.0197142278848346
0.856384462667502 0.070098176413216
-1.19213563676668 0.0170412459312904
-0.638326226000967 0.916786125146747
0.942825078674094 0.0520086790801781
0.365077916047732 -1.00667293707532
-1.14581715247461 0.307449876506576
-0.610795793754971 0.0507813480200912
-0.810049742482684 -1.06935003782486
0.0114021353668385 0.7317288919685
-0.801156902356419 -1.10201296617048
0.0699045925609507 0.582270157496725
-0.681504903387249 -0.736108482944671
0.547673857319416 0.399197741918274
-1.01238459522996 0.5276474168918
0.470333147932897 0.33954897702968
-0.934027588923103 0.511736061844065
-0.0708263293549493 0.00192547917490593
0.130985177913009 0.340057039989442
-0.751056682753591 -0.756060043729726
0.222035231133861 0.155083960143302
-0.16494211270228 0.765816795613279
-0.251353398077305 0.762855437884655
0.331985420092018 0.030008969147565
-0.817400761091432 -0.435364350593857
-0.824277429901005 -0.50215700538144
0.236616246842884 -1.061782743692
0.177130160818628 -0.961459190031492
0.206324428104394 -0.917625746100291
-0.516501247661091 0.639965126834511
0.216270697119435 -0.853003296531502
0.225236725945319 0.375788105292153
-0.854316203781141 0.489801228969018
0.511542734976022 0.3195865518265
0.304332940376711 -0.799893308694501
0.570521737029601 0.232987802326411
-0.661863839152562 0.438628109749884
0.503725674475203 0.261065548826079
-0.606677838474239 0.316495229934408
0.370937171924427 0.244616128818923
-0.655627132572084 0.30272612172386
0.30423249151497 0.245157805114568
-0.688792986114847 0.322044368677711
0.26906278963998 0.217868814401506
-0.758385582793506 0.290885051882849
0.239805476967034 0.2532672770856
-0.888749704008078 0.320201248358048
-0.205571478597609 0.403846967162309
0.0724117682448947 -0.681636138767717
0.141162414363925 0.410801988250455
-0.621368653686915 -0.50987736383586
-0.466234502137735 0.538567226364859
-0.0404145675645492 -0.56130096127893
-0.404528174526267 0.44489727965011
-0.46666166808117 -0.484655656154579
-0.0959913032767678 0.358762784791522
-0.0219977333224342 -0.345615802634793
-0.615801158289316 0.00540360016176508
-0.367797516881437 -0.0300457487469161
-0.333678899537738 0.233084793167673
-0.303944353810343 -0.218742758262384
-0.102055314660913 0.225612975284816
-0.256061346262387 0.107925510941744
0.000750317300126523 -0.00816327041575178
0.0427325154873307 -0.0387613237685272
-0.488343451183632 -0.21440673969499
-0.323044938691635 0.304234651379184
-0.36754024873097 -0.150711935457627
0.0811376714448134 -0.0966306380064442
-0.288570209670961 -0.106369222544624
0.120490741585714 -0.127032385672761
0.0162885427407052 0.301774906572825
0.175865766626654 -0.121285223027163
0.236305905724065 0.078090569917192
0.206709073409369 0.0696173530187729
0.482766099516646 -0.00127118776560283
0.373124142467445 0.0536643680659474
0.100246947874887 -0.289988141687542
-0.0546387283939227 0.411033482315644
0.0380567255642288 0.30523352961128
0.240819382749639 0.0376960844219832
-0.190490844193233 -0.23636405743693
0.408843466423001 -0.073092846458858
0.314640186261883 0.255778890547327
-0.12876089256492 -0.270766401818
-0.409818661835092 0.0134568048585767
0.652848598598465 0.0814790762224019
-0.120638185369649 -0.350608895502179
0.350600464497955 -0.461032542290885
0.371098413422954 -0.467791563858022
0.688914034760555 0.0400309337329379
0.332693584918088 -0.471573294129909
0.356542512101172 0.4295694656936
-0.250240392964355 -0.477506031266026
-0.182953807331543 0.577067719213376
0.258511936793747 -0.490770168280099
0.352694297701726 -0.548762184403934
0.249562895743887 0.502393316663604
0.241495186764498 -0.53951621063387
-0.698582817764268 0.0290896747215035
-0.708915291655587 -0.0249920157896063
-0.65550162451655 0.0351707223567516
-0.662689112950648 0.00904203518043485
-0.685395229995179 0.016920363528072
0.256470108704547 0.0295653514825431
0.0281357098345456 0.41216377544097
0.322476740326119 0.00562345888294782
-0.358211927486353 -0.351028905320563
-0.277749632490326 0.390568331079121
-0.278493924509133 -0.30980341641054
0.365941239506814 0.00330495215326945
-0.0391543794832149 -0.292186398717443
-0.293285542836385 0.331079198431398
-0.267917210086409 0.471776649264037
0.25397283529419 -0.407769237141311
0.079086219360214 -0.20726228782798
0.135331038848318 0.316104850939121
0.256722411692726 0.278433690592818
0.0323954018619694 0.255140266397517
-0.195793619336716 -0.185574253797915
0.173093104198544 -0.0584814227984223
0.241484162086625 -0.347904807537874
0.0855548075963957 0.212768106877253
0.0511032377200368 0.17565883421665
0.143358844931313 -0.201526247629541
0.000374411554034525 0.451250679065824
0.490315393458339 0.418151401018348
0.289242767290656 -0.179513431351911
0.00149406684634347 0.149396071527787
0.530351740425534 0.0936288704453627
-0.127433161368998 -0.454001971511846
0.377551357926586 -0.195466163525017
-0.0492925651427964 0.243286802696741
-0.299387616864574 0.345711192174072
0.374076994972193 0.188019623986475
-0.144487189324994 0.14123635213423
-0.12874932421522 0.227841987408988
0.411397874727476 -0.566395686294848
0.0681129380170402 0.319044011089734
0.294786328754601 -0.56985550369156
0.0654431204144301 0.532951225012348
-0.356606957253559 0.449715024809284
0.414550413151801 0.0437245019630864
0.148456457818647 0.539832391236892
0.48856757087743 0.0370484932057892
-0.299648232399316 -0.530043596581726
0.601698872778233 0.0220848655138102
0.230777103046763 0.524437795400218
0.630517131029465 -0.016039378351025
0.474598004036714 0.0320673831312445
0.711479214722897 -0.0412119857574223
0.836027078978286 0.0548883589705286
0.14587010212175 0.382044289971502
0.558430145566156 0.0135043801038941
0.178211468635712 0.31922008227624
-0.239423127749698 0.372738433839653
-0.0761859143422235 -0.547671889219309
0.421572915781085 -0.06101230598671
0.544652514739993 -0.439496090752758
-0.0379534158175711 -0.538158574919866
0.374381810930017 -0.390314193967142
0.351701400294527 0.452036009450206
0.066971916313307 -0.186741519301744
0.318678142171236 -0.374101422760554
-0.194062246680392 0.449771696475092
0.618454756078513 0.0233494081904872
0.346477785517289 0.328687656930691
0.301334561300384 -0.429931892128886
0.199149662593541 0.377601607225098
-0.0942269435607684 0.141552412884768
-0.343314938964865 0.028372262364293
0.115865726744964 0.241441302139339
-0.520958395154927 -0.00845576859609247
0.425247479447894 -0.00142762582539747
0.210597399751908 0.334295638469411
-0.0902760856532154 -0.117147576872107
0.0760887608820262 0.274225020479104
0.368532912836293 0.0468532843168866
-0.285457925601832 0.378842483304935
-0.0647895317055876 -0.289403555519005
0.0842531046236265 0.335874812475783
0.212175856974994 0.357715437344879
-0.510296169522709 0.0163017945870232
0.0131420290462237 -0.233784358147401
-0.256038426639382 0.392220770225604
-0.231811724219422 -0.168068029256258
