0.319092830859579 -1.13625618597485
1.12964409213612 0.141211459753126
-0.910064111071396 -0.123234803898238
-0.0930070416683746 -0.848570285699678
0.52879250264437 1.0464077875829
0.913499568634432 0.0777857053685401
0.630761762901761 -0.56059168574849
0.474378646774094 0.667612396883089
1.05025037873397 -0.0878961762769318
0.462526394863373 -0.462199969337456
0.752619301228884 0.0419467371198231
0.0710321500735804 -0.510274185809117
0.976421529362959 0.0460809961415896
0.604114527730857 0.266550765119243
0.752704989907308 -0.0132237621233743
0.684621776235126 0.188663018239203
0.585371060751328 -0.170158016777682
0.343664847049506 0.332892454292489
0.111309070733111 -0.288172487695867
0.0540730144671005 -0.202682427118417
0.710521447405234 -0.207300994410106
1.05052403426426 -0.191868004061187
0.171021393805047 0.0311762088868536
0.211073810493262 0.0214656205256062
0.767161442361864 -0.250795929499496
0.652576694525136 -0.603892122972815
0.547113228172001 0.396190515856786
0.147658796115326 -0.0295557444780693
0.837958897964854 0.0960279780209062
0.702248858533203 -0.388251996331546
0.498242848617252 0.421648102728533
0.226142862964498 -0.309787100235276
0.681623874138162 0.200179609123371
0.589409377634893 0.528525519882863
0.681657079514569 0.091963728774996
0.514845981327223 -0.597762153936834
0.57722833899701 -0.0740856189189405
0.206900108447023 0.720399728571138
-0.259239367257544 0.59032920717463
0.758357724427493 -0.121010378960729
-0.209049837520887 0.582545566589083
0.0381607875492425 -0.349744660290406
0.0710896459897596 0.291942890699142
0.0709826560413505 0.0782105558516958
0.0273581312567198 -0.0705041553075873
0.167155136132823 -0.124837031351582
-0.0615907014402656 0.0356641086850398
0.0280773569490813 0.0911571689518725
-0.346252818490004 -0.16468015003394
-0.212602435316818 -0.0378213121998289
-0.117907380275518 0.0227079441019846
-0.333355342281362 0.0425611728358792
-0.52015832304014 0.130189316654602
-0.429051406701103 -0.348903474951902
-0.276501913779926 -0.193051151789109
-0.46938430821133 0.261411734322282
-0.210198467245046 -0.127142786898536
-0.726036015533334 0.0743814093964222
-0.00174366706785426 -0.00511762048104019
-0.506457022464968 0.300774829953598
-0.469964556094027 -0.625689600784944
0.266968868571123 0.31316164413509
-0.0236241706578782 -0.195846098601791
-0.482024476002424 -0.732137826884665
-0.442809429862099 0.653268576646423
-0.509556570705497 0.0390993054917985
-0.833770085154928 -0.331823518035383
-0.602601979190461 0.439834647295826
-0.236872382302608 0.0300254173294889
-1.00357550102826 0.147889903805698
0.0947216248264761 0.0962398625827769
0.0550188061657184 -0.217912015022215
0.0321949164903992 0.240997331159966
-0.246024236507129 0.276455669953721
0.138594629404666 -0.322302385531509
-0.375302710141394 -0.0465911088745913
-0.881588383216038 0.020155702821363
0.0998833895542618 0.00907541595496417
-0.110732952844494 -0.213174735172089
0.162886834151574 0.101840424055805
0.332779924177464 -0.187022884391331
0.374440093154081 -0.227023749739237
0.337612739104635 -0.220181038395438
0.529799780975948 0.496968328074528
0.361980541630358 0.562330670130514
0.800448399931694 -0.397067461685209
0.451215849015337 0.579495314992128
0.152985670712622 -0.876724792045072
0.462500003486422 -0.634527376831843
0.0345533433581919 0.358525091679822
0.167560587004192 0.458032254149023
0.0436949792813772 -0.61439733003528
0.625476397903295 -0.338817532637167
0.720216353096545 0.0313585523020427
0.542981535842853 0.0149851429604084
0.738197921318098 -0.1359515985159
-0.0313146039201643 0.629542510269237
-0.649043448688515 0.607640627842498
0.0506924734504766 -0.83693431855446
0.273722327051828 0.812784862553687
0.186761521344746 -0.153751233503024
0.336812995472408 -0.0665283286100453
0.404392321387101 0.0853215927617602
-0.103423804137486 0.0695911699693004
0.241950439842753 -0.0461166380803646
0.214837483830801 0.11611640533088
0.29821259746877 -0.00119051725727059
0.460718957316956 0.00327345412269549
0.692431408040482 0.0998671193311577
0.40449476143611 -0.146855494401942
0.500424115301134 0.202963931703408
0.534244736157146 0.0393018956968044
0.661938196825716 -0.342055088298119
0.73650573970255 0.230513304086986
0.335837815192849 -0.33923994171391
0.650431174010235 0.371429604837982
0.417364051710226 -0.317356176535226
0.674409489009461 -0.461121061654203
-0.336296002429426 0.0829277654697778
0.490759844761825 0.601240279244343
1.04530634137493 0.0768104287007286
0.963838614147628 -0.00167687834140255
0.247697449951373 0.217550499048745
0.0868502870858246 0.104134982994429
-0.117774690171613 0.109742335105557
0.166850036617403 0.0733334859317072
0.369692893314138 -0.0103987174662075
-0.218049160380316 -0.307589383835711
-0.122495570628704 0.304837620931659
0.0199309307922946 -0.529763468213204
-0.599283024354385 -0.0682766605184865
0.166197876705336 0.561666468214996
0.2931869940183 -0.267462289197417
-0.273196924818792 0.486587450621396
-0.254585722840709 -0.418105005799216
-0.0145129244876749 0.324435670254182
-0.408225196504496 0.337257014749972
0.157215701623848 0.190496326832766
-0.91641915798005 0.340366464129452
-0.2149564272755 -0.586795337280006
-0.597885153824273 0.41649829621429
0.137258280177272 0.515477323865419
-0.786031167053547 0.54397373463744
-0.72259292878107 0.438934335200626
0.207833030552095 0.0345301626584482
0.249896265768396 -0.585838526980548
0.411010391754504 0.0142880756227399
0.157217870570367 -0.686236198454643
0.155657378553987 -0.757911956529698
0.648990537694333 -0.111576327969039
0.842874484388137 -0.322127720751314
0.610890475842376 0.599754110114723
-0.668541860805091 -0.318069799885639
0.187861608727292 0.830721559890044
-0.419932957989689 -0.384575983482178
-0.736017184687718 -0.0259430155462731
1.01649619171077 -0.427286714346798
0.328645629406726 0.96930475567823
-0.2513644408139 -0.075423637379774
0.259488736441268 -0.696555591075194
0.677237553180941 0.483883768366819
0.803818678228066 0.451154916782906
0.177955682406054 0.315917435935155
0.787261257112585 0.108183754673477
0.254230364737596 -0.199628354594954
0.249552674570298 0.174561693279202
0.633548597571861 0.454335770562677
-0.080762078395807 -0.029341381491316
0.450751834531402 0.492382326878625
0.870009476113259 -0.465879968582819
0.663349460337115 0.383560301674681
0.38285366476126 0.0456151937924956
0.267965329658609 -0.373723890527922
-0.12967912281204 0.389154984875383
0.700768178050624 0.0608830359518486
0.239579782334089 0.297268840872119
-0.1902616104156 0.425360685672265
-0.493063136142862 0.554687071501052
0.693605791427856 0.117809835203851
0.630555559495132 0.149564555255753
0.439172831354608 0.114275310219746
0.00271413433882839 0.485980512053976
-0.362322114796715 0.191318872177808
0.451038671902044 0.541192973657701
0.704657635875193 -0.529974345916332
0.311508714886698 0.204358501229274
-0.226766720885159 -0.265938102978506
0.0446501817190319 -0.459064366256159
-0.00220954041512821 -0.465057257480806
0.265089242547486 -0.100962713026513
-0.558305450437777 -0.440053996137136
0.130088037260992 -0.0198529469953888
-0.659408755570541 0.556338059850676
-0.800041061652204 -0.480472391512048
-0.741593902980721 -0.282296250792259
-0.139581423882792 0.0156842715992588
-0.420416170737909 0.628490539070132
-0.951182836276938 -0.663658099668811
-0.48146092454313 0.0334709635273286
-1.00511649449598 0.244328731642623
-1.00565801850709 -0.439539158669378
-0.29368754636822 -0.610235424143761
-0.976734890054407 0.199624832325036
-0.62040835582631 -0.380450225724937
0.46890578333079 0.0732765303932888
-0.402069133346427 -0.541487573939245
-0.335286433854063 -0.830297085046557
-0.635416847729194 -0.0103587954761005
0.404955185976263 -0.556528408789544
-0.710303721943766 0.0626136996124664
0.0312778722634273 0.80011683931985
-1.01034808621477 0.10452981738911
-0.601293780112329 0.775546130861359
-1.09235346833979 -0.159155804296027
-1.12985516683418 0.0453547352485843
-1.31126718186966 0.144699709854187
0.103889433682802 -0.0214114449873493
-0.255364102767507 -0.484964955017662
-1.19521516148385 -0.0283685681669699
-1.27000357852114 0.0663527813745705
-0.418336131608369 -0.25290357388129
-0.815237062578943 -0.609204572459583
-0.594236789731461 0.079268237980192
-0.966832080233106 -0.0244548750906468
-0.342413407672936 -0.0231060899586359
-0.722034712028114 -0.230475662124902
-0.71611969700356 0.136917686909763
-0.826981326115901 0.00790250644428216
-0.56866399098588 0.2010436796267
-0.935491799683698 -0.186886012127561
-0.782969347612771 -0.0878029818848177
-0.600342578535124 -0.0417955290190697
-0.568347178526594 0.23932460509423
-0.715026582284362 -0.257528571237769
-0.459326723032104 -0.105107422827194
-0.849815092948494 -0.0420545652640433
-0.417234532655415 -0.216443237267867
-0.583732435680229 0.123936567704919
-0.00492368584724506 -0.161625126160898
-0.224393899289753 -0.320566645897179
-0.18723101530388 -0.46068394379058
0.0856444318840685 -0.460406689376816
-0.919180138905141 -0.0034748621080966
-0.323002504325506 0.61478703860349
-0.669209427016218 -0.152414089641833
-0.272362427993117 0.36550978381741
-0.290748933999484 0.638510512739713
-0.768084849994292 0.35424242590381
-0.987321202584684 0.177195813884464
-0.937015667434248 -0.467721473881479
0.206978937015598 0.0408669886310002
-0.479556535556499 -0.466070524215019
-0.0880376541582464 -0.0168565233344434
-0.0939450881878609 -0.0610458549403816
-0.666371892995315 0.0105831396502255
-0.492088910098757 -0.0153906562502294
-0.375665504711142 -0.41185260942255
-0.238122531539337 0.300668984298723
-0.142826003774421 -0.500309219136209
-0.418531265042829 -0.653971976227862
0.087438715463928 0.627310738233287
-0.668518074916245 -0.00713572322419379
-0.444806384790967 0.833006393068217
-1.0501827886192 -0.124097387275085
-0.478990582642433 -0.841081138271647
0.0261246394603993 0.749709070464817
-0.162633075969865 -1.06001884581711
-0.396254964573755 1.05632698222432
-0.207195005644165 -1.17351636449035
-0.0835224838880915 0.992389223174654
0.130573914625382 0.83500684984592
1.14204135815503 -0.90256491969391
-0.452482342190397 0.0640516972857474
0.10557407013013 -0.703551601420476
0.948110350805435 -0.737807143257695
1.28734023480241 -0.650801100727587
-0.314525623895992 -0.0826136291528384
-0.188744834286186 -0.0310788815062643
-0.0497676115192222 0.76066255734633
0.604767335344776 -0.641027725985189
1.33583730752013 -0.4128164384602
-0.0114770252407225 -0.0935712936238309
-0.212913307487454 0.388178407401723
0.366029223868001 -0.683063708175652
0.89918721472066 0.206968355284309
0.429491037233379 1.01357463959445
0.252270636968357 0.840795994551278
-0.472272378723673 -0.579754211758938
0.616261440919893 0.325708886884461
0.0940262120204099 -0.0251092536784762
0.338251448281967 -0.0877509072421286
0.21883379378024 0.493091748129617
-0.011695528763165 1.03424842179436
-1.12211713237127 0.2803154724377
