-0.262813369195906 0.877718023304697
-0.700126906145392 -1.00834876011434
0.0585876518592258 0.785039457072055
-0.552835230465187 0.128374455996565
0.318079467374425 0.263951422234116
0.0870543673081596 -0.591634864772674
-0.139251809455329 -0.356785658668831
0.64296194099399 0.097073732519232
0.477589740319743 0.190475158859416
0.40329851314691 0.509804398310255
0.861371898020959 0.0877878099861839
0.590322314378434 -0.211611224633884
0.17693780164634 0.330079158330938
0.542654681508245 0.622212925785987
0.29702846908214 -0.320690052157091
-0.42513132648109 0.300725714180857
0.320158108366913 0.460655171813962
0.70406349676403 0.421408894708667
-0.226561471369796 -0.0481335694880792
-0.0381175852255502 -0.834168897723558
0.200286493226686 -0.291652373858356
0.00751283230158707 -0.686349806452361
-0.0632928864953774 0.953360368946062
-0.640990929009189 -0.0228564463913611
0.83278956041542 0.110205311911546
-0.985712882262027 0.173621111305122
0.0969439080940159 -0.681843246908471
0.143631637556805 -0.836971498144229
0.729268666325143 0.596389078228971
-0.268853608410092 0.258299550303104
-0.265311195496666 0.0215201569702627
-0.0182611736667088 0.0977630475553911
1.22956309753541 0.508650007816365
0.331042779736595 -0.74973193816625
0.580505834820605 0.471832419225998
0.792379797551228 0.282692559831877
0.300942691569953 -0.0481688670030409
0.888896896602217 -0.0785838119943813
0.443136640511293 -0.145186874451762
0.597616499255945 -0.0121854647486799
0.265694197437012 0.211523843995936
0.5079262073979 0.237453903708651
0.52589015671946 0.00960592359372838
0.628349436158948 -0.0589628115702713
0.421168210710035 -0.252390135003083
0.49763797900971 -0.0950071615661346
-1.14254685328316 0.311268535303766
-0.907625817495722 0.705600818292908
-0.390580775454916 0.787790742451567
0.250283026380917 0.156857645786426
0.264189126240299 0.657156762158442
0.023805447048489 0.421268119587338
0.411828600085818 -0.410808368835601
0.459909407192728 -0.159246519020146
0.640502525600821 -0.18312760079882
0.551740961411268 0.129406053030191
0.956296065894694 -0.0528745634351029
0.453966462685565 0.534051157352906
0.495438294869216 -0.235492974049796
0.709963837762039 0.280131136058571
0.0562334970073419 0.023266080621995
0.444696641329224 0.397055936879855
-0.384295277940018 -0.0289727035600734
-0.112524388379129 -0.465925549432124
-0.219617078700651 -0.334516198544517
-0.830501787366479 0.121391504007651
-0.204601574421187 0.00175852904178211
-0.715671331818649 0.43562700134236
-0.730185079209299 -0.315051481580917
-0.960964943594104 -0.00727076075679918
-0.678460407238076 -0.0422870218837935
-0.557303192799375 -0.541899392476696
-0.0426563239564564 0.366876342673336
-0.931044836739619 0.112427878997007
-0.424681028898484 -0.590053672011993
0.282091405244687 -0.668212920946214
0.169283280352397 0.853239689678824
0.302534825436494 0.0503284361043994
-0.728745234235971 -0.273730872771545
-0.0295330149189884 0.62060500728025
0.0989522155848566 -0.118421354605154
-0.674741028840391 -0.402160939784831
-0.696949357665008 -0.124541900675475
-0.319128878932072 -0.0255536271309001
-0.725710002002284 0.0412404471444538
-0.552952767146438 -0.000861835227913171
-0.211890882391061 -0.0230057494707323
-0.190170493896981 0.368051655165178
0.0541170180335988 0.587834134846499
-0.208493388098682 -0.751454985404271
-0.575322751601757 0.786382061762874
-0.887983662852098 -0.090207713260679
-0.251294614158055 -0.473357181884289
-0.65016050363797 -0.132026810831057
-0.255870583811698 -0.127797541230522
-0.596661402581585 0.0727797066236971
-0.342506913662157 -0.0256718135740176
-0.774781841984008 0.185227904111771
-0.648203895031263 0.392394403641427
-0.966095450917359 0.366298148546342
-0.396957791115046 0.587853966264962
-0.725714187861306 -0.602917678640947
-0.61907025936732 0.454209488305845
-0.161117910700938 -0.195002005253129
-0.349367500056066 -0.170024357464664
-0.266780682174919 0.218266130866001
-0.305209367050968 -0.0168246908612151
-0.231888944430487 -0.103184039866597
-0.41871960121654 0.117624122140449
0.105753187847623 -0.477114031532267
-0.604708062551808 0.220843113738659
0.0148911454634364 -0.769278032340314
-0.170194465418886 -0.995236923325083
0.543878691758662 -0.764531499426702
1.02656386027661 0.643571449616089
0.231660029539111 -0.534765693036012
0.732514850241312 -0.26464313910071
-0.248459767560793 0.426460472212496
-0.0813430033757927 -0.18841916393452
-0.210150058988998 -0.298224494816413
-0.255147647932172 -0.189349972412499
-0.431959823870194 0.403978765382912
0.154701927427096 -0.395211590832587
-0.510660537051198 -0.0579732047924279
0.451961103272359 -0.780042350833023
-0.99318203823377 -0.00737438307042125
0.532320919804786 0.0262540500504166
0.485547457545738 -0.0240283891216738
0.193544011445348 0.464522611361391
0.863053882342187 -0.197065243163034
0.456197356573426 -0.313493266005467
0.525239050768907 -0.576838033127739
1.15357045481091 -0.420805295892215
1.48982684731309 -0.0599806190765057
