-1.21867595945779 0.360421370686484
-1.3163646648739 -0.145292629369821
-0.698264390458204 0.0839729171183218
-0.690658915138618 -0.0967028125639481
-0.656727607115103 -0.0495450374741934
-1.3010531580328 -0.137007618445031
-0.406931532158008 -0.0833795746158158
-0.810925725401373 -0.651506884320206
-0.74399998225808 -0.645638418745182
-1.6646230448035 0.0279971714339663
-1.20093693954601 -0.708346364734102
-0.893228432666171 0.303680945585365
-1.50982426222635 -0.282811176924322
0.00564596260156657 -0.000589548704351057
0.152846399785879 -0.0619814500937822
-0.765867287774076 0.611655424045202
-0.631702367012328 0.839046150264641
-1.75669330917632 -0.0697711053283487
-0.180128611021154 -1.09544300006714
-0.302801736587406 -1.00492579472421
-1.28402645934782 -0.324926217101833
0.342534675452868 -0.137402625952097
-1.59745670056029 0.034889871759949
-0.976861950569813 -0.662477616598179
-0.702671331635203 0.489994679063828
0.384896614979846 -0.400818885047506
-0.254343508147117 -0.115115301606405
-0.615367302987064 0.383128493365895
0.389992755541426 0.155796911989095
-0.386595388390539 0.54040308195555
-0.467637933633844 -0.545290011858661
-0.519330444739499 0.2293279301258
-0.396584199516606 0.583277837909471
-0.810632416516711 -0.595448813545563
0.0816144233764463 0.15913618565971
0.246607047341106 0.0942794123465025
-1.06509894913693 0.0064780795138611
-0.285452458392387 -0.50852247015497
0.0560878816043062 -0.1165308973918
-0.12441117276446 0.33549283671682
-0.235652494494685 0.268454367643965
-0.299665083728124 -0.510728706157344
-0.273357616979338 0.253257840522541
-0.243961012738776 0.387114295015119
0.108261968546416 -0.0501516786299796
0.0671238870033502 -0.0790526115220364
-0.196750114844857 0.349537547271993
-0.0265698205145852 0.0994036188516678
0.15680546292703 0.312719641001642
0.0909866439412355 0.335845826985052
0.0716618299574974 0.174463463739523
-0.31580334574382 0.143245535288474
0.186264016916296 0.113700111151684
-0.0401842134439232 -0.358572987045937
-0.718569701928807 -0.0110666109743035
-0.565524572211581 -0.155539282775653
-0.491909920549553 0.148880966274903
-0.13664189055828 0.527256137718568
-0.599557074478161 -0.111102653853645
0.145775512397779 0.7336942547448
-0.660952564986129 -0.0647682304334913
0.0184771502199323 -0.625299682388009
-0.208755271629077 0.717181190012121
-0.618023272207395 0.014433073550286
-0.822422719146067 0.0216801531887181
-0.889442901879033 0.0635983471727556
-1.02860404194747 -0.0763733068150044
-0.32850076408153 0.77367715524214
0.30381891381852 -0.874098356661438
-0.661067721866089 -0.400144492356993
-0.482146202349236 0.806392836313961
-1.02214855740636 0.178063299391715
-0.382865978657786 0.684088918430068
-0.805918221008437 -0.136752869746473
-0.697212475680727 0.0528703395836436
-1.03190392515886 -0.0272759191033677
-0.411966352665854 -0.773873609879021
0.078477608906604 0.718337228485062
-0.879182468065545 -0.330300161956942
-1.09876129580069 -0.0581892398202733
-0.471654031592532 0.675380175143334
-0.983114057819217 -0.0112455147619362
-0.598441059573564 -0.672781509444716
-0.190693117895392 -0.639350550152308
-0.62327057810597 -0.719844704015654
-0.813119185757983 -0.370171170511154
-0.248405063339023 0.232601548248942
-0.862542559891185 -0.0569505105445904
-0.898496988390302 0.0490689965445824
-0.57673808254183 0.440978502179258
-0.641977023355011 0.463368666666205
-0.630334317399453 -0.320135841263144
-0.628708928958116 0.609894865948232
-0.755489157389056 -0.190009484247808
-0.565744030442665 -0.133716676169152
-0.0674323007880198 0.139607585028142
-0.617220505247266 -0.0370605309480603
-0.383833969305109 0.238967811910172
0.0848152035581927 0.0195380464834608
-0.4853075880606 -0.192396009825534
-0.506712270465725 -0.0991647224599425
-0.401558362935812 0.0986725907367151
-0.370898920444774 -0.16309099843869
-0.453929089580108 0.0919849630670958
-0.262152494981391 0.0865739791784334
-0.282012182957768 0.0593146588194878
-0.376470294850147 -0.0975808817891667
-0.464774564955185 -0.109108322424031
-0.172317083888952 -0.22295576524399
-0.296004422517463 -0.133138407545181
-0.365880588082655 -0.280696911191872
-0.577536773272446 -0.0001423700441516
-0.374243996819928 -0.0885382855996879
-0.0823877096485717 -0.309604289085694
-0.479790200013435 0.0764637866477854
-0.285633370032853 0.228738264151009
-0.224033675058855 -0.376265942399839
-0.0939028589848188 -0.379502800587427
-0.0782267265969337 -0.476282323035803
-0.404491448493638 -0.0856304155199399
-0.194768003043781 0.384320368084727
0.00787223065360887 0.47073731569274
0.290870594961672 0.17147097886061
-0.608420402768166 -0.248200549047951
-0.68774193617024 -0.0720297363729818
0.40078208960211 0.189240468530369
0.316269293421433 0.311217208344026
-0.228227860091037 0.429765914771847
-0.834227210259294 -0.0584391383470067
0.451455676515802 0.24784040348208
-0.898271372704991 -0.35550478315416
-0.769399272854418 0.0454568651615767
-0.904347638059138 -0.0683771689586549
-0.416331376929122 0.612632819644418
0.232961290333125 -0.583460279568408
-0.550320310810141 0.718218388673311
-0.521250096115454 0.794528328833218
-0.338774744940077 -0.753353176839516
-0.506406312185363 0.757201804497761
0.47878963093532 -0.0330566211969564
0.548295581432124 0.774153517875766
-0.684587345841753 -1.06377472689487
-1.01223486930668 0.151837884467783
-0.231900035344779 -0.6625595598835
-0.530506045316028 0.753826059447129
-0.786385000874657 0.213835214724924
-0.486769261156302 0.620484834817692
-1.0248404442536 -0.386707293034417
-0.407652301101572 0.713054889304677
-0.704949337991147 0.146517038912985
-0.207891331903032 0.60821828492632
0.00659790473445393 -0.78115378693736
-0.423331039396182 0.523549174929626
-0.755787490299436 -0.356283457975202
-0.754102645400147 0.262449057107474
0.221153717862495 0.159780290070252
0.057807405137769 -0.236126754707972
-0.519603962764807 0.10864495009677
0.298137984263279 -0.0382802907953352
-0.389688030554404 0.321201160425572
-0.153714737106046 -0.4117967130891
-0.559326367290707 -0.189097266200309
-0.224699172128656 0.187340602042806
-0.0087345034137509 0.0337413390928054
0.0413876770829773 -0.0153692046558007
-0.349756823921905 0.183661994497209
-0.41459175224103 0.0143757199678181
-0.152229341150712 0.0132605244570108
-0.305967784047294 -0.0897313247625057
-0.279423112075713 -0.0641294316080138
-0.292135368617261 0.0566819257274766
-0.223541666130893 0.0605795014488908
-0.269685015413939 -0.0429924127845579
-0.189444843400963 -0.11144931845023
-0.247525591449501 -0.139962223360963
-0.116332473505829 0.0241884513775517
-0.286701126208951 -0.149829015864448
0.00733273485080647 -0.0237172895371959
-0.133455401312753 -0.289866431634169
-0.213765888689034 -0.168279634195511
-0.578769279575144 0.0103492228081817
-0.229160626772311 0.0958061180780449
-0.598417449606838 0.0287833904850311
-0.613595103002176 -0.0989759147810512
-0.561332877881013 -0.164987804818568
-0.335645600887257 -0.0643138013058511
-0.621143545413225 -0.569996209896457
-0.865541911949169 0.171773006724058
-0.780990861426087 0.111883718171201
-0.85501162971807 -0.135690765309735
-1.03713333868814 -0.0769083582642455
-0.593983342066378 -0.61988431230455
-0.633603591338242 0.673946332074733
-1.03619373962555 -0.170540328108964
0.2047572576034 0.298673418548101
-0.772293058677355 0.0771494764159155
-0.851999198140911 -0.0442258185232397
-0.6774298418863 0.0639840426092023
-0.0487793231922861 0.125457361232682
-0.875151007250293 -0.0184591133169843
-0.548644699039457 -0.229747018603988
-0.270003207800583 0.142904748695187
-0.500076046865992 -0.4345456850376
-0.835083685692645 0.00901231995459052
-0.396475428636756 -0.57298820747251
-0.455763197670571 0.555684428824053
-0.679845377896493 -0.248865627607606
0.267523932047647 0.32711056708673
-0.353137757605755 0.560605392839218
-0.317280430479686 0.470798970980487
-0.312354482338015 -0.585241161707118
-0.572893419719402 0.662310532881475
-0.617839610402966 -0.325429307185554
-0.54501316135613 -0.736949766511292
-0.736202053510375 -0.136539940414951
-0.251282931283515 -0.393169353063535
-0.65553507039018 -0.0829136016335789
-0.329793497609611 -0.137062725728223
-0.319600843344647 0.401755872897301
-0.345520171613775 0.461227197113387
-0.665211819215561 0.0187637013402595
-0.510996064614874 -0.246469245042089
-0.555960789627512 -0.333412740394473
-0.746374456520165 0.05691036747343
-0.327279879152575 0.746013366940958
-0.331764105754562 -0.827452016463138
-0.288087600167374 0.719100024728584
0.0108101689462787 0.510621263339453
-0.750144743471833 -0.126092141618394
0.0279849973526087 -0.298361447374652
-0.182234531559444 0.0378404768871087
0.387511885855188 0.308717295714427
-0.062049348468881 -0.502481141888236
-0.261466188566584 -0.0745905841024008
-0.295614685984623 -0.107417075231727
-0.119779741950846 0.378350770098762
0.179172948705481 0.42898019078962
-0.445364223450866 -0.0108662281259623
-0.1804589272033 0.155335954710977
0.261246907354688 -0.323902362227586
0.497786009907083 0.351457239299634
0.0576584590820226 -0.586604090438299
-0.514013854769639 0.167888752213246
-0.114314660154447 0.654688030431754
-0.385773430678565 -0.52542124762619
0.668599222578486 0.30261462884251
-0.207278608028818 0.696758979094838
-0.641089185430258 0.0442034373124559
0.546260061828563 -0.786964240024883
0.0226589656620169 -0.699047074066536
-0.0528849360210889 0.683660878779421
0.479933296280611 0.668280888763376
0.750918774148122 0.255694706182038
0.14124763727959 -0.646823555703976
-0.534108685012178 0.0623455791979211
-0.0740064709968727 0.519601887937452
-0.0758983544998316 0.505356297345133
0.0686406133723114 -0.578283211555638
0.104156003041634 -0.555882224385553
-0.607180717372842 -0.00596332264825675
-0.0320175570584564 -0.64273358148201
-0.138696355333488 -0.592141314602837
-0.670677419818184 -0.0120112153056231
-0.546343685909756 0.0137340030396129
0.529319981937844 0.0445732925895732
0.103605842189648 0.108089544475285
-0.189803064301242 -0.406416990832019
-0.217677562203957 -0.149133244210528
-0.416965302480324 0.16852543194735
0.284810641737277 0.245965808084226
-0.0429234327075644 -0.470058074848572
0.0880056988599557 0.420727481268337
0.311848436400846 -0.507738364924606
-0.520070369002197 0.744466982043226
-0.726289253674498 -0.198338012942126
-0.609333641138968 -0.296160752218764
-0.332478922269048 0.600542436763052
-0.336850960587197 0.465901014972771
-0.300438130160864 0.56287579068854
0.182450716915684 0.179634167081853
-0.129811436887946 0.36294006333211
-0.606340895795749 -0.117351021779737
-0.414852123044468 -0.225807320308957
-0.0232828671200321 0.318454379652406
-0.262269179608317 -0.157639985773483
-0.00260670160471459 0.307532395995426
-0.131144534422562 0.248070855559416
0.0972959109792528 0.229759176603492
0.0982019287623221 -0.395098026196187
0.165685281876436 -0.0162993164039953
-0.328381519861996 0.296133849062595
-0.177438892884715 -0.176043216785322
-0.249250846909712 0.186767470763908
-0.144858445895357 -0.256973354442879
0.0538532915450781 -0.0199336256600288
-0.131816429666542 0.180339641365447
0.0825166880810397 0.0751708079470741
0.0586361430000836 -0.341983375419855
0.0642763360647064 0.114895990980833
-0.0508273329576853 -0.0892729664335006
-0.0981173634010716 -0.104817047946282
-0.137238822701571 0.00680341409845815
0.121284921345101 -0.222300755516573
0.200820075087433 -0.321788488287311
-0.293322587768194 -0.0801354026752748
0.62947958542766 -0.0176590819468295
-0.147176564149889 -0.0205624676115241
0.321008956658826 -0.440081750022233
0.19776522459293 0.38191604576296
-0.344730640100614 -0.104469510245287
0.0335414948745912 0.447687287009922
0.0279439817359438 -0.637607643380531
0.131574814102016 -0.523188753364538
-0.480812747199087 -0.098238389328966
-0.00165215494341359 -0.459563341517416
-0.105927958416932 0.661865108342735
-0.114014314781417 0.732938213556192
0.842922988455186 0.316795133728339
-0.115009449670015 0.769866854745379
0.0982670379973385 -0.677071862972775
-0.886002583058034 0.024788397853956
-0.360108406187641 -0.766579650127628
-0.851702259157401 -0.565970359090785
-0.499849993171339 -0.732508732615377
-0.312113870160575 1.01350625257914
1.25291968190008 -0.0594294364741113
-0.133317955090761 -0.949000583913462
-0.278991873835194 0.916641637592267
-0.535701800215152 -0.0508058092824808
-1.02346872878359 0.218537879104924
-0.284646767130829 0.853003075407413
-0.998170580371512 -0.449344596448251
-0.749622816956375 -0.32902323608738
-0.507872621072529 -0.668508653514121
-0.0242270977600384 -0.57687671848888
-0.45610641737786 0.836156319941498
-0.616563738741844 0.184796133407914
-0.227086137355119 0.692456249144802
0.0466788952018735 0.439983641136314
0.59895542176779 0.233586238231501
0.511975013918821 0.21902811828221
0.0111382569178001 -0.501172633574822
-0.356554136543544 0.0380952443545998
0.386350220894831 0.277328141735382
-0.0341655483355792 -0.296564384570346
-0.141933452559015 -0.434125408238676
-0.246006302044364 -0.220537876496258
-0.557249491235561 -0.0383158241681659
0.124640267042229 -0.031174228375831
0.228666899942045 -0.0174443078180993
0.0985905641016891 -0.0577228073811262
-0.111199217492558 0.140433842831941
0.0125072072738139 0.0240328762851641
-0.114304463729793 0.135510616458755
-0.0644159183193599 0.210832309819792
-0.213367778851883 -0.202965905890591
-0.246839142907869 -0.0164100218239927
0.0867431511955144 -0.319146397347356
-0.0185937430570065 0.0568557126250321
0.145100721251282 0.061127520135114
-0.0815558537837322 -0.0647966182702578
-0.164897193442217 -0.0824708043012483
-0.0891141180611393 0.0313267075672637
-0.0102777368904649 -0.013080665165861
-0.00904516887689627 0.0613046713221116
-0.0966962389862034 -0.0181516015024553
-0.0954802154671778 -0.0262622722152876
-0.0162082881917975 -0.0636575435641268
-0.239949570891548 -0.0469400193939375
-0.172964264037784 -0.000336215420477532
0.0585983633936123 -0.096788476822638
0.0818826243732313 -0.0494366786613444
0.243006759252619 0.0179261373598213
0.117090015205836 -0.131859620701483
0.0834069879523082 -0.0232791895200694
0.118159659010721 -0.038084283727785
0.24744223228659 -0.0708564942368625
0.269472535096103 0.00521227112806402
0.126665115209654 0.0432692269477591
0.38356707246289 -0.0559309281051988
-0.00930086245877339 -0.0529868481913507
-0.00586867915799677 0.00271660158045739
0.373480931654488 0.0620820770200497
0.358342423062083 -0.240245195109467
-0.208322185686929 0.105791117171102
0.0898948712418984 0.177153278192302
0.0771534227801621 0.24123054509361
0.134371901181207 -0.302371184728618
-0.0282497970993302 0.169849831842068
0.213449807520053 -0.0333387563060744
0.328036037140919 -0.0810351997826806
0.276692080696371 -0.0693711660438002
-0.51032624214207 -0.0208318634008613
0.588333615441932 0.0434659403321
-0.0301839259205503 0.544205999032371
0.0752939271793716 0.592603091051894
-0.122822956137324 0.36032412931634
0.206233810671113 -0.487401875962693
0.497063357444117 0.524131513105025
0.846168137058156 0.285648861956011
0.898982971458317 0.321397146717466
1.29967704848673 -0.0727550437791637
0.599543820312226 -0.0277147263230227
0.616670315671693 0.468238166891937
1.12015021527185 -0.0578193720875177
-0.24125016352865 -0.239599352778185
0.873560789786921 -0.175584357875031
0.756591192634616 0.0325849311270908
-0.0608490665848491 0.419351266212199
0.521603496739682 -0.0645194480592998
0.53885122939586 -0.00201921406982371
0.408126895544866 -0.0607125465441669
0.440299781608479 -0.0828154482458243
0.158029739762017 0.469380600177078
0.236485286042181 -0.447499050118441
0.0831268107008265 -0.4734855705992
0.287055563429117 0.531664252240037
0.782888834449317 -0.0409962121936046
0.344103142909449 0.55830569449012
0.873007582208033 -0.143885616710151
0.905131449071298 -0.0404061240120775
0.905257812179342 -0.0282780385716653
0.998377246169675 0.0101611708080447
-0.700212364560286 -0.0184768658217208
0.50388989467925 -0.87323342984267
0.856915297449659 -0.0608128934005468
0.478847786292097 0.931978141741371
0.991142572375901 -0.0251565245565752
0.987947431445753 -0.219190347342567
-0.110658525980382 -0.880078134738763
0.753748716265875 0.360144164039085
-0.175816021625319 -0.950856252476589
-0.0517334907451631 0.573846211630746
-0.387703817053636 -0.61187755435928
0.806369209948592 0.0531367921329813
0.0212539366598359 0.833690958169742
0.0905524732165526 0.816956990421703
0.359210946440409 -0.92084625298203
-0.059525467325242 0.734241576563861
0.56379441839877 -0.358960686808411
-0.135987505378403 -0.60595744991721
-0.14317858439989 0.576301159139557
0.291152175819411 0.436626718497849
-0.0884911771234221 0.668730599683548
-0.794078957741116 -0.211461142747872
-0.281994046256908 0.380029288228923
-0.0750122085367184 -0.609510526611012
0.480073220918145 -0.0258033412338487
0.322031769125852 0.13296929373904
-0.491520099693695 0.454395869362208
0.0561914855424634 -0.536002018753347
0.338112576273469 0.277986455012059
-0.306599607360082 0.542323594374746
-0.0122881483973095 0.474454035142821
-0.0751316345173302 0.442473159739527
-0.168518635582413 0.443946241299174
-0.825047475902928 -0.012279633876388
-0.0104858865675613 -0.658982956450943
-0.226921994840339 0.369204855470685
-0.140747124272755 0.383799031168717
0.150499656795096 -0.60588598800133
0.311566415553127 0.482513182144888
-0.639961801137278 -0.429020929969865
0.140368694984974 -0.617998193994863
0.0309482143366382 0.600083001418055
0.0878806332777108 0.710033872619961
0.601341103199194 0.0313747748149211
0.511306754464493 0.000402910025602906
0.42101881271188 0.376066194833117
0.0190601922686761 0.586784663139904
-0.374853889895933 0.633763675109961
0.527628148442045 0.404101018257449
0.271436902302072 -0.702981009993233
0.727669498824952 -0.0235431811898194
0.163085105980407 0.821741216875034
0.501377029340619 0.447558889628025
-0.0211987261597609 0.749762464832565
0.445860101879847 0.495092761198136
-0.553937015812968 0.779391030152074
0.474751987074206 0.596862368774325
0.604270023352395 0.42589273269268
0.573165085744523 0.11147456720794
0.483871659172477 0.707683724775722
-0.536094792577352 -0.938839242856155
0.722194154651581 0.0918822124195506
0.245850963559977 0.704521567478344
-0.129364305371108 -0.807216402940341
-0.9976515100187 -0.228271377872153
0.135130464716404 -1.01815520899922
1.02668718261713 -0.0479609426004917
0.438396669691787 0.393981899094494
-0.321331686434343 -0.979884527694178
0.707536959915932 0.384297414639702
-0.611391429667938 0.356365673006103
0.0468303329406831 0.806800784050049
-0.0210401473554234 -1.00530137993279
0.0928904770934983 -0.853776603534957
-0.309380092326644 0.196738793156181
0.402094678097732 0.493396683793523
-0.963391922544604 -0.00712761293710213
0.411982927085814 -0.927430421520048
0.374716962570507 0.787631862523526
0.631383129312189 -0.290753037160705
0.192424432140581 -1.01836776435185
0.740558303354418 -0.106027836593773
0.721714918829161 0.189221854414564
-0.77308452530091 0.83179930524374
-0.984914485119835 -0.356612359342242
0.895499952912881 -0.0796719751973685
0.806619845360475 0.70824647772848
1.07290366127696 0.0802885720611177
0.195971606424679 -1.10680034446537
0.887171847088941 0.807151640111613
1.0855102713854 0.704285392216719
-0.114034751442988 0.914888493485051
-0.493940547942026 1.12833696151783
0.469291963263656 0.763509904378381
0.657890657817047 -0.612902475284901
-0.121751475728975 -1.0528052185195
0.256837082474817 -0.79035981402707
0.92160743213374 0.474201618921292
-0.0636745281282889 0.839585937722033
0.361056017020869 0.611915004433482
-0.618257557960057 0.03127605390885
-0.480717022374695 -0.30133956523557
0.457501865821361 0.737693584690237
0.00636534645050599 0.167747184605586
0.26642913247132 0.904861283677984
0.819117462524041 -0.330628945865895
0.680085972376414 0.467723170265001
0.818864191229539 0.46067733431053
0.860651883502099 -1.07029481939204
0.94585696507939 -0.208920330908315
0.895422382341977 -0.280708277039253
1.21803903344361 0.0405834733714008
1.01283752247711 0.156489223160237
1.03710533313567 -0.130589950352756
1.08675255349966 -0.0739438521187471
-0.392617815249886 0.64129561517152
1.3514544817004 0.204454767594491
0.879865173376365 1.11792480908746
0.328980800381379 -1.04354397499796
0.667928141946719 -0.851713875825573
0.705198503353435 -0.875616564915175
0.45299089144991 0.852798747893657
0.620466298735369 0.68634429703582
0.123533579072741 -0.326224797170391
0.833493324513912 0.421289654470353
0.610595315743378 0.607972049533743
0.683325775246265 -0.44298894516806
0.768911808233733 -0.451659597289783
-0.110956935009833 0.25471857555066
0.572187382273578 -0.624070738399654
-0.0270809868816479 0.227690589434339
0.166691230840693 0.705242203705158
0.814128329205857 0.633026209341829
0.903234942960183 -0.368682559340789
-0.139815516679447 0.22367227780959
0.505588869969219 0.352895311600154
0.561456101901004 -0.169000088813912
0.353652462928176 0.39006991664438
0.507983985305812 -0.242874500666284
0.326455335862325 0.406155880824298
0.220715496392405 -0.616877585555583
0.586681783675921 0.662090558005576
-0.106672755199832 0.349987792231942
0.91767790261574 -0.433334370018402
0.377786190347387 -0.771962599253627
0.0161132863351212 -0.609132825355448
0.838526558613921 -0.249426694573063
-0.156038757385663 0.683378905697951
0.947166757716281 -0.163874270933719
-0.415988589669181 1.07784785658225
0.10111565837484 1.08449548535197
1.2521757302991 0.255892029539076
0.329831742964236 -1.24980872131753
1.54425518567903 -0.0588364704522466
0.155304663127869 1.23796039036064
0.587171125136991 0.988958326234377
1.03629245429391 0.851700413777043
1.00582368832903 0.202795301158098
-0.0833902803493911 1.154620198227
-1.19338709620377 -0.749392972285806
0.259449095459667 -0.038031215422648
0.169749470942253 -1.09517149341896
1.03249601905922 0.132997164461866
-1.33782826462867 0.0288364620826254
0.824590089399231 0.543159651237134
0.492694388907598 -0.992353378866236
-0.0305092630812085 1.04831136535182
-0.353439261099267 -0.696177614637878
0.0520580764525441 1.07375514302847
-0.768622765261922 0.618969425077029
1.39942491681112 -0.0408951564838328
0.278042217381348 -0.996771519837976
0.538054037666591 0.8974282427247
-0.537121302507752 0.562229001995036
-0.610266645191064 -1.04168657882964
0.27499578965037 0.95084261431123
0.594583439404673 0.7581604584546
0.573075621824036 0.675341745278562
0.310413584220333 0.826159456946564
0.404691890962667 0.639949191732083
0.724698307448365 -0.209089519540413
0.613480172440895 -0.176591031262445
0.139270218703088 0.148793266905834
0.447953839338408 0.239283920090361
0.293407553800536 0.342258600123002
0.253517956983492 0.226182635825326
0.415133416896392 -0.11354057985554
-0.133712856441539 -0.10119451324045
-0.050160422846181 0.221916299093025
0.288966539853954 0.0473686990162513
0.115652469389877 -0.208344465883336
0.320198975425484 -0.240878015620296
0.152684204534734 -0.0906971737705411
0.37053163979965 -0.0648081992119627
0.253871869584927 0.123024913158533
0.31823370772867 -0.137111830724914
0.230381282665284 0.111325192182356
0.318235891061447 -0.059840137138767
0.405736892270467 -0.136575325508449
0.333138247848547 -0.016550974765953
0.299021619191643 -0.078789546570331
0.199197922485211 -0.0803350044205897
0.231224598005732 -0.127744894906058
0.205726516463914 -0.0439759439199329
0.507630974904699 -0.021291200633164
0.228468327586878 -0.227111076693754
-0.0311211964269689 -0.0568495004663963
-0.143816250854192 -0.0237293965762833
-0.234530453538794 -0.0165245991933047
0.0411922577478471 -0.162555780713121
-0.103359284867825 -0.035903448887347
0.316777321616919 -0.458184685976226
-0.169241850701027 -0.0288894374585622
0.198512779971116 0.336942812538684
0.628597175292957 -0.438628654990536
0.074841422612529 0.0501082757541096
0.431344435044426 -0.412757649596292
0.135603226468883 -0.105148359438567
0.181044962566184 -0.176208961532926
0.489154226056377 0.0710327247547811
0.38526500211213 -0.187517353884354
0.140345651923593 -0.0251838857120816
0.195697783825551 0.0213860547516156
0.521022274950311 -0.057442306056067
0.534139506782115 -0.147177445318442
1.03197230368385 -0.0525924056053172
0.436710857928288 -0.370572024987684
0.56059868385833 -0.284021390123535
0.404589547073548 -0.386571531924147
0.872351332058146 0.179972906444819
0.859841532211787 -0.549974772346307
0.0872410865632894 -0.0262651074551684
0.279421338298903 -0.0553723980798028
0.972116357239151 0.433981090432381
0.766779433697342 -0.286393383789348
0.713750085458045 -0.414102079366819
0.526389800701863 0.503146377858558
0.782606625046305 -0.636384613156975
0.820313913458627 0.58900027732213
0.514407722290242 0.604231365817822
0.460360322685344 0.486079488763014
0.298315297897583 0.502299523894801
0.819472092322355 0.0528898962233102
0.452812771393069 0.135577922652724
0.367333337785628 -0.21553324322775
0.470292985675842 -0.260534601367312
0.242914020446005 -0.14151139415858
0.332430266921454 -0.056125386883005
-0.0698804690373161 0.0168198997960003
0.294669740559237 -0.313860543211623
0.0608694920342612 0.533055459126497
0.692177325059841 0.135511863023489
0.63855540617007 -0.402407801632384
-0.154333666427206 0.138627945845244
0.0860905963175868 -0.365631597759149
0.279037510326291 0.288469356074193
0.153730171377179 -0.533831988486336
0.748301732832553 -0.00474876356801856
-0.258579293144687 0.345482255484165
0.225429020107685 -0.457899006418049
0.127561278004589 0.465519020431468
0.153365746542388 0.366020441869197
0.19823300606963 0.433512178793301
-0.00219357427622776 0.436127967478303
0.341021119169415 -0.0865780376564387
0.294661243841385 -0.107855502156748
0.361466368719668 0.167214750703757
0.429945374919158 -0.139244338132171
0.0944812437127251 -0.0958198456513057
0.530282620984807 0.100351736771108
0.399437371455142 -0.117615363012708
0.29935611639527 -0.288827286375107
0.0190229047176817 -0.17427873146664
0.562899389037803 0.148743540256954
0.154579484375288 -0.460473936939615
0.136739273887976 -0.31654870569188
0.427628816486441 0.136154305940188
0.30922621333157 0.0746293696985924
0.107071026966155 0.207481675317661
-0.0638203816170699 -0.0215972692069587
0.1272062186994 0.161524672709338
0.090650620051356 0.312688926513106
0.200516130577812 -0.160041214895934
-0.149464530576257 -0.195073966600654
-0.0734161086782921 -0.197896036859827
-0.413470487813063 -0.0170069148020209
0.103213406196069 0.0778864295961267
0.259667554023077 -0.0215246076345927
0.0247809446246309 0.282530827234784
-0.148259703669922 -0.124817100556431
0.355955022782352 0.0191206534220345
0.00492577955640895 -0.232035101121926
0.26751529790596 -0.0213904100543182
0.0818281479300022 -0.177924958942723
0.106669684570021 -0.1065567748206
0.0679001306376732 0.1059958810665
0.115951290513695 -0.136346072438155
0.00466627152934344 -0.291265770717002
-0.136727123810748 -0.0543042304456218
-0.154152252429145 -0.101972761066241
-0.0163433188213946 0.285097930990753
-0.207559656360522 -0.00342847843872259
-0.0818359639375955 -0.153296671097568
-0.0485545067048371 -0.232864557624612
0.0834837406042036 -0.204104616837352
-0.104717150594609 -0.158315455385934
0.123806460603041 -0.0448879109997936
-0.0048609252769858 -0.16977582998267
-0.00401869617313062 -0.173595303199306
0.00493752233959407 -0.0675550001550956
0.00184836255454331 0.0157831904468714
0.106107516517148 -0.00623066228345425
0.0156141083002892 -0.257086001404998
-0.0546459579836818 -0.264659361583172
0.220079005139547 -0.0308500482119849
0.00944363328706217 -0.0427735927177626
-0.343073482889935 -0.0392929399218163
-0.173098294935097 0.0417510380393906
-0.236582021208764 0.0341420748641111
-0.0203788546195454 -0.0748521799882717
-0.079862505985939 0.0560024684588709
-0.0598783464401365 -0.142236657828644
-0.0985558422077597 0.0441734208846177
-0.055082531583014 -0.0902373423600616
-0.089311732248364 0.046274805892412
-0.0450422521792375 -0.0174439722323222
-0.00278269792692155 -0.0941626554700488
-0.189886916114146 -0.106620913343276
0.057413822807081 -0.0120455290687817
0.0337905701563736 -0.292624339964482
-0.109867735877088 -0.0533094651644065
0.296858397737826 -0.0709891569287989
0.1386705733625 -0.107324980766242
0.157139347361385 -0.0340448778725749
0.16739742793567 -0.068669136621406
0.0957264059750389 -0.0385467609602507
0.108272768520913 -0.0793796541712082
0.18660393103419 -0.12413906274383
0.362363142593888 -0.0163186268170237
-0.000293779698938595 -0.112018147158086
0.303638906045245 -0.066758419033421
0.135067054581165 0.104013735631386
0.0921223808385434 0.164008687651654
-0.0909600257407071 -0.0907324168840315
0.0596361529828793 -0.243739562167719
0.289018250368392 -0.293397703189761
0.135806700489825 0.0355551128299826
0.319135837728323 0.00605292519045932
-0.286300421640255 -0.0379234652527957
0.405535726722742 0.109933354489759
0.439174143276066 0.0339297845569696
0.139314702471815 0.406371715030127
0.181483957606066 -0.0716798592499883
0.450323295890622 -0.237454595635218
0.35325661767872 -0.133004047611869
-0.414586639450341 -0.240928338838378
0.0268261657795742 -0.0167084066672331
0.596797321962073 0.275313177115709
-0.195895766570658 -0.634827269314767
0.0964364064251239 -0.59710108355234
0.212252583029655 0.263166565600544
0.410080266106514 -0.7495000080575
-0.0652748700273188 0.648040285981193
-0.179918556605008 -0.532656850868989
-0.301600421514587 0.773988314373832
0.389025856091991 -0.372039454124114
-0.277464861050358 -0.912910169169596
-0.4487637748077 -0.351483182375491
-0.45532825297927 0.189830234920686
-0.133187101398783 -0.785602616818911
0.258332703133088 1.05397316490492
-0.466479279359166 0.922136861966901
0.689116414861068 -0.696125808862996
0.251830734683707 0.622382958134354
-0.800972830930566 0.39881929434514
-0.819460304072607 0.420789945044415
-0.169947170123598 0.956059323539182
-0.178992118534059 0.840203651142727
-0.903225683966314 -0.186031790198803
-0.000673910063372658 -0.0521905828579739
-0.413951338460592 -0.493295606268662
-0.0490953381495038 0.743910032021356
-0.295748117626404 0.592871950429883
-0.341288921571025 -0.467500609118738
0.445866200802023 -0.352957783385944
-0.25506519566538 0.437892556058626
-0.281030315663593 -0.469406360259472
-0.031754014747017 -0.767391135162185
-0.0734120569696924 -0.623774136616416
0.427647925953592 0.0372759197289877
-0.484758993381653 0.491750816307166
0.00430373371914309 0.185980990811995
-0.785014441115396 -0.028323262089936
0.237229476898976 -0.0768582923104234
0.214274974145837 -0.0237021552797199
-0.355438577279025 -0.456659831821358
-0.216212278675261 -0.46290011585068
0.060732856396973 0.171665867851108
0.248491505870729 -0.0750712991109492
-0.451614339411614 -0.0211272354410977
0.00671932932789907 0.246298656246574
0.30627724356313 0.0577791950302749
0.373510299459364 -0.0303613109079266
-0.0114898032903253 0.311188735544297
0.118948329429767 -0.232449503439968
0.392871702768935 0.0609036887532747
0.350528041698691 0.105047294895938
0.314481439809322 -0.150057067101994
0.151352388842584 0.117184689427517
0.22659956472428 -0.0621111980085308
0.321050905089987 -0.101479036085444
0.279553210919233 -0.0645363620242006
0.500570241841535 -0.0352483155073495
0.480639492584243 -0.0700912671059687
0.11822962323499 -0.049856612679819
0.512036664736159 -0.0516131873647337
0.115409153698717 -0.117747078196836
0.123202830688541 -0.241187379260008
-0.10413947967688 -0.0593951688980166
0.452024945899127 0.268706367460654
0.0561411783326371 -0.0405239850575269
0.254671480947928 -0.275854897976543
-0.098459577843758 -0.0940368640715271
0.150036285472473 0.199342797609702
0.429884224031254 -0.340424457868342
-0.194510931100059 -0.0445467679017093
0.200232577741089 -0.347402997993839
0.581669086185091 0.518747046744927
0.131901968028582 -0.433410454545862
-0.236552631310219 0.133052271250948
-0.103855130968875 -0.175010855739842
0.162128376605153 0.508371586153167
0.347128923012251 -0.338912067777471
0.00134880993276481 -0.612627153659277
-0.281931218750028 -0.285812553180642
0.486730132943286 -0.377782947937698
0.743578424791505 -0.385299570114853
-0.531982309737157 -0.384826033076065
0.572695575200357 -0.351061803257722
0.546689777623101 -0.232412692533055
-0.438388339208509 0.415304359279271
0.503065803549406 -0.238580327861983
0.217661159391993 -0.819950143063848
0.762338280295848 -0.376584298553528
0.753568354907939 -0.455769644487508
0.600213841690473 -0.297068668060472
-0.161346811540312 0.395865587622646
0.177206087712332 0.00139259719504944
0.405815729314083 -0.772145015528146
-0.760148142564081 0.589072088393155
-0.415500412180206 -1.05961951700157
-0.143226189171641 0.911576564010238
-0.487106686381454 -1.1283353471738
-0.415196869302932 -1.20479153100401
0.457000609230187 0.918292698815966
0.0730580290416725 1.21272008572838
-0.945984323677266 0.723386322887544
0.400905847873196 -1.20491928783444
0.404237087851241 -1.20412863935709
-0.529576670012013 1.16186325925193
-0.470326820443551 1.1809444207124
-0.871018731972134 0.600033089062305
0.977038108391345 0.200711941792745
1.07290875770032 0.699038421374038
-0.155378711352077 -0.026887425581433
-0.161612742181327 -1.06977738686022
-0.294894696856798 -0.989556536797536
0.38877001203986 -1.09534577099147
0.282856159537517 -0.605147781747241
-1.0613914939686 -0.659090690190263
-0.674533648055838 1.09011366434688
0.379920931789562 -0.382854358401573
-1.00925218762312 0.452858334182587
-1.26189904440193 -0.539376205470532
-0.934584498154093 0.484851910188783
0.118199235596793 0.585096050171112
-1.6417717522816 0.00300248363178998
0.314955522071704 -0.516004329164093
0.754496077971693 0.211197369159392
-0.344430707480864 1.17175090686456
-0.817487905146235 0.830521523272544
-0.00575504338129951 -1.21228597684559
-0.783572110373665 1.30030275673576
0.565496037213517 -1.04578132150575
-1.58107324282297 0.025107067930333
0.968778949579645 -0.437033921237555
-0.993265862240452 -0.871851757387778
1.17379927067936 -0.0399704205543721
-1.42904617527104 -0.29117239254816
-0.325214931982914 1.05691855326096
-0.200697472006667 -1.12343482806348
-0.324365172019438 -1.07187579878745
-1.58346333452485 0.00541427653702315
-1.32208759614738 -0.527876551792906
-0.435482610288959 0.9153366654752
-0.329902162569866 -0.971035629760721
-0.0540127485163715 -1.06128953336476
0.694401129138337 0.197995080627332
-0.973328255403964 -0.74671924968752
0.729164957940665 -0.0303977631389073
-0.102879959139677 1.03635625057738
0.37238221613575 -0.299315946852001
-0.262722757322518 -0.733764817548642
0.665990811152784 -0.0439186784068982
-0.708033552118308 0.969726025689953
0.307720666249883 0.26700907796584
-0.998084770933612 -0.210379784996501
-0.67946522709774 -0.669852571698452
0.239377373728566 -0.936631900673511
0.39572781394691 -0.168519101257563
0.485965180212231 0.0449328267485061
-0.632687376409344 0.588713842779986
0.203887822580505 -0.846542753298106
-0.163720214075814 -0.508718449693211
-0.427944808567539 0.680607709862002
-0.142591487984646 0.476958554063132
0.694925805592386 -0.00997980731614429
0.141752899616659 -0.739307308073122
0.534490661075362 -0.205557746901579
-0.350264874753577 0.502901400639505
0.556987035538585 0.0761908033866393
0.093791774855795 0.530940797085394
0.425212522024096 -0.0703866735171174
0.354278409168187 0.0953167614852476
-0.173757546105691 0.517296083215184
0.186589687213454 0.50109961516491
0.152969151359308 0.446647069002702
-0.114678933567988 0.334767627158084
0.211374272354611 0.342461382443881
0.134624624282269 -0.417409947507721
0.351184973577138 -0.169484244508134
0.514022826231437 -0.101183158799437
-0.158513296440366 -0.0418184464406719
0.41149210209356 -0.474770814612395
0.655645776575539 -0.0666565127652115
0.789950617633578 -0.0273983775547703
0.565299352366151 0.22939665936786
0.697787142889415 -0.0866794044975666
0.359688727069996 -0.402687931525365
0.164363482314367 0.520952215578124
0.550943138484776 0.115475034378544
0.638199975568368 -0.165978043140926
0.267220678331491 0.3564951520261
0.24840669295089 -0.511077808164252
0.1982317181961 -0.530369170588712
-0.00395834284235908 -0.412690310586409
-0.0147105627200402 0.431948163630709
-0.497077984025602 -0.254203656121472
0.0995100277137299 0.481973098784983
0.563455193844967 -0.0631978382634144
0.41213663235022 -0.0455708570324946
0.0944140590245612 -0.615216439874226
-0.0111921860496426 -0.576684783707197
-0.0623095320963257 -0.617271246124433
-0.420877184879741 -0.691132800546372
-0.169471160876789 0.564327150126826
-0.159426264933556 -0.660489258551437
-0.0769566392567844 -0.732782405808635
0.422353429000866 0.0181518269206498
0.356116952979407 -0.110298518486648
0.334062900733919 0.0689523165862793
-1.06145632348586 -0.361328524439555
0.509543257545695 0.0348696801131573
-0.26369624567557 -0.759934648683174
-0.790664552149444 -0.743754352961673
-0.446373053616518 0.702383510652466
-1.41023764393289 -0.00513800882004323
-0.368216034795692 -0.718854085209096
-0.863025473934394 0.581371274634926
-0.364133858421238 0.73184336779157
0.270552544816382 0.116304315172967
0.530277715362516 0.00552349661974187
-1.03440859846795 -0.382411356497472
0.00335109550384315 -0.929952171739248
0.032194115270049 0.974420408850048
-0.486048690268041 -1.02624690455779
0.057184678851131 1.00867194422338
-0.890000004997717 -0.484520771553881
0.32147319473923 0.531209556172455
0.708850144437231 0.00795118442686625
0.43353612733825 0.702413660507465
0.0924128696038032 -0.694883633104538
0.400995387437854 -0.875001673153943
0.115000094459875 0.764760518637557
0.957304522870212 -0.0728270730921986
0.6635505968445 0.235766309928607
0.699754233374116 -0.259290517966788
0.00579156347086315 -0.664437036632995
0.552590060804344 0.180508110188378
0.292817462346773 -0.630249572234915
0.135393281907387 0.43326236498747
0.274077669215742 0.60795780011724
0.127362787380133 0.324110502350291
0.712275344790207 0.131023810433116
-0.0271028192035363 0.38490088408999
-0.0442289764331776 -0.287960308947947
0.516272451732141 -0.537436955063
0.645193044598367 0.00476688325360769
0.862521820441292 0.115001412964101
0.785781137159922 -0.139999382073934
0.266321451237176 0.414833173860243
0.620342791753622 -0.0944083648459124
0.480625081444135 0.309988659226638
0.933816260130475 0.0078491082692793
0.570771985797765 -0.418775529918245
0.244059670166535 0.138641183708432
0.867579822598034 -0.346214239504765
0.587872614355845 -0.354431116940504
0.817236156825758 0.241720793893311
0.389656519528519 -0.568524684987035
0.109000903246211 -0.161299889706299
0.48347567344375 -0.282892861160543
0.850642213312076 0.245233777521971
-0.0283881921185514 -0.201405964829977
0.21214725317869 -0.222996299407412
0.599228067040599 0.0661075985739663
