-0.897220347485824 0.514612892465756
-0.744856873876045 0.0652021100540364
-1.01401860092342 0.241649965568027
-0.719433213797361 0.288078096485886
-0.723950668736094 0.0530275168341775
-0.799786478043717 0.224281274666763
-0.589747298805407 0.0855828829874044
-0.614356238034756 0.0881067728990455
-0.762620142698953 0.178602262279635
-0.584698943011228 -0.0496571124368715
-0.402869817657554 0.00545665624648632
-0.46676570281494 -0.139274354571885
-0.501728653937881 -0.256223703248817
-0.465809346380944 -0.358358603721529
-0.375038508362998 -0.252952789322737
-0.581306949658447 -0.291537928095787
-0.22473725117277 -0.397946029722844
0.103159084982038 -0.343108109184676
-0.908539076711173 0.153763564604058
-0.303914868616884 -0.522569881042762
-0.217409130017725 -0.679104828401781
-0.189671293976992 0.661433512428668
-0.3856821856569 -0.539630959353243
0.133567727226935 -0.231127401891272
-0.626706428451962 -0.53882165061125
0.233245307440102 -0.787504470339329
-0.318438129762821 0.00502528467977665
-0.576172125540525 -0.177145339930323
-0.115471684900567 0.573674998337328
0.425981983554663 0.21213677583218
-0.621276785584828 -0.274225183294211
-0.144796139130668 -0.343918909050314
-0.194881726524048 -0.155279322478278
0.49080987556712 -0.0620995514670575
0.286449289340011 0.347478082035495
0.188868360633169 -0.0834477905477281
0.0465039051993627 -0.136062273130888
-0.15033252751393 0.282024151993013
0.0050378218717782 -0.220008473680928
0.0755949479774844 -0.0383576825638244
-0.00897837800336469 0.064920401502874
0.18894249510496 0.00775302196483061
0.0888414235007627 0.0281894580779587
0.0989076413842202 -0.060797245422857
0.0064327141923654 0.0233640995595118
-0.132270549178713 0.112854726612125
-0.187685104472407 -0.0909198817048623
-0.0598851146494504 0.221266862589197
0.0408839742850941 0.142347824804052
-0.325503773721916 0.189682383017464
-0.256558548078433 0.329677168136832
-0.335855682671075 0.297875804056404
-0.447073515695141 0.220552318287846
-0.242578672381658 0.119048453441374
-0.533170568919254 0.0609163745271683
-0.132800597934303 0.632943215321479
-0.642873343687775 -0.395657920011096
-0.753862303385523 0.275349139711796
-0.370876252686178 -0.270397045303206
-0.471790200471385 -0.304215882053192
-0.277567138100202 -0.390636110846464
-0.553856308517969 -0.17071184993823
-0.11463192096337 0.535403965457998
-0.527873355111223 0.378719189628486
-0.228099371383354 -0.39040467944309
-0.42365504106007 -0.376581865635295
0.453309872446163 -0.0160325419906987
0.102231497500527 0.467269577637355
0.463349259263258 0.511190033266835
0.173650309996168 -0.348887191563594
0.376939058063695 0.097716255205663
0.103218614188277 0.503499707190725
0.147671063036762 0.394207628936969
-0.485793249958951 0.243517511165292
0.465341073185421 0.573878212060388
-0.247208171399798 -0.0335783958764553
-0.0971661566419515 -0.030993386159975
-0.156831676518249 0.613121798169133
-0.229162810061646 0.666453433403709
0.192168641574587 0.133517150798029
0.231568582659553 0.0655942222331927
-0.947096364562385 0.426428615177575
0.256334082426722 0.0101634829200422
-0.955630117213856 0.436147497643439
-0.0605103863433366 0.856306800605318
-0.315215591309142 -0.81250214812027
-1.16960148079972 0.259331262303614
0.0354857943094979 0.864763766976568
-0.515454248504698 -0.627563583813917
-0.945663555548946 -0.777680665417619
0.503050918867293 -0.0403106412859446
0.534242816082551 -0.122939462514531
0.246369370271083 0.904626397017644
0.626547802317049 -0.12614945534175
0.174997830231719 0.818103242866738
-0.399684707537742 -0.842638591507152
-0.796040681076011 -0.833521580503463
-0.0340361089524656 -0.804912400582318
0.279055857704212 -0.60112457929669
-0.248893903335606 -0.610784608013469
-0.228648207176357 0.795101215393865
-0.671940255664291 0.361858760722363
0.331669217299738 0.0401717552421657
-0.332809693620489 -0.382855772705228
-0.245483477582002 -0.289273699515789
0.0195482669917104 0.370788025428103
0.0128800761039079 0.411477414164501
-0.22255006052795 -0.181528013853167
-0.267358674807469 -0.0887406800080329
-0.409576058459367 -0.14762947487485
-0.617768991089632 0.247681743112492
-0.139469226306928 -0.230800984293793
0.22579711310404 -0.0153253932193161
0.0815205279011522 0.498138595361928
-0.512330554934521 0.411441184013201
0.348057638773444 -0.381343082932571
0.309704433494596 0.677203740510178
0.382266471063675 0.571121651935402
0.395425486046717 0.481902506737107
-0.0573211913236868 -0.695882506136567
0.530497259011822 0.781350853487817
-0.269524717960268 -0.623676216795925
0.109050777178456 -0.871731908342768
-0.53140202936547 0.64573915086912
0.570871870830548 0.756296901679287
0.785258544590548 0.587842373205933
1.15034216878701 -0.0836706097743895
0.934548598273435 -0.0715522235063273
1.002015390743 0.0595203623951125
0.314299388010336 -0.756745783278672
0.807066775268276 -0.311626244883922
0.89594226636235 0.0459774019728373
-0.597544360529691 0.109392366060376
-0.201553208244873 -0.398649377688606
0.0340982745040997 0.387880443285205
0.18384516134603 -0.968896712622316
0.244325501128878 -0.816588998670453
0.732639193458859 -0.944983969010901
0.693963644920706 0.502329867141143
0.767397484287644 0.437857251502737
0.659823082852494 0.478144305486511
0.768791508327067 0.419202414216594
0.788695995692517 -0.305898860209265
0.725120896670646 0.267918973398793
0.29833761741349 0.306379614937018
0.384950076996855 -0.518695171056863
0.184875113238287 0.249223130223913
0.495818339677645 -0.31692655991491
0.557824083983023 -0.35876268041744
0.521525643065508 0.463292885277781
-0.2438942269747 0.399296997303532
0.543475811174534 0.522453586080992
0.415387381411675 -0.321293304061572
0.462040765942912 -0.288603846772407
-0.343960425087913 -0.33202738234932
0.0307555303997505 -0.669602914800495
0.506154792056266 -0.184382554723334
0.517496322333394 0.64811517658349
0.78184257234525 0.105238512837329
0.434805173968055 -0.707782800291912
-0.268390066592532 -0.592572009634348
-0.10762324139123 0.960774176879693
0.739061308523251 0.171935311105458
-0.66324909011622 -0.868954596492395
0.271408597969013 -0.132550543219543
0.284661338026496 -0.37884895119848
0.478950799796315 0.0942636787957565
-0.973344043796541 -0.467061090967239
0.242974696388124 0.99487034722325
0.638171301209063 -0.0882481208425591
0.471272586462607 0.298958868887354
-0.646771142573606 -0.168573043372652
-0.949449405173695 0.642922975006573
-0.115696688426965 -0.69008659844408
0.50963707184983 0.290447029992886
-0.370812283195367 -0.119521373584146
0.473623166529726 0.216287339468728
0.0791675562541282 0.55126028479888
0.442909630820289 -0.469322884251965
-0.137985755401993 -0.0155642964878248
0.341441556142107 0.30428521435815
-0.0931889564436374 -0.125827839460928
0.134709925113766 0.274473859859249
0.096239341915184 0.30385570640689
0.0367793045257393 0.308162956546642
0.32026729645237 0.583093821053268
0.652402592867074 -0.469109052229566
-0.343127092344582 0.583736024236063
0.0793045048671141 -0.116251564452317
0.577675385796694 0.11574883547616
-0.532465043472877 0.679537721506342
-0.521448098535168 0.737739664882584
-0.92350961005342 0.225799177604012
1.09686379012988 -0.277390922038521
0.464266257042061 0.60299257407118
-0.0186757271378147 0.869828695680476
0.327783343028118 0.196487763107206
-0.45329266312852 0.536338598754856
-0.164769039946921 -0.526304787616749
0.0292834618925896 -0.5067055776148
-0.252849682722548 -0.0446650741460958
-0.0704682184251963 0.0335515446323429
-0.102620207765711 0.133239678667997
0.64875007141854 0.331689886341455
0.684599381269162 -0.233550090434201
0.587656330457521 0.267887771788156
0.559565073381114 -0.258128833523194
0.260732280610005 -0.224722395561506
0.38403540994809 -0.342806770809102
0.614019803741646 0.0344889880558599
0.306882145685098 -0.116681632978356
0.654485720362937 -0.0457866743976427
0.779023883177576 -0.151794298560422
0.907405632651584 -0.140186561771685
0.655825337566612 -0.162281586360108
0.129789349956285 0.464179473280981
0.429122076108775 -0.0644210254502451
-0.285921526651712 0.0740049055417171
0.411599539765762 -0.056773864685806
0.261639458943848 0.373134538395579
-0.0950980625457712 0.23691703453588
0.103058086282239 -0.319745612854536
0.948855880088381 -0.511904239890027
0.494439751915324 -0.0583952106649028
0.144376897338015 -0.164310806066081
0.511772523428262 -0.640511994620998
0.438727750134328 -0.606180651650291
0.123677134414536 -0.0277205562867972
0.173785762453503 -0.0200931048875472
0.914336491662797 -0.657025625337089
0.556644791469311 -0.472654775874986
0.246683129621425 -0.007786590399317
0.350920978526078 -0.000686549924253564
1.07872098514233 -0.1475567725999
0.80921776118907 -0.444803276201338
0.552897501533593 -0.426569004419941
0.785144621659896 -0.654122463140726
0.586927561322433 -0.62529845126484
0.639649544937682 -0.390582103973775
0.0463003245556818 -0.175604359322269
0.192938684975136 -0.185875474527592
-0.0192186462338167 0.00579838450694206
0.565219864876663 0.390193295316183
0.553735306925683 -0.664743298560647
0.160679286336992 -0.499110742920376
0.206311948243794 -0.686847792990401
-0.167215763956363 -0.0742262231074503
0.0947928269352211 0.5347362567234
0.138038017988986 0.341205583489185
-0.308202081941697 0.00109475199683376
-0.372615683555493 0.639266210164883
0.333453717055072 -0.827767449229109
-0.125391193128842 -0.686353459435825
-0.23767368123029 0.543284382503646
-0.274787358591847 0.031980618869695
0.151531652158167 0.381736176510228
-0.178517478791894 0.15742331610545
0.31258380952043 -0.241424394164964
0.222495169053459 -0.304895838124655
-0.174236554127905 0.217564393434171
0.625229864386435 -0.153031447162631
0.920826292739022 -0.154929082490686
-0.24927237118992 -0.154751260908208
0.769523025566227 0.244049754070883
0.47154496016879 0.498077785694047
0.248800055358268 -0.67182470479064
0.861248218091767 -0.477456718350412
0.00977840081779982 -0.0943952188722926
0.0904895202462297 -0.548364124296577
0.915094584122953 0.52106683332179
0.432472547807376 0.509381261262393
-0.367241834343144 0.560184269981007
0.377935170634711 0.406429029800352
-0.142916238875123 -0.577146012972858
-0.218918159961019 -0.491014317301166
0.0181313834074127 0.493117425009031
0.0177049504220802 0.340060000142852
0.0498585276769348 0.280720508871095
-0.026829146483137 0.163796872263401
-0.278816323196198 0.0774272343581935
-0.147679642847749 0.031811356200034
-0.322918003463484 0.0196379867050387
-0.394060038364071 0.173756004662047
-0.213936592510682 -0.0682222050492374
-0.212380185415377 -0.0181377542433956
-0.36195187996707 0.00799454452121801
-0.577741830887587 0.104992529548153
-0.60251048245103 0.129497015514072
-0.516876025516118 0.122902088435051
-0.599059170860453 0.143832458343417
-0.0268557746284834 0.333326760018141
-0.601776346628319 0.162366993029996
-0.230628098764725 0.279977600013933
-0.0295116164555407 -0.139533719787202
0.169904961167226 -0.11587753629022
-0.514984846957504 -0.0347973198718488
-0.31198832666684 0.35788241528806
-0.141237055289405 -0.249113820872547
0.0648158032218979 0.450431690861554
-0.519164109489285 0.0415922036322857
0.0279497837499341 0.451508871237878
-0.172442328975791 -0.207845078807976
-0.0323889217960537 0.345165274400003
-0.592495053265159 -0.102123443688892
0.33658437834708 0.638023723010523
0.386036673527695 0.0971217003427033
0.0918859909982593 -0.415795215813021
0.145918176850602 -0.494514046945387
-0.0546543222032895 0.428921224991612
0.633543451507588 -0.49249181986752
0.383899924455084 0.638214111677709
0.160759511362507 -0.022228395259814
0.145489460262502 -0.229367260071646
0.289611240222037 0.852260894247916
0.827621550884083 0.761679427705381
0.693893969122718 -0.710765988702893
0.295590695203052 0.713351644294332
-0.085273173957068 0.600684374781061
-0.419973611692545 0.304724971390537
0.608149938209154 0.368610806939427
-0.504685914596033 0.0747824011788125
-0.567545610408012 0.159581172700499
0.590342557458821 -0.398819562794209
0.187881556516202 0.504959406712813
-0.351494245277853 0.0319083564232228
0.310302236954639 -0.367893970691993
0.128173964031085 0.155487483072294
0.373054155968428 0.232779832868594
0.0756152950797894 -0.258080394969405
0.371136740059094 -0.0407677904285326
0.23876222828548 0.0498982636955368
0.371893129673322 -0.0724862222930977
0.341379205748127 0.00463397626733873
0.415635988902302 -0.0771719884759245
0.0709619667150274 -0.00425684735501139
0.304994205872351 -0.297260112313719
0.380463279351286 -0.185584833177305
0.351564915629428 -0.0225854020341602
0.19672310437965 -0.0643664603353011
0.0479238600164283 -0.416378173415454
0.167367393952653 -0.421430209033173
0.156904823499424 0.0546165840742522
0.531549713810361 0.175516758765034
0.591926452079651 0.0295371442557187
-0.0125302117364552 -0.544939943547799
-0.0841384449975606 0.15672425597788
0.895161645220287 -0.308324807790491
0.148454138035008 -0.659230293838003
0.0666780979644601 -0.576021700200422
-0.167324547009406 0.120076851263494
0.120601267567976 -0.803031185679731
-0.00281255918842698 -0.805939377473183
-0.0186269514155718 -0.67743873628604
1.38386736316786 -0.206342768706255
-0.438994174186824 -0.120028693059839
0.960856834600805 0.821793007995684
0.400166648832973 0.84253414355611
-0.151997963889851 -0.861428738609615
-0.123450682530494 -0.782853069771804
-0.199433108281912 -0.729114003601994
0.372436602679519 -0.706499021471433
0.488897021330976 -0.587918505093842
-0.0499316682732538 -0.496528356625135
0.83068244262724 -0.104937705905147
0.250490929090371 0.333948839670721
0.186368719852284 -0.258627315911394
0.0829368096241408 0.0885685016270434
0.10118122620748 -0.0367224165262109
0.2605690306893 -0.0315358919232042
0.311692130353211 0.0829778537471563
0.475106198756722 0.0712962614419971
0.627942782615537 -0.0791274090988571
0.779650642498388 -0.0678708734618585
0.529600463612114 -0.249767527273329
0.424766317511481 -0.323483080599909
0.399592340428452 -0.384039983827422
-0.184771344946546 -0.432378239333576
0.849465429405812 -0.256987132677414
0.294161240058774 -0.436221259003295
0.672715010833541 -0.137194717315281
0.545110320413567 -0.0771854755525782
0.422640186120203 -0.233136182876643
0.424715133773087 -0.000230715533446672
0.269019240966944 -0.598930959306949
0.164010208523774 -0.603032071842363
0.359069347658579 -0.202381085756325
-0.290721819546112 -0.604520981430816
-0.711927647289111 -0.550705883758082
-0.436603362845862 -0.586977589823872
0.13328279195632 0.740270765518464
0.117625983906277 0.781861607119062
-0.0890705513270174 -0.775790849467193
-0.207559757290488 -0.945810763090085
0.531792111490539 0.130464844136176
-0.383275983952248 1.20127360810229
0.157088446397681 0.0287487204155362
-0.373432704843603 -0.909668722125444
0.483398083159509 0.155435421563191
-1.29241944003896 0.521907505657377
-0.507139377697579 1.40140004415583
-1.13701095941393 -0.901137001613901
-1.34619887771007 -0.586792984588067
0.19072426745218 -0.362883384542003
0.882701248831106 -0.183541759840753
-0.683714780714472 -1.0404491064516
-1.56123866931063 0.660860717155103
0.0770788168600022 -0.366896464593471
0.197857957491151 0.382614074643645
-1.41309743180355 -0.974741434010635
-1.69508612876484 0.725548541693446
-0.994778387099563 -0.931588580246965
-0.150815197336698 0.413679571868753
0.677466294031383 0.473792550683756
-1.23885891473982 -0.19276673376241
-1.20251907520122 1.03473689782542
-1.18437632978298 -0.407919920709145
0.191350427303333 -0.631294960544717
0.25066921799606 -0.632601769159703
-0.507932254416306 1.01720940367064
-0.263300894213976 -1.16605758419873
0.653735118879342 -1.18415660081281
0.0180192310704513 -1.15347135642982
-0.826835676533423 -0.668185191734185
-1.04580127669761 -1.10818504024672
0.0179961735493483 -1.10988260983361
0.467725998151098 -0.576673912603435
0.40370946495978 -0.0560065389895284
0.344731494742196 1.02931809558466
-0.428094950232146 -0.890328202304497
1.06094266591307 -0.541831245571213
-0.685201704205885 -0.993977452996485
0.180903795914281 -0.913772369416052
0.436178363742927 0.879930045321646
0.399447775348384 0.920271822257596
-0.285525931007342 -0.348257428232933
-0.511930247531666 0.446614212874499
-0.0853404674710771 0.422909269351214
0.00509781236074593 -0.924220635636218
0.902955049281742 0.651574277203162
0.488960573220595 -0.510210224801203
0.760075860602902 0.520063962167693
0.850399832519975 0.229301277226994
0.308233865854853 0.363619635959937
0.0328321122780785 0.236013329945397
0.458554745228492 0.278599831134315
0.635986562383159 -0.170929495813453
0.697251395857353 0.0017612650399338
0.706218957554098 -0.10350969848669
0.498621891612569 0.0797506823389763
0.574566509343377 -0.395094123608949
0.405378497727369 -0.123915854695105
0.440732459341974 0.00570221898437078
0.44411829829374 -0.114190567681281
0.361597828672598 -0.0376727422099807
0.232368337227903 -0.0431257458604654
0.209395080221802 0.0257369958819516
0.587777084750065 0.270666509596116
0.510772894314354 0.186158173212866
0.128162533191964 0.0224665857227518
0.66738776842095 0.240245585984282
0.710140156803748 0.179696708153916
0.107578506777219 -0.0529574325110293
0.0860502633246461 0.0565310274403572
0.840302714979369 -0.364654401245241
0.680312026155439 0.288656471109993
0.0567404809271628 0.0204424631160803
-0.125208838214438 -0.0402731806466867
1.07185955709316 -0.377489662510678
1.37683728502162 -0.230674863273149
0.516707797740729 0.500329943948371
0.889881639954661 -0.385067008434423
0.467541397319969 0.665138217634079
0.43749976405722 0.417868809789021
-0.226669362043314 -0.0291278746614646
-0.0653271086925615 0.000451697623327061
0.0212942449932262 -0.020882632990243
0.195781832148529 0.0978856239917257
0.589487076568489 -0.0567871061474949
0.38935448276825 0.19116704645659
0.373078339793863 -0.0820495397457564
0.105564995228757 0.0925464353254282
0.281168756069137 -0.0411617791631947
-0.0697104509342475 -0.161131068803506
-0.321123863260267 0.245259566122018
0.392239173112267 0.0759634257444377
0.436965479412206 -0.0302662047149224
0.539611729057818 -0.0512019466859947
0.166073822168975 -0.37252805321712
0.0525320584164175 0.374483023098925
-0.282373990939549 0.228578440873467
-0.105405234387135 -0.107969011284347
0.211732923593576 0.00585088585631364
0.0447940361630901 0.0806292561330202
-0.316089856027319 0.0883315259651856
0.101535485054769 0.0587374904797439
0.402283223129836 -0.0438840407835322
-0.0972430416285635 0.130177677357178
-0.176556575801356 -0.17813309165557
-0.222384286825174 0.0626729867182567
0.297156694499912 0.36849057849057
0.0802185204716296 0.423993667308345
-0.165159752529374 0.058735690123668
0.0313396678232697 0.37197819484519
0.272397257313201 -0.153435765538742
0.235244060269956 0.257807631816553
0.515808957077039 -0.0550349710295316
-0.0638891153120525 0.165072825875721
0.596778888866544 -0.15136441606255
0.233250651148965 -0.267522992159804
0.600044613592812 -0.0393899266289026
0.265432193910595 0.264673842049959
0.122026507494952 0.235429091660323
0.117145358346595 0.104820067695114
0.0976720246540601 0.187163807614818
0.159217295657365 0.139187121869129
-0.0466870920393846 -0.092702494163144
-0.220099287009802 0.137446471756971
-0.0333352384419337 0.135508864776647
-0.123582713752058 -0.13235533911453
-0.224418082535395 -0.124068313501206
-0.170506785630526 -0.0124015320469167
-0.171955575499431 -0.0945453336701077
-0.191593605098961 0.243818454663324
0.365237835139191 -0.0651110728116433
-0.0554589159485255 0.329001870021773
0.109169899244231 0.0385763896058023
0.345894928117581 -0.00501027154191109
-0.253645249303323 -0.332890384207676
-0.176488491921077 -0.442701736983316
0.257438788273075 -0.234280318347286
0.19308825858169 -0.122690471433282
-0.12227523085525 -0.196604087744533
0.262171012412711 -0.11058000290897
0.0918446002235123 -0.276371967390687
0.100150181650215 -0.101754481908974
-0.510569674562336 -0.258940795471624
0.0952232900806079 0.561563822004984
0.417456617599166 0.186434511336056
-0.202636817222889 0.425356668120539
-0.384373951171267 0.591859657192471
-0.503242891202729 -0.36838591688972
-0.40944456068965 -0.410140528613423
0.27547464637709 0.00792184243460741
-0.403463068521901 -0.440229124047415
-0.247315329373393 0.0191444711878903
-0.451799689160073 -0.0547663832814092
0.19432350683957 -0.119677899355497
0.38686441338663 -0.0882823414531698
-0.192096572656157 0.530489270001512
-0.587573661429124 0.0931278363772407
0.59739063083127 -0.097434343320536
0.0859276885877905 0.457271234209574
0.62826756369668 -0.18480084299088
0.504228451940628 0.587806775924753
0.44011562822814 -0.353811909889569
0.728070292778503 -0.0588917927523228
0.0671581552241378 -0.545615602354276
0.417878274441758 -0.356207983832584
0.629725747737285 -0.184075737503052
-0.468616736586789 0.634571744834769
0.523699219942534 0.526690653935799
0.429278731200325 0.533429269391531
-0.22634843904327 -0.671113105353561
-0.508371102833971 0.280693362108601
0.0267092566201396 -0.133298920633089
0.004465842394124 -0.375398534968937
-0.0826932875741286 -0.205778241114653
0.396877480925287 0.61633697060152
-0.235377407325365 -0.0108006022618429
-0.155314494887468 -0.630603559227096
0.350883882926835 0.257983938101517
-0.272524939653773 -0.572332044731694
0.522942416518841 0.40270614863377
-0.646864718588321 -0.118967013020338
-0.282896254232605 -0.577190069211642
0.403340243425758 -0.341585031302692
0.254033644740284 0.584114957166027
-0.139096440215385 0.643977975861354
-0.77268418411422 -0.0456515666006567
-0.378088101503427 0.111538704818992
-0.0204297942064982 -0.687583331753012
-0.52665575610371 -0.399587099456939
-0.402668463794678 -0.37858271547266
-0.244419263003901 -0.00414857616160703
-0.188626588341092 -0.218208033518747
-0.448248669301666 -0.261006422843563
-0.499479788604125 -0.337408699588544
-0.520678480820607 0.201203685567906
-0.290959167093813 0.1525060000087
-0.34138484012037 0.35519535007461
-0.456468219812956 0.130564051158296
-0.533572837254557 -0.126379413695028
-0.371093765021902 -0.122692855963689
-0.373205569037633 -0.0372180544813486
-0.31932401915279 0.21863753348118
-0.37307925466468 0.161492313730515
-0.403579781749817 0.0711683327082701
-0.329428933425057 0.054344747704715
-0.355655492758013 -0.136492468423506
-0.567701836905052 0.0376933071587691
-0.0264084718429394 0.215456735550742
0.264625476106724 -0.00790935904194366
0.182511848369248 -0.218820786500425
-0.345962056272397 0.249252011215103
-0.203226867039804 -0.329846391823447
-0.13991096560173 -0.379316138508966
-0.183993112318321 -0.333420883624268
-0.397422024638621 0.428783038641346
-0.456725319058706 0.362691544829813
-0.302044543894638 0.461480144080907
0.222467478909417 0.556898778745822
-0.671598033936323 0.0746598881765586
-0.400303186199507 0.540907034192405
0.356380257029099 -0.591776741759465
0.604341105401186 -0.319551742620537
0.614814628101826 0.823620221936712
0.216535578977111 0.760592517637204
-0.584131330611112 0.367997603885313
-0.195747581122323 0.822672383618057
0.354547199057457 -0.875864503498926
0.761085675905793 0.683367916137468
-0.22414700739183 1.12482344352914
-0.13701488492804 0.96158466494764
-0.641691001056369 -0.745878575268964
-0.541061547976837 -0.823271254286917
-0.81178025543512 0.127533266171282
-0.665811338572618 0.665997515933257
0.0412641872330874 0.786450511084088
-0.655482449356814 0.166383804898936
0.527181972418869 -0.514837912603446
-0.600432126110175 0.494769973014735
0.0182901608446709 0.754950810214889
-0.288474880978772 -0.443315582430129
-0.191095195411224 0.0389565577430811
-0.894486246581392 -0.203973888210638
0.0270071480200327 0.176295164076958
-0.446038500668222 -0.435904139996358
-0.749849179839484 0.388089460182601
-1.07490170813154 0.229179571051599
-0.0811450595666812 0.733376927485077
-0.680506283108824 -0.226471627175572
-0.169990938773636 0.0796135783204592
-0.838489980944936 -0.530867075603723
0.0468534423788067 0.779705795928534
-0.745847636006536 -0.233195078269863
-0.334205450047709 0.853991657028775
-0.29144772970553 0.814047265903506
-0.797532272769873 0.973642020175299
0.688790604616967 -0.00430983084331521
-0.386447454901311 1.02188721294712
-1.12908556778867 -0.569730230550217
-0.944195128269024 -0.331597588543316
0.430189246760353 0.502405731015139
-0.607222511615934 -1.00473386098583
-0.614408922466726 -0.889272712222349
-0.799879204984501 -1.12050255314754
-0.710932323056644 0.152626774804299
0.061521186247497 -1.19314407496665
-0.164332331821846 -1.12717740703594
-0.950784513809649 0.0964681779751398
-0.986466286381249 0.203241317560984
-0.237178851740916 0.9395320171837
-1.13366894482959 0.358704576079355
-0.866180452489337 0.534599498056688
-0.696434117383259 -0.480532882401781
-0.451999838178768 -0.384816322992332
-0.228418942898015 0.447117217951893
-0.462580199963951 0.300713116771233
-0.77020847390132 0.0686534972461855
-0.179564938618173 0.26872197774808
-0.05550297480465 0.0219339384868096
-0.626668136274285 -0.25582583714832
-0.328842834102587 0.50635667052458
-0.876327659903178 0.57732117489158
-0.312951594290283 0.747473186851436
-0.855219937744317 0.623981602292176
-0.668600058323873 -0.0284104310761895
-0.495067249866055 -0.0021522217863325
-0.45309361636435 0.724638648982652
-0.669218123859243 -0.2579295265519
0.0842777056762482 0.080168347485337
-0.995952480835458 -0.498540737846124
-0.979752315445927 0.541536139533837
-1.07020516758563 0.478463585485065
-0.0396203143588857 0.497293765591766
-0.0166738824296979 -0.340001710294856
-0.056789940863039 0.465724460530283
0.513891826642193 -0.0458733353217732
0.274568071664523 -0.315741085211113
-0.0600991943179799 0.756499393212422
-0.601150772745276 0.50538407692945
-0.572698732142836 1.50531946920581
0.979901051745637 -0.145649145539857
-0.716486418729245 0.733962258558812
-0.732787030777304 -1.25499876868977
-0.850852380727529 -1.29840967577429
0.307404101021244 1.10207351566909
-1.42286033722079 -0.120660704564728
0.15587780303908 1.58615721590277
0.0770715081169482 1.63129329341256
1.6920472184319 -0.284378830883161
-0.680863418156113 -1.38902720006656
-2.21233348475437 0.451216916356069
