-0.934600775173287 -1.28582652130567
-1.59069726573308 0.437714025401512
-0.0233687408157886 0.768046471642353
-1.42339244132781 0.280072081505397
-0.538786163198023 0.97678833586225
-1.13238494334854 0.641571480106297
-0.749770662692839 -0.78597552600046
-1.05857367608843 0.536943255374002
-0.490309378900455 -0.23965627364421
-0.968380963864557 -0.529907915674978
-1.04676962261994 -0.638886758392146
-1.00280363777892 -0.0732128227328315
-1.05174684508673 0.0712997519566916
-1.10394641274853 -0.284798249696242
-0.761178570717878 -0.0925104494191708
-0.708487513610584 -0.0422937793287283
-1.05983682048861 -0.00712285244815495
-0.622437835103424 -0.0628394344185569
-0.726783839150802 -0.186304927813889
-0.732715175593603 0.0215872318132247
-0.835245417312653 -0.0685273821348843
-0.573714348625974 -0.11624055506764
-0.551421253788727 0.169714684530671
-0.282167745901048 -0.0697960309827541
-0.582639037915969 0.0776140688740556
-0.428366826577457 0.350207448017704
-0.289915905456591 0.124097687551288
-0.107824706991835 0.344136485713986
0.11284201676282 0.00881204605724389
-0.323112341478015 -0.320928250881092
-0.092450107357452 -0.0320571739924291
-0.229251681441712 0.188560124365826
0.346555140854024 0.1601037771751
-0.345406248505298 0.00748158291525072
0.0755691486546599 0.342119785853336
-0.148191797839945 0.464340349362946
0.781069696938698 0.215496125410673
0.442964380884893 0.591322133966545
0.251120545806242 0.570380382616079
0.219532042395452 -0.577013163828709
0.616914499223808 0.606108177084972
1.19503039770544 0.215051209165575
1.34094630862654 0.164517654873089
1.33446302118461 -0.499949032818289
0.645726273254946 0.654879815000097
1.54155031435614 -0.787118913886482
1.47855369634092 0.402224682645291
2.39347492423641 0.37063214908098
2.09554765841637 -0.151284522226314
0.65892112845453 1.43106118930218
0.378908918762268 -0.56667108811187
2.07791331182872 -0.358205513270213
0.724603690867273 1.36222034095605
1.04671000149406 -0.918304641028096
1.34970976237233 -0.133423779584969
-0.0357853585990779 -1.44164489970736
0.275902979916303 -1.31875333028649
0.885383787056492 -0.557083887842355
0.917473555939231 0.368424601998037
0.940682871912234 -0.498056462718986
-0.210213469586079 -1.21838425541494
-0.415133179300693 -0.655714002002644
0.861654133556578 0.309651529000646
0.702155618718222 0.355204013244322
0.293824555010508 -0.486140804760089
0.5278970238147 -0.657878766689774
-0.563486224040295 0.446190237380024
-0.224556499540666 0.89298527408309
-0.601876439078148 0.735439962218403
-0.237513702792192 0.685608234206854
0.662244945586474 -0.109567215675506
0.523292331433348 -0.392141407341901
0.160291343291828 -0.641609614616158
0.146243625523385 -0.691609704579789
0.548587927884217 0.353926959742909
-0.556640174665614 -0.500380454027835
0.817792896906379 0.0162717862686363
-0.175084569317148 0.632132634682743
-0.161271547488845 0.716861493130046
-0.25195508719809 -0.65501872471694
-0.527431932865388 -0.403224824420783
-0.35881285912448 0.431045390274642
-0.337472361534726 -0.415166235863904
-0.356345849345748 -0.583405884614212
-0.758298562695978 0.19033163288324
-0.0298518706758384 -0.180373067799799
-0.588606081556824 0.362418249482467
0.185989634715873 -0.162153803403726
-0.234915474625559 -0.391172962086607
0.0984827867589432 -0.199883652058049
-0.589526699745913 0.197313548047403
-0.683236641549563 0.104513761000768
-0.417176919336062 0.310271647522884
-0.0492755501888171 0.463172513564226
-0.294105099140987 0.324975083608401
-0.151086541960614 0.346726044778974
-0.296238898707234 0.0104945210869367
-0.11628802791651 -0.247116282210173
0.129199141095898 -0.183674145479931
-0.111605625987003 0.0708509827017025
-0.121801684086835 0.174887815337095
-0.0692819384764898 -0.0498229703428024
-0.0576207343589466 0.202201160724548
-0.0617075406065874 0.0354383451482076
-0.0985505453712394 -0.139605141377661
-0.219932399905005 0.0805094751238355
-0.11536890816802 -0.109316819689782
-0.0502090140044533 0.082016113482676
-0.192236294268318 0.016790781490751
-0.261981151707507 0.0466723527813953
-0.304650720178958 -0.0639448063571428
-0.228335672430938 0.153062427084365
-0.265187822821733 -0.193690527787562
-0.180510623452806 0.204975572839333
-0.16996216437761 0.240757005541706
0.144767394133079 0.174016677129788
-0.251521898020944 -0.0289134303490064
0.382345025123805 -0.352865794417884
0.195974923343673 -0.500933010132761
-0.640231335971183 -0.020703524324164
0.16026692205981 0.467630602387809
-0.161528447916454 -0.513274769137689
0.281945620915805 0.529271838890786
-0.384169753966286 -0.117230061775559
-0.365502318757714 -0.063419624767267
0.192420217433539 -0.335157085409921
0.0237861370215765 0.548972927185437
-0.0568594642550673 0.415827455343142
-0.204557801866665 -0.200423366233195
0.136835922787722 0.128865765867014
-0.169289997282961 0.444582807996564
0.208476360790267 -0.00603775586786771
-0.194635453981361 -0.223061424986741
-0.117166395563762 0.413748385563072
0.291179723305171 -0.0191294208153054
-0.199411035689636 0.50934844620306
0.301427559406554 0.0731820204785118
-0.150567019887938 0.0784860301680763
-0.481967574407791 0.0865561470127693
-0.164533302047265 0.195244049715441
0.345004907491908 -0.0324444727903317
0.155285298617901 0.379919724931635
0.041215458957935 0.421065568860617
0.0453653333969135 -0.413702572554792
0.0517145999087127 0.393121845006084
0.0886600508115927 -0.0752032108897792
0.0562668674726091 -0.257925557644639
-0.205331717633491 -0.463860860934759
0.461943616509293 0.031526084407449
0.519636364396599 0.103714377904236
0.320790409755221 -0.217706734259585
0.225176871699686 -0.230272581544344
0.546021078171875 0.0259094979255657
0.363157938359687 -0.244924584921237
0.52172155103279 0.13741547762511
0.125145759321136 0.302663563176179
0.43043548556995 -0.307302591073632
-0.21488820873739 0.180820017272286
0.212369418884985 0.0906530541230803
0.0290590246446101 -0.356213692970402
0.443470207926416 -0.224729482899634
-0.216346731850269 -0.0845400744779547
0.253457446155031 -0.115986862990792
-0.0412507364345783 -0.248389035535259
-0.181638649197518 0.00994088371931395
-0.234125023286041 -0.0291320456971652
0.101521836802109 0.116557491282695
0.105687106247849 0.199635821993304
-0.104408704506916 0.0635123065200974
0.235611445353689 0.0875379249540943
-0.0218688639212052 0.0685773707188727
0.150491678589525 -0.0741934523568994
0.180850158407602 -0.000303857286090815
0.218680876402434 0.0606411467878395
0.0244325529145468 0.0752110672799849
0.0813218335419846 -0.0416927666520594
0.187095838443495 0.18854990075681
0.100870150959913 -0.1426478071552
0.04254181700434 0.0735251748163937
0.27090399786172 -0.0398012850182717
0.274070686215425 0.254290147460008
0.188693983256449 -0.242644492264348
-0.0365588061506068 0.0329356116140745
0.260167687964944 -0.0471634596364199
0.14763640713657 0.0260490350713413
0.085198972444548 0.0231941712850931
0.0782118963661601 0.0566716502091273
0.123535786147388 -0.0169234555437592
0.0978289110051631 0.244379401305546
-0.12342579874586 -0.144668471665935
0.0119188379339433 0.135313658553991
-0.0896619854857018 -0.0843606283548738
0.139016634499644 -0.108103092444929
-0.120518123770737 0.0154352914071877
-0.162962001092163 0.14768343302085
-0.113742077119781 0.0278917270508358
-0.200706333956053 -0.131012384341188
0.0918732866522882 -0.00924849001139882
-0.138462318886466 -0.286571856682646
-0.273656410869726 -0.0265829287686791
-0.305686132268739 -0.145922241151695
-0.102511783519109 -0.412117643235134
-0.180494707689679 -0.403525553208101
0.0721540003351086 -0.194979995014059
0.246628164315412 0.0540364371320372
