0.654621143450548 -0.308901993000117
0.0644593481265969 0.532652128778278
-0.181392653491431 -0.465123548896122
0.232079760431216 -0.265233934881025
-0.0342917755199959 0.493647232593904
0.255908297822877 0.0435204484224203
0.184499247414624 -0.209464901499227
-0.516004901964578 -0.205263853733605
-0.585111493259883 0.320625863123961
-0.158971801444555 -0.250510630788095
-0.225865965656427 0.5301579153396
-0.3169867879074 0.276612453455268
-0.36609469735174 -0.296615760726123
-0.629020431860431 0.0920204070340729
-0.615699737001712 -0.113920262606297
-0.225087701559693 0.24485279302869
-0.0397893584172128 -0.0102686084598427
-0.399458920753135 -0.195899931970612
-0.0350902702411685 -0.0260370708232649
-0.313679232340239 0.0428937902781264
-0.285955636657901 -0.0356652682630954
-0.32772874031597 0.305955690471831
-0.315092985956605 -0.0357908610735767
-0.278585468290277 -0.0274117543927689
-0.240947325355414 0.0880321193344348
-0.384379836466162 0.020402591849183
-0.270583445570061 0.0134979288363141
-0.270779366627581 0.0489780856368428
-0.215357842141789 0.0607907517988955
-0.435718300458375 -0.138802525111257
-0.34444052960238 -0.091874666115776
-0.253861791733088 -0.0263240879910039
-0.273263779506123 0.298581520678522
-0.386522832902614 -0.0490375729614453
-0.232046782799273 -0.0222974187944682
-0.227302758591132 -0.120681825115421
-0.0944583706526575 0.0322947798734532
-0.116955865474127 -0.0654769638833392
0.0116736054484709 0.0689997825728172
-0.0844231413733577 0.00708132193824846
-0.504287016752303 -0.149317254561633
-0.156682846274753 -0.218705572743301
-0.57472576754241 0.255802724178558
0.0813365123628649 0.0171142152931679
0.0842630861418575 0.0790681905700938
-0.422842948588409 -0.46838127067511
-0.809266386679759 0.289981618422502
-0.438891960115236 -0.395320481290886
0.268215207752292 0.247204539530563
-0.645227397174202 0.203650697888047
-0.883532671016626 0.120842337190302
-0.299155585906766 0.491744914502352
0.273267267364671 0.279817395982836
-0.494964425195648 -0.140504617744141
-0.449756373107242 -0.0895517116782344
-0.323360086072542 -0.345078501796953
-0.512491882627057 0.143082802086895
-0.216982814086833 -0.25881816845393
-0.0504131074659294 -0.329531614698549
-0.0748923598102666 -0.202823928752558
-0.276648334463454 0.150088565580884
-0.297950488974485 -0.176636826962444
-0.254975578132392 0.0457715006408558
0.118351612630167 0.178271541778526
-0.283807517928045 0.0317528975717104
-0.265228333258692 -0.0424926714312299
-0.12211337269313 -0.0359631869470284
-0.205048143523271 0.00555531532932472
-0.111251815105614 0.040398460260863
-0.0341778349274163 -0.0434701072569558
-0.0287469780689299 0.0495141551806387
-0.0627527679725593 0.0634776109760706
-0.151098809826474 -0.076456042023375
-0.113688488926159 -0.0374828912030382
-0.0553119439150247 -0.0359880406868373
0.107243661760364 -0.0261019678301175
-0.0664785673508809 -0.0690962369135525
-0.0543453819406715 -0.124400838067075
0.145129126188026 -0.0180763078784748
0.0373130869712264 0.0379837047848917
-0.0965304669950471 0.247343801880124
-0.057298062789306 0.226566930705253
0.0605366650977089 -0.253468072185792
-0.0660947521026168 -0.290738626893934
0.307077536052934 -0.146344596092338
0.192555917251284 0.0330699555934851
0.00392901204340989 -0.290545837443181
0.0904739338191629 -0.499419953289382
-0.124723441268166 -0.423786757731702
-0.460032923650041 0.467983493050955
0.00306991272185718 0.539412683192337
-0.281844656384852 -0.401429120441384
-0.372866717181298 0.337017369858197
-0.824512476063139 0.0927590086850278
0.100455278168073 0.0116063060113219
-0.159186781875551 -0.122133815964622
-0.053265496503756 0.02300815262682
-0.205498534261659 0.444379338135964
-0.0558440755636743 -0.00765942110945799
-0.0305719421728469 0.00655163481400954
-0.0132040362970771 -0.104608766306119
-0.165904180290124 0.0821150812676005
-0.496652233359715 0.0472618194310926
-0.29587417233554 -0.0611878951752026
-0.25319860001498 0.122840757371086
-0.404286585302576 0.0580899691713015
-0.167616695810135 -0.153738467986654
-0.0683448649802303 0.161012513517456
-0.102784173031569 0.059959744971884
-0.0550579899623023 0.252933871749965
0.0849499573570138 -0.0754231866937411
-0.287789356186483 -0.242577312769172
0.0357903992107414 -0.00683489852722021
-0.0883951665443943 -0.183227532363922
-0.074503183771142 -0.0383391844823988
0.163975757337488 -0.110234095453378
-0.197129440692191 -0.418521514304561
-0.625667727146437 -0.265005403673279
-0.845106456525587 0.0901201081299725
0.0297656029670798 -0.363273567683247
0.424104500804151 -0.143374670968942
-0.64820376542887 0.522300635021841
-0.299893762693179 -0.558623090296436
0.0546896277439358 -0.564760380102253
0.163322760120213 0.693200380429812
-0.816213088720976 -0.529425928737392
0.459438891680218 -0.0863662353851785
0.583968891824313 -0.154478921569992
-0.146176420648729 -0.696851214610153
-0.00256783900631924 0.807632087051941
-0.264818620774363 -0.868584891521571
-0.655452597301411 0.782853750150869
0.7632272815029 -0.105915586315539
-0.789166928457041 0.857116496171777
0.709099330320898 -0.13637527857338
0.221767659687386 1.03416662794031
0.841686519364005 -0.146258187936328
0.833832286957403 -0.143295542728324
0.943352513625231 -0.162732891580121
0.817944263804977 -0.121511383408344
0.00771060917322647 1.35289390230066
0.798831064225191 -0.112804470585574
0.759723036340729 -0.0398735339674777
-1.66882757163507 -1.06332445101497
0.758747546861211 -0.194780420623441
-0.40320082962424 1.31867141542687
-0.314576132069781 1.45773869054113
-0.999749140857855 -1.12888693078345
-0.859768808201772 -1.11617275494392
0.376017198335597 -0.0264545547262725
-2.03637361723107 0.326674058453444
-1.51310700784777 -0.836863812100905
-1.41746681422907 -0.803396196636625
-0.149579611056983 1.05497183556503
-0.192626289894472 0.966825795210476
-0.109549499995897 0.941939876863402
-0.482305891237184 -0.811387950693357
-1.47790230701847 0.207050555599125
-0.295254508089413 0.67975130326631
0.183478848139508 -0.0726656667860715
-0.473500130501747 -0.56431514273686
-0.823953836621475 0.551729387294174
-0.858647930113318 0.396136031169299
-0.3128648553375 -0.472647213205346
-0.0955040590473465 0.544061725653589
-0.603676821142475 0.473586654069627
-0.87815407111065 0.116705994126291
-0.272767225436196 -0.428575434172492
-0.00536706912643158 -0.502192183624387
0.127073344485971 0.520734948804446
0.515230591185234 0.24195201641722
-0.573671353662891 0.215886613881795
-0.0916322300670095 0.00903294651585022
-0.146121944436172 0.501730557675366
0.347901516119349 -0.162596031287165
0.124445510947689 0.320182467818552
-0.484235971749401 0.0889892719568822
0.0217681862501935 0.359313220852891
0.0175088777183894 -0.23534647819721
-0.293871583803697 0.172226107061205
0.348578048006955 -0.0806168571188865
-0.169874382016721 0.216145074001331
-0.0278342434176324 0.26304750602295
0.0399136616232783 -0.20559133780652
0.0336303346792868 -0.205803547714395
-0.158504165170853 -0.130194452811934
-0.166770921401096 0.106984507058483
-0.0391952432077175 0.218322250855616
0.0328110264135764 -0.17597125033593
0.0111089293940969 -0.0309629392509602
-0.0182809175766494 0.126663398520554
0.043691834974637 0.0743467160263777
0.0252010341123672 0.0915196553089211
-0.0398582311150084 0.0497899819216272
-0.0304121169285532 -0.173377236239828
-0.137706027175234 -0.0236593398875733
-0.0507029084659199 -0.0547786041004393
0.0873188918561748 -0.126230164798272
-0.0916392153468318 -0.0842365855332353
0.0993717624308395 -0.194720010552989
0.0472759441202672 -0.0608911259978191
0.186291866742158 0.0196918940909655
-0.0649256738560033 0.261190880984122
-0.482674380122372 0.0548915634166675
0.0483921913505259 0.336965066267837
0.00785342224040483 0.412968952877818
-0.498105989413503 0.255018044908719
0.604055257513392 -0.0732424184880414
-0.182408602954256 0.46011616460906
0.192979799116185 -0.506547607847355
-0.533166504886517 0.300782986514046
0.663071880973625 -0.0402853367830452
0.144444309045684 -0.66874095311463
-0.569712198521755 -0.807124706525271
-0.449895223212955 0.545963107332126
-1.01615013834006 0.17376364559768
0.789103354236975 0.163757096692178
0.135604526473988 -0.831154760207609
-0.490263488823516 -0.372604134696227
0.377904673251299 -0.653305964582554
0.0724357114572848 -0.955983121840731
-0.366846077733911 1.12695184463656
-0.10716095868943 0.00372850760744971
0.582489532897721 -1.0826413631505
-0.00608611435474281 -0.986907963343002
0.464290925746472 0.520887880226921
-0.562565500708367 0.166882676486468
0.788307825951402 0.887708585652646
0.870650979953496 0.761966286529328
0.157970670865008 0.802485436810846
0.355818090360716 0.69080120987919
0.0712773344156129 0.824135768955237
-0.130735977342376 -0.803442357014746
1.15638613558017 -0.265319146017683
-0.383813338006379 0.0028402388714438
0.727098627163464 -0.491901648455759
0.331175689943808 0.396623446857797
0.459253924618908 0.32593393551874
0.898582667795424 -0.167323076878908
0.0326090089189063 -0.0573198322832151
0.823990142557306 -0.115036876773081
0.357135496179583 0.0187627876587071
0.788203232411545 -0.140716405273283
0.244517986211781 0.400153665558254
0.311414313432018 -0.294130746337058
0.651004300897805 -0.211415821270846
0.476389664478327 -0.50226381246057
0.37478124602094 -0.479985065036236
-0.119563707303672 0.28078327313794
0.607525300978167 0.0684612073100584
0.686069930802314 0.599593014441525
-0.288440101611079 0.0447223038615255
-0.182554072833441 0.205768863000895
-0.0800160264984007 -0.275173560588121
0.814172216244239 -0.564484534938946
0.877029516797062 -0.57658746693598
0.430801293808515 0.613080456383821
0.451433183038862 0.710854834117105
-0.449019838659169 -0.258511074915481
-0.14852272300792 -0.327693821916544
0.266160444911038 0.855808211204239
1.0300176839397 -0.449720363155229
-0.823320218058719 0.0972265412824454
0.379348388550518 -0.916382891852552
-0.0883161113050287 -0.537709176374191
1.1425348672692 -0.865405141398961
-0.476183807207884 0.0695070102776878
-0.300864670265018 0.00102899697906491
1.47616959463221 -0.662000874455054
0.520433366588475 -0.977803283149011
0.184436776544085 -0.0317712450241631
0.96907882371412 0.353527633372009
1.30007480223808 -0.821002070156117
1.52007295749241 0.587180108415118
0.0138677975209249 -0.0400111822696239
0.91901626844507 0.541166568854765
0.875657825177001 0.481284489102154
0.0326067495566977 0.0259670072355719
0.963871028969949 0.512052509951845
1.0458700856982 0.187142834908452
0.824054237251803 0.573195309438139
0.890961701424932 0.525630287213058
0.520695772716985 -1.06722662385995
-0.00935067810026116 0.148216103743889
0.674613013054371 -0.875252057575546
1.06463702397882 0.124854406208009
1.12267453025572 0.230254740069494
0.899214765172225 0.715662426436781
0.904711114911465 0.74635530928599
0.747526846876808 0.905503337408034
0.240236043641164 -0.457289952582552
0.498754815163278 -1.17410391270195
-0.0715004735363884 -1.25829315905812
0.22266792281303 0.721994801849107
-1.02465386040867 0.14649983416012
0.66966594692082 -1.17830227177833
-0.0195189715457039 0.853349846741977
0.51643846247678 -0.0804886212449354
1.08103505258803 0.0475032253215413
-0.364842575929689 -0.908427640819644
1.10498740542729 0.0497706474484328
0.681218605846806 -0.106340955313563
