-0.646125288721842 0.579570649260361
-0.762055553521662 -0.340157171589177
-0.101592879930598 0.42101590119863
-0.660959285764807 -0.356358196789044
-0.738988038257591 0.0739152150843883
-0.475486736701533 -0.256213230822969
-0.663269716618853 0.102892078688244
-0.364490090170794 -0.228449662702192
-0.324956001664869 -0.23447542084665
-0.132530442031825 -0.314366238543903
-0.470996542132069 -0.0511277189949095
-0.110007100349726 0.269380926045645
-0.277747841563332 -0.0687297312885115
-0.0160637269270922 0.127987167032756
-0.114730225712475 -0.175029010901562
0.0419969418819933 0.219396943226107
0.130083437928608 0.345999767903553
-0.317622670926956 -0.327487160032562
-0.345277249590759 0.479903924170805
0.0497704306760776 0.228986849682919
-0.563384411132277 -0.369312658535255
-0.0694372399543782 -0.462067749881247
-0.370480144104156 0.482735162579175
-0.524969311244053 0.595102427411316
-0.226572206274114 -0.501468217004695
-0.363120016668132 -0.289939342217562
-0.476294274565806 0.241025969780383
-0.780718123783339 -0.463497410094306
-0.316326286361786 0.481903814754553
-0.361737331447367 0.366027093290782
-0.712999357030399 -0.249117404027789
-0.354891716136855 0.263361448968756
-0.34056273213409 0.333644539470809
-0.138193061852525 0.497847027879612
-0.268698108869426 0.415108368282471
-0.296359794660861 0.39289201547243
-0.362690473225118 -0.44596986416977
-0.368699194444374 -0.482348046831108
-0.0242251146287562 -0.200147201505007
0.0415731004088591 0.464753779542071
-0.349029912904468 -0.399918434141598
-0.417686684542646 -0.535098277873977
-0.621064220977766 0.363552849587449
0.0443662533903427 0.320313426267286
0.0804417818945261 -0.299262264848099
-0.107617784323892 -0.487885608684014
-0.65941871570897 0.00562399034117692
-0.0830070773835233 0.350973866497746
-0.187345779094138 -0.416492694179834
-0.310205810062778 0.204289311624261
-0.578505663346647 -0.221980479558214
-0.400408486928489 0.176314357229901
-0.438196892986953 0.437458269153844
-0.217466309593965 0.45531499601862
0.0780535695055953 0.242463379270389
0.111688791900763 -0.471877657654611
-0.203036020810526 0.470283861053991
-0.770229458216365 -0.0677561840667817
-0.76200991201836 0.0609198783172545
0.295564469622492 0.451890974213663
-0.390386487496544 -0.608721344738666
0.318973693561533 0.385828225755714
-0.357484105681748 0.556181157813779
-0.274173280693723 0.519325940510541
0.112605397354316 0.624950882805143
-0.125957384656229 -0.333365003413463
-0.193892041494034 -0.308245527696102
-0.857587864901862 0.00126794921733375
-0.503175877119414 0.494773573839267
-0.656384909224306 0.224258778230405
-1.12644289350869 0.140847519220318
-0.335401037735117 0.434048685206769
-0.729201428826715 0.217896270443686
-0.412704879824821 -0.295635285765896
-0.895984034477524 -0.718207257053988
0.0719795534024378 0.482502160070422
-0.605536843074292 -0.505908295678206
-0.115915611958256 0.628639036231292
-0.650317124622253 0.71527027094373
-0.827583782998315 -0.453302427472674
-0.0862091952361171 0.594057360456943
-1.03482285128107 0.0569748736700853
-0.0539117600628185 -0.764942612967772
-0.124737993516364 0.596092099796741
-0.46128921515123 -0.455713508364061
0.0512323690843068 0.383700310855061
-0.33537382109906 -0.337693269439024
-0.729762421959387 0.259692887526185
0.307516628008228 -0.116232635677329
-0.730858049552456 0.0295442270023933
0.10012042042742 -0.199939375975172
-0.486574295720778 -0.226981333586634
-0.143812455274129 0.135315710135397
-0.0850582323777843 0.162366214016284
-0.0247416504303187 0.132946744029191
0.257863669390361 0.305438642216614
-0.0564574120518789 0.292735439721043
-0.00412671301709805 0.0901845738219499
-0.0675282121941903 0.0967503665958723
-0.186000165659892 -0.00158556929832692
0.0297244788522266 0.090339717941602
-0.0539633995473412 0.0528720433625361
0.0257194315381077 -0.00337304969525048
-0.161824054467535 -0.117891999157971
-0.125978482338611 -0.0661575105271311
-0.200952576842172 -0.0996811915548516
-0.201195314755908 -0.0207966613906622
-0.101910847660759 0.0153824841010023
-0.148286864382281 -0.193963578705841
-0.225209652878508 -0.163383366634586
0.202460340745147 0.0545748347459535
-0.243922469954735 -0.130951565338346
-0.143531152305777 0.13163860053039
0.18723839219857 0.00992275142417248
0.0241531526468832 -0.384126193773426
0.391829121644138 0.281792632537933
0.25434166750339 0.45549850361786
0.49093175044316 0.100811751302482
0.523562871786031 -0.115144981647841
0.292268975237479 -0.0017980384835191
0.37185569563477 0.0661806600743317
0.219394809986396 0.198676383189334
0.133602282832572 -0.254531864091655
0.215551986290177 -0.0190855928502809
0.29816868290188 -0.0939476103330392
-0.139852771381666 -0.0336022582407059
-0.0148063659369524 0.18531638668957
0.218407376899844 -0.218924144026445
0.0551644175614195 0.0406826677529326
-0.0828967102736488 -0.0978502695669131
0.0352177865216558 -0.0117001949403823
0.0147114538458705 -0.153267609996326
-0.211546942239809 0.0119502759557435
-0.267244946251924 0.0768710241872522
-0.136997800915894 0.36049745029607
-0.260327984178225 -0.0867492832107949
-0.270044723295208 -0.00951718001663798
0.00244643631712831 -0.342748870460443
-0.203348772931374 -0.16565688740306
-0.298351296033736 0.284946681454152
-0.000394718372293795 -0.504258517817191
0.16026407720518 0.498053091794301
0.568471621731065 -0.0320466623925492
0.731184066725721 0.0513208032059411
0.182636191602858 0.593767752674455
0.287982659007157 0.557280648336557
-0.328760561276311 -0.435364283582637
0.0711083811284754 -0.507330941467025
0.228894725519119 -0.805911313103272
0.723110885718048 -0.322510818979578
-0.0900655676551161 -0.831040376045703
-0.293196123657967 -0.348605279505766
0.297224700365779 -0.566333593192531
0.445117165119922 -0.467060594651386
0.357407678536289 0.49428974178148
0.245982581911544 -0.535348069274936
0.774516781683429 0.054065145600626
0.515506641626965 -0.242789332786298
0.387957687840795 -0.572699725783525
0.0243828273721924 0.018728686186815
0.267562127267339 0.321096566644436
0.340870776680304 0.278112336220515
0.451466406901221 -0.36345249355826
0.601572047776514 0.216236179315565
0.336760769902516 -0.205724139109938
0.00883933589604172 -0.004758275200772
0.269549986937248 0.279145336883742
0.402985350668148 -0.118175454709589
0.134120786542164 -0.338834278624042
0.119720914955724 -0.171680309816124
0.17173055164804 -0.175349074958929
-0.181480968894751 0.0375791804082819
0.154531122596891 0.334198505983917
-0.187542129143667 0.0826726864569409
0.215326642007276 -0.292847403905833
-0.257730446890958 -0.0300850868683744
0.0491954904247939 0.504776503346952
-0.18342971150489 -0.617085824981635
0.283374796298577 -0.338139244816405
0.573215183829104 0.0466510485100064
0.71708403093602 -0.130435235887318
-0.105020293204844 0.476670385795076
-0.06385863962162 -0.663119140494432
-0.405829875475729 0.744945866095208
0.0259015786694712 0.612751752792985
-0.600933346543273 -0.643888513301946
-0.696412601327404 -0.627619136167989
0.631731003715614 -0.0260159825850273
0.449289096364812 -0.200257775376509
-1.02708182109722 -0.378611938116897
-0.303242009338045 0.600431217703402
-0.0367876029221506 -0.783098840544846
-0.744680217091974 -0.205550066918619
0.484806316812543 0.66478853081931
0.26943289374419 -0.26419575889881
-0.0750549781289343 -0.60528292054737
0.67419562922632 0.15947913319279
-0.336711888743752 0.0953271990796065
-0.452660308800805 -0.169288074471295
0.489023542733651 0.409462589782119
-0.3975410955579 0.0656610130065618
-0.528233710767442 -0.0798845270662696
-0.215688640820817 -0.508974170903014
-0.119965208785388 -0.44580220302998
0.36230469041843 0.25733074342728
-0.451200839850737 -0.030646302188996
-0.317404525894173 -0.454829161120052
-0.290360720292266 -0.438566467566033
-0.341025060624339 -0.337161243289549
-0.00620749820255163 -0.233418841182174
-0.357074952075549 0.077362700004855
0.0469605053244988 -0.0120149491595403
-0.329627229859275 0.0251070937659635
-0.46443720328855 -0.28414554908886
-0.525810916504235 0.19703256439058
-0.5281179058256 0.029815226639675
-0.430473273930638 0.0114588300757069
-0.484975694360308 0.0170722985616555
-0.321530334183798 -0.0100299951588046
-0.385952729379594 0.0469266745756076
-0.45828203102889 0.0313704196181973
-0.264811501690764 -0.00126851250720045
-0.142072498348115 0.0305662052551094
-0.724585622983518 -0.131156337589375
-0.675035652274807 0.107613379959287
-0.733707380540192 0.395592242977027
-0.813375558714457 -0.179153331844336
-0.366084367711656 0.104907204601962
-0.90730462762837 0.246378263939474
-0.929060581085284 0.193263372849426
-0.753011560057029 0.151221369320512
-0.555076745444101 -0.280689817059337
-0.451283669300597 -0.00945830052116296
-0.488400425082731 0.192518261634627
-0.323965220631208 0.0225752516741156
-0.476535479774792 0.0713839475754059
-0.387629763995703 -0.0177269448311259
-0.55646876394276 -0.0354162718637327
-0.303411873507206 -0.0297599163948253
-0.50865640798342 -0.081809986473284
-0.459458790293215 0.113132298322199
-0.642422123195857 -0.068664284297267
-0.781657008707386 -0.01696304317687
-0.840009396128965 0.0324626092775126
-0.764967107718902 0.0917388066738839
-0.702142506506301 -0.0359163044458114
-0.642227842145481 0.0502742681727728
-0.650420259912676 -0.0147904272399259
-0.51955162865296 -0.110341746306212
-0.579237320370389 -0.0488080926708147
-0.527271555822287 -0.113260943305025
-0.5744727991367 -0.111294604980791
-0.465713215667795 0.114136803714011
-0.337081257068057 -0.0591951632759751
-0.567100869191604 -0.0712094063542621
-0.686242510482311 -0.0290914927940257
-0.825283836778813 4.88652555775105e-05
-0.724996501896381 0.0711508426934768
-0.607146050149838 0.0151711114845988
-0.728155718238859 0.17277882299434
-0.717289928453138 -0.158825639813569
-0.62855301583059 0.257843252110955
-0.689091544015675 0.131182939994745
-0.717162941761793 0.108705706698057
-0.20628632232521 -0.184907639121851
-0.370691668903894 -0.53693827070384
-0.958497239900694 -0.183307922931909
-0.471120854037419 -0.118534629107945
-0.939774385601287 -0.26540672457557
-0.701131083738468 0.418562910824248
-0.500322676931519 0.208391808807804
-0.633573706524228 -0.15561197790958
-0.331103949668289 -0.168260643719879
-0.415655385140345 0.23284493822045
-0.42652988150329 0.24933347223124
-0.259229311642922 0.0556874113379123
-0.585512036216936 -0.109895067673086
-0.495627037017541 -0.0231378273645451
-0.547461230313572 0.0644335615737554
-0.617523749657055 0.131657608029796
-0.6313021178986 0.127820944377891
-0.548102738581651 -0.00940135637772672
-0.652218769793795 -0.191184638203357
-0.837252149407111 -0.0810327920889637
-0.583528466647695 -0.385132160069011
-0.65317727827185 -0.0655041768348823
-0.527513742424832 0.350577705059712
-0.235055955206965 -0.273387873198376
-0.38974254145555 0.347565664363677
-0.515414473036636 -0.283532411199945
-0.681795248719843 -0.00391394296452001
-0.658039283912726 0.0167339975748546
-0.107480062838229 -0.0430921896217128
-0.385236790514394 -0.203981629555485
-0.468965626125971 0.0112323504888433
-0.390818147238042 0.0671046246206342
-0.532988281692563 0.0253260825317195
-0.522000566588179 -0.022239079812669
-0.520090265288277 0.162820833842662
-0.540891197907408 -0.0881484047389564
-0.480911860395851 -0.0774760821292227
-0.400296650604972 0.0564263182176857
-0.384390808911885 0.225700708015843
-0.507735246732894 -0.202755975104998
-0.0571674538049874 0.0196026745810622
-0.170256635685735 0.04062417147013
-0.0647123434362448 -0.0507831040483618
0.0574807898778333 0.249393891582238
0.164008761847861 0.058563782532857
-0.0056032663695739 0.188762073442646
0.180380838241315 0.121331036588291
0.0108813509957956 -0.166617911578265
0.239207315235441 -0.017204033705075
0.100575635660194 -0.0389513501562304
0.135210565045271 0.0502756152818586
0.187116137849536 -0.0735148748633847
0.108497638443937 -0.0213340594113346
0.171346615009182 -0.155979772325661
0.288764304141788 -0.0613894830107733
0.37963128857485 -0.0442884554000214
0.229305200749739 0.0477347352504776
0.228247922561801 0.0704438508888515
0.316870322084397 0.00565691549999348
0.0433727550264473 -0.43772494219029
-0.514996924400747 0.0927926734407097
0.100373909483111 0.165061889164125
0.0313217215535831 -0.223640900771997
0.146213197858371 -0.132765430398592
0.121207860595555 0.208323747323679
-0.241066412385758 -0.0755788983348944
-0.0791664691573646 -0.0462466470147949
-0.206037714418436 0.0868990887711556
-0.292099137137968 -0.027375835987448
-0.236698058634609 -0.020785653951479
-0.404983928228773 -0.102639992440268
-0.213043506554516 0.216211402997508
-0.192474841352491 0.200735668128176
-0.294792206492327 -0.139063117804426
0.00649717075426366 0.13461629329595
-0.302403107045118 0.491796957408332
-0.116247618094121 0.0304881927603844
0.411292965663545 0.134372823515653
0.163391167301971 0.147171377701477
0.0496036114239424 0.351256892354041
-0.275675278983298 0.0196534757571731
0.533303222904505 0.294651634243419
0.164526046646203 -0.301443746458323
0.679415705068436 0.305307005645414
0.162803678925589 -0.61334820519632
0.0796412051721893 0.517159866320035
-0.051567669282004 -0.115328032063212
0.411326944721518 -0.157071753089318
0.382346622999389 0.358113960790307
-0.0808420994038541 0.258072683612874
0.197983298617124 0.279656062445488
-0.569184629941675 0.055129440207372
-0.0447761167557336 -0.382456451839105
-0.131189007535531 0.32188989548786
0.214637944861971 0.106181516081431
-0.0993113454468184 0.414229563349191
-0.536181455002171 0.031798164418329
-0.514756651871123 0.0630173462171656
-0.562591845883174 0.0186379145359398
0.137541255902123 -0.357901181148426
0.0690840816327562 0.623809171243432
-0.346980063139662 -0.00415647205884896
0.47104410274414 0.375527056024745
0.62219522000221 0.0663603881946147
-0.110334803109233 0.182938383651931
0.188134965740805 0.358213936336191
0.508228944982849 0.312459232434015
0.17620075438162 0.291963950818803
0.276194386519417 -0.0831152839990756
-0.0718387423868138 0.00162376623804548
0.303004373255839 -0.226620828596175
0.0259145296397654 0.0131079878140995
0.325158567235996 0.17185164743905
0.420798445738952 0.0446179413779192
0.150010647435784 -0.0106651715460374
0.373630059668287 0.180971974170389
0.474478806067725 -0.116285313839809
0.496220085177532 -0.0841787151497238
0.525569631160763 0.0360489352781125
0.560477756410725 -0.0838973623785755
0.64346744091097 -0.0656989413225477
0.704522185403004 0.0175749351594577
0.753403707769345 -0.0895631291674589
0.901574626865543 -0.0520519261750144
0.652742826677824 -0.131173638251625
1.11946359204868 -0.0873518915081619
0.787501786223236 0.196514035892314
0.527617624622017 -0.0497412924322563
0.381184851883353 -0.0623410198555777
0.791979296468182 -0.527793330724359
0.856642517489104 0.131295931434916
0.374474728402737 0.361474957115082
0.728082598036877 -0.031281660637416
0.319981347129187 -0.371354905894726
0.545395896798988 0.273947338264191
0.214138443338928 -0.300603828069532
0.466923211822071 0.111320339547246
-0.154085850875178 -0.226522016561831
0.0757018920477155 -0.21200863812358
-0.178785073776403 0.0393106131535853
-0.0118650188953654 -0.29155600216141
-0.0380274641540736 -0.279337179037543
0.161387964738685 0.111545961460252
-0.233411817427828 0.12548973830345
-0.20133264431841 0.13361997656909
-0.0883003569425205 0.237979694968539
-0.200363555396214 -0.295400585334418
-0.282172611232136 0.290363095643035
0.0886147956429823 -0.018765567476905
-0.0699617532553316 -0.138524249487561
-0.587426696007957 -0.256194904146391
-0.139551007580717 0.0430612539012903
-0.261760308893077 -0.018178700729887
-0.40963246236442 -0.0293567438917257
-0.313438517360264 -0.0754414112859205
-0.638754539973795 0.0319040699479863
-0.330421120421423 -0.135198734120366
-0.111180040680871 -0.0631172650940958
-0.192129931767294 -0.0299332854235703
-0.141175566910795 -0.0478997967223043
-0.0736890759795534 -0.021027767951564
0.0576311516401085 0.0923455913396184
0.164156854257955 0.0816287233595299
-0.0166040494178032 -0.225385191836644
0.153530818740499 -0.279671786579232
0.168692683843866 -0.140501894222076
0.19801272365388 0.265523439946155
0.134570728275688 -0.387783951518286
0.158749673160148 0.272470517868323
-0.0609478797166296 0.048055147771339
0.361716867485671 -0.113445407997446
0.340618220068904 0.0137459407555275
0.240709662099854 0.136778975829872
0.0782183263781587 -0.0661621774009453
0.081201990752314 -0.146685503830471
0.21225207279184 -0.0781081323043564
0.0880389848577942 0.026671887825822
0.00525456950763334 -0.103723833381657
0.114736177391922 -0.141525952389791
-0.146782237617901 -0.0293621995129404
-0.145440914975558 -0.151267673033341
-0.131692930596676 -0.144676808917257
-0.11981852234578 0.205856040588253
-0.170742744623296 0.25312400555009
-0.483717205295263 -0.043802913486517
-0.386590419175701 0.0643108541360395
-0.259131794206459 0.116607109128511
-0.280981253415302 -0.42829289535693
0.16957921830342 -0.0541091882289742
-1.01649631438114 0.0646635319580276
-0.817774815014615 -0.43637941060538
-0.682007174985605 -0.0939353649986905
0.0934366675437803 -0.220839786743907
0.286970758698595 0.216592812423901
-0.520842608958621 -0.495861829753851
-0.471291810192405 -0.470805072060698
-0.219628936130541 -0.382143585871833
0.0717038007906485 -0.646921570822903
0.293318025542039 -0.448510811448576
-0.174656790825795 -0.450359804358189
-0.534681324597637 0.162659568894922
-0.49096763754754 0.11235954077626
0.293091736969716 -0.67049791960963
-0.394896248240887 -0.0615367602430898
-0.351540775416181 0.0398549024514738
0.197040819550838 -0.544192878706112
0.337042766787022 -0.477274291579938
0.250703585282421 0.618785984400192
0.310003476410539 0.684968478114493
0.935490438928039 0.302026586781563
0.547538407211093 0.46006689893615
0.481346121030154 -0.640475865745189
1.06138162914542 -0.639289103581693
0.0193772385815911 -1.10854578848768
0.604582578985265 -0.82366814809665
1.50771061602771 0.138647150788986
0.932386707313638 0.650104925181787
1.33548891793358 0.980945699266746
0.09184826929826 1.36444244723231
1.34253758771342 1.04547653412184
-0.411705952855697 0.29241345853981
1.72074092623383 0.412969095879218
1.00938987192532 -0.78854961893178
1.67133475514759 0.208480134695933
-0.523812027881666 -0.225624010174817
-0.130408030783072 0.363494281680433
-0.431290744239353 0.470822248184691
1.1932499690372 -0.670371030510066
1.06211826837078 0.020030998351101
-0.0412174766910183 0.222722602968988
1.09206082800749 0.415147620561253
-0.546524902375389 -0.340989388597559
0.355091000985344 0.87108262437171
0.930125611440628 0.882597624672751
0.637509029406735 0.920353005867785
0.702319449544434 0.950860092759871
0.793114096627126 0.827033928308986
0.248867312845966 0.941572586117235
0.116251259695579 0.929674459348648
-0.336335793377843 1.12931791385517
0.475022710056656 -1.02396937204435
0.554387374461086 -1.10692517081744
0.13868629384281 0.997968949956658
-0.0305589148503829 0.961861633479945
0.364477097172346 -0.829659234541412
-0.29126346470447 0.203336954166099
0.246458872558402 -0.919707443786244
0.324911658351391 1.00599091745636
0.535491912743615 -0.846608666159985
0.802041577964197 -0.575423589283541
0.675454265175188 -0.768200547654832
1.29982007590427 0.713280150818208
0.297816486023 0.986734880796035
-0.674733484522064 0.0317675899031799
0.817269459641049 -0.464163160910295
0.712849763859002 -1.28800211066452
1.29859749075473 0.175213270064335
1.69133122979579 -0.13851625245132
-0.227438668921064 0.542371295924375
0.423362083270516 -0.0516763319033754
1.61993662604884 -0.225063231140757
-0.58577276295086 -0.470930267851319
1.1484443770109 0.888631615949952
0.171151130820979 -1.01387308891886
0.627674948071878 0.866104493422684
-0.718572509190791 0.0628050772168978
-0.568541483739968 -0.0902915541383456
-0.592565062380658 0.00807014805227656
0.764390193057981 -0.738572146608905
-0.413782461899169 0.0556543693714172
0.220110689685212 -1.24752908102974
-0.235267966103823 -0.0377815620992438
-0.0179333842763614 -0.0264849531378287
0.432371824718957 -1.1669024058634
-0.0866044113800885 0.130492329900528
1.21108776189413 -1.37192784022499
1.57955227279229 0.901995676016119
1.22769175715871 -0.495396500879971
1.04574402148452 -0.454925408241071
0.757561918185045 -0.902410009093422
-0.35458975107201 -0.224885329258822
0.535640850305666 -1.32820307231421
0.743287537643335 1.23120076751779
0.743914455614014 1.18716719362901
0.325746335982515 0.415851635710706
0.568615632172088 -1.46743803899657
1.43298564236702 0.819799341730252
-0.388692036766789 0.691562005018127
2.1961382714273 0.558703574813083
0.311077725787663 1.74674892583081
1.47244716701414 -1.80388419342978
2.30151674481609 0.517401152727751
0.835161455032304 0.681507922287954
0.0558077029928813 0.886128908626971
1.51766811515542 0.679768693717096
2.6228115903634 -0.272743950493564
1.69683395584775 -0.520720172341697
1.44451433492733 -1.3901354090647
0.999177569656612 -0.0732555692344207
0.66467262708895 0.273277912663905
1.46053427565704 -1.28653664407969
1.0386530503177 0.70464219523016
0.533401599071563 1.08083919616103
1.80005934401015 0.0574612005863979
0.179090654375674 -0.159276227300679
0.329736888082433 0.23294736125551
0.869908842421993 -0.642264501082957
0.833004958142713 -0.68933374900327
0.155259118401827 -0.413113688173693
0.0137956486790096 0.1122703538819
1.27114382753559 0.443161009356875
0.410873188692311 0.761998669497738
0.173172576546915 0.863389851737549
1.34557328510735 -0.151650997570962
0.581984519314847 -0.437723107576692
-0.182769180860536 -0.841341624725079
-0.236977374446512 -0.0706961803541903
0.493478310481033 0.17634477913008
0.65220280775027 0.279570212370208
0.146580503120965 0.548322105745815
0.532044628933299 0.0941086547474643
0.597524344385421 -0.0835121030166082
-0.549542897337399 0.266548850531123
-0.479490320709238 -0.374106079509608
-0.360306724557486 0.871786293507049
-0.393406495124592 0.339028950760184
0.196681067874347 -0.466685313739397
0.350285018508868 -0.901270755229182
-0.247729834036082 -0.859697214441411
0.107432505333725 0.796131956696512
0.461362193131069 -0.641685116371678
-0.460200499520156 0.00788037433122814
