0.353106691436588 1.00160068467862
-0.218108779712877 0.0685215164823885
-0.32522909272627 -0.0884301713574809
-0.178718537655645 -0.084264395788569
0.138489964513697 1.01008205089042
0.657136158564662 -0.533370147864751
0.755149195392073 -0.504234883538182
-0.144455229171578 -0.31588216218716
1.30435827302214 -0.167867409192269
-0.132362726227098 -0.800714222086901
-0.409127267976279 0.390581285878158
0.791688807584414 0.0863311991644983
-0.680633443362688 -0.0051461608664186
0.469041816756688 -0.245611401892114
-0.21812420063967 0.628422032082267
0.422451943531046 0.159511565339618
0.676323347888824 0.036709094767906
0.563793856081044 0.163779416388816
0.315505014347166 0.133801574716072
-0.191872247733794 -0.285467328608085
0.734011320119276 0.0190072902310131
0.423922882706448 0.130941390786845
0.446078505024917 0.247909658217469
0.296166997485013 -0.151963999527496
0.0498790057631183 -0.382326904381546
0.309769035222479 0.211084281217429
0.358589927776565 0.17424455387327
0.441791684100359 0.099323368186678
0.807184911453239 -0.0761050639645046
0.4043997277184 0.199252196744508
0.608154252322794 -0.0764521157650934
0.53093237081622 -0.116375089824176
0.115503788094845 0.191551666051505
0.571716538959425 0.00959031031775344
0.442575472976909 -0.39074074518863
0.309376718745429 -0.293033888174495
0.373285132132265 -0.160761656313313
0.402106851032133 -0.207166939727971
0.801983185435036 -0.058323775766992
0.442072938733851 -0.255623165523871
0.438364047525857 -0.312239137443743
0.226735904861052 0.0298608515573554
0.567375284052475 0.199846150547383
0.620450546710651 0.0383325380319803
0.683219444789327 0.046952577214651
0.549799356671059 -0.0209646229142665
0.666702032048573 -0.0869983011003933
0.552575815165168 -0.0795876569167565
0.731520804219153 -0.0315332401861725
0.554901469289667 -0.095124199776355
0.749279049838376 -0.0024421402475755
0.641391618299761 -0.138885150113541
0.621741966277157 -0.177303861948251
1.05703001810497 -0.101180325771464
0.368831144781459 -0.103187306587725
0.382039073571449 -0.0729711772026316
0.616760393306105 0.349551679465312
0.683488790193898 -0.310342121383239
0.198437773252475 -0.0462425322937767
0.115835072672467 -0.0390766071078305
1.16108598420886 0.244017191733752
0.0563882951566745 -0.0693576590553616
0.493908763216668 0.674266041785774
-0.0809568027097882 0.01866664806427
-0.0753640419676825 0.0547671278985442
0.561635269842573 -0.562533496560109
0.568448181350102 -0.512650335914319
-0.306667999207462 -0.0556563595327444
-0.405467320950582 0.0811769925505842
0.195316225829804 0.769789071579772
0.121910123196737 0.897934789580658
-0.250564125640359 -0.0729042348750392
0.338121708150574 -0.74814615843825
0.0765609773792874 -0.90518448204435
-0.768489077584537 -0.148011518852225
0.838584739042236 0.431831544249704
-0.219336712746413 0.865191403858452
-0.701093956087936 0.142665388461015
0.992821461426807 -0.136222945746155
0.488836077423922 0.755315550694317
0.439464187579095 -0.765069468991784
-0.546404958937288 0.844694346688274
-0.436302353313189 -0.533133999949
-0.380623134977558 -0.482834440199003
-0.862527314756874 0.0965750094622972
-0.465440618964643 0.576936113499336
-0.526508758168562 -0.403149770935532
-0.0655109593401646 -0.597297796420303
-0.813497568912638 0.020103197983738
-0.788465521817811 -0.0179581034609922
-0.638508655102726 -0.175900136103271
-0.128459168150251 -0.0299364176683775
-0.875489775510748 -0.0247990755198971
-0.333026767099891 -0.00727805662426796
-0.329216854750209 0.0523415843796491
-0.649176425638373 -0.344153816668509
-0.558562852492332 0.199618918520531
-0.633077001530395 0.239130324225432
-0.975318088634348 -0.233926679654727
-0.0992851463176816 -0.0341429312161216
-0.0186732509795944 0.101250773707679
-0.534206525520431 0.349511528218062
0.227712867153484 -0.0126567399806035
-0.143303101932637 0.639017857863191
-0.390962643091255 0.450629799626118
-0.516854780420498 0.640236096203023
0.00461874031493432 -0.669402846913199
0.229381673939917 -0.0594992470766059
-0.436359017159868 0.480071394179216
-0.0534300404757137 -0.45631075178935
0.44099969660679 -0.0511306490103611
-0.24605322522218 0.36465810534084
0.151612401774172 0.292098702668515
0.504146677955711 -0.0418714330461131
-0.0178402532034393 -0.263573919561888
0.241399318170013 0.165683250496248
0.352114957047235 0.123437252575068
0.409046306159943 -0.373811241107492
0.350560108722932 -0.310864362591496
0.167485449279993 0.361500809428232
0.233030335979525 -0.388179922392176
0.38728809317793 -0.160840348037655
0.161154163317124 -0.430533607887967
0.0888021255950145 -0.482648689607815
0.336029167442729 0.0475179085980733
0.491744805528192 -0.335904660013539
0.29849404288719 -0.302961239566593
-0.0732326452869746 0.135576424338146
-0.247538948734259 0.17523387430246
-0.139394625391038 -0.260260433447314
-0.0525952128454067 -0.187926037813754
-0.253347725930795 -0.3603210042641
0.0331360312768774 -0.32839273622819
0.157203449960102 0.138474867548989
0.259563193777815 -0.00761204093095893
-0.112480567319415 0.266492962927511
-0.51187823040833 -0.138270414416356
-0.131267182366201 0.327610444032512
-0.103464220692925 0.183720134079488
-0.187584455254842 0.115090231075209
-0.230406716949934 0.0398584521775436
-0.263043327353708 -0.130332857039775
-0.26497363792048 -0.0864332658108705
-0.0707480708740519 0.0384081974866093
-0.189379397919242 0.0763896963027675
0.129847167080917 -0.0139396469397305
0.0088546172014157 -0.121800480794037
0.140884294923506 0.0518584037819634
0.0634416143676197 -0.0603698912873937
0.123452762356775 -8.06423700502575e-05
0.0120215214120547 -0.104614899434401
0.123064599766574 -0.153439835434342
0.142041503035973 -0.0361712743272464
0.138120105594893 -0.115566751193347
0.0805591675130553 -0.0336021426501873
0.151890965295937 0.0025390986398421
0.191365622013992 -0.0041136745193556
0.204159936920284 -0.0663971379130842
0.106500354557079 -0.0283897564664533
0.111673816283462 0.0271748827497255
0.428371018623295 -0.0540276753407016
0.419221239826317 -0.0478162180976099
0.0623840980624115 0.147223474732752
0.292889041986447 -0.0488716787807495
0.123864742106216 0.146445368204131
0.348668892557127 -0.0122259052106677
0.0203711897023639 0.139171895652858
-0.0780625498248212 -0.0766970786656268
0.00928283797152347 0.0314718403716489
0.265899250144208 0.0294371697377074
0.152478829417102 -0.04998205324829
-0.0974334443879719 0.0382139452161416
-0.0963214492075258 -0.0272528074484323
0.0987312894211275 -0.0955161041091436
0.072319509272967 -0.214204983278761
0.101960152069069 0.202722865627476
0.147991739304555 0.117193271594744
-0.193695002440467 -0.0329542777526189
0.223385752961333 0.172115138120802
0.270622772755754 0.121499176638406
-0.0649486447035181 0.279848606180631
-0.0466218264459099 -0.335363573347949
-0.0504790381698409 0.287859185037044
-0.245456333142899 0.38530925543253
-0.114967217382523 -0.37964632577677
-0.0767203895679935 -0.450140005462173
-0.0836822699960795 0.249876751520969
-0.147669575524534 -0.132313810003041
0.254088772021507 -0.0714040640450064
-0.563143713609703 -0.260082810350078
-0.252660492238758 0.177808310336084
-0.181749132182586 0.214844702501056
-0.0567243520573833 0.199019172899438
-0.19589049306327 -0.265240124691345
-0.225395184601592 -0.0338815681220208
0.0154627572191578 -0.307032201401309
-0.199026396296553 -0.194098380352228
-0.145807048353088 -0.0948589236151864
0.0897067385180053 -0.326220630705412
-0.127973412327039 -0.183676765389897
-0.397199692847597 0.0688573758081173
-0.22891068304547 -0.0234658847833442
-0.0503324558534365 -0.145826290392829
0.357027678400705 -0.0485868365599543
-0.315443468373424 -0.0432133095707202
-0.0762765939389419 -0.0297441380921738
0.010543560592743 -0.0373994754650192
-0.11479359070387 0.0663745883518349
-0.159498297599546 -0.177742882249568
0.0202165854243166 -0.0112890798321838
-0.132123348084202 0.14033895288282
-0.10725946653753 -0.184765637696258
-0.152215250531351 -0.24917146264158
-0.211127724819524 -0.128885574088474
0.0866988045507705 0.220406114852805
-0.198659888890826 -0.237038969663452
0.313884271643811 -0.0742337551665118
0.25373977441913 -0.0767974035514485
0.248155028818566 0.158024691493004
-0.0773121280077991 0.311031717178289
0.426625894975942 -0.0859747506683483
0.0797414236504416 0.160472988168617
0.443983727967798 -0.0307180954054955
0.296042705323596 0.271494321962666
0.127657524289917 -0.421662569764923
0.251848406902575 0.311974712620161
-0.0704991719095348 0.328194644868759
0.302583563563372 -0.554997973960457
0.34435718538188 0.21694225336278
0.388539532132082 0.397579936707536
0.67168796976193 -0.127008362161836
0.344002134663743 -0.605791573876201
-0.420520534917421 -0.432236848269632
0.409678794549063 0.558298496347905
-0.838369477220347 0.0259712977853694
0.438136841290644 0.690101145263156
0.762509514043042 -0.049351089245274
-0.426611626765472 0.74841844192906
-0.473091727596531 0.634748561917281
0.0100790258907819 0.516304751968868
-0.465144810266937 -0.617331334446724
0.62079202266987 -0.108788272125424
0.751646368379127 -0.0867802366337331
0.617986085572776 -0.013300383624554
0.789210269726617 -0.083483159024517
0.604086761023649 -0.0132882433082159
0.185293439911835 0.526154179198993
0.206462623008814 0.440066721524142
0.542458139781721 -0.0479065432601639
0.528454707771724 -0.08080975291148
0.159157931355438 0.498424607562696
-0.447050428365657 -0.394190141897167
-0.450428294568927 -0.346373194827754
0.0333807351676286 -0.505555192987937
0.15085540446913 0.343436860486818
-0.274689153435005 0.397144670455593
-0.0881394919865993 0.318877506631288
0.556756771918176 -0.0536769506385785
0.0604057827478141 0.30890347027931
-0.423342585705257 -0.214292855889063
0.381681202222684 -0.205102724083017
0.120257429412788 -0.00443414385620562
-0.350672215948541 0.206819236856017
0.184556746895494 0.263233220739034
0.510493196367146 -0.0357470975608105
0.33742984364849 0.280368579357496
0.0647504657852068 0.199417326321086
-0.258780346946459 -0.36631448559952
0.408429488049424 -0.333885726120005
0.0142874430537757 -0.241536874058787
-0.123427510460261 0.371382127759312
0.65698251992249 -0.0631725047744781
-0.116909809553723 -0.420811503529346
-0.389674023473765 -0.0665178531956448
0.385106732146928 -0.601936800411657
-0.0707072201711369 0.583101321037815
0.473517712056781 -0.666444608207939
-0.200606436841987 0.678654302606476
-0.155152113445514 -0.628090976925137
0.524145846254441 0.613793107691656
0.523794088984908 0.64390210556808
-0.352544981163196 -0.627485002702755
0.544449764471359 -0.760421401668799
-0.678911114347282 0.0171081559683822
0.737700633064479 0.813520324475773
-0.271086236851614 -0.814740454952993
-0.275479588850062 0.841564197237574
-0.184986096247069 -0.881331380161365
-0.872454897320821 0.315505509393779
-0.248838427427012 0.892641388318358
-0.648143786482414 -0.0112593694685685
0.0349856784655015 -0.763993901979776
-0.459744582648263 -0.904451100848337
0.491597194605119 -1.05048856165897
1.07385374194709 -0.0971865346153715
0.549498115175024 1.02091937589826
-1.09337508812192 -0.0376613336458854
-1.02032391641734 0.130568474655534
-0.732248656241433 2.75385110679255e-05
-0.930054685458626 -0.943270815487266
0.94261991912686 0.609503765171179
-0.693794252345443 -1.04803488375204
-0.957150369014975 0.0207850111329859
-0.655080733717172 -0.944910904376993
-0.976898994655344 -0.890774925034096
-0.68709948680989 -0.901728115622997
-1.21554302630407 0.278777564790737
-1.24259263040704 -0.08892047950928
-0.236215160616704 -0.689984080764026
-0.9119727219301 0.201094829906437
-1.09386131958691 0.383366420211583
-0.836504800702277 0.206397796715172
-0.238743904034847 -1.06386147189478
-0.744684558503188 0.235492629456401
0.784861647568868 0.373415174005647
-0.915561837067661 0.43187219334494
0.688375020749435 0.28632082290212
0.394915793620848 0.97041593900053
-1.11017719576333 -0.195261229137963
-0.70497104974702 -0.451912791019036
-1.03259553581862 -0.758551744012461
-0.793791975515868 0.265843239091691
0.240522293714524 -1.09897017265382
-0.471346992231236 0.811247030335801
-0.688887175434169 -0.591656582124422
0.43239708870462 -0.685273579959768
-0.179227497618503 0.675021658667698
-1.12736507445377 0.0539730098770729
0.553672925119529 0.477965921825621
-0.191632764869918 0.684798429771246
0.26507102942747 0.790569871740914
-0.991770671302685 -0.0891487081910104
-0.613100327319075 -0.640166966127287
-0.380673860100953 -0.649666612604514
0.0198235180119207 -0.532089438998839
-0.324744540501091 0.677487822929502
0.273676676443411 0.633284224363645
0.335843519237543 -0.616052573945937
0.447575937179642 0.612614113495152
0.49424549580808 0.238530453244675
0.195700485951164 -0.715015216052596
-0.506820620295917 0.0950714847705178
-0.297289469789327 -0.405368106246978
-0.194919079170991 0.598873403603527
0.0720633922515231 -0.287135848952708
-0.301997589553141 -0.341064307306793
-0.372822194146927 0.0996525649156225
0.133914984538416 -0.284891859567943
0.398772568136911 -0.361065769838
-0.33961441864576 0.515801747105403
0.477220169102479 0.119411102721708
-0.490813073601491 -0.115532239960223
-0.533042606278911 -0.219018386319784
-0.193831114179676 0.715844721142765
-0.463434356248225 0.188470572867689
-0.0808602864366475 0.625792162496209
0.0129241904091683 -0.566847717814233
-0.57946907724981 -0.123337303311406
0.734486353116631 0.234872324264847
-0.628627453209399 -0.0847400948131323
0.623121090658057 0.683435854927096
0.806226543009335 0.325144665147634
0.00025281445880929 -0.68867512079408
-0.754612350675925 -0.113318395481555
-0.364873689619096 -0.87247072764294
-0.140968553794036 0.812766501606886
-0.82668866236166 -0.184495980811811
-1.05129232148053 0.0240956049081036
0.641080216862793 0.201960075522863
-0.135176252576212 -0.00989015842348618
-0.104448391775682 -0.56030605965839
-0.983000851833566 0.00895181865472098
-0.708897091698298 -0.197880051503777
0.396881882174084 0.372716505675224
-0.417400982142594 0.801528114449335
-0.621675184024052 -0.273904917295384
-0.222028988846576 0.322800680821718
0.463214218789949 -0.177998069167799
0.434185274445033 0.507947953940948
-0.954418968526913 0.000693669554097149
-0.413990943520043 0.570993151438941
0.343374796011095 -0.822585196905557
0.394705678037585 -0.813463239339693
1.01946971154003 0.0395571486012928
0.583635098796517 0.597014338819367
-0.763331492523881 0.0224285880608751
1.16577310107908 0.0132736235301423
1.32554049553054 -0.158593793073707
0.45142664626716 0.776596627399183
0.996645000514112 -0.42104499042944
0.36739797188087 0.709681625252623
-0.797410386370869 0.0552981599206557
0.606773306870475 0.473935784417345
0.45497885258507 0.507557057084353
-0.698298071541266 -0.384916355257162
0.541166515420855 0.830898261409979
-0.76639621960426 -0.754590170301306
-0.82684737027199 -0.430787752306867
-0.484516718986127 0.774947575592044
0.568067098296154 0.0348825167958815
-0.018376882987391 -0.879095874476928
0.695914923213021 0.086010827428085
0.276331406258167 0.783413378209388
-0.846543215594969 -0.427377449148305
-0.913038845485103 -0.645442506772828
0.2743239401551 -0.231391386185518
0.543664545807391 0.0530714203273593
0.446896293837494 -0.0113482663833535
-0.70455602733432 0.911821278710714
0.478873254665246 -0.405382778444123
-0.0168295801860915 0.797786276310991
-0.856678596412168 0.573905036888422
-0.896132420104127 -0.69191582541889
-0.690342568854011 0.291117733192637
-0.653575968585946 -0.397925712534781
0.12305070274158 0.787627117746181
-0.893404858776716 0.380864365676876
-0.0341594874699192 0.376657540298975
-0.685542607649937 -0.497515066406296
-0.720369947543434 0.272002020481886
-0.310552771618662 0.637049200892185
-0.297724810954956 0.607667615492404
-0.600226475450971 0.219034162659665
-0.328893838698498 -0.410592049862621
-1.05704044969728 0.0325942392536513
0.157931180343899 0.234375598408123
-0.0795235589240372 -0.623157460544633
0.462976476913314 -0.339424661900934
0.112671078728996 -0.0341355586218481
-0.0642644751803845 0.656418944813065
0.0273123052175748 -0.0608251061496007
0.24654994988328 0.0401834395502084
-0.352317147637591 0.575969871995199
-0.253249076686611 0.49028152429886
-0.645301243394179 -0.473819138022337
-0.754221028955553 -0.341091902508043
-0.483647547602324 0.123593290172412
-0.438963064607626 -0.258819937380159
-0.60438264149584 0.236664371404375
-0.0168878975801789 -0.187036571123276
0.151908705544863 0.00889454385988533
-0.350482995580196 -0.358863745364539
0.00466047323952282 0.315018165381756
-0.279188916348172 0.072030294869357
-0.545773544680948 -0.215201902404833
0.199415841379164 -0.151724253649575
-0.261965522826823 0.150242732408376
-0.611615889036064 -0.34774190143853
-0.146910049681721 0.373719538230181
0.120430813941585 -0.0310985732786602
0.0177296562352882 -0.563664032628139
-0.111712828976828 0.471411598951452
-0.166316108642112 0.351113654456738
0.453550746184898 -0.00671366795092162
-0.00559256728129522 -0.66091589249449
0.0269123116758051 0.545156803965169
-0.498937212623585 0.581672567747766
-0.543439841934259 0.587179073038688
0.0836862763358825 -0.7568142486249
0.065643546666773 0.572580268206819
0.143234633073524 -0.777383913458585
-0.67081982169408 -0.559594275444775
-1.12551406429132 0.0246594416797466
0.157532212969014 0.686144558759416
-0.556531498032219 -0.803806622121163
-0.507568149986329 0.846977270727645
-0.0800895426216712 0.748738908995853
-0.883342546549819 -0.597193922390344
-0.24572623736076 0.789473821286109
0.532619655357723 0.0940332849846811
-0.11576188453774 -0.984798509753179
-0.52792647404122 0.56628309405529
-0.214703452006345 -0.811252746404573
0.326615616486938 -0.113356526058945
-0.0628765115423464 -0.841844935497696
-1.32702089532677 -0.000815695524816406
-0.231221285356315 -0.72147240105822
0.334094818735075 -0.105418295584883
0.42779538778792 -0.0264292670698199
-0.0867269975050415 -0.685267332031163
-1.01728174309712 0.0593136478452259
-0.158580789775661 0.467992674163338
-0.121810639975708 -0.599542582453187
-0.127666873018547 -0.504980214434812
-0.112477187490698 0.327722959752644
-0.57554926677456 -0.179406383921174
-0.210911200022806 0.381916611679716
0.132775117056958 -0.0289481572042727
-0.227504865504654 0.204022614668399
-0.327774850710587 0.207560746657298
-0.312702068764075 0.261725739142104
-0.345324437543447 0.162838577311121
-0.252817492429262 -0.444745976679225
-0.357499051485087 -0.435305455241563
-0.210385280364109 -0.52300298100984
-0.618450989854287 0.487936455984554
-0.336081861524316 0.265219624296112
-0.0407322184797576 0.0719241316115271
0.0957311888931242 0.0766991883305513
0.00466341380736974 0.0339048767854336
-0.101872968612391 -0.07416612570799
-0.306692705423161 -0.291455274779366
-0.457561074479024 -0.20697453185292
-0.273114374270407 0.206988556243553
-0.272400013480242 -0.267386977663853
-0.34967840661728 -0.157320116633787
-0.0522121379332955 -0.005607070548293
0.00734258487356555 -0.0738612809388184
-0.0576306058625456 -0.178837178902392
-0.273202731279219 0.0911655138850349
-0.15182070776929 0.126765052934894
0.132137929664618 -0.0478363833840669
-0.0939276838821607 0.0786302027443259
-0.126956792014992 0.164296909495903
0.126233335324196 -0.108053872173148
-0.272211849134573 -0.186436008033601
-0.0523934667273064 0.216167493864291
-0.352718467307508 -0.277298966306112
0.0108407362020457 -0.369393080915411
-0.285525993136925 0.365964548712384
-0.181108298414013 -0.223950642967599
-0.0749798780180754 0.21063772249824
-0.0983573605376882 0.200786609650629
-0.372422419492073 -0.00920446861310567
0.10367070111252 -0.207923102037141
-0.0103236505385033 -0.118513786568548
-0.0559500771433406 -0.209267208428929
-0.194075508680482 -0.107337838626976
-0.173792703300273 0.126288850119627
-0.194949470269748 -0.155317017332154
-0.00490672963096747 -0.03664545666723
-0.159973946367992 -0.195566765891918
-0.189165362813211 -0.0323550023904248
-0.273925855598328 -0.0772878224773043
-0.271829801987161 -0.0380764465721423
-0.154451758411894 -0.0065143087364742
-0.125480623626701 -0.0478950735778265
-0.184332383341136 -0.0384775348163585
-0.173305019431749 -0.0142478673106659
-0.174226480272104 0.0122724690092176
-0.123052163565849 0.0161726925723638
-0.055012086650312 -0.121402982831215
-0.169383624092063 -0.0523218350685384
-0.15367836401364 0.0372500174671117
-0.0441137226284451 -0.01553447995711
-0.0457792206084353 -0.073443890504553
-0.113112780789444 -0.112176048906155
-0.107553907406386 -0.077262036883235
0.0445390983947365 -0.0244158455536975
0.0596505069068737 0.0483111867242499
0.126265885409921 -0.0484699269579186
0.0198601940163152 -0.00369130554726112
0.143475136854232 -0.0616882833196443
0.221862690815557 0.010898772589781
0.223683035935676 -0.00459503447379514
0.0582942576942151 0.13572144439927
0.0302504364829735 0.221896100982283
0.169451572610616 0.116920625659379
0.147655839910846 -0.240123083929669
0.0438919339957111 0.0149131785253295
-0.0285930216080177 0.24987179736425
-0.202952787150084 0.0666537595331732
0.226203570300747 0.0870531177372796
-0.255768139297526 0.0299271625143673
0.132603759591542 0.0558759111836813
-0.212522807468551 -0.0312036599770717
-0.0312493991106456 0.146069719775794
-0.0132663087369699 0.0993627740856579
-0.0565273493606812 -0.128738096236276
-0.0502065155460273 0.0750141430744901
0.0663211929335225 -0.08208689335044
-0.109249971906704 0.038140378075272
-0.210782729650781 -0.0165287038403059
-0.0397693779985446 -0.0193682988252477
-0.0639435639707775 -0.00079590544449357
-0.0173982170183749 -0.133714337208664
-0.0760867523201393 -0.0479666043692795
-0.0334907501345436 0.0791709127742744
-0.109482671429457 -0.0351896716502304
-0.0612139871242322 -0.102360260705756
-0.0774982476244325 -0.0816949831937804
0.0341992015670939 -0.225716100287387
-0.0514133603252272 -0.0856461360618793
0.0756515130424022 0.0123273056559084
0.0322196679051302 -0.113323819477177
0.152011110692238 0.0594731484804799
0.126698967545667 0.00754384219294167
-0.0775196834276958 -0.0225142876312876
0.110476136709987 -0.102722874438877
0.130709302615865 -0.0492061918146574
0.0850934993367282 -0.0752943717257642
0.06677461457812 0.0318198823729996
0.074945334956015 -0.0861479724791144
0.0561964160057505 -0.0575297814985883
0.121599813422071 0.0700503974509265
0.184100903964311 0.0395958847836629
0.178262482101953 0.0631011686834194
-0.0268562801255957 0.136229882401341
0.255697167522373 -0.0480306110640795
0.211840753813902 -0.0286683602940551
-0.190684937848432 -0.184834024675608
-0.000184349410688806 -0.200758064018338
-0.252590404345938 -0.016837965757003
-0.0779570140332267 0.220117543640275
0.0432957057928142 0.134944518156374
0.093461900308776 0.10173402655795
-0.00897345028364538 -0.0363328898949285
0.042797694568425 -0.305158351584983
-0.0454660490751294 -0.123591124042802
-0.0356160305208126 -0.242679566094834
-0.239202702594582 -0.0375933973581632
0.0830089426204047 -0.220732872565665
0.161843217885051 -0.329637460177904
0.444543512967376 -0.373221367613837
0.104308300024762 0.318478497547603
0.474686630736831 -0.10312351670042
-0.0668721758890038 -0.0466851407232645
0.175260268303111 0.203557054611213
0.146492220832997 0.200753511551349
0.328378551483543 0.0385238751487172
0.221705675987641 -0.159987516697465
0.142117270917906 0.202614838458106
0.0385419725831104 -0.0227870403648266
0.247109633486277 0.0345633136701949
0.214268127046031 -0.00590873457322658
0.0340837855819824 -0.0229319378697495
0.395216095066189 -0.0367376631852695
0.348095732662031 -0.0595766210232555
0.0183457354090944 -0.157383123658845
0.345214148085727 -0.0101238788165405
0.19876318549853 -0.288085767598441
-0.0490346254233195 0.351337560474367
0.287477444109988 0.00923360653935462
-0.142932034341591 -0.164199879779379
-0.197842384642238 0.222754586831154
0.397434951938402 0.0127434465820434
-0.00646176090975543 0.105845236573283
-0.28281747964614 0.199852639527496
-0.0231552001352451 0.317019306563979
0.081339460462646 0.294529859339532
0.00011662806798772 -0.424917505884697
0.147845193706234 -0.537254296689633
0.105127609398217 -0.0123379838618126
-0.353349282423674 0.444587794542208
-0.177091268984198 0.341579787708236
-0.461038405894091 -0.194219987320622
-0.431920767912478 0.479223531294436
-0.857830825166082 0.0171718869125253
-0.211624257935698 -0.547641964165577
-0.216219481469124 0.533035848267283
-0.298851661628384 -0.429317956027403
-0.538159979315862 0.268268368566612
0.231656372830442 -0.175780196178248
-0.350201366283537 0.541292845471022
-0.284966890827296 0.593587783794098
-0.16735608033513 -0.0228014440824292
-0.896625478825028 -0.169849822480317
-0.517011136016955 0.744248950778496
-0.638167497061825 -0.570249926923045
0.384950460689382 0.351852363920909
0.418440293316907 0.326902640304063
-0.168154333846059 0.572693408962986
0.481955627271937 0.252329602915419
-0.290714396451118 -0.332425854683312
0.310606165093799 0.242864205684865
-0.186536029273949 -0.221696927960159
-0.292292890835208 -0.135989539485617
0.280869538393308 0.466013482342474
-0.40594045514432 -0.0677481060460972
-0.144564771834604 -0.261979086972684
-0.268490757828448 -0.428139504879521
0.153747781604013 -0.303947370073827
0.654345956159532 -0.0855197688138181
-0.308585765874343 0.14371332608334
0.463071901587689 -0.332017494617586
0.66538746054524 -0.0440039960545482
0.160496191332084 -0.158508628119984
-0.0394145271586266 -0.000866678872679287
0.299000550469031 0.156670531243452
0.504312210065168 0.277278454001506
0.485636400872505 -0.32533020057247
0.333673434095399 -0.0504680331997404
0.251170551827409 0.353331861131982
0.740327011236013 -0.0924028120743837
0.251902575509594 -0.0528916794373554
0.443603111411075 -0.161109880089062
0.267713203836311 0.33641754674611
0.303324924805519 0.328794390849051
0.604117292908127 0.062291712479513
0.350973139367265 -0.638574786464127
0.180987477663555 -0.549266257617446
-0.149684076763736 0.200498970779301
0.0691639044594737 0.544129122920731
0.301056050301299 0.509374820321118
-0.139818826280143 0.21281783318872
-0.784568864125932 -0.0077160802192578
-0.508424723527687 0.435726512407904
-0.0795506387394339 -0.582360389871215
-0.552728430936336 0.267547676274929
0.701230576964676 -0.101968688337142
-0.0350241085041771 -0.643831885523661
0.484514464709115 0.197155612113839
0.367980550837757 0.637286996735163
-0.640104917018483 -0.121362992895151
0.300516812438939 -0.750038139490795
0.886633241246453 -0.0810894580611836
-0.0436129773264086 0.661419368178321
-0.00718697528400265 -0.34532440296755
-0.0360226795434976 -0.76105551521144
-0.295943664644951 0.0942063949109009
-0.171222808262584 0.594205563438116
0.661138454548181 0.442798934498256
0.210876085427073 -0.570684074205504
0.377660896370192 -0.334521598793953
-0.482598638746664 -0.0122740163587459
-0.0896368297807796 0.109307943388124
0.0464089678880403 0.681751760800916
0.362381820998367 -0.491379723812217
-0.46296758183636 -0.0054613651839243
0.860002621609794 0.0559678294052872
0.925878121002649 -0.0947827596969793
0.19509857986058 0.228171751380893
0.768464489515616 -0.244828216122715
0.409454224847321 0.451761256967269
0.44545668731455 0.419641942042229
0.466699245686109 0.0962230482439935
0.358982954887731 -0.569001215616725
0.8893286518672 0.00913516781797048
0.510778387641503 0.110302085170206
0.51595735184933 0.24033631764818
0.80087758367157 -0.0541521230517537
0.7979732853396 -0.029199400411612
0.602320348530951 0.347461186573223
0.535140263768209 0.354713221034428
0.282630408285367 -0.591757410696542
0.197993664146171 -0.513695525164517
0.107284157792128 0.423400376628382
-0.389024017257223 -0.341050592700353
0.547618093782708 -0.121930944227143
-0.488389012564257 -0.393200829995497
0.0324740128548829 0.374099118659265
0.404084309842891 0.242286178921955
0.433661935843717 -0.800395215483437
0.395999691269559 -0.864237465629846
0.453219311998601 -0.1805809279328
0.713730246039925 -0.411979089350286
0.474776109906161 0.333126543345954
0.149325495023346 -0.713620588900701
-0.525694439654799 -0.208385169963242
0.868077640592753 0.150412446715108
-0.204220975009603 0.824654021390019
-0.0247478401429263 0.698130845655633
0.713318992211095 0.55284483535372
0.00644669040116527 -0.0411417640592087
-0.0509500671508202 0.781196656746297
-0.25649954932729 -0.933641681394713
0.374540198783054 -0.641300596215256
0.465048271792407 -0.52149963568789
0.0745435053664205 -0.85582934582456
-0.48594986295562 0.0813634072366559
0.455812181907483 -0.572695089345333
-0.357735426332578 -0.805068733562217
-0.290450767674198 -1.04212771837557
-0.189934908754457 0.874984782055552
-0.238609103430553 0.960601073288995
0.966349750010844 0.487153056101286
0.687773031492187 -1.08970604161135
-0.675538676195812 0.0771973036205295
0.725583586832548 -1.05008629399774
1.09497689283532 0.721615191603221
1.15862849038817 0.538401157770988
0.941273851523213 0.77892190838318
1.2464725840722 0.616739312943652
-0.274883143523446 1.22176041004994
-0.418544889551402 -1.11602321171757
1.65855751037604 -0.159369602848172
-0.316702724871551 1.27115754330274
-1.22958943827567 0.0737013420715421
-0.188700291087185 -1.42097455930131
-0.301817001721648 1.38645561835347
-0.0139179995120659 -1.49516463785794
-1.17266721204029 0.0517916735365708
-0.0391658442444316 -1.30963532633957
1.41995029427503 0.806118960380468
1.03261645156777 -1.35554061513219
-0.950096629719734 0.0344107096305576
-1.06369445605329 0.0130202459594671
0.104723006980168 -1.25525047783936
1.36537225753509 0.757126051057703
-0.412073047279494 -1.18790528402154
0.99025312527367 -1.18131519633119
0.205423564965782 -1.28597751685259
-0.0634626924110188 1.1767366921342
0.0515941594191858 -1.1991013164563
1.19062903998795 0.650183276373858
-0.991124264028394 -0.0108741602515713
0.00667647307152372 1.1619089331255
-0.170383229002676 1.17139785391653
0.123221704727978 0.989443142685874
-0.0156449134439718 1.11077027233401
0.229174560954344 -0.990323545548596
0.0604823527930391 -1.06795550859703
0.157040842665479 -1.14398594542227
-0.164725954996164 1.11024907501186
0.963630583288586 0.878990303389126
-0.960887698429037 0.0247264367212168
-0.508620320728094 0.126181133753087
-0.640293487255945 0.261061131032116
-0.430908546221645 0.109720461343
-0.12903763909598 -1.10615265658443
0.200090151899702 -0.864659449554039
0.790634398239825 0.870097939350239
0.177286111127459 -0.924275163050854
0.228019631871122 -0.843497078452867
-0.503625133002255 -0.83157030478255
-0.272427991220558 -0.511712909556312
0.225572052255106 -0.97937348766784
0.484008616381908 0.445427308966902
-0.357304026928661 0.33118958712454
0.338940351829938 0.725705374573151
-0.742747691006078 -0.380139835882363
0.952498986139187 0.095881889504508
-0.17297699680358 0.420539694017719
0.915071821808172 -0.000347150433685988
-0.137997515436874 0.470984696222821
0.997369076774652 -0.106065641060817
0.0765013702035769 -0.764039657003459
0.431380297445198 0.215634402026896
0.706327617588466 -0.288645905591413
0.144644731029698 -0.748015959772805
0.780281489871412 0.0309956448335324
0.481047771007255 0.622980626913888
0.270352713914288 0.661468060006203
0.207256815356746 0.513263040168475
0.209756295820297 0.465045372865764
0.110276171952504 -0.572764003616735
0.104880187589914 0.525755614869365
0.0222599238446435 0.528437616136581
-0.0942191825132614 0.371017039118187
0.00816009149050977 -0.69512406386113
-0.277206064255282 0.291175380773963
0.225324484160413 -0.699189109908884
0.00787339694790135 -0.71095442948528
-0.143623588655014 0.573046298847448
0.323371684396379 -0.160974977299339
0.274085081992216 0.685646327776117
-0.819585069578465 -0.364665274115565
-0.706831900309831 0.508577063133275
-0.386627852947021 0.362824695788186
0.649290351313907 0.0992920814337801
0.299319355302362 0.847247099750969
0.369988978107436 0.76455538721953
-0.135620781515416 0.699607393068699
0.390153107522497 -0.359587348191171
0.759760853593282 0.13091940428678
0.796064502982524 0.161653847449277
-0.520305979957469 0.282375279175582
0.824575238023349 0.232352193137926
-0.96592780313842 -0.244288601744802
-1.17030355026756 0.0811804070249657
-0.78422916370042 0.428158460339762
-0.891587085440199 -0.263489000484499
-0.939226962418349 0.503430606149433
-0.10905861440778 0.974926111490528
-0.0385224168224839 0.974835812710172
-0.946899053165097 -0.214897757899118
-0.478119747247491 -1.21571176175546
-0.957929142642849 -0.175943629627416
1.14476920761506 0.373940344591204
0.894478002823213 0.977644441604815
0.62914550992484 -0.534107170792835
1.07194325402947 0.992227465322732
-0.00362992910754743 1.06856578694616
-0.0781318986618404 1.05948703536299
-1.05842925625762 -0.3626463476731
-0.0168341407411894 1.04757917867706
0.806805519372303 1.05512324387492
-0.413763284338988 -0.678099209818093
0.691787221925782 -0.408404831485118
1.00171055830265 0.103670018543494
-1.30219159376485 0.077285563457422
-1.32024160266199 0.0802706971043642
0.0758672837375642 0.977823361396295
-0.651065194018284 0.673375556003649
0.624925275324238 0.878185766504207
0.09498266355536 -0.952678651300634
-0.216137466808136 -0.74023872999275
-0.547226663204118 1.03806793489478
-1.35310711810109 0.0687754647200285
0.787323848819648 0.0277378749603815
-0.103603918151851 0.740189175904043
0.307328598859116 -1.04997481162666
-0.880642717756773 0.606261726818035
0.180077647958805 -1.10969398316726
0.123611420045643 1.10153314506897
-1.08420742193338 -0.322488897713054
-0.646314330351576 1.03308262229337
-0.705620375567095 1.10905445378044
-0.680067823569122 0.377888205082901
-0.0652844562163883 -1.00376135170677
-0.711979350428378 0.442591498800477
-0.67986956373071 1.17825057742374
0.43843746848558 -0.495774834745787
-0.222412059187914 0.995614312298086
0.493120593539217 -1.23719562893272
0.917407954749635 0.292270864878819
-0.789268980609914 0.337276617718361
-0.212989072883815 -0.00261973829501543
-1.22323033966345 -0.325832178874096
-0.86195545148342 -0.748733835260011
-0.98629417791973 -1.0858482092666
-0.573548063800785 -1.39738209471308
-0.694049860504635 -1.44541205486497
1.00340974227708 -0.930078172286593
-0.242241938224885 -0.0348675016721288
-0.687836281718001 0.38752009651513
1.23236368842943 0.26886366393275
-1.55573340380148 0.0191196546481632
0.707373286207862 -0.465539761652592
-0.67033570018624 0.459519638563853
0.525360597608474 1.12149034058606
1.01294227565736 1.32299848659644
1.14766713364187 -0.827639239365285
1.43763877282585 0.262663311898656
0.839994196486846 -0.625314900068452
