-0.16586151438082 -1.48513914185308
-1.24484704526477 -0.190271585658912
0.610035533304488 -1.1688007661599
0.556289288962821 -1.25200118599893
0.697376687056406 -1.1889801421776
1.64175117353918 0.624926302574317
0.136577015641959 -1.47535277603853
2.09985757661659 0.241038411340821
2.08433813836654 0.294312901620946
0.959520719850997 -1.14109269730021
-0.268492297067909 -1.17376246876106
1.61759462187238 0.0905816979274644
1.60020811233826 0.243074893023469
-0.680884067883168 1.34090367032266
1.53518061134776 0.194518988247913
0.570338763551899 -1.12388057381338
1.36963734093589 0.0315014475020076
0.647984377507586 1.22847408200325
0.606475408789673 1.0813808363402
-0.67173826296872 -0.817180587620769
0.977477695344784 1.0358252848779
1.19634025672842 0.00192651490864737
0.374568447641866 1.11455228890627
1.33147758102567 -0.31805125795509
0.786800129444279 -0.929354266765455
1.74360698030758 0.179496724979332
0.812365303685189 -0.80741604307428
-0.445809757450034 -0.0471896106295429
0.215277925189359 -0.261648236565987
0.0320609164759111 -0.166088117055177
0.228641808073891 0.0443394824976085
0.153491770140756 0.041681195905265
1.66903924224397 0.266416262880612
0.697086300437756 -0.558529536513949
0.797378452634362 -0.26679052375321
0.627359846652987 -0.441131126947358
0.544635245819876 -0.410998591677308
0.0855413013353939 -0.187304635621929
0.535819123800488 -0.234577355745159
0.464541515406039 -0.175396773267648
0.233366409848585 0.412975824733803
0.398960274171667 -0.152505341583204
0.380126515757117 0.381126052899659
0.40686058353173 -0.0676607114728446
0.154735483514962 0.456185671640112
0.530530393312705 0.233957678532586
0.15675485652841 -0.150298815936257
0.483807214835857 -0.410698508806383
0.105094108195089 -0.278741311786562
1.02543539540772 0.121079154036007
0.58193644601348 -0.52579622933854
0.373164203892834 -0.415349629306909
0.496621984369662 0.547954749600939
0.279056889667249 -0.464622389981747
0.554358463241675 0.521866839564621
0.470328942575834 0.527618909874524
0.163096512391067 -0.510162585320391
0.62302552121268 0.420597174544296
0.588320413035495 0.30935373935992
0.14264655515619 -0.195350462074671
-0.203431894103536 0.00616892893796649
0.859081546605322 0.372286588426709
0.797862703200873 -0.0143682511527384
0.61185455080543 -0.229881514901099
0.0968667864698474 -0.155285987023988
0.809932734621319 -0.0761703240285991
1.17108258881481 0.15220818902863
0.684830858481431 -0.0673237773105001
0.607201585889311 -0.137704405396183
0.945187354410562 -0.477038745723994
1.26797901403874 0.125669133817478
0.775575358860294 0.454958962549118
0.610898990423054 -0.312032230099927
0.13871340086629 0.00772498215493711
0.583656524347525 0.668374509610888
0.655175167423129 -0.270409017621742
0.473419651881609 -0.350054904292193
-0.000418804656218907 -0.0223019290854554
0.689565510429369 -0.415069482360286
0.179796633396603 0.0810293505284376
0.824240464061786 -0.493306439117413
0.50175510607516 -0.493306022700219
0.682523494263458 -0.535631547431686
0.693778186120836 -0.496491272328854
-0.185649868078731 -0.0786729123992137
0.652494753394602 0.506019678497046
0.0637108089068757 0.173048149857736
0.177970723733025 0.276285533978752
1.29133472618315 0.427075886707791
0.87970216874156 0.483328659408963
0.637794484254293 -0.745716928447785
0.924877826551964 0.529215021031944
1.02210783375219 -0.0781774098758958
1.12540167579437 0.311549076906467
0.393792558686478 0.822687376918307
1.17882572354866 0.380136718971024
0.546526438909769 -0.865060643790788
-0.241087255496438 0.946805915293098
0.963572374049326 0.340609559652528
-0.618452232289491 0.540794680242548
1.05213675581928 -0.181674845451631
0.137015804063257 0.563002135078093
-0.168274001189467 -0.977380789399997
0.643021087975923 0.397452170103367
0.261288264180939 -0.875698351625879
0.131999599373976 0.744055824255068
0.23882510314492 -0.711146820812233
-0.47230852130964 0.400247079420393
-0.26668193216576 -0.623255322703052
-0.0184382422530832 0.820383859375904
-0.122186744842789 0.879748351492209
-0.86197062051966 0.423594059602231
-0.309434725077275 0.518789306593638
-0.00301955872688198 -0.67701033706897
-0.850688172997762 -0.589503236796287
-0.339129571127879 0.664504571760531
-0.71393372285475 0.707065817365248
0.519711157746152 -0.0273247520560828
0.590050338709101 -0.0187472991078511
0.87382470349352 0.129992649680288
0.611115248439205 0.0932571544100261
-0.195326568829015 0.893291890434841
0.404435192899118 0.0901093866179904
-0.901581064127177 -0.68050809699393
0.244712363243598 0.0181135457447442
-0.161809907552975 -0.758699493136955
-0.308958533682837 0.747817774128453
-0.670490010620256 0.481494467987459
-0.629678922704617 0.663459309316058
-0.322170589650687 0.819091538332641
-0.0189272087048343 0.881095900026372
-0.264843460489113 0.861942477527973
0.0618509827045903 -0.959186291371199
0.618794331133724 0.121831388526055
0.595959383996968 0.00718192961457334
0.156849253539815 -0.918150904394336
-0.58583417111778 -0.815052984303232
-0.541151241899172 0.676424214872222
0.697895626870693 0.0386635658101849
0.0668264768109246 0.695477568475172
0.599684876823345 0.101007049276658
0.601420464377549 0.0408182920839111
0.615069043938978 -0.0214028817982506
0.527976179625476 0.0499601720043814
0.170747290745713 0.575871890247158
0.408309121477998 0.0993398677609014
0.42911985538314 0.0677180150407259
-0.0287686410721412 -0.587959091557136
0.18041736822629 0.0599057027035198
-0.140146418051466 0.625763907863604
-0.191395834968671 0.619101660958845
-0.646412572930754 0.731880081841767
0.0173196032494289 -0.786093602180063
-0.917387681633088 0.583631270219478
-1.36212853403669 -0.171266133638392
-1.01334736881707 -0.646100013000966
-0.188918834426736 0.969744000230316
0.571552997564854 0.199796091132365
-1.2303644411814 -0.156186371191459
-1.0737440056102 -0.115677104683535
0.488242562816801 0.00157666855763199
0.116597586020415 -0.618376134909357
-0.822031881839409 -0.107115542457466
0.0632007449959697 0.542027713654819
0.0692370726695843 -0.437467582014048
-0.100110583284798 -0.292425478668435
-0.102841721634079 0.318226380577429
-0.258494977018333 0.357415690461064
0.114300651173772 -0.490568987703935
-0.514161432890502 0.0677945054401281
0.151416169460555 0.0846012286555326
0.109741871181669 -0.33588898037353
0.0603895451267976 0.143615991509008
0.0681845903461807 -0.223253735423347
-0.228906236289173 -0.00694537201463491
-0.212618531316365 0.00797236836625811
-0.0254959909636915 0.0201640290610009
0.110698900220203 0.0138376156245438
0.281966223821885 -0.0759154670508119
0.283048025246824 0.122606211169958
0.103911644723713 0.133407286783439
0.117945958056327 -0.0330074922741202
-0.0973711738532761 0.0094514828042766
0.162971664629094 -0.0836298381330607
0.459661606315036 0.065674209463086
-0.0118336468896853 -0.128434468362399
-0.344900384953423 0.0208923772424669
-0.059343842749326 -0.29393090247621
-0.284658400367275 0.00624680083533204
0.0225954387349884 0.308255349981571
-0.354167976275379 0.040669828602548
0.214900885968164 0.195435231790019
0.0258525659299436 -0.212077017231434
0.253277447978265 -0.0915012567594842
-0.0877571478017941 -0.29661527899184
-0.0333671864146647 0.116159856714986
0.0404323610092475 -0.180900316132488
0.126376016736836 -0.253802472488793
0.00447781205744213 0.0571813582869343
0.0640531069551168 0.0633015304046832
0.100146635083863 -0.100929403835724
0.0975598498151986 0.176305966194709
0.212447485924449 0.0193595906233859
0.187940417376374 0.0824123581613077
0.123880342603913 -0.0720473274838546
0.260373552857418 -0.17337105146452
0.128739938035954 0.239188219212366
0.372543963901818 -0.0378790203513578
0.199379484139172 0.302430718731103
0.215491867245998 0.246205868609313
0.168072923734907 -0.275427679113251
-0.187897164791532 0.204214081802416
0.431515687878363 -0.363340621877205
0.437460428556023 0.396664388399137
-0.0814176484402068 -0.41648725661205
0.00474751670280719 0.429728799997167
0.425788191483832 0.0503208592346928
0.299872954776381 0.0644022297274219
0.0990899691085713 -0.0642073897944853
-0.0700931408497561 -0.0697315751100069
-0.148049760445508 -0.138224722436302
-0.290251713867546 0.147170935334974
-0.207262457551845 0.107378839977366
-0.192517384639589 0.0901097890552151
-0.346808043180509 -0.180738262719217
-0.0504851559320473 -0.210493263288432
-0.285821311155871 -0.21069031938352
-0.588447294520872 -0.0936443312872025
-0.507663079600876 -0.0154583303311878
-0.146364606878012 -0.321908581467703
-0.194694909811473 0.192517457847891
-0.324682262708635 -0.0724593191066602
0.137785069713755 -0.0675124609179252
0.0590350975295251 0.120745334540108
-0.112673663742326 -0.114924841112249
-0.186422850529434 -0.140233228143214
0.175412411809348 0.0416532121761406
0.00413936511602581 -0.0460638609718407
0.25547619469757 -0.0030526051083985
0.113973755983687 -0.0541875546270763
0.111733840896085 -0.0754791182214421
0.18824703589157 0.0237058503363675
0.0931425576866288 0.028890778227119
-0.06400841686412 0.0451034831937791
0.0510062494999649 0.0949959664436542
-0.237376283586131 0.0144676335182799
0.00987404025456787 0.0589963340990539
-0.365724810468293 -0.110927889289886
-0.153529463164178 -0.144974857359723
-0.38546607659356 -0.12066939086454
-0.360584453966234 -0.142388004288727
-0.583578627438382 0.0272595238517562
-0.259839977140645 0.0981834865412396
-0.735663217610255 0.0328095411038651
-0.32395151485117 0.260825152820644
-0.851734293327961 -0.19248419758286
-0.415910615208187 -0.475030470092033
-0.523810109284774 0.354987274135434
-0.503086586537616 0.107160148724322
-0.126241783943797 0.0775587218498832
-0.453223930219381 0.132265914191205
-0.387278089675774 0.169387928880578
-0.276366360753238 0.243113844628073
-0.037469116342135 0.0407551841588972
-0.210015555260332 0.201091407688275
-0.458334792264289 -0.377391489765085
-0.464572494122152 -0.243043931275076
-0.147908446417469 -0.0116155359189884
0.0666843258363073 -0.106493716904947
-0.00525897880051944 -0.360561420989785
-0.0453478345342544 0.128913861915365
-0.0717062565566685 0.178355536879695
-0.00130704291165659 0.310414445263723
0.086850141600437 0.156974898513153
0.0093138379629496 0.167993606094606
0.240295031760535 -0.0242310466029514
0.0929361375819368 -0.0541734876774421
0.0558741238049874 0.0343078219913086
-0.0376534143159377 -0.00565381553094487
-0.1854103742754 0.0611030866623884
-0.212625450366632 -0.0255921998198396
-0.228163778811288 -0.0740846723130778
-0.226683030951859 -0.00381776201231108
-0.307865151078345 0.0570814068696405
-0.322331051908415 0.0490170968560481
-0.359607058259849 0.0143366108552622
-0.468533431948122 -0.0247465235600892
-0.387619603417677 -0.0430834824728627
-0.530433437051446 -0.0179324859233432
-0.525090720600268 -0.0644232375085607
-0.717168254975508 -0.0654204722144778
-0.731838525172064 0.00771750450238142
-0.602566874937653 -0.122036489364704
-0.937701205258245 -0.0804400358004441
-0.902917478582382 -0.0986876867382608
-0.94377320522436 -0.193693139997735
-0.793871479729322 -0.0376289639793486
-0.719103684980997 0.0913016382764187
-0.379715391085714 -0.0303496063605183
-0.823529233584822 0.0320836385288328
-0.525443670464898 0.00282756543650284
-0.290381452225559 -0.0574267935696884
-0.520863264306415 0.0324441206237885
-0.521654907346072 -0.0161524199785411
-0.396502918644103 -0.317030216391768
-0.283762423441191 -0.0315725991154365
-0.424823377639462 0.0574331947026677
-0.367584617047131 -0.224238901029588
-0.424938034756963 0.147197592379123
-0.190353757820125 -0.0653687110287955
-0.239178953957573 -0.0900220329641555
-0.290392998881471 -0.23500375337652
-0.638430621318962 -0.0514883651320784
0.00881972134363543 -0.170418002146668
-0.341562822981501 -0.0760691060641439
-0.01839775527883 0.212539035492417
-0.105300256131362 -0.143086193933343
-0.229096599384786 0.208885141387078
0.500641376390611 0.0208545720669963
0.0292275071376747 0.301121376634016
0.00474986581841308 0.254602346189755
-0.0798869599823986 -0.0198417655170681
-0.109997452419423 0.0185062481321946
-0.196201062096422 -0.0129859030390626
-0.199853222097345 -0.017539221937639
-0.234269244349474 -0.0452903570141874
-0.353180813309113 -0.0580508315306254
-0.45108890749679 0.0995990811533491
-0.396379286596573 -0.156997948413332
-0.437805874363695 0.0819089927418328
-0.443962204441138 -0.160034600942415
-0.647773431186397 -0.0923600650555168
-0.511352822170287 0.130448071524186
-0.338345919782768 -0.0377840535229784
-0.450904458750332 -0.0932243555956365
-0.450244399250841 0.0593514648470304
-0.400251266390635 -0.0471320184259304
-0.268541173506431 0.093525444026937
-0.22624527870131 -0.170211876562346
-0.418146659975257 0.102511696809549
-0.566791593584753 -0.322571372065725
-0.495474428729407 0.0807849626918739
-0.0223021522200177 -0.150781680937609
-0.206851517733965 0.205469568576672
-0.263432970278426 0.0540352827806669
-0.108232637280053 0.100364005743484
-0.201392858640208 0.117256302658615
-0.35472782100885 -0.242423447644939
-0.14875613985718 -0.0200843850093018
-0.11013696886222 0.256746576493069
-0.272037199442372 -0.317841551438086
-0.407472334359686 -0.0580170038555706
-0.557504199634332 -0.0489834529107759
-0.60264134608395 -0.107236570611584
0.238364875750813 -0.394181510667733
-0.226586746102255 -0.419883790594759
-0.668748050710587 -0.139000215392019
-0.061364468680036 0.500350703880763
-0.608212735146384 -0.0347912502431881
0.59163811970388 0.0720550830953749
-0.437114863729972 0.509116248662246
0.254679339818306 0.65755286543865
0.107577054454198 -0.469490743700899
0.572710148194648 0.0878672374420034
0.415471044935394 0.231891670797512
0.200088489236761 0.361650437331726
-0.282411490921925 0.547681926431097
0.259821378689376 -0.163070473200629
-0.56999180065966 -0.301570245916208
-0.0289387661427152 0.583068537552127
-0.404694076355054 0.628662939803314
0.00580805676789839 0.417817127567678
-0.187258160679907 0.431687102395175
-0.0660112054319105 0.639540374000574
-0.649502214251536 0.7518949507569
0.185518948017622 0.925400597694338
-0.365424434370168 0.4604222336257
-0.708742849557951 0.98105687913489
0.0716020212417126 -0.827619882199301
-0.162965265402897 0.00111660030981781
-0.685023437323725 -0.355768091551625
0.595603723481547 -0.497790375949559
0.2113187250531 -0.459278193846831
-0.562382644618424 -0.485188721440967
0.0109098578520914 -0.480448750261205
-0.158819143192606 -0.457657537588513
0.295898698594101 -0.450524116554897
-0.118227231512912 -0.583864740176509
0.0349099509152045 -0.738523642716158
-0.563117758458113 -0.356052573617238
-0.311425359093843 -0.409908899276692
-0.000659657607793046 -0.521837930325786
-0.528836112665429 0.166115354533116
-0.292288115775482 -0.503638209957552
0.0481403233619455 0.242015756892898
-0.558127137936499 -0.464000199269596
-0.112844615382455 -0.642195092653437
-0.578864883331756 -0.213924927109827
-0.423700472344992 0.395519260611093
-0.341937318213835 0.649526473952716
-0.512875931735352 0.369183300263022
-0.423716695465242 0.614380261622458
0.339081842062511 -0.0252819506511515
-0.682038689068016 -0.891823058550871
-0.0156811857303144 0.772441622731905
-0.90072849440488 -0.834457403854344
-0.46602365520918 0.803078596167898
-0.448264896335189 0.813380676205715
-0.882551485328825 -0.940499192893381
-0.0144808553838996 0.935097672783295
0.223010769573307 -0.911850646264862
0.558980687511743 -0.0652617989659146
0.416975740178135 0.43803448806622
0.625620187375464 -0.212945225109375
-0.346626974008051 0.863653070408105
0.584997610071047 0.188186203421855
-0.835774460497067 0.730753906875995
0.443338003259793 0.230402979022584
-0.828284000382364 -0.268555417007449
-0.782156319052603 0.26545578417605
-0.327509407895549 0.694711670963228
-0.472685471017007 0.570375191467333
0.296008917045665 0.270494859456614
-0.0639866979798605 -0.889409053248206
-0.291727896108415 -0.720185850068322
-0.791075290434156 -0.546885020518136
-0.140491351194018 -0.224256857476143
-0.011232991049901 0.182347917924906
-0.889699093648972 0.253355465939526
-0.999463884260917 0.27174374588781
-0.661515878646224 0.41376024761785
-0.507399390369526 -0.642206865781078
-0.861588366418003 0.100053536407726
0.0212477177094252 -0.0326139200859703
0.0504296222969561 0.0130921845593194
-0.393733147270606 -0.446947669771706
-0.985013553536178 -0.0748142625893315
-0.708590914546524 -0.482360093365936
-1.02530574287683 -0.11583972840294
-0.760890241130202 0.450592899676826
