-0.0108244521648513 0.650591273432829
-0.488389441898776 -0.228179141587299
-0.165231858214893 0.457980818437152
0.00822053254160845 0.735595562920108
0.380225848244087 -0.0469282548204516
-0.559454283131828 -0.313308063054385
-0.587415235418191 -0.463649825284683
-0.235372064887593 -0.679260197901747
0.220454593062832 0.699677574583884
-0.596750990381905 -0.470854434728117
-1.14046181517836 0.294494411528159
-0.516657600510282 -0.184618099191016
-0.0793294538443248 0.625770177597962
0.45331495033741 0.646397331620159
0.116362874677268 -0.376289251230295
-0.447594620889849 -0.623233421307171
-0.533215284554603 -0.67250629390647
0.818592521792799 -0.146154241608981
0.990609078191633 -0.276183509080919
0.000546249774112953 0.630094652282891
0.0780934168362186 -1.23369285975178
-0.766457003153262 0.85156126465648
0.605740826942998 0.54344891109435
0.983062101662726 0.688383712219124
-0.640615346425715 -1.07059785329838
0.561153379391192 0.768426606406388
0.0904891953838172 1.42107551090573
-0.624616090147507 -1.26892586128394
1.3663727391123 1.29924927251576
-1.02587973033059 0.571752850539564
-1.25032829292535 0.15999411748291
0.8839880338634 -1.95767507170472
-0.690866954158716 1.83104956062155
-1.90445711839845 0.464142088046934
-0.0324881964940966 1.80265163665218
-1.18326348907829 -1.49069257913545
-1.15385230020546 -1.42549844080418
1.49360467979143 -0.400352958235442
-1.12249857574804 -1.23880614065949
0.949618828674444 1.13065186016398
-0.539120388141281 1.54144935915899
-1.49065993708529 0.436021486261193
-0.736675976404855 1.13543723849504
-1.43678319035486 0.330066817667573
-1.32192712273759 0.340264897574292
-1.36107466466218 0.345023090592019
0.561114941843599 0.886131379319034
0.0244259491953292 -1.02012297216902
-0.0577077660704592 -0.868442254236404
0.471805813657827 -0.127367505535691
-0.315567182004148 0.839702371572135
-1.01730625213569 0.22840580533231
-0.856623940035819 0.55944959177673
-0.538927610705049 0.170267895625597
-0.652703372339653 0.000467050335619442
-0.559120430999427 -0.235947613789647
-0.618177139842003 0.776020972315295
0.0964630785099959 0.00843874395767435
-0.323839506734122 -0.293737019889446
-0.536735634739944 -0.249143505923125
-0.772888966557891 -0.208900560033803
-0.189236957658233 0.000100081977785626
-0.611727513038458 0.40769424408139
-0.366121547825313 -0.143480564259064
-0.491863358676128 0.444840219102554
-0.0589275739431913 0.0874083976886031
-0.627651411162661 -0.074247916231976
-0.267385348899512 -0.0331843683727136
-0.346961822287507 0.190756509571576
-0.152275190657015 -0.00747681806305076
-0.283855810917237 0.0711181886736167
-0.289130988298235 0.0157868777184995
-0.138610754094358 -2.45316602342886e-06
-0.161654656452168 0.0564498188782662
-0.22074413362767 0.124823986839974
-0.200938679892195 0.128038398927277
-0.012362734284705 0.0100857016198135
-0.10436705377857 0.196366512321757
-0.0229587023333835 0.161243734719673
0.166347166809418 -0.245076647073029
-0.186803465749065 -0.448948575836288
-0.00475809970069353 -0.382304559696487
-0.194786152660045 0.0684171285981658
-0.139023975339742 -0.415524077660839
-0.0982314605575524 0.134534371273802
0.0783191480128325 -0.0375171568669585
-0.0858070984311079 -0.159823649390428
-0.288037820890307 0.267158216113058
0.035046443954831 -0.591776212987933
0.698441462489594 0.00165674829436584
0.539455376654484 0.010250874370221
0.135470105451932 -0.648239947495697
0.578644497124391 -0.777092137600622
-0.137748206292024 0.172648975119238
1.07373828123636 0.169753714123996
0.179842033275196 0.726652510076841
-0.192618174213078 -0.0781201657309168
0.77096026157358 -0.453651155595012
0.80166976791838 -0.864767961351036
0.347311012093706 0.392031810930166
0.772101776827241 0.285699527773466
-0.326327612964438 -0.0151971052851573
0.879214396030977 0.378200157213572
0.372142249228616 0.2889604681393
-0.339227652157142 0.100399863479217
-0.196282749140521 -0.738691737637725
-0.125867499685414 -0.644748944056561
-0.0874791337754124 -0.639242048127395
-0.649677577065341 0.0222919495456239
0.662783129575661 -0.680398422589989
-0.0441807757341035 0.564585168290044
-0.328975715366098 0.699633632505366
0.236395743308041 -0.513692988733152
-0.345719439953551 -0.47284283747448
-0.361719385420732 0.227816149742892
-0.222776521266985 -0.342702875930211
-0.46031456416141 0.253197803942401
-0.629657655667698 0.127688198538865
-0.177951898953704 0.064103325660746
-0.0953660961295018 -0.0876924697344265
-0.231423766816955 -0.230695695143361
0.0438626054723225 -0.142494187146833
-0.0602772074757743 0.0656751278501072
-0.354187301410032 -0.0582500871661492
-0.141803573788677 -0.0465244173843807
-0.0548834260030389 0.118131422772561
-0.0897057276548534 0.0814951137789474
-0.354081641563977 0.0478011397799186
-0.0273702746978692 -0.103775425350499
0.00556816096782076 0.159835700226606
-0.111236438239914 0.0395235792338327
0.202227924594193 -0.0863803191623747
-0.00126368362039484 0.190270070598223
-0.271224649058011 0.167604831701486
-0.0435644633911122 0.107181967763976
-0.0424283998705632 -0.165214198768532
-0.137730298697665 -0.167274210792113
-0.323914087285477 -0.307843413608855
-0.534085377712319 0.202203258646568
-0.689954000102514 0.162554569494565
-0.109391465732491 -0.298696595204276
-0.33878274299265 -0.455900740004066
-0.221033473658875 -0.314831684626669
-0.0251435226355694 -0.561287962879013
0.239248702546751 0.527630331240782
0.00734732578493195 -0.48727709847393
0.338187703218419 0.375785780575614
0.30535668854683 0.559788879262413
-0.635252771110625 -0.552434268479944
0.322123452677225 0.575798982005952
0.719035759516905 -0.29711035343929
0.178840335148091 -0.672116851078152
-0.70041248850594 -0.418198943847783
0.364130383594262 -0.142424617197165
0.654886599824813 0.0326712798428512
0.435481191948317 0.531857045595495
0.653348539960561 -0.729263253438896
-0.356688013390537 -0.315046507476274
0.18008429231384 0.615807121871197
-0.269062435405042 -0.498481735503988
0.413914120992896 0.425014674357104
0.679708692645553 0.363610167049916
0.108954153353274 -0.491668341676816
0.592149769798439 -0.0305202829272659
0.415576378348162 -0.293315537608475
0.324862338889354 -0.338898667316189
0.0980303117048605 -0.298875179027211
-0.00903229889712606 0.261444720453345
-0.0848806166190548 -0.274249350776347
-0.171361193102305 -0.366199739883467
-0.107469790611708 0.0589513664825519
0.290379355030843 0.191858727514337
0.317393296083474 -0.48620123359584
0.154210913972618 -0.4593691802969
-6.06339234665368e-05 -0.26370506613459
0.312749574525226 -0.225870274765566
0.0204208710481864 0.213847619415794
0.131222143584971 0.029299740481528
0.0550371521583141 0.245050719895564
0.12927495978309 0.382234050568531
0.053727530992554 0.309792550923445
0.230737881872613 -0.135203134713238
0.173612494817665 0.324317011199954
0.0985735017008034 0.398369692674047
0.344887343191835 -0.115789938118585
0.250118070718859 0.332134747386151
0.359540769581071 0.495085442814615
-0.126717393131329 -0.18853301146388
0.167814040458142 0.211180239633314
0.369664666812052 0.0406205267415297
0.683178438931986 -0.199727496512962
0.683228081573116 0.0877075236372711
0.281325732832219 0.707985835313983
-0.120915298483326 -0.604393130735472
0.274127980817076 0.660614189169411
-0.466379943631479 -0.154903032542183
-0.529687088595092 0.503072721892967
-0.481316500941936 0.573862736207012
-0.579226880040346 -0.155597947992252
-0.630768973722248 0.637784846221107
0.323520279082913 -0.203065354527076
-0.642639902350228 0.654737769404974
0.403118868628595 -0.169283152160132
0.0462052567428519 0.411589248741716
-0.452203612413627 0.782282861613796
-0.777191365925005 0.557170349816718
-1.11606763329351 0.183560941010154
-0.408189871178098 -0.39007634301248
0.0876714689323715 0.415294735874307
0.590519452228615 0.542698557895772
-0.364333476431643 -0.625754458107527
0.045975686929212 -0.492534237806126
0.424594973406004 0.435316585242161
0.117826478525078 -0.266579335472267
0.29813331680123 0.134924225312453
0.0706875415237474 -0.510962359039398
0.16063920668977 -0.461467109861357
-0.145126070942167 -0.128264479696505
0.664506507442254 -0.200117790141452
0.234438163470736 0.0148477195030018
0.277822700450982 -0.220195203397806
0.183340145458271 -0.291597064717461
0.234421752817809 0.154145980814544
0.411289916012601 -0.286832862741747
0.095690626450996 -0.12897409492238
0.152348532053134 -0.0194601807206898
0.229267635522111 0.0399102638654601
0.426418328004774 0.0287841636595725
0.212079216220979 -0.145001124629582
0.221030713614825 -0.0892155207155506
0.10035382338844 -0.0905626536536373
0.245960822789465 -0.0838584801419951
0.0820708401210244 -0.00260175586935134
0.206752495524825 -0.0348780728682102
0.292291865987517 0.205038242593373
0.0555925272741088 -0.372016802414125
-0.0103052527800279 -0.39311653113573
-0.112441318589541 -0.437035846311757
0.187948955175146 0.411891212027209
0.8400095760363 -0.305019187750959
-0.0819809987303924 -0.521735461723019
0.624445285736198 0.332956166996183
-0.184678567507111 -0.0405451987914668
0.697354820830691 0.42008879119399
0.296748891358901 0.444941689392437
-0.481695104966551 0.102989508509937
-0.12895784312531 -0.71643928436512
-0.0788700598539062 -0.718269214548881
-0.489631483788127 -0.00253487599023175
0.674701269576833 0.589095794736963
-0.429920667070526 -0.665555658963079
0.535748955483799 -0.596435313876787
0.324017742560837 -0.844724067975204
-0.38021234705507 -0.629240711866006
-0.0975493796087133 0.54680552583807
-0.603781969653425 0.307564873129493
-0.495645644896734 -0.697483475450189
-0.4562558541959 -0.544058034232296
-0.815599463108034 0.211859496148476
-0.832636596899044 0.171149248662887
-0.687667336729314 0.261975428058999
-0.766953670345863 0.292935915415704
-0.28726076159786 0.518748165373067
-0.198008624850791 0.375243062404427
-0.282852503064592 0.298489852000246
-0.492512044972771 -0.506908583916968
-0.282230829647428 0.0478472676874029
-0.128636524947515 -0.312923621813184
-0.441864877294959 -0.341934042028183
0.175429244573009 0.467330664617185
0.0450172032435612 0.102806287201367
0.138737527177799 -0.0483146339247994
-0.0521144603848102 0.364483459170624
0.439807395152034 0.373506344575408
0.569447274552997 -0.125958693653109
0.581418470763018 0.00609428731316377
-0.0802173376552868 -0.121650483857442
0.101061888820535 -0.0926387509421739
0.226439321419755 0.0548279193539757
0.0717419297522251 -0.242697687533737
0.499515620788597 0.0327640638444665
0.491781520265489 -0.26734912549213
0.390410437436051 -0.32504482410743
0.601249731591605 0.00140449195363133
0.488437692474927 -0.2309329543022
0.610581178963952 -0.120536491356332
0.628617262784181 -0.0295201458434556
0.265732235513099 -0.188538549145499
0.352399870783637 -0.142003765944148
0.458806971026066 -0.18955538061209
0.28078635801709 -0.185758772198632
0.421436999664721 -0.560148454740071
0.304425797755061 0.00716345065819315
0.27123608003155 -0.369495694160965
0.694847153076844 -0.446553131501467
0.831470481330607 -0.373240451485438
0.600170623551094 -0.143326089123463
0.750055384197104 -0.133868532098975
0.838400332960098 -0.145840811029985
0.729648715609253 -0.0416290093861163
0.71583281360958 -0.241172008829005
0.964983966546385 -0.187345880924406
0.469472964672404 -0.0672222044839237
0.964868773340573 0.0189605802884443
0.712123764485102 -0.318726497186035
0.649671755997306 -0.322696304763159
0.427069054139421 0.00630246937530341
1.05117694633216 -0.180830172435537
0.642655366193734 0.138948753127557
0.577264365810663 0.176799520047167
0.387280169006636 0.0128822666681537
-0.108683712787354 0.02359710189048
0.0669720878989509 0.0952603709760038
0.553099330972803 -0.145188585669864
0.218602468149077 -0.489618585170776
0.523607338447536 0.269644046782117
0.367328693411839 0.0915686360394051
0.485040037527515 -0.0919664133243284
0.359541253197696 0.26834606104724
0.0491827664609056 -0.172786604634083
0.345367457001706 -0.0790036356402109
0.0908996172412541 0.224839978991944
0.21800338948681 -0.0331187952171956
-0.383932317934868 0.114847628149676
-0.0423985625666981 0.285796699327299
-0.103160051516056 -0.0438648159072246
-0.202786418854377 0.0789253954268819
-0.209691651192248 0.0684590438617893
-0.600790130485202 0.153292376617755
-0.151996543328085 0.207094348636733
-0.159212594647082 -0.136408394587117
-0.191475685625999 0.210532002117993
0.106019717931143 0.319228195975579
-0.114702872932331 -0.0765282055410772
-0.475933124965271 0.197827797751157
-0.362351740845079 -0.203846395566385
-0.337214589836103 0.336945636541597
-0.45435645222822 0.386821349543369
-0.462895220468507 0.249290578000727
-0.0988257021787653 0.0132902476358077
-0.82654620059897 0.211550395936694
-0.300611301652228 -0.240250926248704
-0.130753989405008 0.150440536191311
-0.645014897870609 -0.416527393477772
0.0372112417908214 -0.460841407883669
-0.688712099411532 0.209378460285954
0.0612747470651962 0.589043615108036
0.185574529548806 0.531957356675
0.363290492934522 0.572280839761454
-0.689752479128758 -0.0715935993724087
0.436418386139828 0.731734842096661
0.212131442033626 -0.870991392188881
0.923717596370882 -0.632180208881527
0.979436406958879 -0.497746374696795
0.174925334763432 1.02611814194964
-0.142263070009836 0.582812458441466
0.9422410879952 0.570501495062243
-0.431335065222879 -0.269873847852933
-0.290230194621692 -0.162294782511995
-0.519307492152589 0.360703419137053
0.196295899820187 1.26082232514846
-0.537671613161522 -1.16155654189365
