0.279638832395878 1.14099501873983
0.242345084088574 -0.612757516287338
0.0553571216816813 1.14564865505998
-0.701952773229262 -0.321624700998111
-0.804594238845251 0.991053453058017
-1.1961765954814 0.237084048247092
0.494206952922672 1.26906444022794
0.152104278457624 -0.775006998571882
-0.386546365247115 0.907470619194551
0.735247679804722 -0.659281398550355
-0.0647465042115424 -0.848105441546842
-0.960075941345534 -0.249469460362
-0.66872377903592 0.961905434267431
-0.15936494548339 0.857931048091801
0.634811499514708 0.932130442809162
-0.198686596775151 1.02283056826095
-0.227017938766425 -0.994115938184445
0.655428729978206 0.934554541072495
0.564652791777588 0.797769266353274
-0.623127828799786 -0.0600542652598671
0.110539164861609 0.745648869052951
-0.397885140458153 0.857150579726626
0.611031638641939 -0.688225777892053
0.0651487144133432 0.77612441198117
0.349447715356368 0.592493435573148
-0.618198969058578 0.232651254273519
0.82951886879318 0.560427132678459
0.827299562986472 0.589295393904381
0.16137418876394 0.818082066709304
0.506234002838869 0.23630560455694
-0.168625206077668 0.367159770170448
0.326962399464893 0.799041466808415
0.247969826868289 0.836993715761594
0.273002127987054 -0.785368650434824
-0.0916861038852193 0.916099443118961
-0.176973996270007 0.932538520442952
-0.510304369778625 0.990420888164052
0.843250286155876 -0.156819281431301
-0.510686880326188 -1.04432152267278
0.405440800019987 1.11505263098443
-1.37460663129116 -0.0569195913169588
0.203942587060088 -0.98051977982956
0.0227065196269191 -1.04816761105503
0.0153179454787073 -1.13291673099684
-0.454747420314725 -1.09256022541868
-1.0051603933867 -1.10812922048753
0.443276457830245 0.00994181580370371
-0.494590061200897 0.923167925005943
-1.09002676955386 -1.07001328743249
-0.786007601519707 -0.666969804090095
-0.772492372060662 -0.669190973874893
-0.017078235641276 -0.0231655496052126
-0.108681049481393 0.0474706368222404
-0.697351725274968 -0.598571524316426
-0.802465491027734 0.492409341668713
-0.886153469950078 -0.456718778695794
-0.452051966258847 -0.00472127190168099
-0.514813770017594 -0.0160048795030295
-0.939334897898552 0.182777887559986
-0.905563058367543 -0.226627766653283
-0.638466848587715 0.0439701464466927
-0.695984508127931 -0.0976500008059061
-0.802591571255448 0.0407037145860298
-0.77542120120824 0.0713375265181623
-0.593701744246897 -0.127794925684006
-0.996347015244875 0.012264338005743
-0.801828995285446 -0.412099742764801
-0.402323768810268 0.0627452106033305
-0.623552469688832 -0.26720258699395
-1.0089891633413 0.202547190763197
-1.31698892370574 -0.0382392674324085
-0.886614470406026 -0.651041985830078
-0.0245699281692818 -0.0102036315298546
-1.03256599897836 -0.628750246079087
-0.483488850009859 0.790489168163931
-1.1515112975671 0.42711227374296
0.209836302172765 0.120131341421813
0.454040650821479 0.189341140364343
-0.1449589553527 0.973059509504052
-1.05712279098091 0.520545512059945
-0.245651528399569 0.83269240206144
0.121702417549757 -0.998952959596882
-0.749663867401886 0.512760119535648
1.08709443004827 -0.108129795230558
-0.127264946129077 1.07194504605042
1.12785484268024 -0.0615434868569555
-0.287766365071709 0.331977099474911
0.23358937028265 0.856512866225263
0.554986474027533 0.640092028355905
1.53616974338791 -0.0409277344912279
0.148647990163832 -0.141598882871718
0.757162239143939 -0.487299720400778
0.263507450532382 0.0237167860217027
0.703222140415263 -0.417872538013573
0.787946756366662 -0.34683879503553
1.04479819120084 -0.381811092476468
1.06520145717236 -0.101932329540352
0.852286342719828 -0.327109524961203
1.25532021915268 0.0439895615978223
0.834912703532489 0.479932428659486
0.891453651050039 -0.444634727424159
0.579636156733446 0.598853325646406
0.944157604157583 0.715882554952609
0.701682981851363 0.51109232403727
0.946833090502487 -0.73045914909299
0.570142002363906 0.583958949951512
0.928662122381983 0.865722226091348
1.28767312425895 1.12598605245749
0.332335742507622 -1.25581375487533
1.72487208869438 -0.543074132095923
1.03801458827197 0.791430874468816
0.874131612164676 -1.06542368444186
1.00510455795355 -1.00657709303037
1.31409439320517 0.527927940744572
1.11838384314043 0.81779285464427
1.79710176209433 -0.777254971439695
1.24540221337317 0.508404113844569
1.0521511002525 0.662547609432738
1.6288379452822 -0.241107745621301
1.16687016552333 0.268842435291986
1.52722495128132 -0.311138246271215
1.90493376245101 0.0322498050844778
1.49570023185144 -0.399925313469675
1.04216421726092 -0.247205412513956
1.1664112144015 0.231314380517244
1.11394989857021 1.15562654352267
0.61879944450827 1.00416790387716
0.538453047219198 -0.978614358792658
0.197056682959182 -0.531703778362534
0.406647137587055 0.928779822010134
-0.169100387176456 -0.46593405933204
0.81450002891682 -0.370035607914722
0.828744416028431 -0.767691611289969
0.330555370811842 -0.772682895415831
0.197388143561876 -0.648600182234038
0.360607629951887 -0.62440832708712
1.15538946949263 0.104686364508681
0.987018225275367 -0.137472739709741
-0.126447552378435 -0.19358683152317
0.558875304660704 0.314398044804127
0.756414445260846 -0.625858558601603
-0.180617035214548 0.208840267356465
0.832255837521295 -0.298741299297518
0.965428369107143 0.0302804091705288
-0.1139397467417 -0.147209280192883
0.25515256189095 -0.37672546207254
0.536920068817918 -0.258582810005586
0.136300193680676 0.567158045943997
0.661647715655035 -0.0837577626233508
0.542481629077526 -0.735858838019711
-0.623073798525924 -0.491207824976225
0.821658407493343 0.368017016533345
1.20106054075898 0.0531612536014376
0.689215330156083 -0.843741509357015
0.677439172344009 -0.879511565973923
-0.820423226975285 0.297174870327893
0.984229086530689 -0.431056779451627
-0.588531832296378 0.305288843768164
0.805200523915743 -0.930412758319792
1.24012457842176 -0.179050233090675
-0.018210562639778 1.13843999809912
-0.446295472393339 -0.331265544490852
0.918871644559504 1.04032796438088
-0.0372482592919102 0.305463758534214
1.45934064254316 0.0868496649349492
-0.267621184525928 0.0960799497152196
0.591167675749271 0.558078141298221
-0.20492700037252 -0.0738445779856583
0.0424728413139279 -0.894881916928668
0.194826306696672 0.753968280052755
0.0957406229378714 -0.776871869709631
0.105402744350004 -0.898689839561158
0.127097920526572 -0.92880582411737
0.343255078496467 0.598838895727591
-0.474031948631742 -0.0738702096671035
0.157776527654534 0.766261122210358
0.00681228576838992 -0.830948215210543
0.631991823469504 -0.74151000905637
-0.0973308654038067 -0.831595167800378
-0.888765282312299 0.0124199143646383
-0.149299316511606 -0.762742643875154
0.119272828442017 0.542665219867852
0.496899805516319 -0.688451933908211
-0.419750888374179 -0.00448493857089759
0.375405193895404 -0.352875581048327
0.288895233166515 -0.815254364422872
-1.01235494121779 0.0138504674887318
0.344136497147221 0.405406777809282
0.133274107247993 0.298003682448428
0.0145481078430812 0.24776834398599
-0.363250100759862 -0.517922298368247
0.110969052884983 -0.125116983237294
-0.102025751776502 0.154572034039132
-0.475719753886647 -0.0927009511930076
0.0737748677098579 -0.0107492351883225
-0.642141833493996 -0.071050522393434
-0.750994061832208 -0.040841145173952
-0.282641528035826 0.186484121293533
-0.590225339730499 0.378549957924332
-0.305230168144608 0.151620090539128
-0.376415941866063 0.306873151955759
-0.328316874988652 0.312602817128048
-0.376516195169012 0.184812954821129
-0.286302687420755 0.249707046593099
-0.215341766756288 -0.378711448483163
-0.278574640030804 -0.438039317352907
-0.169981719314612 -0.609784139012496
0.227103235208383 0.299177054218992
-0.850440484174618 0.250286993350979
-0.726101052097859 0.201921666062304
-0.827205851298398 0.00166605796773384
0.259757489699006 0.172698083973635
-0.0628941991329344 -0.544664964690555
-0.597446845579252 0.210895480138597
-0.544951317549717 -0.329973017330804
-0.157243331709306 0.452521886291639
0.0755004444596219 0.484579612338709
-0.303718260311046 0.404165401811622
-0.595696670658023 -0.103129304642202
-0.343975814679597 0.421742086447462
-0.753073610418657 -0.174034018352206
-0.483779859087581 -0.542826004909239
-0.436919865762916 0.579336500134365
-0.826742329235507 -0.139165830518661
-0.557207446955571 0.678318635655013
-0.827970090875439 0.76468802298732
-0.548053027064255 -0.849537359887009
0.702741238056113 0.0881482009616214
-0.56627356364002 -0.101017869819738
0.370230966166871 -0.629275358729338
-0.156109739788234 0.425379952188473
0.425594448303738 -0.383771859336677
-0.0111961711091178 -0.580616991957434
-0.0213240836023292 0.570708635524353
-0.248317619556947 0.511627541553017
0.485342556758602 -0.319683395262368
0.511688756044516 -0.189367907050076
0.149700074142169 -0.358459652695202
0.464981366672876 -0.277525781464713
-0.284044034169053 8.20998798179602e-05
0.123249117006771 0.320800441936665
0.185055541697928 0.286234505077203
0.572964663766679 -0.053402695780823
0.0274405496753209 0.00983380124857973
0.0725669243731231 0.036849450467622
0.09881932599621 0.0280060505276433
0.0646375536007495 0.132176328262127
-0.0288670161210524 -0.263931051461508
0.215367538207732 0.253833115249316
-0.262270967684415 0.0849350857719026
-0.569314842510377 -0.0180305070969935
0.429203007599421 -0.381342640304857
0.51989845309806 -0.273303605510732
-0.614547836791018 0.0001012418736001
-0.75348753999435 -0.0380240282009205
0.374828804825837 -0.670703108087894
-0.91014997025176 -0.0494265864443271
-0.563386451872073 0.553526275613098
0.198002360166923 -0.494988641539011
-0.146534238857699 0.502662753206664
-0.190221405375682 -0.53101129285452
-0.460080310524644 -0.00338775729380879
0.338316203307562 -0.217462036570943
0.247806244904223 0.326901926918826
-0.023595418447542 -0.325408215328274
-0.167328323432288 -0.230551651844323
-0.59954640835713 0.0734489695306477
-0.201369653411244 -0.206258518952215
-0.401749313436396 0.163963775078427
-0.0144594568645479 -0.0258319984323852
-0.266851778821845 0.08404413919082
-0.221775822272851 -0.0841574008402794
-0.223695178308866 0.00532999739618277
-0.252950654332895 0.0239956276013563
-0.0365693840389374 0.0419126985126061
-0.334332436654777 0.0213244382394642
-0.297097922342121 0.0854574826742493
-0.167211595140191 -0.206354433241869
-0.288594848097367 0.0679171915333262
-0.383328751146348 -0.0672446568575498
-0.16899691604583 0.196510389466975
-0.103040980947487 0.230722364639434
0.182158899803387 -0.0671586810099712
0.262058335069346 0.176938153002873
0.054685716685876 0.129485595728712
0.0297646394736473 0.0790324247346996
-0.0240816928059314 0.0205994800879746
0.0543663644194625 0.140564279043742
-0.00757085170614785 0.0135424782171132
0.119188516704879 -0.0236685774018864
-0.00670551410275542 0.0588135207105284
0.0705472935802135 -0.0265783945809314
0.223956855278563 -0.00444364466369856
-0.0172842304026039 -0.113018128966595
0.0281562314184248 0.0290034586472243
0.0116081656806598 0.00624871145519628
0.128670978403873 0.0530178874194969
-0.0338578150615168 -0.0231233070406335
0.0843666940695784 -0.110247271391651
0.237847098213187 -0.0534024747603688
0.173086612724648 0.211186458968734
0.00767622153192789 0.259532112351293
0.271268392099366 0.0183005854894842
0.395872945793366 0.0830793252455583
0.30397784714349 0.208364116773784
0.191746061952143 -0.290743218015117
-0.209739681170928 -0.29258721572838
0.324054669705337 -0.206412532719091
-0.0380108023390468 -0.150874723102691
-0.13512406099821 -0.0901022224940064
-0.303140338468731 -0.343282697630276
-0.498621615449878 0.130044281820661
-0.191543078242405 0.227644904209862
-0.0305569267773546 0.0018732606251619
-0.39772065996434 -0.000490762897047509
-0.139195240050707 -0.0763295631215333
-0.176161770161873 0.120628431770916
-0.26278948216337 0.0987105688043274
-0.300027935157089 -0.116565017023222
-0.12706858543422 -0.15161432468254
0.156289144025608 0.0257614104585276
-0.11169659684688 -0.304510155742545
0.300742639999037 0.0373958313863033
0.071937345425515 0.320942485145226
0.0650167000845951 -0.105021678439242
-0.0187723979528929 -0.119048368280388
0.00124424936585567 0.035099988006614
-0.181448375862379 -0.00729585401900543
-0.198025136769446 -0.29286198245577
0.27580295271424 0.0287748715792266
-0.274979873868634 -0.0777000320474135
0.155961866684745 0.246342765570121
-0.407893285718747 -0.20237061831983
-0.0439152524760334 -0.361759281410255
-0.338677122721459 0.514252028307174
0.442107603800494 -0.0359960415229367
0.33733477187221 -0.506571585509514
0.0215736769196527 0.519249315984674
-0.526586198115437 -0.506440888916819
-0.0407603023008749 0.571765672912658
0.240314532932383 -0.0289031010276836
-0.306669204789666 0.543070993528759
-0.263777906136983 -0.242671452011754
0.00419935493793234 -0.029335072688436
-0.756537205861566 0.191348453709824
-0.557702630369012 -0.315863934088572
-0.424833182501684 -0.111748696469845
-0.114329767948473 -0.00590168752728606
-0.341066267333197 0.125638248424038
-0.00256777777747813 -0.0216396057584163
-0.39951516084765 0.05861921714003
-0.247778627684472 -0.150213715259159
-0.310471752718063 -0.123124257853007
-0.0751524447702964 -0.0600439569174076
-0.305692845200921 -0.176301383194287
0.444005420545476 0.0461375267455003
-0.65486784502918 -0.0689251644670857
0.207777828232898 0.112099522132804
-0.1436063527242 -0.417151916513222
-0.83447464298581 -0.0704134394157449
0.0992238259448 0.0455011659624498
0.0890514235033008 -0.37994542611698
-0.24342703080155 0.443398997401862
-0.0160957455871558 -0.494121797696479
0.0807366690044625 -0.202804743646559
-0.165493110374199 -0.258355780969797
0.159682801130432 -0.206522362997334
0.0140997488116772 -0.319838866131496
-0.206549865093499 -0.184524621101316
0.0160926410784275 0.164312892287637
0.159929384916547 0.153111220016093
0.00560133223855947 -0.236035673534749
-0.0305957820944981 -0.00423857038050528
-0.098147283274128 -0.168710366752866
-0.210753494924107 -0.0241951903258914
-0.0134305692893065 0.0199356551101838
0.113401313164198 0.0389843954148186
-0.130529057623426 0.133846545482402
-0.146559259308106 -0.149994518408109
-0.257525786482756 -0.0497236037459481
-0.174868003497905 -0.0696072534486968
-0.0153660040077176 -0.0538884118417887
-0.356102275645294 -0.155911198605882
-0.430363031994131 -0.252951932915408
-0.312323896890913 -0.165532263244841
-0.045825952535093 0.24650885119529
-0.292018566994454 0.130256170649718
-0.426125712834168 -0.00619063048595197
-0.177354266672614 -0.113188466687876
-0.548114893767266 -0.132763705276781
-0.458983683368451 -0.315389362485697
-0.390897078211773 0.407675040187155
-0.437881832061238 0.382766873206825
-0.413620224803111 0.177931115911766
-0.206650004930214 0.126635485099017
-0.252283291405453 -0.353927443257503
-0.0424152016452417 -0.473037464910284
-0.362967612834336 0.1950790903384
-0.223039367515855 0.244950665091647
-0.199479644949553 0.239830823085561
0.0435279697483384 -0.395440630757644
-0.222468110981485 -0.411254268965096
-0.47091893090938 -0.0873244472041229
-0.0638273123794853 -0.384326599726482
0.306081293779494 -0.323137727073392
-0.234006521143937 0.572018184740369
-0.539414627389478 0.0302907980818622
0.583315253354034 -0.588229480145882
0.639889685322863 0.577529653070389
-0.470431592344766 -0.0265084129062033
-0.351569116826277 -0.0828279003145925
-0.526433517614192 0.0998343058725022
-0.48695017106978 -0.263575681305053
0.11894682999251 0.399300909370578
0.402460570999139 -0.743775591371097
0.566400974281364 -0.320529820619224
-0.75504727472162 0.145687968448432
0.0575777997586497 0.807816364372707
0.246898514491333 -0.150631851103486
0.18791368848051 -0.566726220107874
0.168224730345491 -0.717559659273879
-0.674655590405413 -0.203238688062468
0.491640061207471 0.0405956463112784
-0.386340739432412 0.459650500111566
-0.3031442769475 -0.542306496082947
-0.666978217826307 -0.00690982519041391
-0.485507958678413 0.531967532151997
-0.346221943868599 0.586397201600096
-0.257089407466957 -0.683083434400433
-0.25919668788863 -0.584559613337294
0.251678445633723 0.627338046766492
-0.109218095142076 0.423004935902483
-0.184177613227308 0.408344803291626
0.036792925691448 0.211217905646765
-0.0766026612583338 0.345729540257174
0.0768415375026837 0.442770881841529
0.215769207675801 -0.0502226763392712
-0.0270948509333131 0.0189308165018522
-0.298449855537363 -0.0888445958532237
0.156313762500526 0.0174278612746024
-0.503471964700896 0.0195147264041618
0.00596892880821161 0.32902621214706
-0.133510522237296 0.255730503348731
0.13286951947527 0.315143797259457
0.0922894529979781 -0.135486549855855
-0.056783773225693 0.134620356674127
0.0590838088321948 0.342563133999648
0.0341430971095414 -0.0284246825544843
0.170104327717565 -0.114664838733313
-0.212325413351692 -0.0960854544458008
-0.130247873824703 -6.58765282736291e-05
0.245359692130432 -0.105824747861356
0.12152585725982 -0.117238740759179
-0.219470019308028 0.0540170855101742
-0.403518979978914 0.00115906694019389
-0.0263814830266354 -0.35881375297267
0.640668024887972 0.0478568995987455
0.297263618315548 0.180668537823177
0.00730225131575647 -0.457358232140233
0.535197605848537 -0.144475292883594
0.113995950547973 0.228865142397673
-0.226813660954656 0.153917860213558
0.174859176388054 -0.19060569474385
0.201312187892904 0.194675803704235
0.155347911725856 -0.142344929476213
0.217845751699354 -0.154129706690725
0.248225046005697 0.100062612776269
0.305732557755907 0.0696567880846801
0.314230733059701 -0.0786521144113099
0.361491743662752 0.144826343452788
0.376106592833838 -0.0186106562749966
-0.015113583023527 -0.212841772589981
0.21337491221589 0.012528984312012
0.272088050793116 0.0479528081181869
0.422593735948491 0.0691172162448195
0.066294657553121 0.069420972862067
0.229703991346975 -0.180717091825001
0.486912317528186 -0.0208118922836919
0.247049196873155 0.0392694366088963
0.542187700421336 -0.15691854410032
0.215820688899326 -0.0791370115709459
0.294602316950399 0.0523683079976226
0.378240381639481 -0.0512337124668847
0.38422749718694 -0.0528071634385924
0.270041384190452 -0.262146509174637
-0.0181740955388034 0.0264537526160858
0.365861737923453 -0.151773543118555
0.374099081317248 0.0375132104838019
0.0182034320550872 -0.20066196479432
0.234279110686182 0.263337247294826
0.173051881906376 -0.00460368903743238
0.11773339218483 -0.285589419236796
-0.107174600787953 0.0750656289686352
0.331350346263433 0.144449541412883
0.0740621898192021 0.178236754609894
0.395716923221516 -0.0895055058962199
-0.237891262737764 -0.103358935242905
-0.229957072784198 0.0256299993758512
0.00218950579502075 0.125436039219093
0.198631849241482 -0.252054444292331
-0.355267165496574 -0.00355029034816143
-0.497835442731982 -0.0331994942325776
-0.396159062128243 0.258853165921495
-0.137612516527153 0.334701374011033
-0.341982836515428 -0.428592169485716
-0.354861703723447 0.291337079989369
-0.433076640467267 -0.523789135636488
-0.625533636707797 0.454983690432347
-0.707363580749974 0.109538200522327
-0.607343680820263 0.338396632601693
-0.00303737346086884 0.00687497079807646
-0.926597142663537 0.199590762413505
-0.84728418353863 -0.123608863770324
-0.901584812514272 0.10621333206274
-0.512565318928962 0.0457886550143843
-0.655229995099626 -0.101488312419838
-0.668138653716237 -0.108398997580302
-0.60282017110092 -0.0435474169004209
-0.626588746024576 -0.0534169462938137
-0.513255166535838 -0.162651942254366
-0.283563788009653 -0.074177761373073
-0.363877435002817 0.214633840351651
-0.328944639934236 -0.203381548566814
