-1.03771499597512 0.393892719114025
-1.34375269445164 -0.368707743190242
-0.87555852954029 -0.297185833272354
-0.525164932428044 -0.219271778475603
-0.498636404848367 0.0687158266746187
-0.813294049088592 -0.197640860972162
-0.741004633786046 -0.233905616525682
-0.354935698008228 0.0284026245447535
-0.651410310133739 -0.322910666105751
-0.56248440294285 -0.186759035721862
-0.723392759103045 -0.139832787940954
-0.702904289885927 -0.0645479777090187
-0.287716194061196 -0.135437565996146
-0.763990471106184 0.100746327889979
-0.569228537324529 -0.281136194101982
-0.682634145034495 -0.0556397489962979
-0.39248590527994 0.297652974345457
-0.256278440547225 0.187288186391328
-0.340769340685016 -0.0770761110646457
-0.347126964153073 -0.120586479114982
-0.500650424542226 -0.229336942458037
-0.434549676651652 -0.306034530964628
-0.413518336515222 -0.184604115954236
-0.561207760086984 0.0770521050192835
-0.540052497370556 0.00360935804270247
-0.332841151204359 -0.0738037647356591
-0.32729696474646 0.136643087574969
-0.402614081032988 0.0360256411023526
-0.309920209843205 0.0972447147788804
-0.312238232850618 0.160748324055761
-0.39808022948879 0.0761103177313492
-0.357185818592276 -0.0103012298370665
-0.331739795452998 0.10233786467715
-0.545896524798547 0.0226500093784094
-0.328855275673681 -0.00300769812363755
-0.399775451963574 -0.143929571053079
-0.331604520775558 -0.109401552406514
-0.34504055024146 0.0645645675828618
-0.110453867823818 -0.0511551472841505
-0.308043811045802 -0.222210172517982
-0.14091862849782 0.265188174331121
-0.397057819976629 -0.0340334791915462
-0.43281417786088 0.0346375497305217
-0.426231662192501 -0.0196181180622903
-0.330702067038152 -0.0196799874153382
-0.334948180738127 -0.035925151406741
-0.258201163036543 0.049226177539777
-0.0801477036516206 0.263844290717907
-0.211105685438038 -0.0681609129090627
0.108446501193072 -0.220411286126229
-0.171904826861175 0.07024017643624
0.379334413862267 0.0285149932773306
-1.1274809890785e-06 -0.0418690950304824
0.0559496566573838 0.184190584132303
0.13770060018392 0.140830439287363
0.0842407110228328 -0.09596109969987
0.279640565456326 0.0302406384421811
0.128077936802466 0.0343014635547605
0.115924360935089 0.0577060666227035
0.248030779106873 -0.0770524585572699
0.0394354330811129 0.00720576614373442
0.29802452333371 -0.0722748824354058
0.0318572134894144 -0.00375581382898084
0.0472651538654335 0.0625677673563938
0.41365747077209 0.00010832979947265
0.0812236961452246 0.171028413748767
-0.0581808735404364 -0.0507632402826083
0.0868086676498059 0.217186151200714
-0.0690104235792106 -0.00240173958007196
0.174837395077027 0.134780344499985
0.230399125339592 -0.307106673259022
0.173652309761515 0.30002162172984
-0.0324347224172947 0.0233033534730665
0.40023058604105 0.241974132038536
0.365578384351737 0.300954719563085
0.393479873273482 0.102457127779385
0.412963763017081 0.361658339193041
-0.0632838762852149 0.160405119760496
0.281038917102477 -0.172428265118452
-0.222078757173503 -0.0123992378315839
0.206813904911129 -0.185179071057318
0.217380826243952 -0.325865243727483
-0.0776785847614701 0.301528971531536
0.229790987792176 -0.322433651692202
0.0856438987556925 -0.220222246312765
-0.0332772221498183 -0.420328009485001
0.261051352448629 -0.355522617687386
-0.0157740848790721 -0.347835418074698
0.299844776779162 0.295446993778396
0.091669205232382 -0.300685209253678
0.537275644884107 0.134791448996956
0.39701967524518 -0.143141758535272
0.428081940296574 0.00447806142929282
0.292787955055936 0.188498082256322
0.473776762539351 0.248202445000878
0.205253662171415 0.184981923652034
0.264583632430539 0.116186061010817
0.348746850196838 -0.164381979687353
0.183596362017182 -0.17470135617925
0.323352019817526 -0.138222475330464
0.433114840960135 0.00534917063729952
0.300624823160471 0.203236954361689
0.463532374156919 -0.244065400400487
0.366195380817601 -0.135169396581561
0.431202069424027 -0.243536381481543
0.561089669346188 0.0228657206301259
-0.0183593340613681 -0.144195568504595
0.143131027455584 0.255968266456652
0.276509719019261 0.338159096489081
0.304731979844671 -0.0663924317027903
0.202357873846705 0.321317320285982
-0.126969430052348 -0.277681930503322
0.42757923660716 0.0224444205884076
0.18733092617756 -0.326196917177132
0.139942471707672 -0.229486235630456
-0.00615955989354159 -0.338002707000646
0.0644593464816018 -0.150253668632006
0.421313644615725 -0.209356223360504
0.38847529689063 0.387698641079161
0.126623422090315 0.32703946372558
-0.0555170856687419 -0.1215358759383
0.297635149201008 0.332851114192138
-0.111961333197335 -0.0626396002063464
-0.0637163651477791 0.164899229434216
0.876264595638259 0.0400189894695335
0.781559061769283 0.0287017653709207
0.198786144826187 0.410197391898405
0.180558656774213 -0.431387921389094
0.463322088302145 0.158490914228595
-0.342993311549014 -0.0303893497645735
-0.162752852203269 -0.220172736215329
0.0211254439356124 0.18022532208981
-0.162719031353711 0.220052625521659
0.0796779497146892 0.299046079908371
-0.209105159517197 0.240576555517474
0.0790134729419422 -0.122054476369771
0.280411363676138 -0.0151192291256937
0.14118402949761 -0.0963916229728101
0.107385933127221 0.169927211978372
0.0133665331075039 0.108637314806874
-0.120435742427136 -0.100814159012094
0.210430865923096 -0.00815639049900549
0.163037231669967 0.0386625823407422
0.241968763316996 0.0196148602422462
0.172070420995942 0.0124611768864499
0.138241469458893 0.0457333921876686
0.246753261929894 0.0501666366171407
0.232804065968731 -0.00994574709895774
0.260923483062137 -0.0593883368331711
0.416409957457521 0.00972661750909352
0.351857290584405 0.139373767981978
0.358572105932108 -0.0400182079381709
0.32990314939439 0.191158084186981
0.511959693028111 0.122042847501624
0.628676170863242 0.0238955792216746
0.0163887582939962 -0.240365429618124
0.247053796564233 0.379584099487603
0.507337624964934 0.126507638031734
0.345305003452376 0.00626112885982723
0.150601459058073 -0.146293303008488
0.43667980402956 0.0349033606113301
0.544428643391431 0.0149591807747604
0.0205916757248982 -0.202143063846115
0.310013577309345 0.215002783933403
0.287130321259404 -0.126132639216487
0.0371524712615088 0.16644085204211
0.19641179811343 -0.151650229543143
0.409553015394819 -0.11225378551349
0.179726499084869 -0.0166128613743576
0.325781308186915 -0.18220953717584
0.404264996537328 -0.121316849448253
0.601178419037855 0.0183538845605937
0.0657195050712788 -0.0101038944229979
0.22471668724081 0.0655760431931288
0.403737598705737 0.165675204721001
0.383323706491082 -0.0249555172850398
-0.00891212986004462 0.0319826214299989
-0.0114919138673944 -0.0777740695490761
0.198443264469312 0.00144649430400577
0.199421415311949 -0.143563942116284
0.10712240686735 -0.0575901504724643
0.165011176323747 0.168362784437565
0.161027348055666 -0.161085096600308
0.0149087022612437 0.249551583752253
0.223936429992329 0.0841198659551244
0.369480280707656 -0.255247196427249
0.130667172602716 -0.323876306424758
0.218296612334005 0.27579295478611
-0.0493933620941207 -0.0179757014389594
0.507617593241015 -0.275180464789934
-0.0725592080778809 0.0446496108141638
0.313495122678294 0.180769041701662
0.148832898315155 0.160483804762189
0.0763229651894194 -0.220072519937597
0.107343532350211 -0.235535107863532
0.277304896291463 -0.0868962183673734
0.276296767667076 -0.148833645736306
0.237511290393999 -0.0214215503994342
0.223792175440413 -0.0403218249967544
-0.27949164916352 -0.018096646453589
0.0654688841169941 0.156252847788852
0.0810634331537654 0.198072242900965
-0.0310007782022117 0.0534942887886738
0.162583011085176 0.227227244726773
0.159378129224724 0.252274017197114
0.284121846296059 -0.200423908260263
0.404907559633124 -0.0626085448170407
0.373785361720394 0.0070786661996055
0.220475185137242 -0.20122835034467
0.175190534452272 -0.241296474610868
-0.0678096369417317 -0.3345257671507
0.179041088216196 0.275438144938823
0.128366818934536 0.354693170149086
0.351161963413541 -0.181194142597092
0.423107619981553 0.143495231141543
-0.0779079863034292 0.278346027321022
0.29296421016165 0.378627369933193
0.395393354483804 -0.374195660544811
0.0674099048653181 -0.450533534237052
0.228974648827191 0.258247565840686
0.117628742222104 -0.417214463755744
0.494783577909283 0.225368817196101
0.106128082457407 0.298006657924879
0.248636907364379 -0.178907611020895
0.201788592613064 -0.159136220073433
0.134509553619803 -0.0140812198201658
0.351629286663367 0.0114234481340598
0.133157647204649 -0.0304970419983647
0.0661847795153891 -0.0903591985884091
0.210689450106015 0.0255786688289898
0.158277947318973 0.0591766637433588
0.08188929603257 0.146656239283968
0.0569875176015027 -0.173317199504275
-0.0455305664277342 0.0304502566069394
-0.186495873524093 0.0216725317136893
-0.120304263225844 0.102736101439101
-0.291578111716165 -0.0205506722510728
-0.109816587628794 0.238261911449833
0.279826688766874 -0.192573515331653
0.0347007215092443 -0.184985958705813
-0.242082638755208 -0.17499857413134
0.0585533152250451 -0.236687915596858
0.0231208129103763 0.17591842132245
-0.167750292975323 0.0340531808263276
0.138520992263113 0.0201891765345157
-0.00881404975839562 -0.174975463006319
0.0732864121297957 0.0493209136898118
0.0843120171132807 0.0221561214604532
0.0911008577143597 -0.0053699490210278
0.170830378349527 -0.00240613323460469
0.185062092277616 -0.00521828286762713
0.177517272920215 -0.0930933228006225
0.139569914526855 0.0748674184450061
0.228004310004837 0.0992976726368615
0.258810880516675 0.0896098319728606
0.0633409095050649 0.00283046644952758
0.51121634795345 -0.097771219104488
0.309705702251134 0.251784493510792
-0.0177766346394265 0.0559820020307233
0.239230303955812 0.376085821780911
0.43817399057975 -0.399990594029259
0.279881407824981 0.449017271652984
-0.197842906346374 -0.265517176371946
-0.0142864870002864 0.324106478585438
0.674875881662761 0.300958139633841
0.416620097093619 -0.292931108718911
0.665233652741103 -0.316384104877099
0.073930332948264 -0.507428280258002
-0.0386469349534069 0.469603671054328
-0.22544800349009 -0.10881440170491
-0.0590843096029064 -0.516596821649747
-0.500642532138278 0.0455208508054921
-0.219641414259047 0.175464328973995
-0.0521822457020667 0.428799664492945
-0.170572469694005 0.0167299326008315
-0.217680194577336 0.368906450196436
0.144435642897275 0.58777912418014
-0.156474768674586 0.493666615718668
0.178813556087207 0.646913490751926
0.146870446738722 -0.579833321543727
-0.511064459184358 0.16501997879055
0.00554307124920334 -0.612333366702658
-0.277853076614069 -0.593474039301567
0.172478668747011 0.393912264652697
-0.441424349268245 -0.634567719518336
-0.303083691063193 0.600238964981729
0.31581323736905 -0.393810297634947
-0.608086254944362 0.208957270277486
-0.688787089297825 0.310188889112393
-0.372650688036502 0.6196250035647
-0.825050948071014 0.303692601505368
-0.444989927735345 -0.0476023094968382
-0.881574299455699 -0.193741061134654
0.0802870304490966 0.474739616658878
-0.524478802838853 0.511369733120622
-0.656487046561585 -0.758922459754447
0.281353972192009 0.0176848370618314
-0.52330311126889 -0.499779883448188
-0.669790628890752 -0.0159108391141478
-0.386987607443844 0.44201607869593
-0.711918802552823 0.482576270121971
-0.915984630870911 0.197628292336233
-0.742927872028087 -0.350389819933969
-1.36042812616211 -0.0196855935068041
-0.169894791514689 0.891930697816048
-0.694723764862211 -0.836134861884002
-0.949390000392849 -0.0888171902283889
-0.715131199345587 -0.867818920726663
-1.1664106501995 -0.366652667358969
0.134468661626733 -0.585483726501942
0.611209596210557 0.0367270581169897
-0.574432341888363 0.895288005022212
-1.12363324080548 -0.0979906208610384
-1.42562981061004 -0.374886426490714
-1.20143911367491 0.329964785841246
-0.67343058679595 0.466514517898746
0.391373441414996 -0.74233004467356
-0.846361805419875 -0.0364690730249584
-0.834031565539797 -0.0212108403287849
-0.908314627497232 -0.016861363017776
-0.753801783548927 -1.0059093389118
-1.91640576623927 -0.0440248646365837
0.339578340502162 0.781514759835944
0.0985359480140508 -1.31983406163125
-1.32751423165621 0.373598681153055
-1.15877573092273 1.27514107296704
-0.625792303946086 -1.24259557315128
-1.75138452125338 0.279112556910439
-1.73286135466489 0.438250937127694
0.375217381824599 0.834369942727873
-0.673572695756339 1.2149741910821
0.0818856051402521 1.35672367779457
0.526087941885323 -0.777435850495287
0.296805897910733 -1.41148594842205
0.30325950752219 -1.38177663800975
-1.58028918495919 0.342277764088954
-1.06167926987663 -0.730502644505849
-0.518960803518279 1.28917136374442
-1.33438465111278 -0.170467478660981
-1.35737772156903 0.514875522364735
0.619427060004378 1.01939945376554
-1.08823835398031 -1.16580768345786
-1.8081216698006 -0.525089307760391
0.817518263155447 1.17837732795546
0.51472201264762 1.75806256230031
1.04587204985146 -1.11926157528309
-0.970872155986924 1.74475780886608
-0.907430273298527 1.68552064773404
-0.726124289593928 -1.79115184431512
1.04391091972466 -1.08477650661536
-1.66316199478474 0.365176803958193
-1.64502913322867 -0.351296886658724
-2.01535374637407 -0.0425043219275402
-1.16901489862638 -1.03393773590652
-1.16114926584124 -0.88658785602374
-0.379815698561674 -1.1645618601514
-0.625124168415801 -1.27187320227476
-1.57324501800104 0.0409857049826237
0.43170676819485 -1.27723601390898
-1.25096718299108 -0.104449379511876
-0.767596851004057 1.05793761074473
-0.458780596919237 1.13121416595069
0.393800459626475 -1.23509663142955
-0.637744284905906 0.998697972272985
-0.99271938556382 -0.330159076250817
-0.941029185265408 0.414736342260743
-0.90708297212769 0.407784760373096
-0.414828786115939 -0.942168173698711
-0.432004789975613 -0.929576636243006
-1.08443818753212 0.500464817816397
-0.763204098891827 0.940372363164006
-0.704249797923578 0.932726126198456
-0.91663701236185 0.359231664049448
0.214547122259322 0.451554259243838
-0.151250490742404 0.82018626658384
0.793109634561341 -0.176242104118861
-0.393018425658883 -0.441398000496654
0.0180243814768348 -0.911420535984276
0.912798472831357 -0.183216299404136
0.316069161476995 -0.82195881142216
-0.746933229702023 0.837822848738717
-0.796853415621867 0.483143634452623
0.618380955129286 1.16948702227855
-0.45068692755692 -0.246871727814466
-0.68654536272924 -0.575582243350463
1.27051990435949 -0.129946146136514
0.26878872538819 1.07875431275407
-0.287919109807319 -1.31117879437409
0.385810976947549 1.05369034522979
-0.987423330516584 0.28297968802783
-1.02040112723277 0.272261087707417
-0.196299734341474 -0.859221270794
-0.682162430800755 -0.979478731419232
0.6594671925751 0.0206126483544033
-0.731817084967111 -1.00006137880526
0.0907814146803236 1.04266075875626
0.0426224527408016 1.01798458123346
-0.290375010390361 -0.818115762729487
-0.205511102877693 -0.872253485448104
0.111006762527237 -0.886322988001138
-0.778495550890304 0.74392667237171
0.444787040164794 0.06043897351373
-0.62373670337509 -0.753864999602912
-0.331968907275883 -0.480598745480284
-0.419148678163646 0.472894748725418
0.426307010325877 0.167621217650237
-0.229506528579643 0.515148778271409
0.641568617595758 0.0396628341299783
-0.077883852062907 0.597093064327653
0.686778585298699 0.0545058916346886
0.700715535988545 0.0384799683775691
-0.367392301944744 -0.124935256788881
0.544044389419284 -0.118149552533579
0.00812903004711067 -0.500539734874848
0.316988468463244 0.532121953001058
0.0082054301472001 0.525524294453526
-0.0588462643515961 0.408756125557055
-0.234859414474084 0.037322913910967
0.482951351804775 -0.36282457758677
0.000345241459633418 0.309637979702084
-0.115447157612665 0.0731263656862574
0.0835961020365886 0.40491000300361
-0.055937395877592 0.152976156615016
0.197152501123358 0.399894774824466
0.565091823400511 -0.152750793784433
0.11845456851484 0.225773716458664
0.837726820142892 0.0155320121448097
0.625168000683871 0.127159866320218
0.147461360551049 0.551942410314808
0.971246769197988 0.03441101555838
0.663005805168923 0.0301331751794247
0.0567374381757116 -0.56974883433902
0.901030345695757 -0.104429657115414
0.906960819875948 0.0402413043854986
0.471628737341804 -0.633382194185609
0.840799919268657 -0.0252062061714858
-0.241791244485854 -0.626001802662782
0.336047767713858 0.686060041168242
-0.12101310024532 -0.694656235782931
0.455393213511301 0.635675847727836
0.338384215155644 0.507678096890149
0.349012105619516 0.47037342471083
0.286190859574115 -0.528213558762617
-0.148517436184707 0.210462464257289
0.122853180425528 0.436680569043477
0.11363831386584 -0.1707839531196
-0.00207500622241998 0.0482971600715462
0.434304825959464 -0.413805793574254
0.112334349984687 0.0329014524138378
0.762358914985047 -0.145724903749214
0.550730746679983 -0.308693907630359
0.776747124652028 -0.0281683742820064
0.897184163192187 -0.0526644880085273
0.691918665505751 0.154741235307723
0.424234184204038 -0.0104246642096036
0.80601225985223 -0.273009744031403
0.892892238888474 0.244671434095798
0.575071608598151 -0.352126881520428
0.586122633478347 0.338287715591831
0.772408810498304 -0.189979023964182
0.770384021910226 0.0970417831421518
0.644148010617735 0.157961380051913
0.0673028455089396 0.326999218281743
0.523387454962218 -0.215840688869347
0.0463244967854664 0.265138488585227
0.394172834494822 -0.234728001052568
0.333754298299162 0.250784050603863
0.491611087201095 0.0296903254735284
0.20207041565217 -0.231862184335927
0.28438106171406 0.13414732070218
0.224085828035205 -0.0338953522820019
0.578535102423419 -0.079332650644715
0.783506046751908 0.0237991040937742
0.413931640448436 0.160318650434426
0.673835542244357 0.338588344718562
0.360222381176889 -0.391118863758202
0.521155425302344 0.150507999367037
0.147500273217095 -0.0643728764149611
0.14793168492357 0.178159777063324
0.0890580406423915 -0.0625312103893479
0.932463612550886 -0.305136322058641
0.128057129643491 -0.115566450912725
0.692417907506552 -0.329427229770957
0.307151622295389 -0.667886081223804
0.358742745132963 0.61950110769485
0.453586012143594 0.291641157902745
1.12149140919175 -0.201798350005804
1.05289044040977 0.218167913298432
0.733778925468145 -0.40630207971363
1.09621184959406 0.040856068233235
0.478742989653769 0.33184407403002
1.00152161830721 0.0544248788249929
0.890229040351488 0.0443859521692144
0.909071851936907 0.089856281307299
0.684515244155634 -0.0620649193380953
0.67633271824513 -0.341787958061942
0.333838940713607 0.0649188870819866
0.574465874075633 -0.298984874300551
0.871901022620417 0.180932148447808
0.512726799646244 0.414593439191653
0.217293560231281 -0.567300632447493
0.976352638237807 0.0433894274783056
0.477169308611157 -0.362019375167572
0.244267644995644 0.425853651958658
0.0433151474563194 0.559534236363214
0.0267501042972843 0.487781213699512
-0.168955287402897 -0.368893762062433
-0.132152621098475 -0.540957440359336
0.310543463777118 -0.343800778654961
0.213740949103252 -0.397940336427305
0.362465076422476 -0.0488413686016695
0.122422444219867 0.405199743835412
0.276547477276652 0.00746657109271153
-0.0408844208200519 -0.294850737461506
-0.330485128326974 0.10759418085212
0.172034169889425 -0.00192793356583803
-0.166259632503077 -0.234223395202948
-0.334466048131327 0.0890222838720061
-0.349338867260218 0.0730482101587455
-0.21574268460223 -0.137994912601875
-0.257314294351298 0.165712435894807
