0.0863692287147097 0.627361651564934
0.823225617721292 -0.393489621970096
0.470474709325763 -0.66894558152067
1.07104573156036 -0.0428354876526515
0.12022220028257 -0.614817385297651
0.415649026658652 -0.654093111034212
0.887786098146505 -0.126325655042722
1.0173492780848 -0.0765465662832236
0.40591262464974 0.580359161947037
-0.281441920311173 0.468057570806821
0.723195359066964 -0.396583656494823
0.34351461761119 0.644244998656172
0.21286162396189 -0.590607755818033
0.771434837900552 -0.116932993499942
-0.583496356136158 0.530109065438574
0.671380433451459 -0.407673710533588
0.615652894909626 -0.296688206594107
0.0146221385407361 -0.600282309255027
-0.0255079750945808 0.645717332564504
0.682546236724131 -0.343984373608133
0.699191269777645 -0.538393071033393
0.0306973753034865 0.696198674152366
0.170251414574786 -0.806184490136093
0.684580042890563 0.310171779441115
0.52933917547635 0.167175252773993
0.0661711806059474 -0.626919299517912
0.313268195304319 0.815056083050783
-0.342029808329613 -0.747322028616294
0.57133451819827 0.419763750700533
0.578813150449118 0.365204558083874
0.11889853138091 -0.558500995175329
-0.296218015493706 0.0726027750676431
0.720818303263692 -0.632143025934912
-0.335909930694565 0.0552576687726292
-0.0226507557193926 -0.693139118982853
-0.0560546901042757 -0.753390806474742
0.756690784051625 0.67032229376039
0.746506753512655 0.623243474034422
-0.0736936223871656 -0.701028746938329
-0.425794865457737 0.00554353973138482
-0.384980997756406 0.0531471167574265
0.00813126083407379 -0.65258099422669
-0.119554008467002 0.655404728722515
-0.114210340319744 0.506926670507446
0.0491912442127473 -0.614178811494228
0.512657864445698 -0.65184230151277
-0.321178386645728 -0.0519193278531567
0.417977052657428 0.367775238410633
-0.271750258652073 -0.00788710758579143
0.683393759668905 -0.280566149909043
0.0923516128380722 -0.523050236905393
-0.201170939243492 0.0434657030676134
0.436840154259703 0.38717795874252
-0.169843920969034 0.0390011395038822
0.0240587818450983 0.357042299521911
-0.101403360769077 -0.0065729770266229
0.151856629076719 -0.327449965896099
-0.170614862642433 0.06735300047109
-0.134286491966062 0.047973592201848
0.0723070415253975 -0.287292782715406
0.278608273174289 -0.250669576922014
0.136487521379684 -0.202921146934213
0.263161648130159 0.199601137084082
0.154376891709885 0.0666020720861048
0.0842896345358567 0.0268587277248666
0.0689140617165178 -0.000922412374093927
0.132939663982868 -0.0111930446136396
0.162400556570207 0.0254609800368878
0.0967076127670155 -0.0786687169733367
0.128658980758803 -0.0429582906514615
0.183341504423123 0.009204658505044
0.19663288736456 -0.0201792115453521
0.262038664261486 -0.0230690894202252
0.156023316561506 -0.0133170187504924
0.220149580957989 -0.077219940072659
0.155630190094892 -0.0277653230023283
0.225346823033034 -0.139750823121616
0.146407798362809 -0.102833089713509
0.0473909901026913 -0.0550939736087099
0.296172002054942 0.000405377516240583
0.223076151731348 0.118461213551731
0.305262466038232 -0.00902905101696518
0.249707905515007 0.00324670471324314
0.23067016769987 0.0488498483349734
0.332852011610618 -0.0491484479879437
0.301116252278072 -0.0371185096745662
0.273201069873347 -0.0216853455546201
0.323035602422232 -0.0124618164167514
0.241766200627443 -0.15187945509479
0.282558939185443 0.0640977299195946
0.265842402326482 -0.0762844415413922
0.208332979325711 -0.192954088539807
0.303303756455716 -0.146470462526736
0.223865941959 -0.149225834625918
0.116741899739555 0.0307731456561517
0.0583580399157969 -0.0349829871497111
0.670746354583576 -0.0124563944536664
0.435731810245527 0.209626281995711
0.375720429890463 0.143956610765796
0.200499964903043 0.164519106417097
0.382741976325803 0.17488128917116
0.122570404765675 -0.314657238530736
0.428232704432074 -0.235626780137127
0.196741087252162 -0.437398444116627
0.642581036797384 -0.230740409930651
-0.116722094240212 0.0196093085385829
0.205283421583337 -0.309102687695335
0.111028491459792 0.315230347870026
0.0515261637009549 0.364783907230062
0.00981084682165148 -0.00373675922647367
-0.142732418491131 0.14101054638327
0.416429049994759 -0.55961150352591
0.139180309946498 0.389184313743966
1.0259518499377 -0.054564283127654
-0.261228468296404 0.075891837484509
0.0883626635920211 0.395546329713731
0.139549522681737 -0.632463836422115
-0.195646664209037 0.623733488942103
-0.100551353587816 0.546658365180601
-0.381671760344593 0.102219645522053
-0.045982168494967 -0.782850944932138
0.605935438444967 0.294852044056165
1.0877901862291 -0.0959259062412325
0.0294225415835701 -0.783397018194437
0.561860647086636 0.62809940311091
-0.000858142595684341 0.700907916075371
-0.423052760609691 -0.0093793743754534
1.39810713490498 -0.181406614295518
0.101691406777568 -0.928401668506933
-0.537026311462326 -0.00437555934352793
-0.254079459971927 0.952080234131501
1.21062311013073 -0.657470687552788
-0.0434868056615388 -1.11669757584093
-0.86548325799417 0.042345075144015
0.743400721092925 0.944236950965882
-0.556452512160837 1.10923525082991
-0.727854834493098 -0.135908447704614
-0.161412159801375 -1.06783862815175
-0.317591700841281 -1.00684791789175
0.903460545642837 -0.770619835356506
-0.561890536607792 0.871540417513347
-0.194627130917617 -0.859472815559859
-0.627075331929792 -0.249112724579245
-0.553981356980516 -0.0969773086512084
0.0796716368188224 -0.600940860150138
-0.793733639908545 -0.178085518725416
-0.230619363092978 0.00777520838945414
-0.515400300490267 -0.103430507754136
-0.448466501574645 0.656318910013842
-0.762508861756597 0.161733724362139
-0.491860027151093 -0.277534645547374
-0.338126658815021 0.511412222688333
0.0788470694419809 -0.416488224415838
-0.0224690546338439 0.3488282890776
-0.664324990326723 0.306095088106947
0.230414513216204 0.527373724093907
0.0878796307179367 -0.317040301703702
-0.557690811266196 0.585100152654343
-0.0567201627053648 -0.573307669441024
0.381952067739223 -0.117637014732088
-0.272379568295927 -0.226669325756084
0.441602716808297 -0.0367897632671297
-0.560406846827109 -0.408867287668552
-0.225149620935308 0.0738806053333101
-0.0260502775027516 0.464660287786262
-0.135447193330922 -0.44170285940891
0.177970106748522 0.507865180749179
0.0654483813979986 -0.00362694849143826
0.142962389221283 0.135948354326325
-0.220543065753888 -0.234310588761406
0.178864653725406 -0.00553602417620254
0.065814424830157 -0.00471691774872163
-0.501004327415981 0.266361750485262
-0.176640192807052 -0.234609383815575
-0.335340103350211 0.286874957089788
-0.0328205861514451 -0.293693577544403
-0.0108928970250424 -0.196979448031322
0.120493040955415 -0.163623542659088
-0.00541806846046253 0.102327993807635
-0.0971963767689453 -0.0144848647594492
-0.00318752956469924 -0.226985738156908
-0.138899943395464 -0.251026756300175
-0.440458021511077 0.0560091529475789
0.27781802251765 -0.309477939413837
-0.237520824296285 -0.00142396715414938
-0.3441516470507 0.0565145152472617
-0.225702522158725 0.176896347097266
0.0539345565292572 -0.250095438788096
-0.31208808703345 0.00568061602817116
-0.00710958266652924 0.149434458080047
-0.0840419013381875 0.171366106934594
-0.393386060503736 0.0672234269291357
-0.0515697378007826 -0.225379486543534
-0.199785229193953 -0.262966794277236
-0.321841353480544 0.211310169089822
-0.218230151887473 0.119873846267749
-0.0176237788175968 -0.136748856069569
-0.15926115495137 0.353603612426096
-0.395182095187597 -0.450492078602023
-0.312211302473562 -0.24184379829455
-0.355777325846792 -0.454178242751774
-0.445248097253308 0.313127991956756
-0.0731126328970127 0.451033474083664
-0.224258799685641 -0.367499907032907
-0.278907487194462 -0.195862972106162
-0.352064536637486 -0.20319547634695
-0.300955842480491 -0.30079452939762
0.272127040222832 -0.0276685378343386
-0.0392071141918157 0.532778361214615
-0.870320316943105 0.0922243026747177
-0.188727842026207 -0.532770079386676
-0.804221283723739 0.359090258154028
0.288287714829358 -0.104729863784665
-0.132397537236086 -0.574983465012919
-0.775858461905137 0.549842791723884
-0.468646351813393 -0.404120218885705
-0.475918274668323 -0.34099966754999
-0.603225854862036 -0.672971925398311
0.294359984146428 0.144170569720156
-0.917181268078751 0.478427714452387
-0.140737556971486 0.743249345922812
0.514008790742899 -0.0573369678343058
0.0401567369387559 0.0286887560002008
-0.0198637505901563 0.858466680133304
-0.909090182422857 0.630117009984822
-0.130898958507253 0.839503745028127
-0.769581946306314 -0.819444790945385
-0.0792481799810661 0.913504343969221
0.0515017006352347 0.00147354962987516
-0.947550568322283 0.817811101132079
0.0986940724222808 1.07439746251107
0.0750400582862336 0.25062151989329
0.645122496558908 -0.0320981703458668
-0.628338623156579 -0.797348062292468
-1.40691736530454 0.316738863411044
-1.11145169853539 -0.974182787714642
-0.748807063540989 -0.797409839498489
-1.36893798643729 0.731166528133812
-0.274295170556037 -0.510484838407954
-0.704679484113033 0.899684505134429
-1.04061280142722 -0.93650259351472
-0.784534337317784 -0.612067052290522
-0.978435761868955 0.284744167736206
-0.487975474035796 0.379059552887466
-0.85971920908998 -0.649695312833438
-0.61523134043188 -0.485858139413467
0.0293480845379069 0.307270615802351
-0.827278792442281 0.296815062269656
0.197254438465122 0.0360385110505791
-0.257270498326933 -0.273198540418232
-0.553124849160585 -0.0187667930055265
-0.25361672722778 -0.173737764559019
-0.78019983016498 -0.0261915397450529
0.1394651868776 0.0231438466947802
-0.346746698845173 -0.180782931081657
-0.123690942150532 0.0325765224485808
-0.107608531662919 0.0302452488422698
-0.154713072476852 -0.0661216411129804
-0.07138244243813 0.0714029447522908
-0.157954438774091 0.0823051326552118
-0.243059875602584 0.0549876831603261
0.0473498036029435 0.00481624237256246
-0.103802210340781 -0.171435161534666
-0.362879482482216 -0.0526627795729952
-0.419743389543076 0.287447027710697
-0.43190727503723 -0.0401957954224069
-0.479468791290724 0.00515722959765257
0.0481276716362036 0.447300971326685
-0.214214556216483 0.363202811586169
-0.511966806208829 -0.00577750295305943
0.255211086397138 0.311878563535096
-0.183899966802278 0.278719930978288
-0.279922783791865 -0.458763015048115
-0.579708966379003 -0.0420995357162747
-0.0732649135899671 -0.425093099414531
-0.413553493966363 0.396760750109276
-0.426146935025218 0.473108350224986
0.514896219400273 -0.366936594401243
-0.643836393901905 -0.0256142372779171
0.272027240455264 0.612166031552325
-0.668340774980352 -0.0966230971879691
-0.608014464831264 -0.0473381446328766
-0.469898651995101 0.530880439481347
-0.582073805968467 0.00520331429707418
-0.669382244812617 -0.0523547819589675
0.300576836118721 0.8977923734408
-0.516451627667497 0.752294636232708
1.06516937589709 -0.0765177946126458
-0.411489652282813 -0.905461938064731
-0.813540612596165 -0.0721484578438645
-0.83635430629703 0.0601220910189264
-0.583409617076265 -0.00664703590799806
-0.588649755110955 0.00994543683760406
-0.846828898243796 0.00939214215286747
0.311556016442088 -1.06739707888351
1.30508201967524 -0.129997902088696
-0.910103580788197 -0.098342199551005
-0.770349685652259 0.0432172845452093
0.575282676307125 1.01280286752959
0.654836230804721 1.28738142483287
-0.279420078829994 -1.17434441934465
0.757815577864044 0.787892801450648
0.980251539244163 0.886666027008824
0.973910210155118 0.964172669612568
-0.289978231794058 1.26552871171408
-0.116357261542318 -1.33630907626863
-0.0846238372072717 -1.34081734675072
-0.194541842459114 1.33311173160899
1.110830475007 0.57391056195073
0.996121761922485 1.03273383626165
0.28801057101833 1.09694728087614
-0.346427414837827 -0.169355559987597
1.50562980848301 0.657357267702898
-0.486370758436782 0.271415406360006
0.66464170854128 -0.874004906987028
-0.354379620878348 0.404587956583205
-0.426238407781682 0.386713464594331
1.35355406573277 -0.437878230708977
1.2675991679989 -0.337216755228478
-0.330216795155268 0.436274402248608
-0.653592794212779 -0.0222372719838444
0.575974438656925 -0.442876820577015
0.815103609336418 -0.0722371978726746
0.404812969839888 -0.785126072892326
0.378083984730661 0.612767010725896
0.7961161202121 -0.530577183543997
0.833460226103506 -0.0224845283994354
1.05936903659661 0.0254724221893282
-0.349246462177228 0.691956558592931
0.425819162741664 -0.806299988498987
0.785824934629093 0.0828676475264615
-0.311594905418888 0.375992449914663
0.951050022228115 0.21285739414546
0.701117226593033 -0.041220433244435
0.0924621334816398 0.318849623754883
-0.230393373002431 -0.197958571547929
0.631960068961886 0.204214379878191
0.769235293699926 0.412457677676981
