0.615151653404624 0.998636467022503
0.0629411636245419 -1.23220783635804
0.0786571129991614 -1.24432277581854
0.42246098259515 1.26757160825186
-0.0230392399285644 -1.23299797660861
1.76188725632428 0.148799066686529
-0.138255442576241 -1.26133017607013
1.6601158747935 0.17383007794869
-1.23276054672986 -0.0972095897130821
-1.20508169663209 0.76129739228933
-0.306707490242745 -1.21463441167043
-0.784700568831154 -0.09170915328098
-1.0415897624241 -0.315350230107665
-0.39126701986158 1.11776981121915
-0.588324030712207 0.593717408195498
-0.415553085897219 -1.00558897508894
0.260650236714022 -1.07205098811606
-0.757928073589174 -0.0507968666815192
-0.619909010724361 -0.0336355163466041
-0.953780552807011 -0.148056639315423
0.0806591981486536 -0.812154602977922
-0.419051279374351 -0.741400824058739
-1.05447288772452 -0.02427481478223
-0.719404681251181 0.434142860969023
-0.672443696394125 0.317308824400094
-0.621892619136543 0.329874277316067
-0.354190588626823 -0.585381163060617
-0.301710702114308 0.478569058229723
-0.0112776517729642 0.446156772478442
-0.726058360259208 -0.0436641124613524
-0.578261346556262 0.00434436099848742
-0.32166898759938 -0.326361729758429
-0.247156597197119 0.118450008427613
-0.33901234998913 0.264812771816919
-0.408920700980071 0.145839106066232
-0.540183606671444 0.0283429026707725
-0.27474749282098 0.135547971038362
-0.643827082283172 -0.0275952206845525
-0.0795886625414293 0.0298670787595568
-0.410642850074275 0.151735356580567
-0.198693812419709 -0.0759753094692401
-0.0702089628430908 -0.0266553110594725
-0.2420770243536 -0.0447873113912238
-0.283639400596193 -0.05356508961718
-0.204180601138629 0.123471021618133
-0.231243327373002 0.0378887731585494
-0.211069294649292 0.00514650836189117
-0.221224782969772 -0.0418856392652779
-0.269515957440592 -0.0172727393917258
-0.0824156289355125 0.00982110085716818
-0.344684679157508 0.0892241264435636
-0.00870655239715643 0.0386488542154606
-0.112284192992251 0.00740163906413758
-0.214974430072863 -0.121542151113299
-0.376319471712886 0.0649747516889115
-0.437874670469069 -0.00387391938850383
-0.185622465533152 0.137647329565076
-0.132133137398793 -0.0279528477954673
-0.143543517620977 0.0782498759939795
0.154237070443212 0.0474313344804717
0.0777888418081859 -0.00229034037741925
0.0250898864556104 0.116155255511676
-0.223447230132181 0.0227595265189282
-0.217639987964723 -0.0886371871424598
0.0173675981517133 -0.227427229995929
-0.10900918048923 0.156172095990552
-0.176618434359033 -0.132316521680641
-0.408963459418289 0.0180455586590216
-0.276872701413202 0.11558380317271
0.130756518808608 0.0402002424772327
-0.281141200188642 0.0778180535204356
-0.03831429535408 0.194847698658559
-0.148679195432371 0.0765680858008733
-0.0217314226871289 0.192409581777602
0.195643716696184 0.185135287391935
-0.307806192267568 0.0197128295195858
0.0750939990525787 0.163148158400297
0.078035542628137 -0.158001599572745
0.111240340279387 0.0488783741082412
0.0308372433729016 -0.00527096889578137
-0.0108627731716703 0.0980697187577744
-0.0768988611387666 -0.0541896308994973
-0.0181995415334979 -0.0510026239539512
-0.234980922145263 0.0256297875393283
-0.0969040872392233 -0.00976684057806222
-0.0542172108606763 0.017364359298317
-0.0883650512574616 0.0144907240527242
-0.114536478472789 -0.0918857391868725
-0.159113919351184 -0.0324496100319842
0.0107611773771555 0.0402269312248927
-0.163004752387488 -0.0930527368445467
-0.154097862249711 -0.108782086974124
-0.135555851407716 -0.00827232573587158
-0.208651527083244 0.00971998107053767
-0.126421036842619 -0.0448904147555513
-0.0522814994662586 -0.112268352611359
0.060093454794843 -0.0624034845378486
0.211876275150122 0.0127915405338869
-0.140565245605124 0.0168357888652056
0.097404823601656 0.0691790160110807
0.0710882756828742 0.0349576974591032
0.028022049759839 0.0556424483416815
-0.0676034643705767 0.0217899629792905
0.0523335684647407 -0.0252108826487317
0.00514714478450171 -0.0325352317530841
0.0023575131358641 0.0666396287471105
0.037321731745224 0.0737873911033276
-0.17094254142819 0.173637517918789
-0.239854471225098 0.091841858510485
-0.105111975048383 0.160863186053573
-0.064375262008062 -0.0423579001287784
-0.422808020057568 0.0254753344241895
-0.0211885464707921 0.110217490848587
-0.0140512948200102 -0.0934233584865592
-0.0571589389006606 0.0951422048950821
-0.392139316807891 0.244264755134564
-0.35905923876811 -0.343587274790132
-0.493198643471747 -0.0145363759640042
-0.000890806446399368 0.065268508965948
0.0185237921356852 -0.209683024829426
0.111479608599567 0.0558848694336911
0.0199721607539784 -0.132440323803494
0.222709624356724 -0.229116296084007
0.321159875994628 0.0968847955427128
0.524248128885499 0.00373836505449175
0.393405797658727 0.356317906352485
-0.111926804572727 0.0266137150736675
0.102843064769314 0.327192060190687
-0.188871016075284 0.0664881561168547
0.836369234689897 0.0619278743980748
0.121083716829219 0.596512498748902
0.902216369773389 0.0557653814633118
1.03298037196085 0.162584833145039
0.896646646936699 0.0991530934385753
-0.284794024785627 0.597015137289051
-0.0747781601412364 0.901054865532966
0.360586450729445 0.839328063011591
0.260413330579252 -0.858824970154504
0.728718299599257 0.242578075987649
-0.262393005775444 1.09637091492433
-0.261794796820819 1.11249385890555
0.624526993495111 -1.06277626781242
-0.937052450474188 0.129853909726565
-0.382593846485531 -1.15138123670301
-0.372703579045132 1.25205108236208
-0.00533299054388993 1.01661036953549
-0.255786883274837 -1.09527905857629
0.187674217863938 0.932195597809231
1.16907225258222 -0.603899492753042
0.78778171411824 0.940388811824041
1.06542414055958 -0.490451535062948
-0.712476716517313 0.681462636280429
-0.0473445691725505 -0.955495725442813
-0.0750690637342149 1.01034455724531
-0.886086349902074 -0.00854917883406309
-0.916722730503543 -0.079138783047555
-0.60855783629284 0.179109176166297
0.696679196289822 -1.04855080742683
-0.245059370029438 1.11254032971355
1.09482711191803 -0.205743776190212
-0.809383481677704 0.126249452827499
-0.944276098774312 -0.0458472746796297
-0.278000627228872 -1.02591735315816
1.0513918233537 -0.115139549682665
0.196862588266857 0.808955993870117
0.267164842979286 0.0421558582014575
0.456491167739352 -0.577622111971944
-0.0311123362536596 -0.802584805853529
-0.0557617782804866 -0.739690704414314
0.16223718512691 0.805867055665351
0.133436304445859 -0.293325686052994
0.998953466142772 -0.0201267836631075
0.699435884665212 0.230866931236902
0.280744380708448 0.343825039032075
0.700831087571059 0.331711969294661
0.352970739751586 -0.367451979203063
0.398429756556482 -0.0593932568925196
0.54350200572077 0.380874024663036
0.302363879535236 0.104261240714915
0.289650239026774 0.0416125248774959
0.68257633820292 0.168569102575429
0.38229215975762 0.0787661482270619
0.531303593258123 0.0812039394568017
0.692250118000505 0.0633794103962292
0.631900642268426 0.0612014531527378
0.665886491546694 0.0499749469786403
0.524320602807627 0.0235204670505452
0.54934367760784 -0.0285759458908638
0.53810768424698 0.122309262210578
0.379255080777772 0.110202350161759
0.617676724536789 0.221479306597956
0.354962277156836 0.187440408187341
0.597175690830677 0.081637167892607
0.265133693127174 0.205291957385461
0.69907931434243 0.17726388577486
0.905221114412534 -0.0469753424924418
0.848280421568205 0.319045436317577
0.162785332694689 -0.652000882532148
-0.383252716243955 -0.0167995017523449
-0.114032507282325 -0.509299536351949
-0.0482489355094858 0.654086478696352
0.227415834497573 -0.52375048346368
0.714553911956557 -0.453773353003762
0.767629252298795 0.148492955523273
0.711609614661043 0.043275908906146
0.213624929817466 -0.749309259731707
-0.488085905218097 -0.727506191145627
0.716987458697999 -0.541986435848315
0.569216806090694 -0.54399652702836
-0.142154228122423 0.861375219696015
-0.131431393057238 -0.90938910174085
-0.767283722482794 -0.942346940524868
0.512065384522022 -0.737730966968941
-0.134318538690437 1.10876211149359
-1.62571237604403 -0.103244733627347
