-1.15541997783483 0.0205613749161186
-0.960119917732901 -0.316935760865472
-0.632161788819909 0.567614435340869
-0.666602089445317 -0.449891870386826
-1.00396437671688 -0.124395219780103
-0.933734228555472 0.551189168975596
-0.877729131201706 -0.139320836184384
-0.762716325072572 -0.202344248770763
-0.945430701129564 0.308598125437652
-0.525809279094944 0.152427796729482
-0.926152012611837 0.215532318435096
-0.66144392395371 0.253461928003816
-0.560670037467152 0.28629972706529
-0.820962205709099 -0.011219567913646
-0.578711875225485 -0.0757827399203791
-0.739903698857418 -0.0545785432707463
-1.12807843957227 0.145524532914994
-0.673477458599595 0.142148611665872
-0.509486526736689 0.231298186714167
-0.579829475024772 0.102456096532074
-0.608233970268817 -0.014587517570818
-0.55541916277965 -0.0568145488570553
-0.60155839224329 0.230045504557178
-0.668275704408583 0.107581175605863
-0.442292794927408 0.101659881374598
-0.234124507202419 0.0366502041929768
-0.660078847488646 0.258443163944559
-0.423634065700641 -0.282991597594315
-0.855667151515482 -0.00242902562952112
-0.199158259574774 -0.0808902382398248
0.0413938717700434 -0.0874811431130774
-0.813092158470705 -0.39772898617377
-0.160117015281632 -0.176417724199933
-1.0077416923758 0.516399776386682
-0.538720357309319 -0.473968184015647
-0.868751721773142 -0.507212549352033
-0.650776126275659 0.417941014989828
0.132119288593603 0.296566289697164
-0.140817065535489 -0.481566569992256
0.101911828705944 -0.0243999205329199
-0.267464640099546 -0.129529319950302
-0.0841322140110009 0.392925377251176
-0.555422589020448 0.0129954016093368
-0.691500877807784 0.0513705641424304
-0.213240128578064 0.168637616031721
-0.394060718418304 0.0522156520698461
-0.404575180888849 -0.0711274011193232
-0.123814628106055 -0.0791450271848065
-0.197067348642759 0.103227960562048
-0.337573346339357 0.191455075876787
-0.399062269322207 -0.140160612849762
-0.573801746419627 0.0215155120476488
-0.291864926884846 -0.232731020919324
-0.438893311372895 0.47367887368271
-0.833882899890043 0.0384009091461995
-0.169635587113131 0.071338929307982
-0.184398281791047 0.515909518769333
-0.153602135982807 0.498246494526285
-0.113170729519664 0.327634319720864
-0.121259825310326 0.473477428629975
-0.304869682766543 0.0572932581245232
-0.260650845646707 -0.0446234539733959
0.444481523879201 0.7017915984926
-0.701142851818432 0.456862914018774
-0.744454835810458 -0.235374105538674
-0.0872532998494434 0.908461893479366
0.327231864217823 -0.604628489378358
-0.0460565154709478 -0.941174883717845
-0.15133108781442 -1.0145005724828
-0.140837914380434 0.974577760237652
-0.0974372821762271 -1.21376739353575
-0.523623619108874 1.44196180351079
-1.32707540933847 -0.533343900362069
-0.945330363608001 -0.622562127148939
-0.832798909177556 1.51023837528583
0.137053199299008 1.18707170049149
0.156177817646545 1.1479050774908
-0.232782729911842 1.00578723830056
-1.34205355194995 -0.62618892550721
0.162505328975966 -0.392845345746391
0.39471494947506 1.0092707247216
0.637394930471156 -0.0215833600306918
0.314588569384049 -0.0277189210400436
-0.767017421788687 0.86697398117779
-0.345079137601328 -0.841658925164706
-0.389763150426183 -0.619003240066045
-0.540243450594087 -0.613876867100674
0.0831667240905189 -0.0994571753920805
-0.541562172858025 0.59360318104461
0.0412785757989674 0.636713272455617
0.303430768984411 0.0298480287442832
-0.808340010325785 -0.354726637234165
-0.567115663910461 -0.45164581060863
-0.0652713499504051 -0.463616638511873
-0.198412933933766 -0.484925821209093
-0.434352602184125 0.185828513153444
-0.0967904982721346 0.252786580864999
0.151512412695035 0.458424141894774
0.25533756776607 0.00172384164373782
-0.183080617569338 -0.0109809574998573
-0.163419707647614 -0.368354595277546
-0.70616255014071 0.0856648828919573
0.0569168141590308 -0.0141812763813599
0.304539785568353 -0.220194835168442
-0.749554792523906 0.190048794696714
-0.431535859801108 0.68969683117232
0.0958974819846215 0.115761912132584
0.337724502237852 -0.0738739822851426
-0.411196111133882 0.32932446164542
0.0522853464451682 -0.736484169516103
-0.777882728831917 -0.436004407461887
0.435177169484831 -0.0898116427354693
0.400078764268642 -0.127133240345172
-0.634187437587226 -0.411113960285292
0.850692879606095 0.0933045494201882
-0.668918031276389 0.388277493834915
-0.120495265516968 -0.797338344749482
-0.288510347821754 -0.638551444966668
-0.423816986277947 0.257973496160837
0.406521099010087 -0.00643002603211536
0.167178422608708 -0.488557653235959
0.494602935433692 -0.036434647693103
-0.0136533715238905 -0.127477315625901
0.106304950718251 0.0233171772673957
-0.111257195786241 -0.334595840682097
-0.127484771381648 0.0371622736557753
0.0677884038602545 -0.18250069759726
-0.0747906067875983 -0.236065108374914
0.0603877236489287 -0.0813517324365076
0.131808706800167 -0.124535754822409
-0.127352840720719 -0.0829194444063153
-0.0718058785383844 -0.30833874382497
0.420909832681273 0.243081728760881
-0.169360064345183 -0.0740701479004984
0.10184316890292 -0.0918292558257277
-0.0737656735927093 0.222672306737516
-0.444697872073183 0.016016841361334
0.170480076165574 0.392572472797345
0.190292769779907 0.499917606368921
0.110630141131613 0.454704301917696
0.201801187913026 -0.694843938556512
0.353616810165409 -0.796557414041144
0.798724625841689 -0.599443649254011
0.702873147346589 -0.151843485430708
0.279751452596489 0.28383768700442
0.234847700425084 0.481262514132413
0.329795139695545 -0.47612346204734
0.276812529012316 -0.359597567813002
0.718958089479861 0.0822921173566221
0.367677281879354 -0.0759124300256695
0.270839789665012 -0.0854370258125483
0.352240675909314 -0.319233986700408
0.34847147506244 0.161006307840767
0.226468341299851 -0.130876794997658
0.411943689383662 -0.288662250888059
0.612047831174191 -0.128005624012489
0.232362054145197 -0.353676448125166
0.359298945761706 -0.409356134330639
0.443831136650646 -0.366815390355327
0.456538900831462 -0.302329063634603
0.74299666345955 0.144188250478026
0.154638477031619 0.0917768276505096
0.322353836474749 -0.671579176129012
-0.148321704782748 -0.431072545247295
-0.0608565270988657 -0.234779645122166
0.559581306206622 -0.593191993383736
0.383086475797719 0.577953256130846
0.515710140396752 0.217595042864953
0.562830734185649 0.41352189557548
-0.27620403693089 0.0747508535483183
0.379434678733344 -0.373098156558928
-0.000362500793344084 -0.504671668781477
-0.00272194937301212 -0.0558872399082519
0.663967230407029 0.458722976166584
0.418724393309014 0.17672625056217
0.279567782885325 0.0372095267860699
0.222697705532446 0.217927287568908
0.358379606516539 -0.0263150018281094
0.179532018359733 -0.222109122556957
0.364031489241417 -0.105347801750683
0.128362490708074 -0.00538993411637351
0.250520670565493 0.128186045888242
0.345903021933576 -0.179600767741679
0.668631079970524 -0.121485032102414
0.316852734238998 0.028051222966586
0.0258683765432167 -0.0044346492260651
0.758546077478356 -0.124247518806419
0.555895845081952 -0.100139513130776
0.176286870833379 -0.18059175883051
0.576098923259862 -0.0696139320681676
0.801007535311338 -0.281862591296874
0.618663321101104 0.119006811352311
0.995656797397326 0.00154281182485299
0.474213758294506 -0.00607624168593973
0.132235193304166 -0.00115577205197057
0.676694955250493 0.0541167571599809
0.642741385109234 0.0930588918474697
0.472175982550826 -0.270426044194569
0.670901692748104 0.267663109589631
0.727012814857892 -0.420682124750347
0.262249754430102 -0.290005914966778
0.719515382064723 0.583995444688389
1.05089850212258 -0.385744115135151
1.24452864686473 -0.243748535315127
0.97214447535809 -0.49151736856281
0.364571697538183 0.742924466301344
0.0208732095134848 0.103223380883936
0.144717112398974 0.0128956223195339
1.08190681025744 0.794756244106402
-0.304151364727717 0.330896868137808
-0.351438868293941 0.300693720007127
-0.842557188389665 0.180457093034348
-0.481849092871751 0.314770413424757
0.580186268282176 0.733273581257463
-0.589225063943833 -0.160991985936627
1.0382514892805 -0.243769353085763
0.0488769815142547 0.783199649824551
0.390454440817521 -0.373719273713611
0.717717046448305 -0.225347815770952
-0.364866523160636 -0.721308685680488
-0.15170234300691 -0.364857271681318
0.0657251764233168 -0.537162400293079
0.372962821874897 0.443767070530477
0.293350380775709 0.581058080350325
-0.218747776092126 0.326451994138604
-0.356154158665905 0.0814731884347568
0.834707918538856 -0.109634761294661
0.0771210603274416 -0.449968154408388
-0.000420777423569197 0.235199501991755
0.438433969031892 0.318709668601621
0.0476253220606901 -0.706337200205128
0.468897439507931 -0.57995125333731
0.28852426792619 -0.573490556895846
0.486498729819884 0.3033366551616
0.467165911203825 -0.702381141721621
0.823265517266791 0.290536601827273
0.12694438043733 -0.00334300276446127
0.225567101865661 -0.0384758010314071
1.08092224715846 0.199670525902094
1.09105794007558 -0.00672136754136197
0.90175982991041 0.200696581211416
0.985168758436545 0.473037256479699
0.250596886164627 0.00139869766694123
0.722879500960404 -0.867445118891031
1.76635276543436 0.588289126005274
1.83395891746571 0.681238129401732
