-1.33840778435666 -0.413463042597052
-0.271366347001209 -0.438622885461614
-1.16221377331064 -0.302994300110957
0.315049925766478 -0.286678672326994
-1.3773322476889 -0.526413405457826
-0.459099201413696 -0.935805485535017
-1.27640230771809 0.405075820669142
-0.963938469832295 0.834717146886364
-0.421767178146695 -0.791496313323441
-1.02676315112799 0.687978521616692
-0.942385187175193 -0.412628499208362
-0.243924768280647 0.707700584059089
-0.400591457234345 0.417809764851881
-0.812383838339902 0.288156794232735
-0.118331286615435 0.600435466067727
0.386924750655954 0.234555165937833
-0.415582295010987 0.681167184956988
0.507079142250411 -0.0453697183957045
0.608797703841339 -0.0146719047966991
0.125198123598453 0.621226095386103
0.266275298319691 -0.428350026076859
0.340023283136701 0.572853678492099
-0.0944555497240867 0.571138815612808
0.974497218009304 0.0292340113777206
0.580620561494271 -0.41204058035665
0.159149301994873 0.399816811497731
-0.107133359244182 0.213985241412182
0.900395090888888 -0.431556857873251
0.102617718316832 -0.265740356848103
0.89428731338498 0.246338279333159
0.982541154719425 0.309687640101843
1.39684794050851 -0.315490926066723
1.46462993420888 -0.328026892009966
1.06787943617579 0.334335556879324
1.20900472142932 0.383072537751743
0.689296542756284 -0.94285533022356
0.903915343242465 -1.0280099953639
-0.167068875501197 -0.718121789948237
1.01864079997654 1.1176718899967
0.74112132262059 0.911911793685543
1.48493145014163 -0.836410910415912
-0.89550101462558 0.0321312321574512
0.703928976692235 -1.04772282186096
1.8818562920847 0.173881620471365
-0.123467956474992 -1.68894189962317
1.95569279755006 0.166275036805916
2.02815607829511 0.165171806478728
-0.441247741436583 -1.81885188764843
-0.384465269682936 -1.91550312950601
1.98552433309851 0.0315441832669563
-0.773262394705173 1.7106608830222
0.954454121233177 1.63844439574761
1.03551426099702 1.68813634615151
-0.373244211272038 1.55187668085936
-0.599753044215258 -1.65248100434138
2.21245800003386 -0.0300048718585715
2.01594351016974 -0.159300660428855
1.23678812001439 -1.42022523789682
1.72293153456647 0.114011882952599
-0.55345585821996 1.74860557663672
-0.86988499078627 -1.27321595274839
0.174802845725873 -1.3690358399237
-0.794279485694307 1.59949626549188
-0.855110217193442 -1.26603833564652
1.50976670482472 -0.175458993620079
-0.433173439620015 1.49776608532762
0.758806216653234 -1.25988729987632
-0.562881657284709 -1.28117307612152
-0.631559856347985 -1.35455829456651
0.645627896218214 -1.3949406808576
0.749209939496208 -1.28799032149084
0.435530048610776 -1.2432261774114
1.83659587605743 -0.216553252961681
1.58480615636066 0.221540632870824
1.19616412119813 1.49664594221313
0.427030893738929 -1.01414719332798
0.113237056536232 -1.0409816487646
2.10782514881492 -0.063819385931806
1.0658400760808 1.44341131620127
0.693038231966368 -1.22375155189456
-0.620838383723885 -0.85279996050849
1.55243368890626 0.489928233637971
1.57530865987237 0.412688462326026
0.00837591628776355 1.41207203440954
1.01820897979347 -0.842517251952949
-0.578082715453961 -0.728399886216193
1.16919168052676 0.258461159340627
0.847730533204337 0.0196622039011824
-0.382336983109776 0.673746329899729
1.05029199151353 -1.15481933583503
1.04344712072673 -0.423591930670572
0.225508230387821 -0.60771130567389
0.0915941388733494 -0.522222523619898
1.5029327550953 0.000477626923952305
0.947759892506524 -0.907978109849116
0.774291320536442 -0.287548562845901
0.131086355930069 -0.436571420983042
0.0266340134198021 0.421343205906071
0.0259584633860142 -0.261875493809505
0.212824949803133 0.82537556942459
0.609665670277052 0.183376511727906
-0.0204714253985619 -0.192217763089549
0.658816218574441 0.107018336309461
0.723094191428032 -0.632711900002589
0.193337116241446 -0.717086999534058
-0.0528475399605068 -0.61899138381055
0.24446729110031 -0.328703605661666
0.352259388625328 0.454143422299875
0.133768578345849 0.342830854633626
-0.0671611688527389 0.142146286699303
0.13778096584904 -0.152401249720418
-0.105841352928207 -0.174223225259696
0.219077026861851 -0.125926834404097
0.0718221972536441 0.258365459851547
0.419497992474897 -0.0520956721824845
0.107171244000587 -0.154604202708692
-0.0596087619573063 -0.0522952427137368
-0.126298223805157 -0.0903302080591536
-0.256258929635044 0.144046832243314
-0.0886099255527986 -0.0757906776424999
-0.147624270282163 0.112545176551843
-0.195111548490494 -0.0480459346267514
-0.0515667586608659 -0.161282129456551
-0.0846877241784194 0.0496809246556426
0.0839312377770496 0.0534510559915883
-0.526802485055199 0.124289775861896
-0.239642807812334 0.225112605306117
-0.227507510877589 0.404657634352824
-0.181755093534368 -0.334482364273877
-0.786818124451918 0.00889754185636978
-0.357075592817998 -0.582488634617341
-0.130313441495935 0.393243156368278
-0.0132118351085675 0.133202730633664
-0.0280459028235307 0.13539583319456
-0.595511313405239 0.0515896786496594
-0.122017696404658 -0.374149293126123
-0.0448997741709482 0.417363077250724
-0.394364990742219 0.0358755851681041
-0.221580290908551 0.239497616989609
-0.13471707031117 0.28694025645153
0.150278711869023 -0.339254149541553
-0.180400033233936 -0.328261888271549
-0.377256629053107 -0.0379271274903284
-0.571236429231594 0.135462224537542
-0.174138819396001 -0.274493647225847
-0.515260269858179 -0.0802793350125603
-0.166049514787938 -0.275353943331623
-0.23315791293895 -0.375780530429116
-0.246580098981086 -0.187548411494598
-0.169572637934166 -0.191159988297006
0.0569952453989571 0.0419971453968666
-0.05024516896059 0.277678172143116
-0.250066990218637 0.13538079246125
-0.025076647928029 -0.0783695305686455
-0.149670924418296 0.0290114599517186
-0.0590713560558456 0.0303537426482218
0.0377756182486113 0.191312620629113
0.203918624254948 -0.0371132962157787
0.0757070303441631 0.281691910736856
0.311574240669069 0.20828087251765
-0.0668704029695003 -0.310735803944557
-0.0945685015569672 0.264181902508942
0.140607312134939 -0.494356095166207
0.311691562174206 0.0358566664824989
-0.0243421155683294 0.452589119396642
-0.756878275488236 0.0465918597763433
-0.0530915045678715 0.547806881119847
-0.322332402380427 0.314164917219053
0.0775612214249227 0.0379838595385619
0.0439369224550278 -0.22032233874495
0.172477884135929 -0.198478233488349
0.14795297705273 0.0476257237826706
0.104694737960563 -0.2877253784527
-0.431141351064216 -0.0209953233445927
0.471865128215633 -0.0245361595905017
0.227537822054978 -0.262107867714158
0.333002287452658 0.00821272192394543
-0.101265580677788 -0.171343513183314
0.308490572045159 0.0556440432007028
0.331487432389545 -0.473591136379758
-0.53289430622945 -0.0690924897144556
0.284946235584584 0.16505309801285
-0.372352691889469 -0.144350134861956
0.322770705245734 -0.150205262851901
-0.237331226870153 -0.105633737015069
0.59332258517255 -0.198779592749851
-0.223332043048922 0.121444602637419
0.665095852477138 -0.269418817683814
0.109981722218164 0.411906279389563
-0.198139744822481 0.074220717231711
0.51538528632281 -0.227693724638001
-0.0258459009758518 -0.484864007018713
0.33906673446622 -0.259832526026864
0.185709632007029 0.240006407612891
0.336039072280336 -0.246460917775592
0.036289214041018 -0.293885854926118
0.124632828115266 0.380059604085729
0.0254269661206292 0.458013849003173
-0.111423329483161 0.419498145168946
-0.0513114101500498 -0.340605338540456
-0.405420641770381 0.101234001840838
-0.0190292279068103 -0.219922941616819
0.152979952975946 -0.199154100465612
0.0813490789305792 0.130934301896453
0.250855520598101 -0.0930987063554862
0.0783383215690072 0.144591656967724
0.182725520565341 -0.0393260267516437
-0.0292959829214592 -0.188131118226105
0.036925026537892 -0.12126241904641
0.480773763071323 0.158131678528334
0.171945648122688 0.0399649265316933
-0.166132812560073 0.121685072511984
-0.0216791922089662 0.333846444717307
0.187119558367663 -0.324232704539626
0.277968005625448 0.553237229167431
0.169730896928402 -0.523640969387761
0.331443670048257 -0.283187245324234
-0.100050198109047 -0.493348178022763
0.511850094365431 -0.199471342840788
-0.047106968449137 -0.430671559162854
0.189095889179535 -0.515317727438031
0.298273648403513 -0.565329430350056
0.701273233210082 0.0224780418454738
0.553054351612209 -0.276940865822224
0.527262361558888 -0.0256104810827712
0.384404638681096 -0.44881709423702
0.706578642917807 -0.184578137349382
0.481186037565353 -0.150904113746037
0.242834085443855 0.56560488898847
0.760960147155636 0.02797114821685
0.902316363692914 -0.0134557259658385
0.3974614362172 0.368752714183082
0.735383667755555 -0.323050374785253
0.277304126767998 0.276487767125101
-0.115734342743972 0.0411571062148252
0.289064003679816 -0.46530879459308
-0.023211817816923 0.255595566853246
0.0990172920543796 -0.531704697844288
0.577018283820365 0.0480845480571501
0.234395769237941 0.743962009547333
0.64372101983278 0.351027409256011
-0.368303549339109 0.0352162110207401
0.189352882598088 -0.800765809559911
1.08568309402073 -0.268240946692097
-0.256341219310221 -0.254844856078808
0.323895692497646 0.951685066803281
-0.138273818293498 0.0040812398503915
-0.405305274601589 -0.274097327980696
0.964910668000287 -0.300288070233969
0.0716601272734826 0.902596352155912
0.758557133708496 -0.752196907743442
0.722005958596657 0.730875576137603
0.856959580742414 -0.455165975100326
-0.303367671832468 -0.00231037948795308
-0.344234798707098 0.067257576465507
0.665889341483715 0.543073915135159
-0.349843665406329 0.0676609758695867
0.124029459101702 0.253706294554119
-0.0366220501940522 0.32977026960146
-0.130591280687709 0.348205363282653
0.566297988931211 -0.227729196310458
0.594538408289416 -0.352575497319932
0.159101930409482 0.551517627617939
0.319674516137727 0.457382964559708
0.415965081511425 0.413075052525193
-0.165751853913268 -0.179694078994841
-0.48312200845179 0.291653698664184
0.155265464215934 -0.718379642877498
-0.000171839609701976 -0.433102732484899
-0.242941017524361 -0.910914889958777
0.155696824848528 0.512295276859776
0.190860253406928 0.407834305260148
0.851661868323644 -0.610585536448443
0.0215781675267551 0.379818401630669
0.762848249224132 -0.329037666271757
0.52711314545637 0.0978320605142662
0.0703705264170788 0.617279008538697
-0.05994705261102 0.125137041158918
-0.0867782294321206 -0.545861530879552
-0.141635784868812 -0.0604852464402539
0.00711032668736128 -0.391238087721026
0.0676293749894057 0.00553688468224259
-0.355683530563879 0.27089602132261
-0.0752885344569817 0.448917238720545
0.159374627588783 0.0313553083640641
0.388489580769513 -0.212345525850148
0.592575660600161 0.202869891063848
-0.0323429811664717 -0.173437468051675
0.473749930490402 0.0740647754733047
0.318126665855662 0.154879685770136
0.29696973168429 -0.181881536667678
0.472554536318812 0.24425330171944
0.480170107172919 0.293606393691296
0.562046577123469 -0.285643898772997
0.525525867834154 0.283086847552483
0.31514275038737 0.219920459933464
0.408002467209644 0.154990284178354
0.492748780232786 0.200890544578383
0.437000267164625 0.265557360183241
0.211901416544306 0.113273061110015
0.477815693209853 0.0221774062994894
0.51982061692089 0.0703790285653702
0.27373473302065 -0.0714221916939779
0.337734395713026 -0.141199744584367
0.242705718203436 0.0866046162997327
0.539668058982228 0.258826769419139
0.46345379519787 -0.280698800105026
0.438136185777361 -0.115304081631784
0.0908561827367146 -0.0373577656144098
0.299885065497177 0.124034356884147
0.422212267190035 -0.367356315555128
0.359284089130818 -0.128788030920938
0.0856927975258678 -0.0438471078576285
0.156498636873474 -0.0978147677491031
0.0937332401111186 0.0606584676023561
0.186857379737966 0.0470987802570294
0.194189047656621 -0.0556549048200353
-0.0536270323714584 0.120213119614345
0.233269283829987 0.135879320657411
0.557805913005644 0.0210785542711455
0.379790283732741 0.321399228713846
0.0697710450933604 0.0435026497101115
0.0453366293371365 -0.028234656419089
0.402857124477436 0.25786136573923
0.575141220037676 0.37909032254321
0.86298438176861 -0.392159351294687
1.17061463420108 0.0245305232052307
-0.121750917458827 0.0398378270608931
0.430950506012695 0.539793847697648
0.294730368153502 0.476307888803202
0.618654417494285 -0.497387962860455
-0.301170560508274 -0.156082678581261
-0.0652716959570391 0.673224734976995
-0.432204813812443 -0.126628155544574
0.0244563527708785 0.803071243088883
-0.47247102059549 -0.0608113781853593
-0.700726031263332 0.197380418875106
-0.0910551533323847 -0.651959585703064
-0.641872766407561 0.106396135697502
-0.587085391558714 0.0377332293468606
-0.610134142399253 0.0154911916282309
-0.0230899735633898 0.723128741989809
-0.491211781432949 0.0777256235290246
-0.0416523630623106 0.49208198678447
0.342011757122433 -0.396004141464452
-0.0569213389521885 0.441330199003686
0.090091635471406 0.491220155201852
-0.112368939993675 0.640044569318878
0.612634478371195 -0.388989198166713
-0.17335226963056 -0.0282986223892373
0.498410687991079 -0.317653302376077
0.293136536745546 -0.390349043330964
0.473324888966598 0.366137851336572
0.159382445150536 -0.432755468526701
0.179409792052456 0.304147697656734
0.112422027495646 -0.0611866875568412
0.731165215560425 -0.0908292256044662
0.0726619673394071 -0.120958349575862
0.334211844591293 0.18202366606994
0.343240586228896 0.189086306144881
0.388187697192871 0.0495111055905857
0.523491053190387 -0.0659553862831253
0.154514442510048 -0.0559263543677352
0.394198597341851 0.0782229154553882
0.27779782030471 0.118777339183731
0.256826746535312 -0.0297839930743115
0.302499773423173 0.00120454990881601
0.385604756073853 -0.0539054267738717
0.3611388263551 0.0511615267270617
0.397300469337982 0.059396176475751
0.366229144387805 -0.0539387828193144
0.511841498938496 0.00146953979790858
0.327649385858045 -0.188756193266241
0.469625413738968 0.033818876363825
0.0669954068991645 -0.0864602973196263
0.360325071889298 -0.231342189340361
0.349330076203818 -0.226527989533205
0.351458363322649 0.409572396639664
0.481234605738466 0.0120382574333929
-0.0438080468708749 0.199930382818026
0.191791694823434 0.198918534999598
0.323759708904567 -0.0507509825239641
0.347488703414038 -0.075303590698379
0.123131426425001 -0.0612663087388946
0.164205597468493 -0.00639027382370364
0.141611087216862 -0.00652613362787013
0.0731729381741742 -0.051238282034058
0.082698002979208 -0.0745850240436349
0.167476742828943 -0.165384100778625
-0.00515873040885968 0.192205303191072
-0.159429592997275 0.250932568943673
0.385550424728009 -0.13065488444684
0.0336073810859732 -0.175183527961138
-0.280297817194512 -0.29618433054553
-0.207125727623113 0.32957681300066
0.00337983742326582 -0.20472315064831
0.0510011556477108 0.319432378783854
0.0514015860643011 -0.156650857070427
0.355495543592881 -0.00514565945061442
0.248597813995403 0.217014367622472
0.278468316699192 -0.142819474735668
-0.0218563488362197 -0.289442369968415
0.214112330895388 0.179111426712379
0.641484595250113 -0.0326818964777023
0.389695330325148 0.25096901086143
0.63894991105944 -0.156860867431601
0.394682028409061 0.196446479627846
0.151223334572394 0.0313231465678733
0.11190439379699 -0.0957362676332885
0.265937790014117 0.126181535015281
0.257982195978029 0.157066920514323
-0.0661391857202974 0.0204665056481068
0.219840644434857 0.020863814050634
-0.026497730101765 0.120561552550916
-0.0807744745757342 -0.0724052698155475
-0.0970138733264839 0.190544120722611
-0.206908741512186 -0.0622459881560819
-0.120188958147245 -0.113093537082145
-0.187316209694919 0.236962012815449
-0.158024990059809 0.162914714870251
-0.220580740620893 0.262406532226245
-0.636291081373575 0.0736817899606134
-0.384095500133374 -0.173864120537883
-0.140933158836271 0.0551932571195615
-0.657789165207803 0.360223981780024
-0.397364071077245 -0.195065115299327
-0.0819322152057685 0.00888571806991724
-0.20115553292571 0.363219088267156
0.00456603233817325 0.557059342229175
0.105646439979587 -0.038137132635437
-0.198658665625467 0.347213661122376
-0.173568837071042 0.00527522901035098
-0.289189172207378 -0.199388682021139
-0.160829312884888 -0.24477248716273
0.0446769393633173 0.0391195325088402
-0.00662083969062982 -0.123728423937128
-0.24692605593579 0.393250230630317
0.0382265202529099 0.394909236466067
0.291724227225752 -0.104991228961219
-0.102935195575803 -0.137430651202656
0.0449320620636866 0.324830088004486
0.251508587886879 0.384592870161715
0.0958181345604092 0.351449353160841
0.348558245264422 -0.175193270670588
-0.150039646844364 0.0280202939281868
-0.222323911829004 -0.0462178515965184
-0.0335445285235999 0.108805298903567
-0.104774126583619 0.0874347897839522
-0.257400795473076 0.18981533754651
-0.116769438753479 0.0362485158719279
-0.239066439442479 0.016924889915029
-0.194268398269201 -0.016218005631951
0.00513589406840215 0.0511333840548861
0.104315832047245 -0.00102849735019338
-0.292493925246153 0.0869649775880322
-0.267778852045502 0.104253547366519
-0.256069434919354 0.0128043328259707
-0.355760935754738 0.0808891288734738
-0.529253861740785 0.0175985532411655
-0.464356239314482 0.133501358070486
-0.282096239271232 -0.112891470974256
-0.559145833791618 0.106587972667236
-0.571684603959014 -0.0720058285802672
-0.601917512771941 0.0221637457930296
-0.594105059934532 -0.0478296979688708
-0.609091064796933 0.133971676328052
-0.471551493371844 0.0924162243165816
-0.517835049109413 0.0366602390372446
-0.224200725670866 -0.0800198834193618
-0.517558497118648 -0.0247987315059786
-0.346132257404613 0.174481274391507
-0.0980666238580199 0.240363405019535
-0.448683743910349 0.0419206999226753
-0.395194982466465 0.0304205360185015
-0.33565480716054 -0.198701806807514
-0.433535860360127 0.10266144691152
0.036682352095755 0.3128664067216
-0.406428818859314 -0.0290021100949032
0.190400347750744 -0.145781877593634
0.121669816921065 -0.119995157465674
-0.0396413924039776 -0.20609102039336
-0.0982538572597463 -0.0651313878380245
-0.317785669508287 0.0549370837316482
-0.263491359269788 -0.0705260425281735
-0.22595424211122 0.148427744161798
-0.303453568843669 -0.156065982736775
-0.308747875980716 0.0366334190803463
-0.231012303759718 0.0486953269105232
-0.495591226018326 0.0723509471019552
-0.478307054560685 0.0542471452183205
-0.350584228888863 0.15521865674109
-0.547759916477907 0.113372230251474
-0.484444521589545 -0.0142321137272201
-0.219637812417191 0.0322918576346535
-0.348157250632952 0.0026658658516381
-0.484963063447547 -0.335292553596701
0.063300257720908 0.0304105091878657
-0.376932413126064 -0.295894317826548
0.102700699203516 0.0194642546769051
0.170654354732676 0.0525234272424744
-0.476616601656688 -0.457509723548649
0.12964326721465 0.0491760311041104
-0.108982144789777 -0.370266251314406
-0.64156817193526 0.385966226910974
-0.499243908549839 -0.092301756423278
-0.083286747902119 0.0875880709228143
-0.344592946177451 -0.264680932292655
-0.238162921679204 0.0751395312128814
-0.300546682914343 -0.134113833740601
-0.0681050706352183 0.0627492607367102
-0.38842755203866 0.202758767122819
-0.180228496163854 -0.0482706714687254
-0.581008048454012 -0.00842913041492536
-0.622039677919772 -0.0559673546308833
-0.362021913483074 -0.27899058684511
-0.515065913868487 0.280906548006734
-0.596504970859633 -0.29842111288317
-0.353673817004954 -0.365284475785925
-0.317122529247555 -0.372439986665509
-0.499894002043746 0.195534834512635
-0.0710858062337357 -0.12835555903184
-0.467290476425879 0.385073617944203
-0.2741124250276 0.298709622733604
-0.614774985609976 0.561731598371229
-0.301309813602668 -0.577745143292621
0.0824052377680951 -0.141033744675279
-0.474225407626912 0.553533171985585
-0.58179516027298 0.377118632175629
-0.280967292412817 -0.263678938961342
-0.655875712093814 -0.287945002577987
-0.521431994638394 -0.192632496276039
-0.549821011872826 -0.0629009722324175
-0.718518909241353 0.19060915219692
-0.559666495443747 -0.125427130069705
-0.452244347457179 0.134586626235415
-0.731337837851106 -0.0101717397523837
-0.614241948806668 0.149974429435166
-0.418156303082438 -0.0886575935687354
-0.668346367859939 0.0792444454485818
-0.627191432544634 0.224760378730665
-0.48156456772975 0.362250923038933
-0.522794604330995 -0.188655003570386
-0.293215315935559 0.0483485986344991
-0.59606236177497 -0.0895493142918893
-0.460588255968296 0.0583996905457205
-0.696331123312246 -0.0168916199896615
-0.85108346638992 0.158772817102327
-0.359168129364864 0.0412970617848622
-0.309926529232413 0.0437321343687176
-0.522947351360031 -0.0857674429942542
-0.843896566730174 0.11231572753958
-0.46223585876898 0.0358721562454905
-0.2577175265141 -0.0531402351994704
-0.202415199351623 0.00942133262903981
0.0142440439386543 -0.00709823987086129
-0.192175970709732 -0.129373404872227
-0.327461171712104 -0.209614861157253
-0.255963545593297 -0.261037974492547
0.157112396773471 0.208155251184009
-0.454002082388109 0.115984927017757
-0.635404425449387 -0.287360156820298
-0.280805044840047 -0.44464899499103
-0.441188143234123 -0.0274660944831022
-0.0929399105134136 -0.442608686959928
-0.527460679761537 0.130124549584454
-0.0551171523233258 0.378296254646266
-0.382076226535366 -0.0593900488563896
-0.318265383240387 -0.17663416681628
-0.454912339076896 0.0591922367014884
-0.430890627797361 0.063656508001818
-0.0707403258411123 -0.338004626156647
-0.359983601903218 0.0235099481114723
0.201671555486634 -0.259580784123317
-0.0847425905306669 -0.564303837956879
-0.939333160083132 -0.319219890865407
0.075163622531941 -0.163931713217486
-0.627387054800199 -0.179404513218889
-0.785499823055443 -0.536179547064097
-0.173676044015695 0.160678870189023
-0.595389085571405 0.0424210210691629
-0.953905929629797 0.153329436118523
0.0130077804930088 -0.230603398022111
-0.599794194951673 0.243555932349434
-0.36414151100833 -0.342386696027712
0.181721428934654 0.572827290197447
-0.504092343340787 0.0283341216858281
-0.108326370632396 0.532175597492886
-0.461656963262993 0.00409929150908991
-0.0497861072798505 -0.601322778730907
0.0706685192924294 0.503783008050739
-0.306350418747988 -0.63094441093118
-0.357984527199603 0.637831039090141
-0.608931342351799 -0.0991430518662898
-0.352122370245717 0.464471983972756
-0.627320932426504 -0.0562825014747069
-0.417843665872845 -0.446681671965179
-0.0709284265724054 0.478493671590747
-0.10808456511818 0.354047403722914
-0.493989359693226 0.0161631291479116
-0.747163115425115 0.112539470261702
-0.415088650021194 0.320180865577017
-0.647015904381235 -0.269163386303835
-0.879603343912299 0.263060864157242
-0.578234868374709 -0.327155298438539
-0.711239224945654 0.474393861588232
-0.516629024533304 0.505906690855375
-0.873642040371832 0.223329258079003
-0.543957658854547 0.508112372000907
-0.244548265250154 -0.682273902122233
-0.921363635380356 -0.0234184689286259
-0.784347830908874 -0.0422074394668437
-0.774103666881735 -0.130781630356402
-0.476632331920214 -0.635923246734117
0.0812760275900048 -0.756937900951289
-0.603172308411557 0.649360634979994
-0.654992853562144 0.644875190497262
0.372961182518327 -0.0205896748991406
-1.09078587010596 0.111703460352807
-0.174036478903466 -0.606521278997867
-0.433434008047768 0.50884412161853
-0.542660664364598 -0.460603337265703
-0.525951597223988 -0.379060493801831
-0.933837198548684 0.0464937309210934
-0.431217057785395 -0.31503476698991
-0.550281384483688 0.0686096883214819
-0.13129362102926 0.0109461599959326
-0.403915079618992 0.39347405736143
-0.723481650404811 0.12489984944593
-0.309248368355392 -0.0967709486895511
-0.946767051106792 0.19786485761801
-0.866119990103077 0.435075426546162
-0.207305385258875 -0.418095971277844
-0.960572243330677 -0.0477853049297317
-0.724981892918926 -0.537914634346212
-1.0248816482676 0.0683928317506069
-0.136482958417195 -0.436183292168953
-0.556219159093647 0.396919159979351
-0.882335473359645 -1.71987279747876e-05
-0.82954370507971 0.366628736998723
-0.639021933461203 0.321411968777319
-0.736806868338085 -0.285287613719382
-0.520443629078308 0.296542428582138
-0.592405015218633 -0.227677985670854
-0.560671172799802 0.31477577074708
-0.515589287764435 -0.395400614204795
-0.440818396644729 -0.41066543687774
-0.500772910686623 0.305606162205506
-0.035788361492396 -0.597674633415955
-0.385042542177745 0.595678125062534
-0.532417257418282 -0.720466622562818
0.392273076119333 0.707197472954588
0.463300677873715 0.808225657707053
-0.79203616916997 0.0648580357645794
-0.222660083879404 0.663077577358144
-0.245196879423011 0.528362036163797
0.453780496789014 -0.486963182708946
-0.61659381326329 0.101825036098984
-0.115186859325298 0.730902107760265
-0.103693478411444 0.797473450456139
-0.485456611762594 0.814649549152923
0.431057278504651 0.447302741238539
0.0782786697211707 0.43443326621285
0.457464961019367 -0.587736388020837
-0.22522632523655 0.564795782301661
-0.523246715645634 -0.157430134124596
0.111456908110048 0.315475614063834
-0.17423779369894 0.523359479305348
0.394257518604283 -0.173507829122816
0.0219616379347902 -0.396980115742362
0.105087214092784 0.35042772325609
-0.237975881318445 -0.0303240011197406
0.230929229372485 0.462236404487117
0.0513618744077389 0.550638634919227
0.44524635303651 -0.664888981982182
-0.278005788446535 0.748687932087811
-0.450635627462461 -0.181664172466519
-0.724225103587354 0.265488990190655
0.094041355637589 0.795162348184205
0.378981485904032 0.789480752174352
0.655005402445803 0.443167345992356
0.154405955010155 0.355209778313706
0.990219286664087 0.0209476312467085
0.538657937989183 -0.682320720067523
0.321125346582129 0.585079856285622
-0.0129355538599718 -0.713027424530781
