-0.761642726381707 0.178961826256016
-0.762469447951607 0.307617954330208
-0.859780730804194 -0.101879770827855
-0.375321968271965 -0.155289744669886
-0.643636327791466 -0.239388343470772
-0.127963810922635 -0.0438719429842416
-0.983359995323897 0.495345123994339
-0.61702488218694 -0.396570742865888
0.0788066450436225 0.0447386747469289
-0.763744064415193 -0.525672125466656
-0.214980794615387 0.65138111657291
-0.0668278018362682 0.555211540122684
-0.893480552514576 0.0260279053131505
-0.532544604523489 -0.522338698490408
-0.421505123889912 -0.3427163064518
-0.287718927869258 -0.307369700396539
-0.287623773760825 -0.0264986449658516
-0.364716119623218 -0.176082727173252
-0.391023383029992 -0.162296374177544
-0.318726367889132 -0.0621089587505222
-0.32772482754821 -0.079478136340554
-0.504402133278096 0.010083414813714
-0.490592253990506 0.0518807766709672
-0.618099970512579 -0.0160538046882037
-0.645472417320085 -0.153514517789951
-0.805338097514011 0.0457028865055049
-0.448528379588123 0.146320243919564
-0.607458479948607 0.276382349046477
-0.728354062926657 -0.0602009508117458
-0.801527926390424 -0.0439894826509829
-0.745986112663169 0.0349458045078965
-0.560442744132364 0.453285533500716
-0.423751288150423 -0.299467932690342
-0.417437435622021 -0.410804546674084
-0.387494355075915 -0.326389974002825
-0.508786462186655 -0.411126341608137
-0.198886777225578 0.476181089246622
-0.470782842999158 0.519738359809581
-0.835248367338748 0.0592875895261647
0.0452973817534387 -0.36938788246767
-0.51414358391439 0.53754693915345
-0.509202292969459 -0.478888939863543
-0.594674726584667 0.455589811408932
-0.39568925059642 -0.546972738583644
-0.23527784339376 0.0741137408543338
-0.421063112311848 0.386241219705238
-0.211971204729053 0.0480633571924767
-0.671169352164141 0.0786338714641577
-0.350330098165998 0.37225510351025
-0.6577953326822 0.0627031643027726
-0.0916549372628409 0.196501799959491
-0.526370953356395 0.187058113607596
-0.430584777901616 -0.218953569917413
-0.286995516652488 -0.0206195720999848
-0.343091739152603 -0.0202712252929165
-0.368379883049836 -0.084572122215246
-0.546895037099087 0.171381475747465
-0.38300834254249 0.340906783124928
-0.300610075646119 -0.348068538527721
-0.851092467013402 0.145642871524172
0.122482619831608 -0.120776552097397
-0.691959776703114 -0.196863596032444
-0.668628616287346 -0.65935651098792
-0.299296766294073 0.626627927917142
-0.562443144441686 -0.110493233360082
-0.201452677789552 0.73457171284488
-0.403026466311075 0.617783094268403
0.149545036785003 -0.263263130301389
0.145631380841342 -0.516159787388271
-0.611066692804862 0.0488693669421889
0.0389609664147127 -0.301116899076575
-0.547477756502195 0.035330876333355
0.179357701032732 -0.324535848013865
-0.570616174153431 0.00557341330657714
-0.0132973453630024 -0.16026529871517
-0.345937738570395 0.00954833861247303
-0.528521422671418 -0.0333788418123462
-0.500632861325524 -0.272710953250059
-0.619459356129253 -0.0695264379927745
-0.629921782034745 0.153039362226513
-0.477569114603005 -0.0350411057872877
-0.511592286679179 0.107375937950779
-0.395269155335334 -0.0356837830607366
-0.133173881570427 -0.19210806002701
-0.278740916141482 -0.154152853582345
-0.170773600716853 0.217059279428303
-0.106085850742077 -0.0129850788159561
-0.299619253511477 0.211185367596316
-0.197552568398269 -0.200331120288724
-0.139229086096212 -0.373118464309644
-0.0320830778445505 0.449740373486884
-0.160071162043529 -0.243835690884114
-0.408886732878029 -0.0710098970436756
0.298226310374041 0.0204489107459242
-0.430779669157382 -0.583872679362007
-0.658558321405228 0.051892305559083
0.145514899945308 0.521212000160375
0.21777627353822 0.590276521656188
0.0546119603954832 0.442076122002097
0.364715570219346 -0.254266672695885
0.373639893869677 -0.310681963150964
0.434474327127072 0.348751230500581
0.629128878642567 -0.135363961198505
-0.152321200631762 0.0455106209439543
0.251934240432054 0.439571285421297
-0.34484213440879 0.0608009922420597
-0.0782170470463841 0.319442995109341
0.0117927291961839 0.286187964628246
-0.0298811922917305 0.332519594448626
0.113485539388879 0.30913422973364
0.0388294514619192 0.149059194737478
0.162428738395102 0.0669494507957156
0.17422914649886 0.130094986373041
0.219911668001337 0.012416329582548
0.145294782431787 0.10191217921586
0.0835827700562812 0.0968690094158899
0.168735853530798 0.076419815654145
0.0265475994999599 0.0963914057800882
-0.0342144671184957 -0.0286027280364076
0.11995696529942 0.215829106899734
-0.0624177836410373 0.103122670197369
0.187230296183399 -0.132078455058137
-0.456603450790037 0.0280783882538202
0.152573360362983 0.400009990838779
-0.484023966817176 0.0262555603466941
0.0582410419246455 0.293730476800907
-0.720034705092294 0.282984695300818
-0.763703896311482 0.161518047169289
-0.113718798159686 0.0846895683092597
-0.496019455617056 -0.176715528606983
-0.142222674274038 0.0176872971916435
-0.198549464249264 0.030515205822152
-0.167359677954419 -0.0763942540225932
-0.356490795116861 0.0120075403374272
-0.354376703323848 -0.111486621311131
-0.314165667045159 -0.0791643467234659
-0.428463409173173 0.0564014817851035
-0.396564469559825 0.034386052086436
-0.30486022634957 -0.0735463583886317
-0.395576156136504 -0.00719120288599043
-0.445133450137987 0.204200964523442
-0.183572832291085 0.00524159473783417
-0.227050174307527 0.0834311529741843
-0.184479829530142 0.0869663014017052
-0.0214406717809847 0.0379674462728657
-0.0699445143219099 -0.108657038156104
-0.257261776299204 0.21810642459489
0.0839414360124622 -0.0644204802513994
-0.0160971680164022 0.473666898150147
-0.265701091895036 0.287254138695218
-0.698377769138407 -0.330468205490354
0.0838286245930939 -0.656581556344705
-0.358565749027147 -0.0554567794124311
0.0705962921751752 -0.333706272542836
-0.183376856512292 -0.0338224444371172
-0.0230301094656202 -0.0774692264599364
-0.0570090581545862 -0.0454913722368496
-0.0491579555757384 0.0189601063086588
-0.13779953911189 0.0592863153981359
-0.18666808344017 0.0476295584240547
-0.14504256507928 0.101261674958352
-0.190863450351698 0.133996518251438
-0.231041937166958 -0.104765751551459
-0.107924320906111 -0.101221598213994
0.0356976663673668 -0.0363231545660572
-0.14107415855818 0.285327946685724
-0.233555668128697 0.325065426574594
-0.210098743960839 0.155197972467083
-0.114522072567268 -0.191588954868193
-0.172323042982472 0.366300629631434
-0.44227230068719 0.272656445501688
0.0995910245848293 -0.0146329071455189
-0.356988217686197 0.180006016857037
-0.229656666059434 -0.2498547486365
-0.22454072046735 -0.443790837481238
-0.118069379195826 -0.311816616291192
-0.39219061924443 0.412514020635765
-0.139125710345746 -0.268453107503439
-0.320373211590683 -0.242584161007708
-0.613106113441099 -0.0896691045721754
-0.554076558031193 -0.178085402788814
-0.127168796427769 -0.119621026894302
-0.561742368053954 -0.467038539262757
-0.376438787290503 -0.41390163021633
-0.491824149355097 0.340609448155084
-0.652356157172239 0.0696923266477654
-0.261061256546644 -0.387098683827515
-0.218451618234253 0.248500102104003
-0.168521373023867 -0.4819049527038
0.133143570091694 -0.130991187245608
0.242731078619767 0.406138197052074
0.0494059425140731 0.173249951209792
-0.0790960692330214 -0.00221956608590843
0.204513208409585 -0.238325201317935
0.488601361943598 -0.210788284313273
0.22555801266577 0.25597165952251
0.562784225410275 0.392575130584863
0.104482197655666 0.0893144340877042
0.353866378859019 -0.46303460560346
0.257141227095811 -0.44365891939036
0.356439127116449 -0.476377568677269
0.860845074966507 0.375194869869962
0.913464902858386 -0.303654368846856
0.593322259871906 0.321176159561201
0.677196543420553 0.112213979664371
0.765809982856967 0.23463718678753
0.657209773503713 -0.198149535728014
0.75451852412331 0.390384247153635
0.874547447636282 -0.287603422642434
0.613558266112712 0.0785522214997409
1.05332734120618 0.271641007032845
0.590680443217928 0.0223327220802636
1.12299473401605 0.480998596794714
1.51089587156722 0.439851194351521
1.48490102657986 -0.293579365519556
1.25359041953987 0.163707095270323
1.00553028263723 -0.126770757677286
1.37450234971709 0.416979457102784
1.37534318148096 0.312638552720715
1.29557998927012 0.250680097437387
1.07944950270127 0.0108190668719354
1.69724389200518 0.0980967176902869
1.71485451934947 -0.0999720691486555
1.70843938565386 -0.298187682286713
1.5535915029636 -0.24089086502522
1.55644695554088 -0.376433632889793
1.70098748855961 -0.0703791882382269
1.12909515109603 0.124399664771252
1.29428299776036 0.451216005115504
1.8927651169822 -0.0975597232147265
1.14080446430044 -0.549716285195115
0.810292503689047 0.0757030700861559
1.22679977511896 -0.0201184736574353
1.4502289241278 0.0635163509069152
0.786896117100777 0.588231227878763
1.51536323045895 -0.0267673894960555
0.557061584585119 0.5893410306074
1.42410714748803 0.0466088843615515
0.509690204806209 0.751683827955583
1.39668392726503 0.0295144584025381
-0.359575770014763 0.0274308775900916
0.153902600856389 -0.905670062491185
1.51477511549642 0.100916473481797
0.686745832785813 -0.970416328651788
1.59796844864647 0.011675895014832
-0.146471215864108 -1.07482731940111
0.913878697669134 -1.06787083064992
0.687538203303294 -1.37350900042688
