1.05407889349855 -1.25352151051049
0.941677513059271 -1.22135738819647
-0.559143693957977 1.6212621752535
1.58769701500845 -0.118708691149152
0.107396442341571 -1.13782300142711
-0.738632687741878 1.06568323380271
0.66101622619682 1.34979938288657
-0.573026492674437 1.33525939025758
1.29704303121878 0.220469267892713
1.10815398531316 -0.0974932097525775
-0.360351221119306 -1.21406287598994
0.572343112421208 -0.857729143342097
0.690921640592531 -0.85430583204667
-0.33285507070363 -0.961330671735792
0.97239840028202 0.0073983499780774
-0.344058628653227 0.664828020972891
0.872281104164623 -0.04103447570001
-0.745608243463272 -0.0352569192995767
0.38228947591342 -0.584104719821259
0.432863021120901 0.752252806505455
0.712292820563436 -0.0970996879586908
-0.466557295581453 0.427070695131814
0.379082987972299 -0.763193443750427
-0.880400415446998 -0.0625957627157191
-0.654635563899103 0.281237678511452
-0.0215238665428799 0.67504036959197
-0.49981807109743 0.687289514706136
-0.0285701039071679 -0.785441820085286
-0.828826131861854 0.269237097746879
0.324154976558891 -0.266613709639215
-0.93088006417923 0.490811532725334
-0.331999332829287 0.531010831454074
0.0499148693267771 -0.64750035829781
0.0699216331172647 -0.581189548267195
-0.157412428946278 0.519018433208175
-0.160432159846888 -0.546091506768645
-0.538349204174118 0.0633382361934761
0.287735496314467 -0.464422441040005
-0.0817268601598688 -0.442588354415328
-0.184539604241274 0.454372739236111
0.306347156736975 -0.416818740124917
0.00139844116947543 -0.316261673885291
0.0651702373216795 0.310063649431139
-0.0938449935037894 -0.0410162251898334
0.156061210650123 0.296262350485527
0.15561647628953 0.441375250228897
0.365666426920887 0.38909405580778
0.282250042789596 0.356578662459512
0.759794100184901 -0.28072374662637
-0.0885330878269977 -0.0406491693191829
0.216372345693076 -0.610501469122667
0.679577931029136 -0.365297645676166
0.135945508570968 0.421253733455562
0.100011617568576 -0.531621227003559
0.0019164334935217 0.365027901853666
0.28086825651511 0.471760980897919
-0.540084989158126 -0.0229458124160524
0.465027548599202 0.0385774031992534
-0.371388160943217 -0.0209787898287322
-0.179081510615076 -0.280314059916247
-0.603138520625921 0.0446705522817692
-0.581918429682942 0.0409986455115358
-0.761188214095709 -0.042236088886064
-0.642376523948798 0.0742766115279522
-0.315886105735928 -0.207460145016785
-0.308157475054827 -0.200435084284145
-0.545260063053686 -0.356124514202896
-0.279944012644472 -0.411362281491861
-0.0267215034690579 -0.240601665877393
-0.0392658822796116 -0.321446733644611
-0.330521622538565 0.256390846737852
-0.255975361669024 0.367488435710216
-0.176262697207728 -0.377773582151484
-0.504187206106592 -0.0352869326437544
-0.221056092108042 -0.475624384317174
-0.391511138987548 0.00601834191642246
-0.0448148882034003 0.4421034928873
0.106580179267637 0.408687646942307
1.02445211296293 0.0663346164203346
0.159472822619852 -0.671627645473035
1.17203499529255 0.050554288166086
0.776318993856901 0.769894538858262
0.251259037255933 -0.775997888896632
0.215920503947033 0.841304215999047
0.278195637255022 0.92501457186682
1.14758564961629 -0.622854995196094
1.15986565281995 -0.667864433321642
0.139588620363755 0.895858051916797
0.114112118201651 0.949489930578515
-0.533315985569884 -0.0728643393350886
0.0406593914059439 0.78818935626809
-0.938492473373988 -0.0827503487669624
-0.538605107755737 -0.127783389925782
-0.88465736012067 -0.0656178252374906
-0.0720882008295241 -0.731667391303803
-0.77653501539701 -0.316939826793145
0.261838111353714 0.823344443492476
-0.537167478733637 0.793676833409625
0.354872759852619 0.412768496726754
-0.873873490810938 -0.458313392600447
-0.39196725182958 -0.635791306211657
0.24540441310655 -0.132204006907696
-0.643217734794652 -0.326664463825981
-0.893171671408552 0.125327518436706
0.0230940157778651 -0.0936095568790488
-0.430941124001637 0.419587501887989
-0.64423150573803 0.16499860062585
-0.465987517009111 -0.240553432961797
-0.376425555072803 -0.168963520555992
-0.395393228713418 -0.0887220528957315
-0.492569159238046 -0.0867042770781563
-0.197290328316544 0.00937110724857576
-0.236788675255312 -0.11042343546693
-0.223582591859581 -0.00452307704116605
-0.270539809820046 -0.0489145256911329
-0.191644521968794 0.0693184108936335
-0.169791224578963 0.0121640979019553
-0.0321546363383445 0.0410658597383411
-0.134566917046183 0.0295275269546675
-0.165012042517294 -0.1018300351803
-0.281386835922467 0.0582074917361067
-0.132037653050038 0.0201430287208189
-0.125245088434554 0.16321377932244
0.0445698235675664 -0.157891882816432
-0.236521882544087 0.276080541010771
0.0500778533826318 -0.227246763187408
-0.125891267327587 -0.317767661227312
0.234668959350215 -0.175803343712927
-0.371719574128729 0.0340428222934041
-0.206012478289656 0.274759835554124
0.420130274552683 0.0501790178758015
-0.474871815261429 -0.1838244116018
0.124526620021212 -0.26030830866725
0.00459821466583678 0.0234930164189277
0.285588181769679 0.633972282131182
0.192508850040908 0.686869821128933
0.406129903376898 0.251571346366262
-0.00561767242408459 0.240852784178725
-0.436874832460008 -0.192980855080919
-0.66150863710078 0.0746958480977142
-0.273334168575056 -0.379502893795643
-0.484397835837283 -0.0579030601706322
-0.391107213367748 -0.129920482777617
-0.359546376939563 0.178577712945642
-0.38935262314436 -0.0641087424935727
-0.34303751230886 0.143663984024286
-0.643235293834078 0.0245745377628158
-0.457331595167157 0.14828830728539
-0.679532363282425 0.00256097408236024
-0.64031723060136 0.109646928865231
-0.588363191442794 -0.226693229728909
-1.00151972119352 0.0616216070750578
-0.575853133391717 -0.37909659971938
-0.453693049944907 0.517925020200491
-0.658220128271384 0.49811969122927
-0.669366401836595 0.584628675033084
-1.1718326289643 -0.44982413862051
-1.07189178044835 0.647444482641029
-0.677046984800858 0.742796509732693
0.00491491684021894 0.531442479626126
-1.31346518265543 0.0602072333024002
-0.051819998427098 0.632928774983904
-0.715802196110689 0.459781948704591
-0.959377022400174 0.643530882482051
-0.832456507835005 0.318479377539978
-0.789552617939487 -0.709067030725848
-0.343887179363431 -0.67605616597732
-0.854808089173341 0.334634780914564
-0.939384021745736 0.311701270486547
-1.371802381661 -0.0590783459709148
-0.94225287614156 -0.602781511485074
-0.810280118030376 -0.578579977111204
-0.603686958672173 -0.338582330082821
-0.91414110367009 0.0894659269738027
-0.955639378786425 -0.20899300998146
-0.9871609931284 0.269920800050997
-0.719561372384019 -0.299788052040983
-0.666866978636888 -0.330218317284023
-0.715983276042503 0.27228036155848
-0.895684087690045 0.16059927215332
-0.918116698839517 0.0993038201995238
-0.702432994528733 0.216531761099854
-0.672261138685929 -0.0570546204224847
-0.550166038972749 -0.26078447423735
-0.603008908339627 0.115170954174824
-0.518480756397008 0.202740551867433
-0.712595622603708 -0.0141440805564413
-0.467487005893754 -0.332473829861593
-0.225166376024985 -0.227433257749835
-0.377015078331882 -0.303833177676697
-0.74162467102226 -0.0962104802467077
-0.361530587879075 0.339364332632096
-0.347468325444517 0.423825304781851
-0.676515688743208 0.086229926367269
-0.59929727247148 0.432888130598154
-0.381338462242528 0.554287622680984
0.330050804071717 -0.406155729585562
-0.701094447160402 -0.0653844051076468
-0.908047477373646 -0.00469991229356089
-0.333216468550519 0.775677649464695
-0.664508197059122 0.618917768165671
-0.52339749898046 -0.83723451648801
0.261542204915586 0.744059244244036
-0.457408778711854 0.855932608217872
-0.501183351723763 0.805031053181628
-0.787848294847872 0.613163722613414
-0.71380466201116 -1.01415395405813
-0.504226823860406 0.809798268846748
-1.43499250040321 -0.325116699180405
-0.601720503340331 1.05924199980697
-1.1098698108706 0.97362493067291
1.18089466557102 0.0700918604810932
-0.950349017796383 -0.17447020280215
0.509528044892957 1.19453515397567
-1.22937342820793 -0.0513617626293724
-1.20154059344509 -0.0473108398970111
-0.667289775167594 -0.262407296620149
0.304202677794784 -1.00101105210844
0.312698179225621 0.978344260816311
-1.13238274274104 -0.0357692046135514
0.374607002280261 0.487789743001807
-0.831277117653977 -0.469817127532408
-0.233763060888967 -0.62290336787518
-0.0259791143565142 -0.76849548214555
0.010522755265108 -0.767084291271898
-0.144044780322777 -0.603416601383932
0.164608720545573 0.167749974674514
-0.838501730051141 0.381163488383317
-0.609890843395489 0.658597164089302
-0.306508853483103 -0.515643594651558
-0.364310480495385 -0.612540287893993
-0.949501023268014 0.558497545931103
0.236549291034677 -0.0480440060435951
-0.366338788740992 0.672210534603295
-0.22356577412921 0.805907810420962
-1.03422323413546 0.596231385164263
-1.03047467353495 -0.568224549215272
-0.0843923456101391 0.227068636398831
-0.396233337561403 0.688309579791533
-0.743090641388316 0.372517298969082
0.468846804155032 0.0301493045142395
0.0558648092136406 -0.354827270763216
-0.817859243861951 0.233710492889773
-1.23385691868799 -0.0584358981836295
-0.854983546098821 -0.167101766995222
-0.421762797722474 0.686744243972436
-0.982801441592909 0.00302360728239215
-0.864598352026389 -0.0734070631435056
-0.903979661213364 -0.0364897541830523
0.254254784515338 0.763388378801544
0.261592064612961 -0.696056875442807
-0.21841053578612 -0.613639375264614
0.416559703164299 -0.572509623418134
-0.425981946267844 0.0121513530497073
0.0367848966049756 0.533931926340316
0.513365245075159 -0.764591556042663
-0.706957965247406 0.0703518395414978
-0.750563100228567 0.163324933645701
-0.342467505997237 -0.197324159878567
-0.815080735339042 -0.0393201162219614
-0.215275713259845 -0.249525867319571
0.195506158195897 0.627594592965275
-0.192243919698133 0.692504812248134
0.254516009717546 -0.633581358562474
0.763931555936233 -0.15272028265546
0.510780323134136 -0.59752568116337
0.614032693933069 0.25007712351477
0.142473479514199 -0.0831566206661846
0.0858280410231302 0.530009206192025
-0.700730794731538 -0.00997898088526314
-0.340272469948999 0.376658391744641
-0.36812828508849 -0.326360434804227
-0.412555319401688 0.252795942996075
-0.443242406076656 0.313863910073653
-0.10406930603897 -0.416182495482112
-0.0505630516445812 -0.46246511107803
-0.42001513557255 -0.542902461385527
-0.500553986816172 -0.652689996516541
0.0194074999943845 -0.568278127362493
-0.0369735839254155 -0.666846360421205
0.596502087215778 0.0296597634764844
-0.0284664014178445 -0.796609562201575
0.721517764884982 0.108723987639626
0.603056093596604 -0.12638556600314
0.776292099670407 0.0943788544870374
-0.0460187113810141 -0.962723879237048
0.736459419959702 -0.136187425718187
0.240411015365328 -0.956104801435812
-0.812232945099912 1.07502975266615
-0.218060812130059 -1.03856024503063
-0.141013673544779 1.09701267396663
0.118502915120718 -1.26828717587158
-0.680699432335873 -0.822226419161724
-0.0680473926304671 1.29257625097211
0.9430458547615 0.480420687818328
-1.33304232421985 -0.989775468607722
0.705596565864665 0.462185859785397
0.507315281846938 1.60328915246757
-1.17990646093522 1.44834736097955
-0.956994875552079 -0.643077749353885
-0.807019467875269 -1.64732342980556
0.424068619321521 -0.977283965220515
-0.160415746864557 -1.42275217944513
-0.353931137750328 -0.0170116392650469
-0.185600094410156 -1.3998350283144
-0.213295616754982 -1.40505287259845
0.942110671273447 -1.36296165769984
-0.837406269240897 -0.350985819311705
-0.76650702859578 -0.253280118733446
0.974681796003468 0.961199977064142
-0.913499189105908 -0.315767261245087
1.18079812685153 -0.849722387139545
-0.154649209451849 -1.2636574800932
-0.634352748092674 -0.129698362221117
-0.665427588508241 0.0639531532011832
0.376301862043263 1.02209984130407
-0.530069509006425 0.0205945045330181
-0.416147434215044 0.0213799482673094
-0.434167410718814 -0.0168993753136445
0.6039822195573 0.934465732247538
0.467389744332554 -0.973084709134283
-0.130580822293436 0.105997737440934
0.780268090885667 0.695203205620776
0.652116363804216 0.70730117527659
1.79324145271137 0.0896247181224931
0.641159273539391 -0.791674133011153
0.0717680140166659 -0.14226913471455
0.931651932399564 0.365522212261517
1.00367613499015 0.398059568407278
1.23519194249994 -0.501320131322205
1.20460672913622 -0.443484608115487
0.753871799237878 0.714905620517884
1.05755243279134 0.722256719124933
1.00728522160483 0.875435685047295
0.483555504309698 0.721070020946485
1.0105878120857 -0.311477846764522
1.23442762876754 0.104625262771261
0.967954535198419 -0.588526640757909
0.853932747131441 0.721771726343859
0.874566328789579 -0.305120880994979
0.98401392439839 0.0358839834577158
1.1212036684183 -0.517039946294013
0.472416237569418 0.434163534080454
0.749741167946384 0.635162879464801
0.858614588505372 0.100312443226481
0.536201694644061 -0.51956394955142
0.506146935442067 -0.550377213889042
0.428532684190754 -0.507481011641625
0.650434215731443 0.111949980227429
0.696250582802247 0.0059529244122498
-0.136971704976416 0.448583007880088
0.654829417653426 0.0267315535201789
-0.118028058604226 0.294230632408238
0.00880922451056936 -0.30789719340987
0.650068271023508 0.0793642230685995
0.0198014959040893 -0.535273477866502
0.647971574840308 0.129345714864121
0.645771508521134 -0.19727169909735
0.623436519397257 0.625061191163417
0.838118877651577 0.289403120943556
0.0699066754766429 -0.158897260564615
0.132037005118943 0.147604381689179
0.456414297543741 0.272687971115405
0.414904186224335 0.199059038651436
0.526181589906983 -0.105133698217796
0.37010231888193 -0.0240428706734413
0.328748588196973 -0.0587515121039824
0.338940154999451 0.00843220042276934
0.450398795843818 -0.0383288511078359
0.242904622695144 -0.0455569429253663
0.473752875409281 -0.115915331071314
0.118188728885732 -0.050802852164031
0.420154686813847 -0.0180688238857555
0.436855767628223 -0.102531945278608
0.145008952627221 -0.0680889977474553
0.206144253918049 -0.14141683414071
0.329797303237958 0.00588662461894337
0.102415138398899 0.158183676279458
0.185091029230036 -0.231370451711474
-0.154360755742612 -0.223358267188266
0.204138408889317 -0.266134674101442
0.158626628957246 -0.12587431777083
0.0268599497545225 -0.230802114229615
-0.0540919756035974 -0.234115950083204
0.0771736328876989 -0.236791343169576
-0.0545795611574517 -0.179378738286334
-0.148677842400594 0.00302815472189343
0.0876597333356992 -0.121851265202958
0.113092361531536 0.0736218550588834
-0.192316446569235 0.130665630355303
0.0346414269105675 0.146251647435537
-0.29463785200458 -0.0127627643669637
-0.0358682488687066 -0.0530603444498766
0.188504804654264 -0.039467527287499
0.240780311771487 0.062009604924146
0.090848191318496 -0.16592425129571
0.218191108869772 -0.142295264008027
0.24021872744258 0.160707660599243
0.119914663404644 -0.340140981683709
-0.0758277319911199 0.194583429372116
0.203095562423081 -0.314033736853933
0.383185675949069 0.291405761838153
-0.143990183853684 0.0143327895468671
-0.0849199790398755 0.159729254741731
-0.0631574625797735 0.302175040758
0.122580673773369 0.286674017316784
0.36046455862764 0.0460430424693537
0.103000617474709 -0.266820507931032
-0.030234736047298 0.224935849393847
-0.0677299222871073 0.256374943345432
0.186659099764077 0.373438769932624
0.0162244320250273 -0.287132687031923
0.0939734910286868 0.210769825354079
0.240703067799928 -0.148787227615558
0.0309548517247685 -0.129185188513832
0.0338319071825876 -0.131793264032101
0.213882494893176 -0.0266727853965315
0.185331899672553 0.0514023467587922
0.216589897105151 -0.0706625130444797
0.238642446965602 -0.0234386669871116
0.198125851823554 0.0333470510786519
0.178288432027017 0.103489928925683
0.329181101646514 -0.119993888100255
0.40284408211681 0.241956962124471
0.402023987680328 -0.11289457191186
0.355159040652936 -0.166235389742475
0.271521957696207 -0.186621757495249
0.198293372891554 0.274501442278898
0.239461934282367 0.296372559338895
0.270201411120597 -0.208402532565243
0.472127284611799 -0.188188576958146
0.213251016141769 -0.261325111734947
0.225406377846257 0.195790668805414
0.14918275946188 0.222042826184588
0.191519353597198 -0.216706067736393
0.455503840714667 0.349510451363304
-0.164422938571784 -0.016564441145288
0.00333870985202218 -0.331376628571215
0.51907928933626 -0.136716607997186
0.155223884013215 0.107129740975833
0.36693032865926 -0.143081504449491
-0.035419073444193 0.190751517535077
-0.246083137702889 0.0123247066640054
-0.214981498914651 -0.0167440463080045
-0.0557497853524987 0.0882616052287901
-0.079124243106705 -0.0117892870431944
-0.0754138169386544 0.0524534277778095
0.0363313686331537 0.0740011945521305
0.0325364793065259 0.162631603429787
-0.00678028185830117 0.0631778769792792
0.245595477053732 0.208057169108339
0.216655408959596 -0.110276233874403
0.134788896186629 0.114152891084073
0.156508436989738 0.133898171480822
0.344658061413762 -0.1243697511068
0.0713877397413235 -0.0269612176516039
0.0453071577276132 0.108837799757391
0.0923919780627422 0.0851300806172045
0.12873650541305 0.024501388798542
0.242692924551444 0.0788293464661334
0.274477613470672 0.101120942758303
0.213548447639321 -0.00759664685783242
0.232931246736986 0.0494838833178279
0.396984603509832 0.122007950070699
0.125112548501933 -0.0195852882663522
0.600157685084236 0.214330688262613
0.626009253545831 0.296437624990829
0.466522875979512 0.278032810338063
0.499884484692179 0.242921898265872
0.499597166468883 0.168300560894889
0.426040448638422 0.111510723196792
0.425009669522272 0.0276642441687056
0.337592366905174 0.193167343720296
0.233967537081951 0.1114207489128
0.140906198634756 0.0614406577451184
0.0742284238567292 -0.175846757045171
0.0557682012947479 0.0304905089849952
0.11911095045736 -0.0996475464445307
-0.0264769267119963 0.0114045460660737
0.25903875385449 -0.064204977889962
0.110332836886987 -0.126309432268084
0.287030787106602 -0.104986209393633
0.212449351789406 -0.00980424482720184
0.138002814606999 -0.138318250034327
-0.048961589148166 0.115599025243878
0.274461883769992 -0.192731615683248
0.287240814388357 -0.247284752806358
0.388802223256875 -0.224134226694685
0.324441289277014 0.415996661349938
0.512420749715731 -0.0566517505292113
0.294081549892728 -0.275327660077659
0.206405126754795 0.40354147844103
0.140709222273182 -0.195341972203536
-0.0899264472515622 0.223045033855427
-0.0249600574135384 -0.302463649831622
-0.114964984571491 0.116894294506811
0.0605801018309507 -0.191781352396017
0.119386529902914 -0.10363335233999
0.147451647721956 -0.247076860450317
-0.32619641963746 0.0134701241582204
0.0329996838443441 -0.219171317287703
0.118688018093342 0.0637596622155845
0.236091677136096 -0.211340213074742
0.409361658487184 -0.0584823429400381
0.335703836368935 -0.252237397544653
0.0933282883216135 0.238101200962979
0.27087543256322 -0.184102116083115
0.0145725557866154 0.174560802849636
0.0738456803985153 -0.154218360632774
0.211707278001864 -0.0318278882147211
0.0846420782207889 0.0468415309018252
0.239489289721551 -0.0143692857602616
0.0126379943909763 -0.0231352730500621
0.150925575692688 0.000757696969791532
-0.00205422167170281 0.0320953653745087
0.0385288744828202 -0.0270062858198002
0.0099522005711406 -0.00826871947932645
0.196272084587402 -0.0145070632193416
0.20639184061296 -0.0250219397089003
0.258814041966994 -0.0333790048506481
0.0935443627825876 -0.116676447288429
0.00665291773036376 0.0210112018173323
0.191952395518391 0.145301312675433
-0.0415892800791299 -0.0942074699500766
-0.0866258262267068 -0.0152952038473505
-0.0242788239531253 -0.0343835009667934
0.378837391720162 0.222916412061416
0.296474400661443 0.35629445932637
0.396305389400129 -0.275002551633701
0.218003910392475 -0.0895138201945757
0.43305255607747 -0.179685828300491
0.283730958595402 0.0548313300873177
0.470412524209049 0.106836609853213
0.341259351820221 -0.0285981742004948
0.372737857279835 0.0760551221994356
0.315509425917754 -0.079838400970476
0.253799736899256 0.00065902789364022
0.388106357211076 -0.120239377514736
0.535166765563281 -0.0708982906728447
0.0730251344633292 0.0747386679523797
0.288538953448898 -0.0444992874237
0.5598051405185 0.183719247097348
0.162322994263498 -0.0138623554567122
0.625727130069559 0.249809826574068
0.36015538463656 0.106700400160446
0.435656839757283 -0.123293731258171
0.490919428772867 0.152612007856717
0.459503353546365 -0.122527574102949
0.396747376143543 0.0832690563247041
0.475970916545726 0.027791620180082
0.391840474289473 -0.0412157748528502
0.353631996446802 0.00737718371000894
0.412532119871518 -0.00554585226625438
0.328756456717403 0.0520108819964584
0.420751099044708 -0.00952806823080798
0.459305836284568 0.0144973213299897
0.380589810586661 0.17380231068074
0.0878594488306549 0.107749595872742
0.515671830525273 0.0476688920846436
0.379016479449763 0.334932122811218
-0.117024147807037 -0.267176753908923
0.152356403877781 -0.165133158104798
-0.123991039020981 -0.457736243663254
-0.107721397741618 0.248545876562217
0.480920060159363 0.0108646129448939
0.29167962206484 -0.148478353761154
0.161846397439687 0.163009343856144
0.307091397074057 -0.187323535213374
0.536787354029753 -0.0375766209395786
0.466958453132321 0.0108238185525711
0.449264219762981 0.048262314425532
0.49260689268625 -0.0149629286993232
0.582392333928773 0.0385878757874121
0.574954502306083 0.000654921286707707
