-0.079644480874281 0.212556844031873
-0.41632648609695 0.161345620779595
-0.385279214081204 0.300241721610509
-1.51576022569756 -1.5573320799911
-2.64268332988127 -1.43208735836158
-1.85384493227795 -1.00121139757606
-1.34814267930219 -1.51275188627527
-1.81345207652131 1.20893075888508
-0.0835371720462977 -0.40781965008559
-1.1571609836333 1.67115772965744
-1.49490667863226 1.34388514416667
0.318470802961277 0.0280601501568459
-1.10274766924767 -1.39336693245592
-1.27556060266881 1.27753720688558
-2.31554462443098 0.897937229557555
-1.23012649768866 1.19820302352752
-2.34251431422798 0.412975277454576
-1.6715018934168 -1.52208283669958
-2.13589346053021 0.745881604131469
-2.19394983122029 0.299496282140982
-1.52837662492182 -0.427833835092863
-0.826894273618035 1.19506208139088
-0.681348724903812 -1.23321399547289
0.244074886287225 -0.100581208765836
-1.19489067697076 0.907942191874427
-1.8979452591516 0.260997665700526
-0.65337088913342 0.254330564212414
-1.53637226562893 0.513072127238826
-0.694736035383341 -0.0251395563826225
-1.2464921025551 -0.286523509667305
-0.571730038556437 -0.860571796904102
-1.18801251301535 -0.306712126597151
-1.145656628506 -0.257887678476755
-0.38069447989738 0.343892490248772
-1.02129051722681 0.491456140178967
-1.0009687843553 0.44996707873862
-1.09612366580398 -0.0111627332644948
-0.482365121457557 -0.55305103242283
0.311277542328034 0.0145637159965714
-0.822267866853132 -0.131743050293142
-0.376761982324786 0.410836961122848
-0.537321946294966 -0.00283372580655491
-0.203144856420494 0.258219117539805
0.382511644167665 -0.0259611011082041
-0.569202213565657 -0.148833501093392
0.304574267577057 -0.22572592570705
0.107359420589041 -0.174692045734472
-0.028986391100742 -0.15526675995842
-0.552661480726173 -0.0835772102000034
-0.623770473184855 -0.061127819033495
-0.621934499691349 -0.00494407205387093
-0.100226644151744 -0.0601754062922002
-0.364507017133967 -0.0856337485624822
-0.156325895086531 0.000604158501719261
-0.510810514775175 -0.0843768834725346
-0.444634595258168 0.0619074136718418
-0.244680817165879 0.0323709135677451
-0.512193150929517 -0.0790183896683488
-0.453446514378379 0.335402576165711
-0.476074216388806 -0.17422750352173
-0.143712564142339 -0.375991475578757
-0.835920539019567 0.0423110211893158
-0.309322678219275 -0.470084393858375
-0.269009533803553 -0.339587241147037
-0.459633780320475 0.283691932840851
-0.118103076725061 -0.201520943867277
-0.680574987021242 -0.100048384398488
-0.823043512450032 -0.108692150957412
-0.441183636819499 0.289050882622865
-0.345500410162478 0.430014746135589
-0.551663384699434 -0.491425771417626
-0.591891503150078 -0.621403558068505
-0.289633532697458 -0.561294578382609
-0.403580575439546 -0.515606057150004
-0.116980679090697 -0.353500491461628
-0.615150261458356 0.212392819426348
-0.500628527214318 0.133405108505388
-0.59401444176656 0.339416244186778
-0.871945164692158 -0.308420051219211
-1.20793407382766 -0.160469879129656
-0.991926987806916 -0.369580440157009
-0.987947159599721 -0.0180916862724167
-1.06224662596241 0.0260469375700101
-0.182738179551926 -0.403015761600685
-0.46133603987605 -0.529490319059787
-0.0246572964163556 -0.439933468617969
0.00125004144101818 -0.494365289705307
-0.738092283404367 -0.150507640559812
-0.374534161102113 -0.638383409017377
-0.267853391080914 -0.691882482977221
-0.784783194036201 -0.247758755970944
-0.719327231261607 -0.214317295058571
-0.0497353408570636 -0.359869919850141
-0.578286776308843 -0.410218896954748
-0.627674503498811 -0.344783833120309
-0.192808553741938 -0.701537431951251
0.0856852216963314 0.18909030013845
0.0932872601577303 -0.551744895055056
-0.220730146561596 0.428661601226739
-0.210007816217354 0.270799925476717
-0.612877512989336 -0.0429480804228187
-0.26119910055466 -0.616445192201595
0.41463651129152 -0.373558050244341
-0.534684178656932 0.594049025042886
-0.649034384345317 0.433768863791273
-0.824180252591028 -0.0578462158490788
-0.481584305666255 0.627193765231647
-0.161215154784992 -0.659020026686991
0.285993971758759 -0.586349400837044
-0.507794791667073 -0.158461662782186
0.282890823124921 0.492294094284519
-0.396407557177174 -0.22818340825627
-0.524013768412014 0.621561961117773
-0.83925311537224 -0.00340556814546249
-0.475161354533893 0.207548088164479
0.113398663443368 -0.431405439481041
-0.163162566126054 0.412171749209298
-0.176492188065345 -0.36055666358166
0.228416803609471 -0.219670888680038
0.374116151972977 -0.000228302624901258
0.200437683724826 -0.102803902825719
0.118145096606218 -0.0408632259865864
0.165916620810264 0.0722635100997092
-0.133418033214452 0.206982399614186
0.247275294521472 -0.217947574074817
-0.177414749316426 -0.304941706328917
-0.652112720457994 0.0988643155184341
0.115657756066183 0.334978661188281
-0.687737726017966 0.102483287858672
-0.270261312222487 -0.893749603861423
-0.675145115570959 -0.216657135649264
0.289234851867499 -0.896496409234881
-0.392326503489803 0.730183616814628
-0.507970111345506 0.561426421322271
-0.477945236865738 0.778028530853804
0.338363053974813 0.871761134523884
-0.90675237811668 0.0862678986102565
-0.156442774062253 0.679793233716183
-0.276794341799702 -0.866218226477891
-0.465738684646214 0.879467835823319
-0.0856826782160077 0.847411091079349
0.728487752001752 0.769670968301719
-0.44895557644177 0.148931632731275
0.259302207963165 -0.632200091024267
0.160588904436457 0.661869032062666
1.06565119871361 0.0987994462887199
0.209735135370651 -0.687682605124694
-0.105966824187183 0.687046600101695
0.0878600503277399 0.0350998987352613
0.827426399771955 0.0544934056955772
0.545944863081027 -0.28765095634259
0.603343407357615 -0.375400818006333
-0.438518042808207 -0.166025171147423
0.806606222181993 0.0610636041010452
-0.00102994817229276 -0.611787877220636
-0.188054409444626 -0.0762529863095829
-0.146000899005666 -0.676645792963216
-0.653476052676606 -0.0162237355130941
-0.580136484537164 -0.0502317503317448
-0.433423872750629 -0.0758362476212784
-0.274443113603608 0.0205006301366214
0.284992715126856 0.529340416200023
0.229373178791843 -0.538281708978514
0.451785240588812 0.394267271328021
0.897530624243324 -0.470612371526473
0.237893708469138 0.654627041339217
-0.152581836999314 0.0320196752748842
0.946359614929572 -0.40885604958102
1.15480775884098 0.148440304498692
0.232186393637366 -0.773998589280103
-0.404110831165014 -0.13910970137719
-0.501284878413465 -0.0689444893282702
0.821394932654032 -0.69572370812789
-0.552457880684201 -0.0507025744186778
-0.0486436048883284 0.82693687465624
0.109812587531591 -0.853854383601374
0.115132688417627 -0.8725419630813
-0.351223328179541 -0.0347213757974862
-0.299991570637359 -0.0276232170053336
0.315092399619855 -0.790154267196085
1.02851470354644 -0.533864073371879
0.880309951961444 0.664711406764541
1.37953474415867 0.144441176459301
0.999002724277544 0.755551692749965
0.666751119061742 0.398221808337169
0.577950353940934 -0.486714500661569
1.28553960274177 0.0732534754986488
0.193796933087758 0.357757348608811
0.373347492570308 -0.212195749461026
0.377409775653385 0.00920965241653112
0.888084886587436 -0.29619886904515
0.464686889020379 0.339416975200556
0.797511802341055 -0.0780989498570116
0.39552604446012 0.493307100395705
-0.0294398993184089 0.0113560851845579
0.640382606719471 -0.236459222831047
0.557286294491574 -0.112714319155072
0.0838917317168635 0.0946645934596108
0.55892743952843 0.0408359253025206
0.496392170704225 0.0819897391580341
0.530678549651533 0.016967112902221
0.279604474948979 -0.0395420669729454
0.16954707217773 0.239120504023187
0.32877168729645 0.00823223695251682
0.265897539332545 0.120851768029319
0.404201973362905 -0.061992571858905
0.147984743587595 0.0492465527737378
0.0276368998179569 -0.0291958728011365
-0.0614536943833531 -0.0302483938663708
0.444909553129407 -0.280281269661486
0.150809493891817 0.354603637730382
0.181699737965874 0.251840252014832
0.213527637529803 -0.456535684148824
0.228825613258236 -0.37928662027947
-0.227896010512698 -0.0523252749336211
-0.105470225016897 0.585968567546663
0.151257992603885 -0.554469517262617
-0.201698726456419 -0.325892117709393
-0.781325278124634 -0.0762880781698762
0.658610101055974 -0.6372238075144
-0.216721463365052 0.400117844190379
0.180205367341945 0.696814197289944
0.791998898185259 -0.238350935977697
0.132099457055845 0.489052007408464
0.426989058251305 0.493290633731884
0.389559254347686 -0.362522907469348
0.733501734887172 0.424658749099604
0.119494246722837 -0.0334596361615771
0.58289689889616 -0.270713427075451
0.700005168439642 0.211104525321579
0.339142500188552 0.150402152177997
0.746173744859398 0.122240016203406
0.404496987219756 0.172240949849069
0.829718643888538 0.0476942883958843
0.476631381400385 0.400332672980626
0.618325963746093 -0.225932275892393
0.720226657071283 -0.0685913613046347
0.0556292747230678 0.583918235149612
0.326255697977296 -0.442348068219727
0.340943048546029 -0.579008544506271
0.763440927080838 0.169385688777529
-0.337706891844459 -0.659426426443812
0.30558882314107 -0.770338891727787
-0.452787913483941 0.77939065298711
1.02003284301566 0.0405596242856925
0.451984465690078 0.917818141862366
0.487568574640213 0.990014455654254
-0.0669319937492171 0.792538040566229
0.461437277157532 -0.652455660890757
0.542528891949738 -0.371384939682401
0.57390427149975 -0.310412515551212
-0.162095494367671 0.0266359104736735
0.663294054735172 0.107543532820109
0.595060287254111 -0.159881426918082
0.287078457739827 0.138829853273966
0.608027244751035 -0.0471463271472203
0.427551182824492 -0.0953498605031431
0.709314493662008 0.0200146152564786
0.730556887146023 0.0371824358080978
0.659569351488838 -0.0814005883843726
0.875185829899904 -0.0970811388469474
0.649621854024985 0.00765625380560625
0.341892216535163 0.0611972786335119
0.259129051864082 -0.047705298068025
0.620539059052293 -0.237790204871831
0.19750588833102 -0.0912127927515707
0.536489812012128 0.354962756514055
0.136274786381557 -0.0565114889588407
0.117374348413434 0.697534953945104
0.402099648325582 0.533840913329703
-0.413254143824803 0.166040928284049
-0.678366359690867 -0.121729803083108
0.298775730302006 0.796913006341007
0.195172132032263 0.963908646176907
-0.355426065384513 0.126159657815272
0.0922822031486277 0.0255091693379111
-0.118748594499283 0.410707999266306
0.564149774914595 0.535128521159684
0.564413619500774 0.432172392341499
0.734247725678976 0.798599445536802
0.0768300190533857 -0.250910155471389
0.864036811152985 0.263891433462588
0.874044242185452 -0.295564423651204
0.818384413975065 -0.0362918330774193
0.338103426974272 0.324585487198642
0.796320770505006 0.0235562135822268
0.575557601730319 0.35781461063059
0.35471852942226 -0.198493248636406
0.540540028228386 -0.212084757460072
0.647406047652227 -0.0281704115756911
0.756961620597053 0.00135134204843635
0.644990664339705 -0.0808307137048865
0.387807568652529 -0.00979424340556798
0.28457251320429 0.204253152644474
0.0570747383558094 -0.149415929323713
-0.0699605034777636 0.0603498747995848
0.0523058109394909 0.158104784507344
-0.193636832572858 -0.306233665179137
0.392434963440082 -0.166048560321254
-0.0743512335798409 0.331876329533136
-0.426700052828819 0.378638083218194
-0.382988985346906 -0.543639013996061
0.471633279734514 -0.761605394568667
0.361728328059409 0.870479279513296
0.710882267280005 0.0217511517876626
-0.205763659969722 0.302974812276919
0.00388390904167085 -0.435997491174516
0.357631139997554 0.443266852832833
0.533869004899491 0.0768193542276384
0.395520670885721 -0.18637772183098
0.703209577970613 -0.0543180982855286
0.607891172234075 -0.05291471321726
0.644719158540109 0.0343997024552243
0.615598369857831 -0.00532243810706694
0.527963998137724 0.0549322295539984
0.543431392289451 0.0629836452729866
0.299617867645044 0.0343571814580031
0.464725241347654 -0.102773559519337
0.415146235865612 -0.127239036985988
0.295229037594539 0.394026657631393
0.722423836793625 0.0538827377467302
0.737940822691506 0.0557865950278288
-0.127001196967825 0.767227953885351
-0.253845377614372 0.788367342237072
0.557746282566885 -0.580435644436984
0.858597578538781 -0.803477084671517
-0.277625585480427 1.03253449951663
-0.234639583585031 -0.600508569145663
1.28161273420542 -0.0369243847081075
0.0959995233721718 0.901269607303538
1.10029262289071 -0.135459787294973
0.441221710083567 0.713103107624493
0.378370784667811 0.000348611729026824
0.889462924899385 0.17570161036782
0.835216193450637 0.122694025475076
0.904853203744776 0.110543098093532
0.562621295904752 -0.543623809551534
-0.139315781497482 0.505726212216656
0.540023028953768 -0.364083418154402
0.0726692067990484 0.38498634969934
0.366612177932877 0.440382227380984
0.45332975019661 -0.328168710455036
0.380848397268649 -0.295771754576457
0.647797571103418 0.478694318329022
0.694229825897955 0.256529480216332
0.500790941978942 0.333026830834987
0.860007623203742 -0.319513127420866
0.473986996736249 0.155717459522428
0.410675681999304 -0.18741143052442
0.608836548176844 0.0461032813594053
0.113877503515262 -0.027226542958078
0.140702233413106 0.0389060655798299
0.154826844981292 -0.0501286188174829
0.331019339441007 0.067522208878084
0.28741402821957 -0.141097271839764
-0.0268383400929002 -0.365093762502195
0.374347481367806 0.0454746050125029
0.0153090350621334 0.442583382316491
0.062088649898798 0.493294094993524
0.472555523251194 0.109838365834526
-0.691476074604342 0.41460773412593
-0.544073253751553 -0.555059568784281
0.529406544773351 0.12408664283417
0.266165033861841 -0.531100241421731
0.163575842916552 0.601440024284811
0.320368913699022 -0.00653849149095814
-0.144036406990859 0.331054158422908
0.326647975355572 0.131119273889041
-0.0489986227164621 -0.111476210988783
0.196083818179599 -0.310929152331729
0.365405085808757 0.197836293734114
0.254363925678815 0.352549595564379
0.645780668637667 0.53322662598046
0.268349002557813 -0.617476562907288
0.939871161752531 0.0863561131760026
0.554280252471437 -0.186881064265356
-0.0236187886909459 0.342609389267823
0.352267681678394 -0.265006795292271
0.535196051561352 -0.178318683120068
0.232784517942487 -0.173617458116985
0.421701635484984 -0.593847450638936
0.416274393745018 -0.196237279623131
0.185239773363463 -0.49387217869393
0.555031130310863 0.168087183840462
-0.314758288210717 -0.523794166998912
0.628729955356896 0.1799053131936
0.258481515502431 0.555464610028126
-0.191276652301424 0.236828570578612
0.724521651390334 -0.611836048738197
0.152684225371296 0.54513869586294
0.89644393974195 0.053555674760961
-0.353370928834801 0.0249947923663698
-0.159148307513356 -0.0710529313709754
-0.0813885163405607 0.499822869268144
0.021610830484649 0.42919220561474
0.0148727900304843 0.161901927568799
0.272796468595264 -0.275954384647413
0.312435894435964 -0.233609522574006
-0.190993513646661 -0.108990661462418
-0.0844247382705556 0.114763437492089
-0.105778111770822 -0.0351022274099985
0.218532708959423 0.144315333141667
-0.225767390341667 -0.274158472465
-0.672668123427036 -0.104788844620619
-0.470946326066975 -0.404944520253573
0.212366529716935 0.0541695231174466
-0.609196928072785 -0.739747208343061
-0.827304734007528 0.228134349572543
0.0607149751966397 -0.195838056931031
-0.133029461213756 -0.167054968646441
0.00233116847134657 0.0421685595805878
0.0540027499109644 -0.060746529660461
0.170149471480183 -0.048245883898549
-0.0950246771979866 0.11487507541575
0.358355262775062 0.0539300304951158
-0.342393692386379 -0.16096482942829
0.444940981597744 -0.00400357576724913
-0.388335702495965 -0.0232933379987343
-0.579400483503071 0.245322479311749
-0.540202814704796 -0.287383974597201
0.0755175260896927 -0.178988100400001
-0.343106855650555 0.292571448977001
-0.158542098963375 -0.147259783390209
-0.346211084104157 0.111699480621487
-0.0635861416623533 -0.143386323316283
0.00411061690959025 -0.151635684064559
-0.342359405614508 0.0061196197256738
-0.236162096285836 0.137659632564252
-0.28007148326805 0.202062011759295
-0.292091646411644 -0.528610848417539
0.495425949899813 0.033183837526293
0.421318654081517 -0.0990589709751641
-0.190830944211039 -0.616852809942378
-0.692452452515338 -0.445431282444062
0.0220884286166881 -0.715509017769406
-0.822898511656356 -0.160240336239181
-0.438951952612867 0.676729706377961
-0.56012202695008 0.534092800868319
-0.523231756923647 -0.127015887486478
-0.416844463971845 -0.568886666945202
-0.391712597069415 0.240276930950066
0.0729715241759797 -0.0246119689602662
-0.349158541833032 0.0993965116103427
-0.367923871027283 -0.3455107905953
-0.708713453101301 -0.0971020956851146
-0.529692286156053 0.0726519049758877
-0.73998490684492 -0.0772026627121546
-0.64205729000116 -0.12182554271981
-0.273117524370257 -0.190141288770651
-0.540679730592756 0.128429213359854
-0.66256727022622 -0.00992321860499203
-0.448082949615415 0.0787792877530966
-0.0810609411400094 0.102417704367129
-0.275935768976172 -0.0322220211722304
-0.226915620450831 -0.135460799406866
-0.326526236980006 0.0281689993148893
-0.262569886960845 0.0124520613791568
-0.251460766199954 0.166103393934753
-0.685973869757774 -0.0621735377687866
-0.358917075418741 -0.267902456246676
0.14344262698389 -0.0631512164042628
-0.0299177522995643 -0.0260504649667708
-0.433672731400436 -0.693333280537732
-0.126793553887767 -0.0285327937400575
-0.550208596165151 0.434641592023418
-0.814202021172174 0.0991459883437598
-0.349068599686285 -0.256281257113642
-0.0585483398588813 -0.00941361714638932
-0.329064295701247 -0.190353583557522
-0.301100675777396 -0.067401175648017
-0.28506045383818 -0.0516968865800547
-0.242465240359201 -0.0151126415840692
-0.198919468503605 -0.0227372819678184
-0.390917321416559 -0.157293110912959
-0.43744599122569 0.111667496201386
-0.46278369294994 0.0947701596778548
-0.386768535571595 -0.0815704028687236
-0.49108439159749 -0.0421087690419927
-0.503236384537459 -0.103484286215541
-0.516824155179647 -0.191722263585622
-0.534439066699183 0.200267715869984
-0.502173241769781 -0.284753165215603
-0.0307048789030792 0.0298195405627168
-0.532898265313082 0.43699559990216
-0.162131061003901 0.103214354657894
-0.526832181477175 0.208460580330938
-0.664167237936683 -0.219049702614296
-0.620288758777336 0.142140172076923
-0.592599506544022 0.192049883936265
-0.647380421815908 -0.166469557760681
-0.533095377893434 0.0596199353836669
-0.600638816021411 -0.0941119549883682
-0.354660304951169 -0.161843963267633
-0.511456142774718 0.0616265057978853
-0.567874310162539 -0.0204351353373853
-0.512629811219983 -0.0179750045649026
-0.569810324440248 -0.0498321172748819
-0.775406058067696 0.147271509425318
-0.667063548994644 -0.0530270221290685
-0.723868200942543 -0.0755407013122285
-0.845171355996351 -0.0940477317795939
-0.796042649365689 -0.13337988491915
-0.729060458832536 0.14365055346423
-0.375833124867054 -0.205203542923707
-0.906289698173995 -0.062433587493679
-0.722651730120487 -0.0282331290136607
0.311987893676769 -0.0110735719488472
-0.607026311998821 0.339577663873278
-0.178342275759458 0.438376708105057
-0.748322049540969 0.369097534863609
0.0376538942997994 -0.0933381228747187
0.0777795182643157 0.0754053459560847
-0.279123697776579 -0.335024147279777
0.157707068578783 0.0919883031163776
-0.16049576760493 -0.433636976737993
-0.127452032838399 -0.433059192386573
-0.491376929106693 0.518049812894652
-0.607521657136807 0.356848722221961
-0.796221481433185 -0.0864776494953928
0.389490053595353 -0.652486355263296
0.0759921530028781 -0.465672107983843
0.179063553323658 0.567446014355593
-0.0228633176309789 -0.349231041870562
0.155301390363431 -0.438495552230657
0.358233254290341 0.0813778406370464
-0.0817884350740125 -0.339912295473883
0.299634692108251 -0.0217658473949666
-0.274165924554229 0.214430619133843
-0.892448555803873 -0.0988951930339466
-0.735271127894434 -0.0127757015347475
-0.872392390814495 0.0869599407329318
-0.338519549720705 -0.67425555642122
0.133434060605834 -0.257549602549706
-0.384106928113144 -0.637595933731027
-0.510849991523717 -0.393989898113024
0.560687159739 0.0440816877351557
-0.492681387223117 -0.654495060432744
-0.362025156480192 0.779805597301572
0.404316989961523 0.41499428059633
0.666795267284538 -0.226199807535403
-0.966023833474902 0.212204949001102
-0.597706118264622 -0.333701468485463
-0.491612872755473 -0.245659362462028
0.388814611541261 -0.590862021899315
0.403379988327017 -0.465639265581689
-0.504927120630002 0.107727008747369
-0.118608689211157 0.0185322077640927
0.206309215260799 -0.337003055315529
0.149829530213534 0.0577970171151986
0.0585643659361481 0.114102373951024
0.0667215269835858 0.0699956071763718
0.0863205636971187 -0.1665012825372
-0.178140003126405 0.146957759535301
-0.308336313551118 0.0685000648431899
-0.159079994750625 -0.165324921404037
0.0477795789023933 -0.00926082254892085
-0.065251938652013 -0.00280357132467593
-0.182815092230508 -0.143246044783059
-0.465649776645307 0.0025316389185899
-0.360067743509385 0.195962549266425
-0.260387647748703 0.213536182353144
-0.176503705961461 0.373918642632376
0.372102832580302 -0.479931742099938
0.0944663428243159 0.332404217985298
-0.647240577812663 -0.0911787078087977
-0.362128969651124 0.468117506175624
-0.198804976416955 0.518352382548496
0.0751637852852948 -0.656773480893258
-0.375210936051138 -0.708601270696698
-0.680370230649778 0.000135463916045748
0.282103296469405 -0.699020294552845
-6.43551210819521e-05 0.364393267527706
0.359574176678405 -0.230987850338205
0.0837779219442557 0.52175923826136
0.414431855071486 0.0344583969390079
-0.04053162553821 0.380837595182529
0.316168221895617 0.0472575006162134
0.297777971169005 -0.17129407928495
0.384646199087301 0.0101146540019836
0.325276051206703 0.0727341031465938
0.0488186089718188 0.0078876151806827
0.13527745919554 -0.105243895514288
0.0043955831611428 0.318460059734494
0.269200316740831 -0.305502609695289
0.422339017576815 0.178943788767117
-0.37361155969815 -0.0145787550464514
-0.137588792184395 0.178774320856517
-0.0834769338186505 -0.0167814665942005
0.0408833934997607 0.0658006945421182
0.343516783055817 -0.150398920691272
0.728517298330425 0.144885150646134
0.37965493803856 0.153674298753071
0.607034785073052 0.388411990245864
0.536772856106516 -0.207998283563479
0.402777080826916 -0.216915087913376
0.428346011797985 -0.309669174752544
0.44112180438716 -0.419833163839784
-0.00508998275668456 0.35790729351386
0.21530310431383 0.415697101910318
-0.341766239985039 -0.120004895516156
0.380378359134217 -0.493723874260053
0.285654782740781 -0.469434600198364
-0.114443317569008 -0.533113785664732
-0.00451241151030771 0.340670829267553
0.600132143582269 0.192489679820456
-0.49570161484186 0.313442406673234
-0.00377938365053885 -0.532492565595862
-0.589942939045145 0.357241716686916
-0.610224965878476 0.504626287888907
0.0347977580987028 -0.471193390762868
-0.743278985691442 0.331627517071449
-0.791400563381876 0.51513937291755
-0.750346365243083 0.639533041468062
-0.362882379085136 0.439144822280845
-0.186990833193713 -0.740630016196316
-0.20006560988475 -0.66853040889559
-0.436794205401313 0.92642978934558
-0.24222289487892 -0.447040940115495
0.458992379598526 0.987081841620342
0.686974738391777 -0.353718941429043
0.951621078223157 0.0738535592399008
0.0536447027587868 0.595392262843353
0.536624373585087 -0.472258091370315
0.0985346506055839 0.25595175309907
0.498631056410843 -0.15350142550318
0.137980319456088 0.261644835047627
-0.0223298749960874 -0.0104492352667214
0.226560008500232 -0.239425348397776
-0.0583207593817637 -0.0196222411149791
0.599138693028896 0.391399709284733
0.0518879813181409 0.0752318652370193
-0.195649093682381 -0.126204934438237
0.697643687185066 -0.386693598020298
0.189431831283711 -0.568491738273728
0.371839827525443 0.347997073893662
0.225559283535957 -0.612284143153319
0.846497507090375 -0.550986380815574
0.998351916848899 -0.0734889797316242
0.869702452191383 0.393051711775899
0.0794339686179988 0.720964004560697
0.0347437982895538 0.71922723881098
-0.399484658407983 -0.431084750514085
0.203799326315056 0.508777530903853
-0.436572153334018 0.0554967528776862
-0.253914657965502 0.0190095882341753
0.804391133123555 0.0441286801607166
0.249166345398179 -0.332482704662519
0.319082890110783 0.329738918780926
0.440661679336317 0.26893328351182
0.28979343015985 0.0430011057835654
0.19081103961532 -0.0907253275686033
0.488628732258912 -0.0947230697932283
0.299717541772445 -0.0734649593887995
0.84722966892863 0.326586810066921
0.423743637033678 0.160517915575647
0.332881079770913 0.0531881616266192
0.382918329266282 0.0352820391265792
0.30460903401502 0.00837423735316856
0.405608264460596 0.11073852706305
0.361411501971061 0.0603750259375994
0.544323210955727 0.0376100610686995
0.311454235313113 -0.0465504378953257
0.509130849635784 0.0481438609581772
0.257518135131882 0.0823267007106352
0.356508166081377 -0.193312082997902
0.632407830337283 0.0392389995935961
0.631747515568896 0.066872857616611
0.602728531630748 -0.0718914111464958
0.781379722294994 0.220761351393262
0.674158722358259 -0.112795872059063
0.730776818206888 0.235153989271704
0.845566366221468 0.094014645770839
0.71769337642338 0.285867976713424
0.755028541071701 -0.185150640208107
0.785533539735935 0.0865040471841066
0.580669992492446 -0.0037190443433973
0.910870017515474 0.11835828307854
0.574189526804051 0.302324551054583
0.161194238454801 0.134417353971351
0.56142503628184 0.417635226333232
0.936339085728316 -0.266880261651281
0.677001487202871 0.316987109864003
0.0486889938888131 0.0519483758500058
0.266719030788593 -0.66665878107918
-0.160847657322166 -0.0713432133128003
0.535744817328226 -0.805965989907059
1.11906975346942 -0.249325377089701
0.390791821400373 0.554480993445113
0.0677433604931937 -0.0305045900551852
-0.015169021381141 -0.0637747288737026
-0.191712986617238 -0.165484730479453
0.504208329501215 0.585234355935934
0.184409702375007 -0.756270683817169
0.295718557864113 0.46169281761064
-0.209086298038855 -0.0491318090174568
0.258710222457175 0.563431204885514
0.256345078491401 -0.580653181392117
0.625681691052132 -0.443711549723735
0.165587501532815 0.469957076374867
0.266554256846092 0.271501225465864
0.532880422591262 -0.539851873116591
0.372227438847231 -0.332903677406288
0.0412916697916286 0.25978217396052
0.363826455034156 0.325835513780156
0.424545360521551 0.0877821520511592
0.12738346276922 0.1703710929156
-0.0248458488361148 -0.247054985824414
0.807169944608707 -0.310081536976411
0.67090136444712 0.464390043226751
0.0322203001870498 -0.171790151628964
0.943616825926196 -0.305949583422005
0.121775361490034 -0.0897920479727472
0.441479178678887 0.386950094756914
0.572649989966768 0.632894871864875
0.566277279708727 -0.650470485992316
0.50897900334935 0.592240483031754
0.0136838805837143 0.0239324241849404
0.680142979918513 0.576948613473662
0.0435787669970744 0.0325299786222665
0.678012592623539 0.767305663187263
0.555096692841037 -0.949408307836537
0.428807809731897 0.797810267089216
-0.288391348000305 -0.0296671846925462
0.871289468551149 0.767175094606301
0.279382760331359 -0.788833890005975
-0.202150763984993 -0.105691121063808
-0.126921027321035 0.190071402552822
0.949110913687339 -0.179138425785843
-0.123194639424822 0.63895412277625
0.17760297153845 -0.544177643450904
0.194556372585978 -0.362376598141064
-0.194305078958411 -0.499002201151278
0.253649408035017 0.023754359656524
-0.197438270243908 0.170421388735693
0.138310974847571 -0.318914917692751
0.257004930898305 -0.199565130699914
-0.0432723562322174 -0.270090145490075
0.263714268807823 0.17038897369885
-0.0569419411080733 -0.199204020416363
-0.121706806640427 0.289579234875714
-0.226265339794931 0.413135978255876
-0.36593619198414 -0.182441597836999
0.154094665824723 -0.424206252260794
-0.310498642932611 0.444583312817426
-0.118917846882519 -0.513700789817252
-0.104147310799811 0.558887753596153
0.0793682252699801 -0.664566466248097
-0.421328788310371 -0.00016444455004121
0.545350931161672 -0.508749259525701
0.480611838712069 0.769309119492353
0.0773194046011071 -0.704635230808179
-0.162485906088368 0.544136672266048
-0.244477577607601 0.651831572716583
-0.266905732096011 0.797148558935415
0.00353834454150119 0.918603994502379
-0.0643027545490887 0.780518348571136
-0.0368253558005406 -0.75886035208241
0.51524742251201 0.689945594775157
0.531085086146256 -0.891170758495148
-0.839754405186681 -0.093973928353861
