1.41462124457632 0.796615453947823
-1.02273398369039 -1.25968087938779
1.62984052408365 0.614419803502039
0.276130436115728 -1.54877836917973
1.53306097328651 0.65888767834446
1.2541902933204 0.83074735984779
1.17672640283643 0.691839827988251
0.285549707797748 -1.47146814835511
0.994139093343325 -0.985171161581124
1.12648126072979 -0.670695353303507
1.15036646472549 0.511194698856297
-0.776319226911377 -0.892473954849952
0.813977177736334 -0.647127609709875
1.01216335248471 0.596407606157486
0.923502875078794 0.599731525525991
-0.769592157942986 -0.773288056331636
-0.865027983214684 -0.952876327127818
0.660121055367541 -0.788188949708898
1.09338285600434 0.479146366775448
-0.728684009004177 -0.89544540627073
-0.787655832792737 -0.781579673888386
-0.733008191952994 -0.796820184808083
0.784622309242668 0.469438255120353
-0.309082962219491 1.02725680593404
-0.382210663113676 1.04043499289073
0.299315836975515 -0.629483411743865
-0.308180220418208 0.871319941854064
0.529302896623318 0.387007550452742
-0.489819316607673 -0.381045271411152
-0.0380678633159983 0.520667532855573
0.217187377934588 -0.223249524145023
0.177753030572933 0.351539034875119
-0.486847556475513 -0.0957100324089264
-0.347012585059724 0.600897178851156
-0.0120528408088281 0.452507299048735
0.172050150120013 0.0412366484643368
-0.56483582596305 0.556355010858144
-0.363635670234165 -0.125316383473368
-0.234109502181279 -0.128749017011158
-0.275970923104167 -0.0482095096351762
-0.420626214348813 0.30733748372203
-0.381523598021348 0.332005507057323
-0.351277249878853 0.317796135496025
-0.194290348380051 0.242834591816863
-0.255548707151878 -0.0959070374651143
-0.212648567998762 0.322662205481467
-0.347286384066161 0.0975488870397508
-0.110288460534726 0.00492044489526164
-0.161895945429126 0.143409937155628
-0.204408569425486 0.197049071816491
-0.157395301669316 -0.00814829368150824
-0.354454957347634 0.0798287649183605
-0.481338644943606 0.30077271684772
-0.315546181777863 -0.0187828341556803
-0.289186524676998 0.413289861262939
0.0399573831235192 -0.19809969302784
-0.426332351967579 0.557413065146575
0.104196020244407 -0.163912523183201
-0.0822724180204783 0.0338471646037443
-0.244318646160862 0.447261904527565
0.00386469593493948 -0.0826327976066495
-0.169179554672949 0.567006324733805
0.00387046284229347 0.26600454983483
-0.0295588626379151 -0.339120003321708
-0.207772090721746 0.088666823667792
0.186712464752992 0.175853099056517
0.056723730203841 -0.192932673869449
0.0140401469154315 -0.102361666209639
-0.100516401557899 -0.129643460703768
-0.0413939968080588 0.261673135421083
-0.215212848416407 -0.0070182098821282
0.228828757362418 0.344876824710205
-0.101132771386964 0.112339806985589
-0.0466792872639756 -0.109395961979732
-0.567167057899719 0.0771753424447073
-0.585636472964946 0.372782228327493
-0.436845830308133 0.182244918181343
-0.150447493399932 -0.00749908682902818
-0.627505037167027 0.139499847596706
-0.1162310279548 -0.0235970840155553
-0.153096921381929 0.203959884751527
-0.024973113074221 0.140606822139171
-0.0932680623570338 0.0939737071779312
-0.0924839536857556 -0.113181775238958
-0.218008114279394 0.00917784676128285
-0.373041071949043 0.0341249037533465
-0.203082488743179 -0.0521414604879555
0.0741352939508623 -0.199032347242984
0.181492322259985 -0.124075817213237
-0.65578063736425 0.0720068708005964
-0.471104125637196 -0.0614589148314699
-0.486757393102855 0.132055864316464
-0.16216134476671 0.139583165052884
-0.852507656854036 0.141678812384933
-0.669175266705301 0.340068461185467
-0.654987178190029 0.0886931031185011
-0.545168268321696 0.275948061580084
-0.663445462688399 0.0353958534244176
-0.704441756523148 0.235607657308208
-0.00552816250797394 0.442095283363229
-0.579811739001768 0.0556395852061932
-0.096666687781383 -0.141774439707166
-0.791215223277536 -0.00995797156304077
-0.210338676363173 -0.260690527889046
-0.519670909301482 -0.203945227960228
-0.496188177719004 -0.264115872774213
-0.0454185735661264 0.692945756849528
-0.445871123747133 -0.435479824293425
0.35191318384047 -0.340535974532576
0.287863929385058 -0.292046196285637
0.145173732346564 0.550767795531934
0.184463570996121 0.223893145452612
-0.434628254688083 -0.043650419368021
0.134602721609388 0.136608952313109
-0.0534198162262599 -0.0363431490953951
-0.0726230310192258 -0.0207180441049774
0.0250323953490678 -0.111526768699932
-0.176763035220687 0.139887821308681
-0.261894421389372 0.233529254421125
-0.369825094651427 0.345677877890443
-0.0713473408312454 0.37005312714616
-0.375534508240538 0.21591121970668
-0.24672239820825 0.145367218250299
-0.740338113098584 0.144473088296595
-0.413427492014986 0.240809405218285
-0.2370032757901 0.342431191087363
-0.352028484546963 0.312325254759809
-0.251962407918513 0.171435160167791
-0.237918034344549 0.118534398531419
-0.119896212005121 0.0950592202279633
-0.159353686582995 -0.0117898726310163
-0.0392259898101468 -0.107755713207261
-0.147637481958412 -0.108481259114399
0.132412425083064 -0.0391401158530646
-0.0338893708292668 -0.20137845490786
-0.0609548029690685 -0.28158780609412
0.313685373261283 -0.317577168271643
0.338140019166526 -0.402171258181079
0.143718897882706 -0.405911227800884
0.159304651394452 -0.448640404587082
0.327629533807404 0.0444379866274431
0.610984088168218 -0.560680659410413
0.246422420138184 -0.890241116163514
0.738420647874411 -0.741488888825711
0.0295172646781422 -0.788555640472336
0.742641549782303 0.148141807347458
0.855255659327743 0.200529061525125
0.66709378058396 -0.822768770303026
0.194866327378765 0.54212938545371
0.859643870143248 -0.809362569776671
0.195046128485736 -1.01640769816488
-0.46101827522962 -0.254725359191447
-0.708975274364531 -0.347761881990674
-0.414171971782425 0.338679388854678
0.429541926055252 0.216953948490414
0.465621743033636 -0.144915613265284
-0.701968748993301 0.120251248710075
0.518293955204725 0.190616047618052
0.319727846840197 -0.419206531286514
0.248315814494666 -0.0655068583734495
0.478868527210231 0.00812308560483071
0.0153845622920974 0.0740289300374534
-0.170017777970658 -0.445072182651302
0.123991273047247 0.073987467268822
-0.219294288590473 0.21019808498393
-0.0150173595133219 0.159417764703414
-0.0557914706008408 0.298221810913601
-0.250367741248888 0.0812202842213126
-0.201817801824015 0.423952309627454
-0.0221884145054226 0.0533993421415763
-0.5407164805559 0.237584934362526
-0.0109419023956877 0.0860924769706608
-0.322581779898839 0.473041418295165
-0.157617876136365 0.31747561502101
-0.460224602113719 0.277628159276233
-0.352224743144537 -0.0119984735162396
0.123495212098337 0.205041165869614
-0.349599410887187 0.279043598740921
0.112642100521273 0.434781655795714
0.449025073068071 0.151723567444832
0.114596306504699 0.322316413804736
-0.275603749245259 0.281158928322979
-0.278630100491997 0.2100913485809
-0.461730743675506 -0.606103286655097
-0.251198494546209 0.318858778864128
0.972842134692901 -0.909006578218656
-0.184525611774474 0.157462144014999
-0.036364805943469 -1.01172706542503
0.870968172285915 -0.844223252757544
0.857626537355577 -0.756002540627589
0.62990113253665 0.410762092702498
0.0308568099373107 -0.901601967933375
-0.259095692763203 -0.598292654099022
0.529862060400802 -0.742615036500152
-0.216443651001477 -0.84245694784258
0.650088885982311 0.485657358289547
-0.218044621148575 -0.646304080949466
0.760536469460824 0.448508051037691
-0.978313862835044 -0.0434551198137718
0.374363464285678 -0.25931447797068
0.894976020652294 0.374771475908271
0.159184813035847 -0.741181935420905
0.616226851445599 0.637503581229016
0.648087905896406 -0.151052395745419
0.681907685212602 0.530884961526791
0.896828580158535 -0.157973062082015
1.12033456509466 0.0189110660170887
0.302144114206791 -1.09133379588316
0.313413907571603 1.00972917267814
0.177365173385902 1.0054569787463
0.536679323186773 0.968003121503198
