-0.393527031224546 1.1292784371063
1.55814186135597 0.251161352971541
0.3467074455846 1.23161217608438
0.108563720332496 -1.25542042496759
1.46428173205814 0.0400480602055593
1.05389486993877 1.13329051598025
1.7327425212788 0.121548265067533
0.222213108341995 -0.997414016450618
1.62565446334913 -0.031027826931442
1.75644005327115 -0.0411369284396979
1.15862207252727 -0.818968194454856
1.57743617615721 0.0777851928724842
1.1101160110844 0.864649613435366
1.14540905917151 -0.655874697035132
1.47135058737851 -0.019313255737521
1.18764107587278 0.671612071904845
1.25761814279739 -0.56930981317593
0.22543388806184 0.0860488117221658
0.572207565275355 0.504035864385776
0.902631102241774 -0.474611189174583
1.60737917618103 -0.0331053720361957
0.585678223638031 0.159454855733205
1.05103392252698 -0.541316696062832
0.353451713124287 -0.36896351291749
1.29986946137131 0.226712887532962
0.884947036665406 -0.304897176639511
0.846506906861528 0.21867377956286
1.06872348240951 -0.147282765723443
0.873597906138477 0.187226062101977
0.81394122224971 0.0495852247835566
1.15776056657227 0.255284658705055
0.696001434312736 0.0779777860074954
0.879670420810256 -0.358723667818888
0.324992239891467 0.568418368388755
0.837496436612529 -0.535121098172098
0.558502301468692 -0.437159099408008
0.90254429454754 -0.135923132958181
1.04794228071969 0.0204798563620833
0.910068419840437 -0.187368996402688
0.650226636958391 -0.159458712824464
0.809560976078844 -0.122098587311878
0.449400175616567 0.482105362264826
0.673368413294266 0.549557805617693
0.074914570186354 0.0339544166255767
0.640358006521148 -0.108053727570123
0.146635452904415 -0.0883445776279756
0.326173579147327 -0.276121678145328
0.308244554491805 0.261224962496656
0.365899052362398 -0.0145684217005128
0.017094898917555 0.383907689181032
0.464666443952351 0.278564763240023
-0.140341929404881 0.125235242809856
0.0160597863623407 -0.0419124318580358
0.290423744698635 -0.243479506403109
0.150786771708028 -0.216791637874435
0.150061863199896 0.0860335074630817
-0.162278166233873 0.335255543380878
0.06729415495101 -0.133331415820142
-0.161509749005444 -0.0311458883182366
0.134588721209294 0.355246515558615
-0.200158679607517 -0.0505617119017274
-0.123308970578295 -0.104467616582718
-0.199146711664909 -0.0630535622467382
-0.39699832715918 -0.196512028138318
-0.332510837501687 0.0689471973038533
-0.242489678063357 -0.0284518532495459
-0.359376933769637 0.0024924978985763
-0.371520688135175 0.00885389153675264
-0.418349978758984 0.0358344323187633
-0.443681973622243 0.0983873168248476
-0.400091861848705 -0.0495325697055047
-0.27956520693436 -0.148341288157123
-0.501024962532905 0.154529116027362
-0.67366601810728 0.0246878421529472
-0.434471041184827 0.0679149307437288
-0.137134698297031 -0.27065441319254
0.0991529852111624 0.0544128288964019
-0.477412302087002 0.242668529866996
0.0955766522017019 0.145863877671739
-0.339864097101327 -0.593602709087743
0.218736182944985 -0.403842350383286
-0.712239501840427 0.067554433483528
-0.424966226307311 -0.169267059754124
0.344754696372397 0.226105474386212
-0.730919107716708 0.0647893113963944
-0.167903701982418 -0.389343639379673
-0.443224407724477 0.0702667752724208
-0.270632771894558 0.42027605334366
-0.193340512955778 0.320149106151745
-0.00847792172259373 -0.0483188880697524
-0.0691060547636968 0.0415176375291631
-0.155847840537657 -0.0133241612393897
-0.15192054562103 -0.0373337575166567
-0.0337738277062745 -0.0160093687725469
-0.134997945365189 -0.0623219891002808
-0.132846844257976 0.231923369753606
0.042442671614644 -0.00332044946939963
-0.0983639430302417 0.342891422695029
-0.636401166246821 0.0656275019304485
-0.436680765403512 0.392935620068662
0.110609789526986 0.0803274080362237
-0.605449437278384 -0.355347727970485
-0.137416976634518 -0.409891640356887
-0.174373595195552 0.713871251623527
-0.133749486938139 -0.62579267010044
0.167508867000829 0.0706432340483017
-0.516918769680779 0.569159363586077
0.109288120783487 -0.558547011261293
0.266261729297545 -0.164026686475666
-0.376832130371658 -0.173028204789926
0.597645612907565 0.0585396600157743
-0.249233586596013 -0.608225780123407
-0.140327413390012 -0.541441992852665
0.44476632715943 -0.32070396779235
0.395539837909907 0.684749525578264
0.0777248492029193 -0.386910779192146
0.758752653723165 0.0230236558390565
-0.642682930541758 0.0760039419933942
-0.271599427654855 0.402769961211803
-0.140574993922765 -0.303822826323897
0.458070242901169 0.173924393994284
0.357636591794522 -0.268845465631564
-0.498242995818645 0.832218201373935
-0.0405343927440141 -0.750372179969902
-0.325538789237188 0.61867713919985
-0.414534791384674 -0.488202039092509
-0.77010466203742 0.862224324597037
0.528401589794535 0.377263797852457
-0.982325627216946 -0.521191028793949
0.597119127825993 0.028017258278057
-1.09815513520136 -0.618635805156634
0.628535831393814 0.0716734379641143
-0.775279617027577 0.908494624311302
0.640154723875522 0.0848061384483341
0.000244918796513991 0.81049529630533
-0.746249512860427 -0.513970542888236
-0.0993717844662466 0.610081489194834
0.00968807624315005 -0.551333224039713
-0.433019256701333 0.332521641373575
-0.662098090939907 0.0204923201434332
-0.398714991141779 0.182774982309297
-0.343071711488726 0.0802841468987976
0.00862247429220699 0.335020515713657
-0.283818894112663 -0.212562665933044
-0.101543512239851 0.12421844757656
0.033711474451993 0.0176065199678833
0.0118054747759048 0.0500336266035315
-0.0460570911764695 0.0170295781362078
-0.118965493431368 0.0274878867054332
0.0186661258326937 -0.00695481729707369
-0.101306225138878 -0.145910149004289
-0.0996426346331789 0.0963121260861956
0.0458619596428585 -0.222235192505531
-0.341976961135103 0.0604144111421485
-0.472925494809157 -0.0034173379563266
-0.290932328951899 0.293353532549551
-0.117010279354376 0.413201621232588
0.316777531317383 -0.206855309601959
-0.236084984038548 0.212174721918045
-0.666824233790454 0.160896023866962
-0.278876346709546 0.520376621926584
-0.0520910058109017 -0.475258943671493
-0.539182171240078 0.37429322107637
-1.11524207326472 0.0370469688458719
0.268932785301614 -0.0605997317770674
-0.590868703205611 -0.394973097462922
-0.223670312890431 0.81088144210776
-0.968488477798269 0.448265631637289
0.2721765531516 0.253071494745134
0.590336414570182 -0.181700285553538
0.28775247893716 0.143487529915213
0.552471817545617 -0.20447684160626
0.559783277998152 -0.250100290503071
-0.165730303473504 -0.81115790787619
-0.24827559221724 -0.675154731012913
0.762390924865092 -0.00443815463130007
0.214995295109817 0.915591803706193
0.398580573676953 0.489477206933831
-0.785786351697132 -0.221121696525767
0.119498394690477 0.495335097034365
-0.311684071975764 0.797750486563801
0.290082803921537 -0.551823358272592
-0.452002237075688 -0.767218324345164
0.220518309193058 -0.74039938873373
0.754922904965694 0.0215044526038296
-1.0934229477844 0.149545272467988
0.136752036043598 -0.651068289730115
0.228642889863892 -0.471503178737598
-0.47413866359354 0.394467716054577
0.493162432074268 -0.593758584363165
0.513006059399442 -0.569441058670366
-0.037792248767761 0.562507052266961
-0.257920709513596 -0.648853672405749
-0.283998951077577 -0.605410109077782
-0.195398061594682 -0.513284191904035
0.158179897602926 0.169906334938203
-0.224978307465102 -0.471651912760545
0.34084342885884 -0.064463203465333
-0.359234205992738 -0.375606126673478
0.354207927830917 0.0631185674086901
-0.947918412149836 0.0139423370593738
-0.683782441607593 0.381548305962298
-0.283426734267901 -0.472455108840213
-0.612186939063845 0.161494204418536
0.150777410180086 0.622877734356821
0.346895242323206 0.484000860913557
-0.221769619245072 -0.562831619478706
0.397017347758836 -0.594032125843925
-0.100609573487937 0.690708819995267
-0.593643496620435 0.0558143560212246
-0.418926697647509 0.364675704313869
-0.339988622143935 -0.480711563859068
-0.376110117523733 0.519676737312474
-0.760198599264336 -0.0230100908015979
-0.497932380964797 -0.513750721668683
-0.672069946490801 0.0400753212263972
-0.729984565545495 0.113702189742819
-0.0480070263536699 -0.31046574766009
-0.680127192036883 -0.0616761516665853
-0.903914195240248 0.119790242057283
-0.0635766343385335 -0.661565496442924
-0.548134223713425 -0.673514188197651
0.167479082518468 0.465622541638748
0.540592890232846 0.0153341237905536
-0.792778834632988 0.362855965756013
-0.783473719145957 -0.854433115741154
0.356548514296989 -0.450967141974365
-0.85674324739015 -0.948647422570668
-0.437124430238482 0.816065188178551
-0.820366833075178 -0.251826120014735
-0.850258102311251 0.75003769813203
-0.231652863372288 0.379807994055727
-0.952912645238295 0.125773230759174
-0.143337692203847 0.340436874845874
-0.578613945864918 0.177956507578044
-0.564761283555652 -0.0781143950739257
-0.270397605071509 -0.277788318274239
-0.535553990069008 -0.0101936231776267
0.333690658886208 0.0779298628274067
-0.193003901776185 -0.321084520938859
-0.242159721676353 -0.0203456417527365
-0.23564570471048 -0.0328326578301265
-0.160014953915796 -0.0540432389495723
-0.0482764930799835 -0.108160518385657
-0.103266647552702 0.0828865780812765
0.10475855086111 -0.0114293000202937
0.0188952453883863 0.0617774408116911
-0.0338538682946712 0.0181179287955637
0.0429342112156305 -0.0503024151713019
0.145571501772262 0.00297626165450855
-0.0712373605448098 -0.0800098487367193
0.0944283479590279 -0.175486900921144
-0.151882983702242 0.369056449787678
0.3527798194527 0.00722781893576021
-0.167966279989315 -0.438751942809182
0.0656901882829232 0.2994188624522
-0.600275004352123 0.0814280348234301
0.150613500364765 -0.184713399101802
0.00709121647785263 -0.403219191543048
0.303755625933835 0.0925093639616488
0.46703424007891 0.00196405173956076
-0.744566407332433 -0.576653263035609
-0.173095191698053 0.73460891240936
0.345168169802862 0.037702718876036
-0.900120518234634 0.707563274908513
0.111672987488436 -0.0580381036809208
-0.363525143911803 0.765951769491643
-0.368480748315873 0.691109889882048
-1.04181959504655 0.24851258050395
-0.637308051140623 -0.123936966655921
-0.477278757756005 0.661490662343632
-0.815864443820562 -0.745439754604913
-0.355728397841444 -0.644263592808139
-0.882100201239231 0.330981671425827
-0.038902214449444 0.801024117813342
0.343481390140307 -0.0902073176761579
-0.81857539239163 -0.430717880744813
0.576444967057905 0.0395788322986898
0.666390574899462 0.0159493834947986
0.476815482185867 -0.296244888479413
-0.39333615532135 -0.312520451026045
-0.502975715814496 -0.742930660944962
0.0148596074369583 -0.70726838760293
-0.586818545869985 -0.927076361818638
0.284163106955901 0.448982554807234
0.667170000121975 -0.112856079395966
0.854170558014099 0.0571828964515613
-0.199061028363322 0.636619558723435
-0.305653759347945 -0.549875324360833
0.125620363886193 0.613068293773186
0.172287435444431 -0.123131134124123
-0.320882582397272 -0.19642888417525
0.250335926503731 0.250622559457302
-0.176544697484361 0.604432218962131
0.0335568543821182 -0.0267550952794901
0.147007410404073 -0.0015345983263166
-0.558719612761156 -0.365659243571693
-0.555221068144387 -0.249590317055881
-0.709767701862724 -0.43224384087981
-0.228061461370837 0.438237466444718
-0.205843402865016 0.413754148220654
-0.520941846810439 0.142011288220304
-0.0169230632156236 0.0857145055101635
0.0244223301541924 -0.0697821122339382
-0.214892617702799 0.280789010762015
-0.165664426976908 0.148334667714997
0.134495401444677 -0.146015720487354
