-0.593230261610941 -0.698438302263831
-0.0496734279205799 -0.695797198920805
-0.665069343913195 -0.673302755032568
-0.740309427896009 -0.387623067195558
-0.2285002504961 0.573672941309172
-0.963980155680782 -0.0385714349600971
-0.847957249504795 -0.156437185695352
-0.490208634441759 -0.490656906863569
-0.680719738301531 0.573555501312652
-0.459108284303964 -0.398157468567034
-0.500410409874054 -0.317931315905766
-0.625456906660604 -0.540193820520861
-0.265831187810723 -0.463452982604786
-0.517164572794145 -0.254038219781918
-0.853451837308167 0.31337645232545
0.073346453700434 -0.110107071131103
-0.526699315940962 0.116931178917703
-0.861890018846501 0.360303715113163
-0.262753609427792 -0.479139973543808
-0.70857209850882 0.347142582148134
-0.467050277703356 0.320909574506743
-0.511164534127971 0.32229040127434
-0.435022663203576 0.278310850787298
-0.432539718924469 0.253987849152901
-0.637173570209596 0.446290032564714
-0.159788028649135 -0.525341852029898
-0.1127481092491 -0.424334161162422
-0.281851876034472 0.181278414645677
-0.607858263355942 0.265036106273787
0.157682090963494 -0.512155241340365
-0.250622770830495 0.226739692232298
-0.271604059878107 -0.373531398649102
-0.31329843162181 -0.336514432989072
0.0835345276882886 0.449325207393189
-0.0486403619153076 0.383264323907256
0.15239004898334 0.445514429544059
-0.201402209898983 -0.112051693160359
0.57500138586178 0.0828691605408831
0.245497846388047 -0.259168303103244
0.611322588771685 -0.08654129515529
0.620100537041092 -0.00390111351303125
0.132603305004763 -0.444838002695597
0.00455163376075164 0.508255580359262
0.021824829117649 -0.303301161365939
0.499461500230301 0.493709591100471
0.641509410628811 0.232132351159565
0.868995266816213 -0.0612202201495375
1.11107858456904 0.334258907113931
0.487096198851397 0.778281327594212
0.121785718612334 0.404302340998495
0.473793113058897 -0.84429822863005
0.735937681859811 -0.690531902004627
0.120057012693775 -0.245701656598528
0.428554686566212 0.957730551860419
0.595982082413432 -0.916790812104411
1.32054114227673 0.848231067044815
1.00237392667729 -0.478621106826155
0.253772887045795 1.04089674902503
1.18914358217015 -0.748867482362598
0.645469005608389 -0.723222052307351
-0.446473917346818 -0.0572698193827275
-0.557119762579372 -0.0659834015677831
0.897907265689026 1.12517144535061
1.16829391045272 -0.851584153230851
1.17069064137358 -0.882921976178299
-0.895568883884437 -0.122796286569449
0.230653633693202 -1.17654905455927
-0.0842497104232586 -1.38702055738109
-0.266846030677315 1.33964904119042
0.611435588638363 1.48954000882616
-1.21262404295932 0.278136512389462
-0.467676848601067 1.22869900865424
-0.981715519592921 0.10096197313405
-0.877459522701658 1.22040206779047
-0.21965262855068 -1.16169580579233
0.148069925943492 1.27512020173222
1.0407354718491 0.145839605962273
0.685515500410261 -0.477895428584153
-0.731937312023393 0.910083901731879
-0.11855213545442 -0.847032393896744
-0.0789742051591517 -0.836350584748399
0.0404564277677341 0.878743310848162
0.721897905262171 0.114010624596776
-0.322784067944668 0.617920365285805
0.300712646386157 0.452233285680517
0.155045287379247 -0.206460463466718
-0.23735393379623 -0.391820360769633
-0.633665874472457 0.15652866020476
-0.333966833655578 -0.514450891247351
-0.248669313865302 -0.312667905640735
0.125958848585667 -0.451187572650836
-0.380981976438358 -0.271374075932969
-0.272497273179289 0.309105304059531
-0.296499830851776 -0.173660713410019
0.0189861106546106 0.13368896390394
-0.123809078017035 -0.217234415660619
-0.332774979707582 0.231046287134177
-0.060290479730207 -0.153581235783337
0.00143693238320868 0.038070513511335
-0.0747330275790015 0.114661877876853
-0.133548174923931 -0.00574257451722662
-0.100120413712456 -0.113031413302812
-0.182341547104397 0.0227437309509997
-0.0469994161853384 0.0597711360162546
-0.069992514863662 0.00967842250578405
-0.0799005704088084 -0.0837896524154768
-0.253107602187634 -0.0163968268707853
0.00434983151854461 0.0987780712670137
-0.101768234137058 0.0359594905035632
-0.0837288978016615 0.0555402316820779
-0.0913142224428078 -0.0451338298466375
-0.126479560938633 -0.160238619193958
-0.151665268264621 0.141968022349183
0.0146471385573778 -0.0539462269050738
-0.01220430806525 -0.07011652844018
-0.124024450605968 -0.0386545314682111
0.00709330549356342 0.146130790070776
0.0071590414753919 0.00729486104524529
0.0457859890514589 0.0164868862132492
0.153786663126073 -0.0886273436371588
0.245358718266735 0.164897230940185
0.0358295511412323 -0.0306616187517522
0.218228753284929 0.0624700643486646
0.155703813076116 0.115455416977494
0.110282773743956 -0.00730110530377144
0.0547883849730826 0.033141793114703
0.0304004984145006 0.0127264785952747
-0.0119887746912698 0.0846242149972565
-0.0305228709564706 0.0380197862290112
0.000901308629958908 0.0443554399478967
0.0414599678483969 0.0488070989079766
-0.0128003737800732 0.0254713195894849
-0.0590622733001702 0.0502096275811718
-0.21526478127412 -0.0913697998295797
-0.0535148888329773 0.202918235040694
0.202161233204478 0.047150053465008
0.178197138811734 0.0970034509923643
-0.114204891114666 0.114388502480529
-0.0272450271950093 -0.354554762902687
-0.307087798656816 0.425433602658293
0.229223337475787 -0.136025757290577
0.494926571525947 0.0836854863723094
-0.223489775340952 0.0340817334007252
0.124440215471811 -0.275668277749405
0.245808910753976 0.185656794316944
0.159711859887743 0.192753921772309
-0.0522482604924642 -0.137938044328026
-0.150002225023226 0.00192183089079704
0.023661958569333 -0.0405250468023583
-0.115827835763333 -0.0688768803685031
-0.0746566834173488 0.0717562723468377
-0.0680435715034604 -0.180475083564295
-0.0077268132016169 0.0356038915190963
-0.101226602523866 0.051995340636262
-0.182138133363411 0.0721485385297187
-0.166701161150097 -0.244704217231352
-0.212571632149421 -0.0415927463539423
0.0934241267153734 0.172220432856653
-0.0856159151744538 -0.146908308494844
-0.339626358536874 -0.0413556324631367
-0.216361106707399 -0.13258150378003
-0.318021167912666 0.0467832751881363
0.019868817907929 -0.119590686894184
-0.0789694634197777 -0.310684909383732
-0.160054319369287 -0.214397134524056
0.132093124465554 -0.0899074691683787
-0.264800278521655 0.281555123591862
-0.168593283532201 -0.190431113256617
-0.13514544083434 -0.0599357782290091
-0.313535687840278 -0.0394894072832727
-0.16528522231959 -0.122229871752718
-0.00966249410319453 0.191289531384537
-0.236570349900872 -0.0954392475543744
0.0391102094434468 -0.34962581688515
-0.115396963871803 -0.281808651150343
-0.125416773911613 -0.283847392832285
-0.167498354737077 0.289259853052524
-0.00599642578085106 -0.281660188851652
-0.166121071358846 0.234394295396715
-0.0284709742215391 -0.267931105172574
-0.103397011010929 0.142654240382449
-0.263505406698096 -0.147187201377347
0.0422821660306839 -0.258533966819201
-0.279228570996574 0.277582199362355
0.121253366594774 -0.219119172914733
0.0625285079170381 0.244426714943684
0.0437882766405118 0.0274476619438803
-0.104086900614862 -0.0111504397080638
-0.0919382242136407 0.0251339260269889
0.00946149295963429 0.231815782018779
0.251277179861536 -0.100586385297638
0.257591647724272 0.131407434639519
-0.074530133115672 0.0133355985927981
0.142392407321106 -0.157048836253322
0.092375076584194 -0.124041485091668
0.0474941399840721 -0.10297982938875
0.0785398206209907 -0.290709402945786
-0.326613507034109 0.21292692128273
-0.0376658147603006 0.153809793284077
0.169554550890053 -0.0593924263466406
0.0312665965489666 -0.0200734599798362
0.154126915520633 0.248065183466167
-0.137337854394381 -0.0882226831080884
-0.0314166482330031 -0.264969952588675
0.195889811867537 0.0254671957695574
0.136810329607503 -0.163266622435337
0.0170317920215708 0.0180117699574399
0.00488831868318612 -0.069101558041769
0.0802468557137416 0.164508328628733
0.0925199400396705 0.0212279563802806
0.157193556342841 -0.0130492408432298
0.126925322362473 0.0441747750500001
0.13833553201082 -0.0255809529965354
0.0176490594256579 0.108662744062686
0.115694198247286 0.0506839607632874
-0.170765349256838 -0.00155835565293804
0.189467857138368 0.128294556139566
-0.0369371643838231 0.0853071243858973
0.297328937368575 0.124803038564356
0.0665512279998005 -0.232647189075177
-0.0827593944212897 -0.205341699738595
0.211977103881298 -0.204376530155573
0.250929173023697 -0.247994284132454
0.0669982826385525 0.126397354686772
-0.0418900283432953 0.255987659179693
0.0767109784293821 0.201180078210625
0.138924561282276 0.122231457181343
-0.21377511207314 -0.00749971046630282
-0.0112673642300181 0.197977921877978
-0.0731084521927029 0.0866237318435568
0.184621655719469 0.0933481247086748
-0.239929590184338 0.0814255985473601
-0.1419596128219 0.268091332208127
-0.38099953684431 -0.00960672438975413
-0.160873623339519 0.166527043872915
-0.145997432877772 0.0685593622384928
0.0920168043827251 0.0518829099926293
-0.114875852823856 -0.104981829285224
-0.0420484603244972 0.000855642101935051
-0.0872226289560897 -0.119763837799958
-0.233233246781067 0.0679416725089819
-0.0831031291475422 -0.0605364580137068
0.0878045305725333 -0.15172911303789
-0.119533547303993 0.249225373891935
0.155297244263972 -0.217192260415327
-0.31555120985656 0.0171765981583355
0.0463502690526599 -0.209385165481349
0.0837629279839633 -0.280245836133886
-0.251770441869256 0.000569489765020331
-0.234736755950059 0.0182756937291598
0.362316484474805 -0.255460462838866
0.0856171340969221 -0.299513829890174
0.032543823341358 -0.311024139774459
-0.043473284726665 -0.293519537634298
0.232518430127495 -0.346282311756115
-0.23202252172127 0.419200197487976
-0.0268802642527188 -0.392124477577918
-0.20194085406776 0.391899483317666
-0.14611275746647 0.37808987705451
-0.203159566510278 0.322295489361927
-0.181170782233632 0.256940575918606
-0.106377696660837 -0.251075777165901
-0.175326289886354 0.23768529020321
-0.43065071305369 -0.0750840283221629
-0.17507466211311 -0.100594934593527
-0.197662625760572 -0.0010062498174392
-0.183338844434216 0.12658947752929
-0.104676880188747 -0.0332542775730454
-0.170077239695363 0.0327670502677308
-0.144306735601874 0.00139708200888019
-0.100141531973166 -0.00378043252543743
-0.158707832587648 -0.0119471057785071
-0.0857260465163425 -0.00308043341824205
-0.115429409867918 0.136536027416337
-0.193426218143684 0.0443320857174078
-0.0246825194464862 0.184251292866733
0.116242242874851 -0.0988846660347092
0.0109299395706389 -0.132861686723571
-0.045965878814869 0.0494426311325868
-0.226819872048298 0.0450315700302357
-0.0754589808843561 0.0394393843783816
-0.0845994123008436 0.13266694830752
0.190435489798987 -0.0362381799991451
-0.088858608613094 0.208854860040036
-0.115380555360313 0.23713909266699
-0.185074715218291 0.202383589782994
0.155905252996219 0.0215801644932492
0.0996637155212139 0.0534343465192094
0.106370429805186 0.0862745188979224
0.068233354077 0.0563536110233024
0.0643005067374052 0.142979532270296
0.14937956935045 0.074991184301106
-0.0131593396180903 0.022621082629189
0.125450388164083 -0.0319620624826148
0.0835164536999033 0.148126745648862
0.106828447465064 -0.0591967076579825
0.05252754314039 -0.104378492971745
0.324124827341772 0.0642509607110036
0.251970284379869 0.0650932890910455
-0.133616023309112 -0.124598524495689
0.226350710550286 -0.235839924794099
0.0828812510721553 -0.181869808524478
0.188610262429118 0.269041352040419
0.484199207625071 0.044475007222218
0.306199271580204 0.121263795478923
0.024604878494255 0.287226032113271
0.0143280038182143 -0.221974604388451
0.614384917572929 0.0604202488748452
0.284542971179079 0.324277622089265
0.68501603345577 0.156235303639121
0.285968630415126 0.458308333422077
0.372687157845493 -0.379618626587162
0.0950056688027635 -0.325179807973136
0.152927912246843 -0.386685950488596
0.027271226944141 -0.45327466713826
-0.0886521880190778 0.669356965519711
0.658726734649013 -0.52984300564737
0.489173776117836 -0.56802969880648
-0.301558037650244 -0.357861738243247
-0.00547216511883691 -0.635394862078581
-0.234726305428359 0.659653983853337
-0.0525656811725493 -0.778781567305624
0.37230519221667 -0.564329203664883
0.874137549948462 0.347142844840659
0.443637827307401 0.845085872066421
0.907187437389717 -0.875950631638933
1.19112136193744 0.440609936686557
0.22040660826189 -1.04832324197046
0.182312831226625 -1.14896732834135
0.70544499025924 0.856508253592621
1.35284803474782 -0.270133479481188
-0.799464386361149 -0.53138458814283
0.56417560664699 -1.0752378638398
0.142082987053713 1.28060569584837
0.87679521796047 -1.22053677223503
0.583045167311886 0.0912573086993222
-1.61457470924758 -0.145577181609448
0.843323479732382 -1.39197444081394
-0.515104614948417 -1.57002905247045
-1.34931305325237 -0.55183547300265
-1.1174520611726 -0.818495737270948
0.784186656440886 -0.460378494554557
-0.409944263314175 1.31493866407657
-1.3660282128708 -0.472122486070756
-0.419466822539748 1.19619197091523
-0.0794320387601228 0.0157935782260792
-0.620491080442024 -1.01312373636698
-0.440092375071537 1.10628539313831
-0.547369607618125 1.05282879417906
0.449027086030537 -0.116672800812283
-0.457691823253655 0.991489321149192
-0.184946870930487 1.20067330142828
-0.528355117369933 0.984810828673806
-0.0804624481597106 -1.08006225074191
-1.34237296165926 -0.577131593635629
-1.6082224182334 -0.148569396463541
-0.49929694526439 0.802642874481133
-0.911797351052306 -0.948799354239897
-0.731209663487577 -1.02204915829839
0.0555505599981367 -0.919555509405061
0.481370016832451 0.0799858005858006
0.202859378100234 -0.885038395789715
-0.768188915975035 0.815837925761626
-0.718926912275156 -0.712467783133038
0.33569786255826 -0.84973611368101
-0.507663553298218 -0.71105092800688
0.260649771935963 -0.728910210949175
-0.51180699420977 0.523973914102446
0.486095648695213 0.703557431896239
0.552002710557281 -0.0851109413909565
0.259336081814549 -0.550127252228068
-0.407233367532491 -0.148862752975849
-0.334412252948581 -0.108797998897861
-0.141192211271497 0.670785079654186
0.12596122495103 -0.59781755981068
0.169417305728742 0.553437357158759
-0.387817254171056 0.0716392512561101
0.667947930141417 0.437770542672338
-0.300810211482638 0.0118211250194493
0.317473333749263 -0.526099235099632
0.443264846283844 -0.325177525615866
0.770169663443434 0.478502702509958
0.297103931433604 0.58974672310852
-0.0939496642038002 0.175473651649363
0.785259375072022 0.754687857329584
-0.433558900975959 -0.0575758897591825
0.475768372080458 -0.621490337238217
-0.175523180265576 0.83307841113371
0.711442242582727 -0.0919709346275813
-0.0177904139334356 0.46333308777745
-0.378940483575242 0.478216032926882
0.198813402792213 -0.507649044165805
0.840277856466732 -0.0269347824509302
0.29560223912318 0.650224973988306
-0.758066430120063 -0.0740533557428717
0.336944828535976 -0.652990378539504
0.577446550209504 0.117822774319952
0.359774630086929 -0.730611918727495
0.519425356159574 0.266605625829914
0.522913953060357 0.0245765319019985
0.0889827549697819 0.58419833518329
-0.160150538315745 0.63524011221115
-0.607393382112023 -0.54638646726519
-0.808011573090196 0.466854517793602
0.441059667319398 -0.11469706962109
-0.830765570511001 -0.519668439174468
0.333848252737896 -0.129953970032857
-0.391839293172933 -0.575155161610455
-0.934770481445762 -0.501123840966796
-0.00938910653077593 -0.739184285714668
-0.421766977535042 -0.57401471512329
-0.551405600753282 0.533120662660096
-0.573302449565481 0.461087507933457
-0.925079735060128 0.59633756603544
-0.575894861277286 -0.542536585725819
-0.268379221373062 -0.656433360688654
-0.185537244821764 0.162322643610955
-0.718905379882674 0.113947811543866
-0.455078547509401 -0.584624579554588
-0.658359193516707 -0.47019610533858
-0.23370032814004 -0.0351087558439443
-0.283664202606223 -0.0458553882094891
-0.389581982723328 -0.0120064247314364
-0.814453336864396 0.196135916830721
-0.113935185614502 0.0257923333325046
-1.04746699964757 0.43610458669374
-0.683365815430404 -0.541516317679612
-0.717784092759194 -0.316117333798218
-0.899851795621038 -0.298789844544463
-0.214770632633864 0.340508361711184
-0.584746840722988 -0.577502945807288
-0.526350918026361 -0.490750925141816
-0.551910139941003 -0.427129852942026
-0.903900897542207 -0.136107797137326
-0.101448676221129 -0.464769267519253
-0.508096957316974 -0.354013690209633
-0.61532422030735 -0.30546384694814
-0.609115031067986 -0.302067273549562
-0.915859097283355 0.135599582827983
-0.779121996467384 -0.0433590049265087
-0.201976864660152 0.115756073075713
-0.309399583226574 -0.565584232436343
-0.434454123751059 -0.45545872718869
-0.698250792550912 0.0966488388041059
-0.654458972791686 0.117928164518911
-1.06598747910375 -0.116503980615364
-0.526401274593562 -0.511465739766128
-0.25331699269932 -0.111145160437782
-0.920266441118041 -0.23056614471072
-0.559909676652225 -0.451798654160064
-0.59445857498459 -0.193621769400105
-0.909997054265803 -0.0974514012722191
-0.795605132623345 -0.0263143008851878
-0.609212724338479 -0.226388423837526
-0.88085356496459 -0.116614409880384
-0.576396754953762 0.041707505394016
-0.787388419588789 -0.0348468858390525
-0.753660949157284 -0.0769118872805529
-0.638366930238658 0.0173577320388981
-0.651280918303727 -0.0310865343826624
-0.639359958267755 -0.00271854014907885
-0.62837772086348 0.0101780527025538
-0.528228594672477 -0.0442074248396643
-0.525849285219723 0.00917384456550268
-0.561720787931117 -0.0146938709214279
-0.450985357815652 0.073772274868953
-0.27892839466291 -0.0699929761337555
-0.321018909912012 0.101036798707091
-0.373381175889763 -0.180883391301369
-0.468021990807482 0.0193458132160926
-0.520406246424344 -0.0400815459815488
-0.367035276892919 0.281934946131375
-0.590126459850022 -0.0709643825398496
-0.300277240609133 -0.214042631563011
-0.425640802224068 0.384676293739468
-0.337786391172683 -0.216030181385429
-0.618798304350156 -0.157072403298605
-0.339379197756906 -0.254033841553033
-0.599261160368502 0.424988248755429
-0.671352951938668 0.399557835248129
-0.276106874093644 -0.601035024227964
-0.871349025033489 0.410932348983561
-0.861531552387327 -0.0624631494349197
-1.16290691373439 -0.205278354666034
-0.914902494534709 0.09972720377272
-0.936911623251868 0.146243375390133
-1.03656206717188 0.0397823190621205
-1.19268053680779 0.550644210158345
-1.00738118869858 0.195840915248797
-0.742279966658327 -0.720730238551939
-1.0464919473536 0.20610680968782
-0.706008996469941 0.668941477538378
-0.23117919527205 -0.868340563045738
-1.31093666045306 0.21693765267019
-0.135391881895532 -0.916542005530695
-0.526479388149385 -0.79742588966647
-0.448723587507751 -0.83003358365945
-0.536395923126655 -0.825143480230714
-1.26371196844903 -0.23034498511181
0.0505907834679864 -0.865520543408821
-1.01132409965328 -0.0128826902692879
-0.832798342421217 0.768217928201717
-0.570062220458973 0.708734313850464
-0.293958721281629 -0.86730259804726
-0.454173224503338 0.776270804022588
-1.01946634349174 -0.199089326446168
0.258476408415661 0.981293906035768
-0.527530881643977 -0.983866223877315
-1.0478108282186 -0.705027719858016
0.592443423136644 -0.33520074715286
-0.169791833023936 -0.958114965723168
-0.712259993523829 -1.09807183100125
0.497021957725138 0.298658779908868
-0.279366126343611 1.02479195427878
0.493531934201661 0.24912458835176
-0.588064509566656 0.832006308488956
-1.08119495211949 0.896183674789171
-1.21271142645167 -0.608952551468212
-1.07917729965248 0.79593037344565
-0.274588697545544 0.950142383867804
0.681875291939971 0.122550082494955
0.728815259401132 0.067305811198437
-0.0913662639926315 0.981601729014946
0.771312345628137 0.102269751949385
-0.632277873030042 -0.760742272572221
0.393576973918703 0.780662263616958
0.347543177314613 0.798180473114377
-0.436411076676851 0.732365310697495
0.303925120474996 0.845659037844194
0.655297174384677 0.778735569658038
1.11936403122865 -0.00851925780977222
0.458303092346656 0.589222762732137
1.3119253777988 -0.0641294598274615
1.26984170398048 0.275705844693256
0.646307360930184 -0.330802081818595
0.637002695785222 -0.22846747402567
0.94559711144356 -0.366054885627715
1.35909935499294 -0.210340016524405
1.2729335730945 0.437469648205767
0.772822202401016 0.661547760638292
0.380009083743674 0.0639572306027089
0.752982643029214 0.709197357895554
0.725984020347228 0.681696841908121
1.18479668674626 -0.518438906635515
0.8484152338816 -0.399923155222482
0.399799955248555 -0.305122615220687
0.570841074076337 -0.583859130830722
0.323810517038793 0.483596249791442
0.791512427307936 -0.559517863899567
0.609599061532307 0.453085567049243
0.591821672599415 -0.474709797965259
0.801901636559221 0.114767751916517
0.404546120732387 0.458342713574678
0.347327660934508 -0.390755165859288
0.391792532014529 0.44470683387435
0.428909693530031 0.476509261888892
0.282613161693238 -0.148931453139914
0.644325914105778 -0.0518843424116365
0.320016191532371 -0.0560726510117182
0.538054811812976 0.290484835357724
0.696419539769032 0.254822241416209
0.590379219690427 0.0498530127304879
0.611076762543572 -0.0694391769065627
0.329909140470461 0.0748347001217192
0.842217141785837 0.110391829876037
0.731247347439169 0.179933720934209
0.372833999580873 -0.0456281009043934
0.616227997646668 -0.150043218827237
0.633378515016326 0.155803470772273
0.870519633660135 -0.0663356363351942
0.0341059873088123 0.261139165152701
0.784603084576775 -0.39838879407382
0.105592683204823 0.140298793926655
0.759764339974797 0.323098990587495
0.64989094624518 -0.425444054791869
0.705839125371773 0.383631925029772
0.386970393561045 -0.271546573245106
1.01605744393041 0.149894619528249
-0.229450605522437 -0.00862380041874403
-0.231824627296863 0.0527333301123944
0.742652638918444 -0.529113957536487
0.793995622832178 0.597980245635141
-0.426764751353684 -0.0326734924284622
-0.0694906985004775 0.742849533044995
0.211368841128404 0.635428298098555
-0.478244302005533 -0.255859167051753
-0.206886856229509 -0.863111079992824
0.407459306095716 0.530637833575629
-0.215519516559967 0.373299483614967
0.126395965163387 0.790910280739014
0.695330017967838 -0.873361571686723
0.47517068089954 -0.762388297956982
1.23703441748584 0.145620053848565
1.06864281132068 0.273173062462753
0.642405265160862 0.852481514017332
1.10254542639478 0.18439610799394
0.0197075446204504 -0.855573694552403
1.20905359473893 0.15929919215163
0.799989488139907 -0.620090126365866
-0.0181346473681004 0.719905060101488
0.725259346504678 -0.485614781674417
0.732336497427247 -0.424885195521642
0.706885628158848 0.433534146036209
1.28286317469163 0.332869816389624
0.955305394038489 0.257897135604725
0.604064293646097 0.347382098946615
0.933811521300396 0.100382000525812
0.38629777571983 -0.0316751134949382
1.15403406042373 0.421634110277008
0.720372540809185 0.49135749273252
0.320435561572601 0.0820492600850388
0.317055382833796 0.0696751960848938
0.529417238756882 0.479384870283843
0.922034643090843 -0.259634079300197
0.441395047140009 0.443993381737116
0.118135286326644 0.0749924902651358
0.483147649658974 -0.173279673842833
0.109037837022723 -0.0248347449133415
0.482485293841746 -0.23610992025716
-0.00440638714544758 0.115388996864599
0.00266740065690826 0.000519838455388832
0.248052622798105 -0.290231073908073
1.02455122261189 0.138515946549992
0.69126171688913 -0.344627021837955
-0.0310474810829632 0.668012149847063
0.407178058540376 -0.333688909550329
-0.269432185688672 0.0286869381930823
0.756237107925086 0.640351448942667
0.860858198578701 -0.494898542506172
-0.295594526464643 -0.140110151615762
-0.0632830314830769 0.876499924791188
1.04708835562598 0.614094188503033
1.04747989612925 -0.677499789957661
-0.57222421617027 -0.0917916004254025
0.266128809049866 -0.949215348428383
-0.599728382288035 -0.193121453117998
-0.817114259059157 0.0790709505069379
-0.404451679230674 1.09263835735767
-0.048781068385246 0.884332356031296
0.634956667854256 1.02134251805826
-0.665088838975613 1.06430661809943
-0.38417526534892 0.815848864796874
0.827432525175104 0.472036102341913
-0.924712927665437 0.406551640041471
0.168789434847943 -0.94862462157738
0.244172536779162 -0.861908472092681
0.960281062743428 -0.266108530526779
0.356478821377245 -0.837040989073992
0.123292754793357 0.941515252648175
0.193275858124522 0.87054933480238
0.211829069649259 0.826456813897025
0.674843709111996 -0.871548199992032
0.386467255878117 0.604353418153145
0.122941482383118 -0.572981100966562
-0.307576898805432 0.820431200133735
0.695281127184671 -0.00532616472805151
0.0705663053314046 -0.731830426149203
-0.273905989713777 0.480944922083336
0.284310283504724 -0.380235127870136
0.426035103566322 0.377145454563335
0.413372023816393 -0.357039000229707
0.357491954973806 -0.375148022644222
0.134157384811123 0.586103718448648
0.748886772055656 -0.357955443608759
0.80654295486694 0.187167261162811
0.64639412213966 0.275084171630088
0.512782180599451 0.275882121800742
0.536279715611005 0.201870423355445
0.527175976771404 0.204990089186614
0.494792204201441 0.230672793740235
0.707758080370322 0.198816994435252
0.417274182603726 -0.00047451427202596
0.331241634662497 0.0886455750161625
0.390639696402697 0.226581312251972
0.314119536590353 0.226211721316201
0.318748943662714 0.200698733153333
0.431051017019862 0.158294680816959
0.23777887248275 0.0571362165465029
0.254061692990552 0.0478537796439712
0.276767178158838 0.0493728983704114
0.328339021771626 0.0893870161176387
0.250616272344242 0.0782591432844055
0.225072955259264 0.0283670614231084
0.18770924820245 0.161505649930107
0.164351496095254 0.0983171351088182
0.174259035799673 -0.0287301813892293
0.136563720545691 0.0373755956817389
0.236180369319101 -0.0441938597132961
0.169677900321323 0.0433260657246984
0.0477529368879481 -0.0258563358527632
0.132091056583886 0.110277202942538
0.18280218388962 -0.0982070571542514
0.207351261357793 -0.0358952001518029
0.0771523498763197 -0.0299594048860336
0.032058179237038 -0.103520336134419
0.196266178311003 -0.192599164768757
-0.188578089001211 -0.076140088935361
0.211332430935556 0.247635014687604
0.324870580698023 0.210971138810094
0.128824421469512 0.133878338435419
-0.129190480082783 0.00686947799747353
0.356514927411913 0.183693916186803
-0.118958768122373 0.1660596828928
0.245175481900296 -0.0928734103782205
-0.479296573226203 -0.0526770908524759
0.408291926693213 0.296322505751624
-0.346343078224619 0.122111097227424
0.09206441279958 -0.179325651967757
-0.406893683395163 0.206182305769585
0.180805797101806 -0.117166657315955
0.222102290480552 -0.663745283049598
-0.135526336011152 0.74977998759668
