-0.27342287133611 0.874400768806126
-1.47504262575105 -0.695113538673706
-0.335293155680591 -1.00042677121914
-1.9170262466927 0.56267218145466
-0.214181600147483 -1.0840310293531
-0.381355218718081 -1.07469866910377
-1.91789271369395 -0.0255508276920197
0.561646303124561 1.14471569271046
-1.25067898791992 -0.970298249010868
-1.35739478312255 0.1367287447055
0.246092417790783 -1.24469931390722
-1.33269124043985 -0.0578785643933407
-1.05543073888224 -0.0302510477773505
0.883323637692006 0.0105311937045314
-0.939199175759833 0.02855918115612
-0.207588627897079 -0.752448251087509
-0.143128161069007 -0.88657996833236
-1.0100402947641 -0.290379709062634
-0.527966215598169 1.00756795653189
0.347570597750723 -1.08745184008598
-0.185562555004801 -0.919213674143731
0.281512354423383 1.02085946277614
-0.0308884149140596 0.983372948582708
-0.918769918944588 0.628959159549147
0.164668177196982 0.0300060663396198
0.0397023736117659 0.96384480612296
-0.381151530619773 -0.901900223968639
1.01951843637873 -0.0304348833549642
-0.945580800124055 -0.0476063573379502
0.23927373148107 -0.829363351609366
0.280365710098844 -0.710383963759185
0.62749445690201 0.802209465545262
0.0540041960849353 -0.869202211981428
0.162367288456236 -0.895297270077164
0.841863558042565 0.80995313967153
0.285010973690014 -0.69229745301688
1.19664632507549 0.00606020682369216
0.415053175993501 -0.548016034559077
0.325325174364812 0.511474964849918
0.727016087517381 0.323453941401699
0.11019830087587 0.128535702285314
0.642656055977919 0.377755536258005
0.651624607513758 -0.362258116498796
0.721368668511374 -0.176850224203173
0.197559912830689 -0.0375929732042427
0.640802285384558 -0.212481520058636
0.478888048148629 -0.138999539532766
0.569468435051253 -0.0735676964979542
0.417736140910508 0.00160468159988346
0.369723896378088 0.242785238033473
0.520221424051519 0.232714486796511
0.838965651894776 0.0217234145645607
0.482279900972728 0.0157235065458361
0.392947027508127 0.112302327575891
0.203770389325171 -0.151986440342642
0.624129449643919 0.0719695119034873
0.119323326248665 -0.2599436802351
0.0935697341088263 -0.193892175490413
0.0888715379129988 0.35862280098381
-0.199819373284804 -0.0417927140105067
0.735245529958828 0.0444584382550167
0.618593896548825 0.0368857813191837
0.545762358678931 -0.392851308336348
0.770333685375823 -0.0208177868681287
0.464712033679417 0.188672751472321
0.581675829922516 0.0841705079397143
0.416093098373815 -0.131777507295735
0.731532833436792 0.0282851949072099
0.514866212524243 0.213785149686912
0.383716573832346 0.138457722781558
0.582530517347411 -0.114113197268574
0.641445596063242 0.0676689007219773
0.478280917213013 -0.172616286120355
0.458445706049167 -0.188062565895482
0.611819002443482 -0.102345651527976
0.347415009009596 -0.245605570229235
0.424726330578916 -0.0382690630798044
0.227283710017371 0.283184428019396
0.368265812233546 0.499340420954618
-0.375131523376346 -0.004738979495398
0.527823171451392 -0.442447687547477
0.310463213451936 0.569924330825537
0.755224813951838 0.252821903292229
0.692626342127155 -0.234004325010691
0.536041917133936 -0.163955111217616
0.835803144968147 -0.250335619235352
0.34071357464511 -0.0277945238824047
1.0270055718652 0.172801803738128
0.588964475045421 -0.297910230973325
0.634714574489744 -0.453457819607404
0.57934948027872 0.457523295115536
0.232127733894715 0.60474745359719
0.938415763634976 -0.0283552934463097
0.574600336188059 0.380595654749054
0.623615237424369 0.228773824970953
1.00744642677179 0.093312604828044
0.871446285970047 0.0181367763532089
0.42779875003432 -0.224509639759858
0.61931684029529 0.369516929177537
0.699290436204008 -0.303516365627601
0.736781954057834 0.18810267247289
0.783405663543462 0.318000783456886
0.34690411815275 -0.323060598928235
0.580544168515486 0.431216475130607
0.752170460342794 -0.23259523012518
1.02685056434938 -0.0539097399471053
1.05890510128169 0.148307650841881
0.463029776662309 0.308718646092267
0.969963526914759 -0.158926410643676
0.705021190528023 0.0971524184754655
1.0261331457194 -0.359011569546086
1.00201884628876 0.132217542615585
0.690771963390032 0.19465857953805
0.577962118967621 -0.0467524442636581
0.689246637294012 0.0365786626899339
0.690377831437591 0.0437564977308104
0.813038065061028 0.0685602130685887
0.94939061762609 0.0781042427120971
0.806266470783149 0.017749698122821
0.898565998621471 0.0288487141110145
0.868394866378893 -0.0415365778520324
0.928703639397964 0.0630467733581
1.01079198951169 0.121381592805561
1.00258801683362 -0.0823301642784166
1.0545894478834 -0.0557013231925127
1.18462853657923 0.20155789258413
1.07247600802132 -0.240645478009354
1.57829837514467 0.0667087209999879
1.65403690266788 0.0533373997037219
0.738387479527018 -0.1893011315219
1.0071698656499 0.552620310920431
1.11464383934037 -0.541158698777451
1.67298817403443 0.0617696920320334
0.40786744595302 -0.467784171664764
1.17469870662487 -0.737542067918424
0.885885355633916 -0.658059583919153
1.47600487360848 0.206428784014836
0.822134192381864 -0.793715144438283
1.23205829717699 0.0387526564241242
-0.1006906200988 1.00108475562076
1.30175668509526 0.115289048945485
1.181157344957 0.00674217229940559
0.600484904692035 -1.14238277091659
0.483549660266483 -1.13800778887391
0.448300298670104 -1.18605986868076
0.379554592202478 -1.14811842588043
1.00971565376823 0.00863072769800145
-0.871300716898054 -1.16768654431522
-1.7247545812946 0.0300580148506524
-1.803727615514 0.0107575649403133
0.531591277547217 0.0177309289539491
-1.20749483371392 -1.22206136114359
-0.418927765188741 1.15280869044773
-0.40721669727567 1.14914689628304
-1.62246824003073 -0.504069275188924
-0.490465043359404 -1.06333779000718
-1.39437356989451 -1.09115778542549
-1.49558354328984 0.874728933385292
-1.44718713690171 1.00869426596154
-0.770486396891864 -0.871923089605521
-0.768961589073516 -0.868970713573718
-0.917161117251617 0.294550716013654
-0.688272695751684 -0.824731310645673
-0.140450086063372 0.0203230043828742
-0.131269126056477 0.170671846495296
-0.50776731948936 0.935706149836671
-0.483564351403303 0.830318994671021
-1.03096380250481 0.932053156905488
0.292365184531096 0.168408432435622
-1.01630585453271 -0.741605510761464
-0.53269834928533 -0.505900437551332
-0.861814365060455 0.725002541429741
-0.980996342229604 0.331843392963463
-0.606907520801625 -0.359432909627648
-0.627353365114646 -0.358915030016947
-0.300017915579871 0.620171891071289
-0.339804382253846 -0.0193347220688887
-0.34319451634536 0.455376064645188
-0.424319989106141 0.471254583354308
-0.517024068908132 -0.12982072466132
-0.495480205790708 -0.311199784056382
-0.541648407498809 -0.0515831200552269
-0.713821164975066 -0.176947162534106
-0.591193454189304 0.311248622535905
-0.716399766877915 0.193806499835245
-0.496508449954662 -0.0551562950544695
-1.06445186537687 0.0481735880758688
-0.676679237312843 0.393710460029814
-0.656678455410718 0.408383429515641
-0.45813980428536 0.0841528305793935
-0.282460558130825 -0.0140644279851077
-1.14379245576073 -0.164851961340229
-0.599799194453376 0.035350234297284
-0.886740663255904 0.160268712373617
-0.933386076427267 -0.458738292901815
-1.21712164198744 -0.168914362370432
-0.614319138294916 0.0658399164997617
-1.47440918367696 0.0589255426871059
-1.17463117590375 -0.0729531563991913
-0.996200275240362 -0.175920899306146
-0.350652558381117 0.0223736824519267
-0.332628704056071 0.0416084013531189
-1.02531151783314 0.397095792354638
-0.660443769802446 0.0892279976674596
-0.226837476609281 -0.0550840348808067
-0.70050873893246 0.234686392516954
-0.583715136510309 -0.487118651504881
-0.288225656505812 0.0180828011564455
-0.785704587269283 0.116613413021238
-0.300969955856874 -0.176378505265409
-0.946579721030132 0.233183773867534
-0.962309702991755 0.189594846746836
-0.0824132602289015 -0.00774618117588765
-1.29633514383634 -0.328949919047429
-0.906873835513102 0.165267080969041
-0.391124780990154 -0.120894339547523
-1.08907656896348 0.525747265524293
-0.0724286684360622 0.00216061258819849
-0.224214515349569 -0.0137177025570486
-1.1986361112331 -0.0240791013008921
-0.0824826550733201 -0.0807811852448441
-0.845943476725916 0.193823897748667
-0.707433768624291 0.573231796254152
-0.200329533189529 -5.82059070284267e-05
-0.737600060979605 -0.72063704201862
-1.35283189610356 0.565270976450053
-0.902609150338221 0.154063271489817
-1.33028708643795 -0.239452459346693
-0.971679765181839 0.257246295834393
-0.568940056879124 0.181345731827396
-0.202154851568749 -0.00104339962636831
-0.798096282542162 -0.623517408638298
-0.849514561470002 0.368810072867944
-1.39994698276657 0.009547723952585
-0.398021420289135 0.000883244400113469
-0.687189393432889 0.484707714526452
-0.712978042348703 0.626866870068715
-1.1067752339524 -0.297347271840662
-0.791579630555697 0.39932657427127
-0.785162914778929 0.545652845003344
-1.27434627839306 -0.461606773430458
-0.680005580192548 0.70744671966061
-1.53820895097937 -0.0112419188275644
-0.531258931393615 0.636170789188312
-0.392795096420175 -0.777019510455436
-0.988474176223193 -0.28843433054199
-0.00850864268773157 0.0436833437644457
-0.82102263470364 -0.409721587765552
-0.87066522712278 0.425365572096692
-0.824795944592851 0.687013897890661
0.148868674316494 0.0737091721515505
-0.812570283368608 0.337734042976777
-0.650781344107044 0.308970558505216
-0.689401089679169 0.672093543673336
-0.239403616276539 0.547130913789734
-0.425827563997311 -0.424868086120496
-0.766105038971804 -0.197949268016466
-0.91736866498725 -0.0265006683643887
-0.491021241187936 0.057901449574873
-0.452867796441391 -0.216026506565535
-0.282398438566073 0.150063081706608
-0.470750899030779 -0.175116120719314
-0.115863265038212 0.00631837421736633
-0.468511382036413 0.149291332817105
-0.353140557397284 -0.377368613317972
0.0432433210889534 0.0209739845605646
-0.337086412744666 0.371803057109619
-0.993278501747058 2.63456922829286e-05
-0.335534069896903 0.278914622956688
-0.60589561750144 -0.508288865387257
-0.196912801399684 -0.430767148517827
-0.485698975715527 0.560228657505811
0.101832247116821 -0.223077927624178
0.354398245602876 -0.0196653786389912
-0.120614879835845 -0.472821054479894
0.206311107859571 0.260816786240011
-0.503797027531272 0.0583095849281927
-0.114173964162996 0.476255671904388
0.326191968965608 -0.406915555711641
-0.222673491277155 0.0880831503712731
0.261661625737734 0.390783056899252
-0.237602889816387 0.0967000318161082
0.0702172713668007 0.595970256427082
0.484258645140705 0.277404070008016
0.262912276585919 -0.397561139331227
0.243717783627321 0.0108145224177178
0.0338586304396316 -0.343430950640304
-0.0609275327347589 -0.448914361114482
-0.590045890538969 -0.314752198392147
0.093266039682452 0.496221851016889
-0.190188865139987 0.183985075994992
-0.432347825699772 0.480983706588054
0.212029985282453 0.0330812555846089
-0.41014745718924 -0.226609616666339
-0.177601029534777 0.219911801578715
-0.227098363525254 0.202937156046634
-0.0737073873249151 -0.383704818854526
-0.33911777069905 -0.151727051598048
0.128591489083384 0.427619555261269
0.0879432441579363 0.275936224981312
-0.0201249740348629 -0.358786424975507
0.290300048304564 0.275277794107585
-0.15715244118256 -0.219646625697083
-0.22255488327299 0.0660985386635344
-0.326937202709633 -0.181056611049911
-0.132111289393369 0.246150945992922
-0.208339607702134 -0.308032150805058
-0.0186225746672756 -0.0832531358018674
-0.013968024830287 0.0456063364583386
-0.176762566149644 -0.143826347448787
-0.143001453700074 0.0698587678010058
0.093776731098546 0.228863557394776
0.188070460132657 -0.251364953479451
0.0471981020856311 0.204908335732629
0.269428116599574 0.282130674127998
0.336212400669916 0.0200847518823093
-0.061543173540708 0.165715651062874
0.0234796891553381 -0.188330505117058
0.208263917843327 -0.226992522271473
0.40356158486263 -0.0110909013732366
0.32564178643593 0.00974406504029495
0.380405270607881 0.0690174354948537
-0.0577210198302247 -0.196122536200634
-0.0638879549959183 -0.104789708932076
-0.0671381629940698 0.218543021065693
-0.181531403489098 -0.0624522923804078
0.347698370339928 0.0524817868453683
0.145500408884929 0.0607400388884088
0.106253331041958 0.11076302544964
-0.0116439521729053 -0.235397775824947
-0.0942558611989716 -0.0614435084565173
-0.027362415685226 0.208736522125348
-0.167080587782867 -0.196877410157157
0.300220637449271 -0.00923689570521752
0.272429700753329 0.0198497590445557
-0.479900721923293 0.245456458243753
-0.0689931726575577 0.288621555800415
-0.068636378019225 -0.228199872634556
0.508156028285126 -0.0190685529806984
-0.343943048662506 0.201651671286155
0.334576198697585 -0.187357546294922
-0.063657690013383 0.502599833383557
0.26556180884817 0.531420543409397
0.00795876428652649 -0.398754513022191
-0.36724130448303 0.0204408139513706
0.238378333669264 0.272738517688614
0.268436065681231 0.435837990290726
-0.189590305752557 -0.00442992973491389
0.500041854323941 -0.281660911282729
-0.106841151475932 0.110309173298317
0.21791729297909 0.0720050420220877
0.102241960949462 -0.0606302892871157
0.209187205482946 -0.262120787659637
0.0713333378636611 0.114848653944761
0.248801453570476 0.0407379545021619
-0.0235875391797354 0.0182223693922279
0.45193861685569 0.0459957144052933
0.100267212494635 0.00426294210220805
0.0935602429211687 -0.00873389203783678
0.122269212895853 0.114210378531403
0.0394061313520786 0.0814250140683135
0.105874429171687 -0.0592760209488556
-0.0246023283373726 -0.0305920833143745
0.00294189478738453 0.077118445786711
0.193327242456169 0.118061832077517
0.0797921120780968 -0.0937302035854791
0.09999404587961 -0.215498981969255
0.406832803099318 0.051818924833418
-0.0894806126757562 0.146756760436409
0.726518812331267 0.0318274420829262
0.395397408854582 -0.369802944074171
0.0624072059463333 -0.274409666448522
0.133480915215094 -0.0845309523673833
0.268809754775644 -0.0863584839065364
0.264191784187769 -0.0719568932011414
0.242687345466006 0.0215233956313884
0.387328445097912 -0.103412469259161
0.140028996591304 0.0633307578352803
0.261532583736731 0.309223151000801
0.430003763518217 0.253197428444
0.390535972011612 0.209104615847413
0.217741721062374 0.0186267598266421
0.952674949541473 0.0108145976509599
0.247325281144216 0.0132711656790113
0.405838124824503 -0.0209206244028701
0.570975732319138 0.138601394722196
0.356359639791898 0.0304805611737783
0.502355071336019 0.142792889082192
0.556900091755478 0.0509103573424715
0.485707853104581 -0.0747820453945297
0.539463109678288 -0.0733364127454348
0.441949113095389 -0.00566787257534768
0.757688749407432 0.0316136183253475
0.590917912321717 0.00256292093119379
0.635627859620307 -0.091574083040644
0.444789094352427 0.0600312102571446
0.548013834219341 -0.00189811529796262
0.834038859123885 0.173456068270165
0.338255091870947 0.0395417214399791
0.737268598791281 -0.0815905121782349
0.606464625482642 0.441437411027526
0.937150137810965 0.255971867068149
0.195715073620025 -0.0155121775831888
0.997468283968156 0.00192506695281958
0.727226426861083 0.172482632612051
0.67459544721308 0.205856838699664
0.434890773148968 0.0685335101539651
0.135446037804786 0.0647864612703028
0.6440007937072 -0.216057846849807
0.335171428614485 -0.0680586366539106
0.236220701516218 -0.109758617157749
0.377874858882207 -0.0983129741308922
0.331104488183411 0.143029287394745
0.304334617233532 -0.0715178623392174
0.288485617268004 -0.0549010693741835
0.188120921254735 -0.126970468446706
0.248117905782069 -0.0583198136994463
0.230021547139317 0.0488283569288052
0.224621491320699 0.00464926234830951
0.224525557455518 0.175436107324275
0.462427287021117 0.0456030547348453
0.298457871084133 -0.134005540435009
0.584895742681658 -0.055774597692693
0.177124838024213 0.0102022958599322
-0.0731347606918411 -0.010694949332092
0.870076369170254 -0.000663236256608427
0.104358286820579 -0.276339599722264
0.220495958268205 -0.278755230733803
0.411566762912579 -0.191169664622101
0.193449116922335 0.134082529555908
0.402596108368858 0.320210513093574
0.645796128390663 -0.288509866254731
0.47809481318926 -0.168714359197686
0.762182547389915 0.3433350843202
0.249425403641338 -0.320023575946823
-0.0608003629833097 0.0587561240232125
0.00389913875536894 -0.0252974962234271
0.234540097402498 0.41109170737964
0.124157243999459 -0.358841494191607
0.871732962537673 0.0243856396815138
-0.298849723623001 0.0147713544553154
0.243978740394086 -0.591836891176202
0.239480182231215 -0.497474906358941
0.373896366255518 0.531190461146444
0.0055688734845923 -0.572590996315242
-0.0300577126009462 -0.616260753907039
0.289494129776989 0.533951856282259
-0.147908321629492 -0.545920323168045
0.918409937985567 0.017777618819639
0.077943331479155 -0.642320488614436
-0.0765793176779006 0.504465466191935
0.0566109832564293 0.644041543535584
-0.439621013576567 0.495137192717238
0.131428543729435 0.517277677127254
0.0519333974795738 -0.573098722135288
0.555382027094336 0.102453091393303
0.19588308238049 0.620422030327908
0.034138473371974 -0.417331880210401
-0.269736010710906 -0.35037015459607
0.395013735669003 0.181282987051183
0.434445944608906 0.161169581661639
0.0213668940215791 -0.230135248496633
-0.0379696984980156 0.315502996266383
0.265762346692684 0.0642264210545647
-0.303813671029909 -0.109825882139471
-0.245611080879343 0.162974725729803
0.299776124485115 0.193828114726208
-0.161231409668595 0.0700661267922455
0.256546243221101 0.506182775410425
0.385752572221867 0.200556659214856
0.351098704639076 -0.334707630100685
0.786780899520857 0.0202296943134907
-0.452981925408766 -0.0908939342240361
-0.257948983630575 0.0224760065897035
-0.103701149485293 0.617259244327936
-0.507996748889474 0.185403682351344
-0.409011291596234 -0.495833942936265
-0.450965755257929 -0.358439938183619
-0.0456066791286843 0.599415642491453
-0.996400960222053 0.0165878585246198
-0.493179033990912 -0.388021385203206
-0.0524097999203487 -0.752938538527024
0.114603284706022 0.0805317667870996
-0.334445023832721 -0.58110356416682
-0.746342482627608 0.741931587755462
0.22663410399373 0.0641425098755539
-0.930302493908735 -0.33679072899872
0.18314055942354 0.0411822844376034
-0.343588844464375 -0.508406115292185
-0.737186016051365 -0.355055997584367
-0.594540694344244 -0.0870826075487608
-0.0907105556603753 -0.00450191858861157
-0.299449172895885 0.409762072771635
0.0502048533570761 -0.196779869018544
-0.278133452335029 -0.0964416523458617
-0.642397937388944 -0.109448739714056
0.0409987907764117 0.094856203053432
-0.26062545267383 0.314823979392676
-0.194984102778874 0.403457408538448
-0.576920521638884 -0.0121869708207172
-0.140000179574538 0.290726666431855
-0.267118957932707 0.458816509434106
-0.297772272207207 -0.429068126048819
0.269165958683722 -0.424869528894109
-0.447065132459813 -0.0412654031893363
-0.390321111229891 -0.471137230280241
-0.224320181577089 0.265546964639986
-0.407429309538706 0.0113515247743756
-0.367230328208919 0.0137334754999487
0.134571252330823 0.117830696084874
0.0512345065750187 -0.206827856027416
-0.136674818856213 0.255364472440522
-0.231149118868042 -0.212077584961008
-0.467587682557885 -0.355935098102599
-0.108254889597719 0.452160408120967
0.230095959877759 -0.0582204292127399
-0.172015963088911 0.367458946110317
-0.546504678170935 -0.318348714162646
-0.495132574150925 0.561050156313588
-0.0591563074686744 -0.647729116152039
-0.61271059132108 -0.228670492840867
-0.670479834340896 -0.579116342030128
0.1840145370043 0.232050118295788
-0.449257092528293 0.119959887061135
-0.031032373706462 -0.652655373468503
0.190501122291331 0.798436391569267
-0.511441825559632 -0.732864696643191
0.371895494672523 0.776421113523342
0.372986638200229 -0.280527276411041
0.253257249073422 -0.300067664080108
-0.0935063168432632 0.781429538749849
-0.469530942476154 0.164289097370059
0.582681079254568 0.762427295672331
-0.18954295747676 0.714638702152101
0.619705297396343 0.396175445773683
0.12427954527268 -0.560568809478288
0.18114669492569 -0.693908106783643
-0.117749475522406 0.740632747756725
0.166230949409202 -0.586284378586912
0.851830176700211 0.0774082133798318
0.814057070587079 -0.0319901137380996
-0.0809367262590517 -0.455805696399681
0.249422172890229 0.708788753899567
0.306467589098968 -0.609302119349014
1.03645790189353 0.0435506472539551
-0.278485147649962 -0.169071444927877
0.510564083801397 -0.488810540534127
0.28829549284414 -0.320472512233941
0.478144849152536 0.358748417224825
0.200292604769645 -0.434111186772084
-0.257973406747544 0.0355280846226844
0.21248785304366 0.307968960800655
0.283461327312778 0.394160880130735
-0.292500059681092 0.0320662187146324
0.317880887295664 -0.160599985199332
-0.145685919110117 0.260702135196419
0.0567320027530594 0.268282407470958
0.0154735167102659 0.278441022247506
-0.137271003785495 -0.16224009274069
-0.0377553127787348 0.260713952375249
0.0649920739557717 -0.0120080492355199
0.0662283787491404 0.0416419095428106
0.0997182429325905 0.0134109179448509
-0.233415722719056 0.0789661504379061
-0.117999952352519 -0.223815647548498
-0.104879739648001 0.298410175844625
-0.0253926114009221 0.00550536326423999
-0.223666100089739 0.0229838419300461
-0.372954300360463 0.0571049074636176
-0.305123972346022 0.281639492815259
-0.368711532320869 0.0537109885000752
-0.23291284868715 -0.169972364652793
-0.303574868388148 -0.130666764278613
-0.256298383269119 0.0883844816058455
-0.196138246788797 -0.312096152712036
-0.0635698158148815 -0.0563314989193461
-0.163978015394752 0.0803868226600598
-0.406361879111854 0.154411539736676
-0.358441206705492 -0.0202388188022072
-0.298583409863325 0.111912235253455
-0.107097454059531 0.0113724519246161
-0.178896383384616 -0.00443539860924783
-0.0463655353878835 -0.0360903515085948
-0.0442902548485556 0.026342895533776
-0.0667497322777772 0.146876397572998
0.0807186526623213 0.0809665490112558
0.0272024283850503 0.126722351582156
0.0990475585492584 0.123436766016612
0.0263892304926562 0.0041436427196004
-0.00312238583765512 0.131892857904193
-0.0146204959465289 0.0962231244955141
-0.17236671192506 -0.0378729467748247
-0.276740883052529 -0.0623721204389183
-0.268107787133098 0.11559250717808
-0.393238243264019 -0.00916973289186872
-0.130377335185267 0.19704180614595
0.0495363533630775 0.231134494073385
0.0272026842080532 0.251756125425226
-0.42858110988964 -0.000778881950742998
0.0166850168175964 0.150512841998962
-0.10871390845046 0.134723740733758
0.127434900947006 0.0123364495716523
0.18141068965159 0.0223298208481619
-0.22287968983265 -0.137756629954142
0.326740069149268 -0.0141775048387562
-0.158267849620321 0.1912303717859
0.063914151145965 -0.214471322723785
-0.00893329502582955 -0.0978305561254149
0.0306635221270562 0.138235126023548
0.0132603416774878 -0.00297025114309404
-0.0995961373038299 0.0166272308427347
-0.103011439357073 -0.0158842356903674
-0.121896311772901 -0.0156216314987084
-0.232644479313584 0.0192792630920434
-0.139364685136498 -0.088932487804764
-0.124409530022878 -0.069442846672502
-0.311090713691104 0.0750621897757535
-0.171172577914459 -0.291544721268291
