-0.333437049870878 0.342246340932193
-0.415029351504349 0.388977649709249
-0.315299953516293 0.256093154598993
-0.331444552565214 0.170066341595969
-0.273184994918895 0.259875706552655
-0.238957478231176 0.156671046538509
-0.258085981822678 0.13862641001155
-0.110076328306474 0.283701638210518
-0.249569984094312 0.34216902787233
-0.352451477879162 0.221792650689937
-0.208657394916073 0.340747729705015
-0.286861834145339 9.11319341017798e-05
-0.220260873537501 0.35310753815844
-0.357813519685564 0.25346043938241
-0.166405504825407 0.124466297430704
-0.133930498107941 0.449486507951599
-0.253786667761247 -0.0747954011426621
-0.370980199821225 -0.0917362080261605
0.276751587777564 -0.0302209672984774
-0.10341155454549 0.08986891346631
0.0323375041359703 -0.270658817754861
0.425539339020338 0.119065339582134
0.07235115698199 0.179999917083503
0.0338355024789528 -0.480655756569615
0.386035005849636 -0.415710520303588
-0.1349787313581 -0.404126896799496
0.250471767280591 -0.0163187785513969
0.235433168369469 0.0235000403295642
-0.194791317101936 -0.388178133885608
-0.193490155229681 0.111569687074288
0.15856703217129 0.283501414327946
0.582104665080686 0.0664762153027766
0.092918310979089 0.302302393359032
-0.22262445656062 0.27027490074472
0.5943761919375 0.0837372870596025
-0.444377414304221 -0.217866705474491
0.419322524753664 0.132032336271584
-0.25377028349303 -0.286747485907858
-0.16617339851529 0.402677576724945
0.0401183295272845 -0.0617369027774167
-0.275582040464781 0.0640264537085112
-0.53851979722941 0.0713952311814536
0.254428606943237 -0.301295597456686
0.0224705632296848 -0.195745964287347
-0.632627119635103 0.541448946453382
0.144705088464356 -0.0919464367132799
-0.414541011421751 0.0668381411999795
-0.256460415116001 0.611957423606101
-0.641874913657959 0.530758848501977
-0.363168007401179 -0.119681286714683
-0.621338365965683 0.06874786662955
-0.214429707967569 0.476788911591401
-0.354099437021893 -0.488484305491124
0.496284934595644 -0.158132397708478
-0.261642748670837 -0.516019403248642
-0.0808270032738668 0.358271071888878
0.501514984677941 -0.310914309766508
-0.344548172667655 0.304416854987165
0.492923059465385 -0.297164742336562
-0.519018418230961 -0.466235895311748
0.681341838195815 0.240682058312861
-0.440934453759369 0.409611783670298
0.366989438710514 -0.114843309161221
-0.39558201799274 -0.352280122078387
0.254892853927707 -0.531346884242288
-0.337762000205744 -0.546352936801916
0.165500065912312 -0.561721213029364
0.000499992178490673 0.458169929110943
-0.370678327617616 0.483902620668881
-0.0440510157978069 0.304229888233294
0.659398111162969 -0.0944121132230336
-0.431393308204751 -0.374891940187406
0.0268712381001853 0.348005684724723
0.5668721209835 0.301197356120153
0.225634792339629 -0.545013541597045
-0.0218922537076074 0.570767215453024
-0.029493549111255 0.573157550215799
-0.0730672871873673 0.561024524966308
0.417880572218122 0.21280886063482
-0.530084340445161 -0.285038470070448
-0.286095439436251 -0.442245562351697
0.53816902698658 -0.0498676982451774
0.471754336759995 -0.0212612213055886
0.0439957381429426 0.371366182786274
0.539317492910127 -0.574090030241574
0.0607173470699258 -0.545478568216125
0.252257676269145 0.242257996993807
-0.188463312220639 0.0879327873489037
-0.020160289029857 0.027537243031083
0.115543346668851 0.262690357704117
-0.281984492822961 -0.395823980599011
0.535289399925173 0.189108514915527
0.0891618744371523 -0.688215311957045
0.668658656861814 0.110597344236521
0.523898024579134 0.170459457068233
-0.104637557717266 0.166203547337792
0.390714368304255 -0.436519427069983
-0.213152431735639 -0.493909812571368
-0.389192987381891 -0.243915849452761
0.093059642014942 -0.303803295454062
-0.376189228055439 -0.216747100911592
-0.350135314299763 -0.196447223486596
-0.0230209999512675 0.477534086040328
-0.533502956606207 -0.263825746253744
-0.182017925015089 -0.134852464374505
-0.441615883430319 -0.297773448695381
-0.190989396065407 -0.391846856117835
-0.199537308692693 -0.0921435394110514
0.379046718054391 -0.278534638744106
-0.155374917727491 0.212267616292515
-0.192355066153979 -0.456130883648416
-0.129203664057316 0.0163146889993903
0.176574890617298 0.228018506011883
0.282469922952249 -0.687859238051848
-0.281631883651464 -0.422554795935356
-0.274953841864915 -0.383760657390059
0.233581044777693 -0.639217305575404
0.217108049911121 -0.747898715159001
-0.139723595312768 0.169535069102817
0.0944666219656665 -0.545083644563133
0.12169644261994 0.299423213365662
0.420226547890081 -0.0437015837891214
0.565764338976424 -0.11774842096395
0.268144027190779 -0.543190057222003
-0.119026278616796 0.00932477899927758
-0.201046097862232 -0.36091726470059
0.024527663511097 -0.382417618042782
0.31669157998067 -0.0443283332472191
-0.0661443048917298 0.0319522483181024
-0.12804340913562 0.00101112909941227
-0.0682394887206114 0.080508536789746
0.161213723498167 -0.244776355191332
-0.0237243621254093 -0.169191932484948
-0.0473365991369412 0.155227395558553
-0.051322967114382 -0.0510684578839843
0.0727977655390917 0.097174945616077
-0.130386358580059 0.138970374456498
-0.134334828641105 0.0444923669853129
0.252490628558789 0.105125828891845
0.0819478369436654 0.122117081488969
0.035647037678569 0.200376042037409
-0.199725951117235 0.185713315624054
0.260867606847137 0.085836271537102
-0.203271135558777 0.159673340289408
-0.144978205703738 -0.206531599296654
0.399922011041589 -0.00912095148001386
-0.0278597945571187 0.323172339189081
-0.254611665754036 0.295959766715618
-0.342385187851007 0.274204960805834
-0.253801602149603 -0.213575414735642
-0.359613401615842 -0.286891186478596
-0.268394383476117 0.279486014723793
-0.308720919783052 0.2331023890618
-0.295836371995153 0.256368483337851
-0.32771919142307 -0.272735393475919
-0.215047275710272 -0.257049793255971
0.395793551961268 0.151379677051964
0.129458095167054 0.283908284540616
-0.0965633464797042 -0.349215555466129
-0.19245341592743 -0.39708056538125
0.202360719523164 0.300920930581402
0.455303816983927 0.00630851329635976
-0.356488928095704 0.295288696079593
-0.151297478956818 -0.270346087454505
-0.403643950448259 0.323324676366083
-0.0180445350829646 -0.470141105294715
-0.4060406002167 0.232749834853936
0.073310810139211 0.366087901222008
-0.317607331548351 0.257714432370257
-0.336437659893193 -0.161058166615886
0.21103286010708 0.127740011501695
0.331841533388015 0.104124680360046
0.0270036584542244 -0.162519353555744
-0.153972341396392 0.212969869381894
0.0175058156381088 0.159207784363111
0.20754859684375 -0.0902797874789745
-0.16704102185469 -0.182306513736809
0.182770932532046 -0.143316238958326
-0.0455018220421996 0.179320609015684
0.302743158026093 0.176419986233728
0.000662600530003964 0.277852554477347
-0.0308348980473831 -0.301202242866318
0.124101431038608 -0.471876911142883
0.0945469167747909 0.23623101001645
-0.135819955121343 0.0365907311158442
0.405851053615688 -0.0418515421548258
-0.189289524025597 0.117634955793684
-0.164472323763539 0.15489482811225
-0.257211861951067 0.220570944623045
0.0651023992393624 0.305899438512492
0.425916963351957 0.161846765908797
-0.150166228714472 -0.414008492201398
-0.174760699214532 -0.464488614443306
-0.420836163190853 -0.34235121421512
0.475710725562281 -0.512064243727433
0.538842479624307 0.251054827584
-0.291762538657001 0.307343884553614
-0.473548413715382 -0.335782144765375
-0.30805427110891 0.253950435473232
0.532196366762917 -0.507100335250095
0.605388077660943 0.0152841138217057
-0.254264439848631 0.186123648756569
-0.0471268132985429 -0.393367442921734
-0.182627538591929 0.128958000071664
-0.117562273353794 0.0650238012812125
0.11987790332953 0.161196689739527
0.127532948612117 0.0382501720501819
0.395517350219395 -0.0886326925625554
0.370565880986102 -0.0270876286975424
-0.0726602672167646 -0.265735298473543
0.146573255897044 -0.187823018846557
0.254103990815178 0.00127171300092994
-0.138457905812474 -0.0817642714603761
0.218629916249478 -0.0445083525893246
0.00995132958132415 -0.0839060675111183
-0.0102703275026524 -0.0166659581749337
0.135617035092618 -0.0707405428313109
0.062676126751096 -0.0781154268339737
0.121769214341323 -0.150653685137575
0.102910107859064 -0.0541741958513572
0.0556483683209236 0.00918872574423796
-0.00833300677700304 -0.125357521802846
-0.00694728339900865 -0.127067779879579
0.0981497045957209 -0.281267679029391
0.270137400667128 -0.234430397988442
0.332430516352666 0.0138763303084461
0.0999501261146736 0.0711023226334623
-0.124480313746192 -0.282591320494569
0.369805223284907 -0.413953807929973
0.233658760801663 -0.495473155749078
0.0741645512788708 -0.428491043015424
-0.0307801418065876 -0.340154717624335
0.37620080267015 -0.372750567645744
0.311207406570781 -0.346399947429569
0.128086295471572 -0.313538021895638
0.175325296202182 -0.324539722921028
0.247925612983872 -0.219236097246698
0.0984794680419313 -0.155578499628295
0.184226219310028 -0.108712499431191
0.0814198502944781 -0.0689656967096414
0.185415635612152 -0.136284445492285
0.0386581229091817 -0.042361918117528
0.105596420791151 -0.150898771871534
0.144000058252071 -0.236232159563302
0.138566672366338 -0.132228878356499
0.123392455776209 -0.17665407012064
0.141016005301279 -0.184384015750914
0.171353690175574 -0.133119323049991
0.153580548889501 -0.0899097546666544
0.197018900338447 -0.124644226102886
0.234383956777921 -0.169204559989966
0.175154417278296 -0.0615049895059601
0.253596483030754 -0.147879384669106
0.0312153879588276 -0.298051351817494
0.266643962104184 -0.136365409439788
0.230198460322232 -0.0802563935475517
0.456484503267635 -0.226938054605852
0.442290655126187 -0.255244545116625
0.373512676339762 -0.2046388409394
0.467686466793456 -0.46822288268269
0.141842236099669 -0.430033695828959
0.213396546205495 -0.252063112906763
0.171905932316066 -0.164285284904537
0.17391884115783 -0.241628512134442
0.189835956788992 -0.296989061106207
0.211215729401024 -0.263451739991766
0.204748904449661 -0.262375821432449
0.165064356959386 -0.198896689589874
0.177158459290044 -0.226178132559232
0.141141302040125 -0.2928558336375
0.124902075420998 -0.211218842262633
0.294531375133889 -0.093329933168654
0.125551116709954 0.0239949764146944
0.262778510680809 -0.302957932649473
0.0389374518016849 -0.134667769499349
-0.0456183361618357 -0.187599267884542
0.163609024793597 -0.21820586245259
0.247289379444529 -0.128453054244134
0.182131650221455 -0.318753776063284
0.203365185086111 -0.175360333172321
0.222181392158545 -0.273595470001716
0.246053896780423 -0.196315324094456
0.251883077333785 -0.311392092598767
0.268547740887706 -0.318605251138477
0.194214993391772 -0.35009220411034
0.228331379694076 -0.362788163432887
0.158745575406617 -0.399328710898805
0.207715911266634 -0.429590610934919
0.114898592738084 -0.391600501316423
0.188000907340255 0.0265669259512347
0.243539766429624 -0.507148014773167
0.117640917797164 -0.43872001103234
0.089524740808456 -0.231751285701426
0.129222887843459 0.0538237195129522
0.321986644580297 -0.372210954782987
0.320892576765745 -0.00572640453628456
0.163102307794235 -0.307158812252398
0.187595214130471 -0.0566235840844599
0.0841437166049145 -0.362636139159235
0.0731022620623667 -0.142144065964986
0.133636454651127 -0.184714583392419
0.0614386784149671 -0.0642821234307002
0.103187641714744 -0.118130772573284
0.0500909022838603 -0.075212988093137
0.0433585343205855 -0.081398164555766
0.0130064587973309 -0.128890003315558
0.0607689486604654 -0.16867860744111
0.168978944615054 -0.052852293132703
-0.0275271974302735 -0.00273073879186854
0.165528911149393 -0.0351927574567267
0.222688896102122 -0.0843204060363533
0.0121256403011498 -0.261450279932079
0.137213682989574 -0.326684246952018
0.117121567536659 -0.379925464453512
0.13992350106225 0.161139267224173
0.415276597041237 -0.399341395353632
0.17352193979532 0.179008873930448
-0.242993749525348 -0.227109060037778
0.405803295677527 0.0321441229226903
-0.12447051141866 -0.368058887843044
0.00646777284779167 -0.492627495961361
0.00806121150195626 -0.407069414592177
0.110279621519597 0.335099493023558
0.0391276525262275 0.336339642148048
-0.201869215760612 -0.418514807812178
0.517510158195202 -0.531027149409605
-0.219795277429941 -0.461559589614009
-0.00510131989896782 0.383207111101142
0.325861638687768 -0.27773122137444
0.151686347358271 -0.491755549645288
0.603517695592926 0.204923430415602
0.601794900311493 0.263774637029946
-0.279298644001575 -0.0723714357818496
-0.140272579240883 -0.272930621216175
-0.543572229821942 -0.0503977846251749
0.447424369156783 -0.257031785857818
0.810698070137547 0.147070475076069
-0.413060462983437 -0.42221014013197
-0.374932362482731 0.0145735987727049
0.714831529391693 0.236291266622047
0.442435166307309 -0.671365260477092
0.00979274675517944 0.796921358901925
-0.212319947713156 0.565831626923035
-0.450889480692449 0.0463725887525908
0.692296949122195 0.57747647729066
0.0169965544346416 0.923145630310694
0.79789365541584 0.658039901829986
-0.0235425662165448 -0.569354771520689
-0.776523319174355 0.650219043189031
0.00824530221924769 -0.0591729931833497
0.994099845230863 0.307833393454871
0.292345659888403 -0.622383701903413
-0.683922278788876 -0.414946221424855
0.0513134907257455 -0.870066395232831
-0.571371765622298 0.119970292752813
-0.746313301704377 -0.347740062211528
-0.647259805060115 -0.044619021520658
0.684296867188378 -0.267160078024792
-0.691942153173411 -0.133649834440425
-0.153360251896309 1.01432619104253
-1.08726371566956 -0.243915657351923
-0.684364830266372 0.095840041038972
0.835079765539632 0.458865521478499
-0.158025309886265 -0.951423779920527
-0.516698573499861 0.917268884652578
0.0918037493837628 -0.589394205715255
0.108198218668009 0.783824076666296
-0.0413006748527135 0.0647286706500489
-0.669280983930367 0.903075646131325
-0.73937215257159 -0.567993778764388
-0.488668843114474 0.723331416607849
-1.2417241217801 -0.303914039588365
0.258816627614006 -0.734484687390844
0.754739183437168 1.11947023888709
0.659111323035777 -0.712508199430078
1.06947587208917 0.444405207747168
-0.699290336682554 0.943008482705916
-0.0646007432763699 0.770814298876513
0.739669915371726 -0.0455236890096217
0.210002219105196 -1.00354226028373
0.907674016614821 -0.938137458826522
-0.256683942275495 0.223064742114563
-0.81514418298275 -0.872277240954454
1.09120092033523 0.497718081206448
-0.757867332888958 0.424217279774135
-0.521008905657098 -0.7622747245699
-1.02715097120107 -0.635818653870841
0.327979321141902 -1.1317973718286
0.344999793859248 -1.09450965449257
-0.52201917984845 0.950136171874438
1.3031149116555 0.347347743086928
0.417191542382782 0.470393166092505
-1.09219908151816 0.940637690066467
0.344659197059205 -0.940690241823452
-1.08310981215789 0.259803782099143
-0.670333625693764 0.995826606515109
-0.77892358992832 0.22552005264599
0.0267637767312619 -1.32874735359101
-0.874986773198755 -0.487954483884428
-1.30885252056127 -0.486130869307316
1.21051778645028 0.411088250066173
1.11885427121287 0.411221052866656
-0.370887431127972 0.845470197457212
-0.188288444156211 -0.614576899586991
0.260128468123613 0.740220296226014
-1.10023561680099 0.168996145851287
1.12101195429716 0.472055994757387
0.700925989387167 -0.716844924567902
-1.00988576029885 0.949822451394058
-1.34278324887901 -0.358260385536305
-0.173650946763661 1.3000174419508
-0.921747394526837 -0.769509554745032
-1.11572234174108 0.972949428790883
-0.287441244781605 0.202901730319578
0.380969157903837 1.03310602536664
-0.340217824316594 -0.590255587012688
-1.23270963777831 0.326687761449557
-0.168422905651918 1.38114773649545
-1.29213304784776 0.40540396605322
1.22057111224136 0.572494813774131
-0.897467314389025 0.515074617593856
-1.13481969683904 0.986113007627933
-1.29315474131456 -0.370014228920158
0.221536927988713 1.01771407963106
0.250561000877296 -0.891546182609419
-0.479026589648796 -0.561523320726868
-0.951202678504111 -0.313844854730504
-0.253204951240688 0.875509184025838
0.295050207629222 0.940998759590693
-0.119707509302538 -1.15237844783357
-0.882943968486889 0.225950738025982
0.303850215951696 0.946215393307021
0.762759289206949 0.638354859471792
0.219009780191652 0.289824208304411
-1.08220507455004 0.293325654404007
0.75878902954028 0.542881427498811
-0.637204110834278 0.825658833316793
-0.656555302799649 0.844322698141065
-0.690852735727529 0.271177408902525
0.917661054553505 0.908336159206307
-0.857126154692007 -0.503265201904454
-0.636143269520323 0.33103937628611
0.396321547727849 0.588132281693992
1.2794477228602 0.31355998582086
0.287907147599997 0.547506577493662
-0.484034615606461 -0.710118089031058
-0.547968546434045 -0.689230656348659
0.316521443881648 1.01430198023798
0.946089545952986 -0.949766879457022
1.23990689820905 0.369706422000414
0.258161572870446 1.01081314179049
0.862085271651564 0.139933526120217
-1.0475075617188 0.466267698931666
-0.793932361539156 0.43897288978218
-0.744312413473911 0.392531676996468
0.902612903021249 0.946662574292294
0.168355768065241 0.562128421572594
-0.48021743401443 -0.531428974306402
-0.675773320920232 0.767562539069274
-0.50772580547744 -0.446576767923235
0.75574471377688 0.563279041637326
-0.277507713938501 0.693574071311344
0.782559241045014 0.537422580600699
-0.698262591164855 0.763078556552555
-0.84166367705874 -0.33018875401906
-0.0712008296455138 1.03770173384507
-0.845357211481787 -0.297101733972323
-0.838901993320038 -0.364839391121602
-0.23721033848981 0.745680501264749
-0.0676641704263491 1.07812513898719
-0.0695876113151041 -1.15310120888018
-0.833436360560548 -0.471935845333571
-0.0184082779871251 1.12405570851614
0.382694953351738 0.406235632029521
0.905791729620253 0.373946571788395
-0.497072240086778 0.855290905795163
0.803711851400178 -0.161199393837283
-0.582918779710543 0.290366328127793
0.469078293879449 -1.03960797126606
0.0627210038507798 1.07821396774971
-0.475510368920442 -0.634158129261106
0.314149036111239 0.568470367930095
1.00567539303697 -0.0763160137442915
-0.648668271433602 0.348143975709549
-0.564417447237968 0.716088167898052
-0.677348487192642 -0.834684004229479
-0.799825538345528 -0.444424497449717
-0.305526227541531 0.249627484015189
0.786711626234925 -0.813900890709368
0.0851688697174968 -1.11861074433899
0.029595002515633 -1.06818196569456
0.874665474771545 -0.123166208073442
-0.736900471964431 -0.464563652834032
-0.303322578186438 -0.552444791469607
-0.0167425409477834 0.98155099692041
0.831059699848745 0.750676170034985
0.0030443801346639 1.08424079790479
0.798179516322227 -0.877925108979805
-0.879094340013672 0.19974309737572
1.24921157919754 0.328685756910824
-0.560219644265067 -0.885531857125119
-0.528079485515927 -0.877345781025854
-0.165391781703489 0.910737247690624
1.30496226081471 0.268288074098291
1.27373862537015 0.294691419189616
0.00128339547013071 -0.0567520387384132
0.522068401457679 0.803510643749552
0.518139186770153 0.817498413802491
0.890078743293372 0.921543252584662
-0.920333893070274 0.762771646507333
-0.12447271815102 -0.641824476141711
0.487767243005173 -0.842491583973547
1.16224550605202 0.324165944200012
-1.14317507314229 -0.455189582693512
-0.799468487759318 -0.791028862923995
-0.393515722450708 0.811369103333054
-0.589012562211702 0.199209353444256
1.07513194398518 0.371474859264898
0.407072344472536 0.743029946915122
-0.462466495673071 0.745223002861747
0.759355624376137 0.45381061074635
0.288154835976128 0.241532921522153
-0.127526791289015 -1.07977829300476
0.931177215809867 0.491291749644005
-0.862368208817856 -0.311847851503213
0.661034644232957 -0.230852053228302
0.394683047593693 -0.646671066533107
0.651181050161759 1.11392239830316
0.371817284146597 -0.739395682445721
0.751245428911575 1.2739520520944
-0.82225556288651 0.0398775989188565
0.0313123218506155 -1.16765718949685
0.640300455038774 0.810296508314132
-0.0373068796071809 -0.758074601210975
-0.0746715803037399 1.34870972730617
-0.295088762560328 1.00156596504729
-0.599957416541143 -1.03621728713357
-0.702183270625752 0.195163840771715
-1.29728078291122 -0.642196357705384
-0.172470426835245 1.09493075527362
1.12888201512691 -1.18396919260153
