-0.873253710579643 0.419211453651832
-0.987135200162814 0.683271293233103
-0.725881759645237 0.507675494207233
-0.389746400153732 0.423250244958721
-0.360858690289405 -0.689757309464788
-0.656629976119136 0.402525493544011
-0.711222407115089 -0.0456385568606032
-0.178363446358235 -0.411193425779417
-0.900345802242118 -0.138877930542749
-1.02199510187925 -0.253106373514678
-0.382566896330849 -0.468451570879971
-0.471351106798409 0.44646834079971
0.0248456357791029 -0.373107638790451
-0.578638766236524 0.604483193755812
-0.756366523595239 0.0554874038856625
-0.32156501839809 -0.395391841574234
-0.43820380543203 -0.600802278836875
-0.365003244640765 0.474143410705755
-0.657984400665614 -0.0757216621718415
-0.633694317457549 -0.0881645196390525
-0.215633749758914 0.370244765122811
0.18265608800543 -0.468841621649307
0.175855547163062 -0.51108475451213
0.207386236967798 0.378501870307165
0.296930726794295 -0.438483523792331
0.31234647450085 0.3798656197412
-0.060331594789093 0.334325049134456
-0.00977416398019695 0.257216093566403
-0.212406029999939 -0.0415253341235618
-0.0225946359530665 0.181923246513847
0.239730770751211 -0.233139064219922
-0.2158675128224 -0.0241708577718392
0.26075660125865 -0.0624464167194144
-0.217385074931043 -0.125346128445235
-0.141617413547594 0.037922981112569
0.0127932517130881 0.13735486212844
0.088934990964269 0.00223503195476444
0.137993902088881 -0.0852089589321727
0.205285793323683 -0.119996459707898
0.311993227320405 -0.034167546624992
0.14474250990228 0.0330624200774389
0.224271490598171 0.100766925691109
0.0781538006363956 -0.153414806720229
0.374045948784729 0.265125461071522
0.403165353748384 0.208430788547522
0.104700268717103 0.230655730779779
0.206064577936711 0.147096587697576
-0.254086484261804 -0.0611298776050043
0.125002136108747 0.317506750730984
-0.373290212201602 0.000190622286373784
-0.0878927012726528 0.541441473719818
-0.122503893514743 -0.668147272694244
-0.474511792975583 -0.0137998852730939
-0.44100982826316 0.0434343299466151
0.126004917912 0.676269720166737
-0.0260760185154428 -0.657685421021619
-0.177817035034249 -0.0286232818229814
-0.0850516285223006 -0.0206466543305662
0.46764483350144 0.238937842064596
0.348974135146924 0.330686316078936
0.174324867125137 0.252044522000446
-0.0551694159895705 0.416888791384602
-0.0875685220576324 -0.109965826189717
0.0776080177870443 -0.16571269326809
0.260452539037068 0.011187440949076
0.16459999525531 -0.284025135821916
0.157096084642138 -0.344444261159837
0.491545149736395 0.258409831599016
0.554960061023603 -0.243434264584557
0.164011586581322 -0.463016366374384
0.118555461164975 -0.542208165330052
0.385030411830785 0.218720553194226
0.510113132366057 -0.493123545983722
0.0842424556090752 -0.499696453634362
0.0448519288844468 0.446799998962044
0.521876576219761 -0.231200965744168
0.17875561327989 0.159337380877972
0.166984523778461 -0.299677500999177
0.225882844737177 0.00105818118532519
0.264389166510016 -0.166882710576292
0.136535305915593 -0.116647302098366
0.360540106103317 0.0876141903875867
0.171636133553127 -0.0412307214603936
0.182900658594043 -0.0805261053470759
0.261954130894758 -0.0770268097215853
0.158851621620499 -0.180188279373814
0.140421592399407 0.0422410358278006
-0.0733572212522184 -0.267257404975748
0.132175165709138 0.0780929140132694
0.34362401668726 0.103077541847634
-0.269334835372089 -0.00673575012669086
-0.198864003952406 0.0185536046105146
0.426865523329207 0.245958991767916
0.160389805044869 0.35043048540104
0.433668370141235 0.558695799796384
-0.360142229940703 0.150697361277752
0.371737246195566 -0.439427706788166
-0.324618946735887 -0.144611120221978
-0.419464451116906 -0.137413578582888
-0.19141180867913 0.425336509069814
0.273122919620846 0.247186564920266
-0.304557203217524 -0.00689667117539745
-0.0192992557423525 0.122861156967316
-0.255229374521314 0.0434821235769117
-0.133729804451682 -0.00164674787356212
-0.108938659000097 -0.0490749129099768
0.225867050000945 -0.165107125754399
0.0959261684497592 0.00452861122060091
0.115653352205744 -0.0284749482075774
0.178350165726497 -0.0298847212619359
0.135269172704831 -0.0538467197719723
0.0715405893502281 -0.134897016584393
0.0575652077418723 -0.227800713301574
0.14210989282142 0.123890004944853
0.303863157312861 0.0150098652853525
0.311890737621438 -0.312087082220845
0.0456213867245632 0.0827239062415807
0.311952097253778 -0.388873600110552
0.2153605766138 -0.314285305794957
-0.237624442399712 0.0414645885168866
0.0945692282419244 -0.510089653407609
-0.164807093293603 0.317641206206777
-0.00391813646595267 -0.608647302553929
0.518587249617014 -0.354373065139161
0.0186702582195357 0.540066265576408
-0.300046720863739 0.275421010165467
0.410017152253067 0.129602900873096
-0.106035001490403 -0.280894729969983
0.24039763943108 -0.433677762385175
0.132162953887791 0.263143298494082
0.128839640134594 0.197695200236469
0.167193387027188 0.0244791366097436
0.150959632214598 -0.200765332058919
0.2977940918582 -0.167874539496484
0.362721893533831 0.0571357640220806
0.0732306919856515 -0.0488571583625763
0.0760618262973418 -0.032273117402972
0.0727824423836317 -0.00175517396141138
0.00785816379470238 -0.107678237551541
-0.00683266207857091 -0.0572137926826485
-0.0603291927342324 -0.116581404890391
-0.119056928507873 0.00039288746574068
-3.12743984468983e-05 0.0229714734151374
-0.0329256177568322 0.0196967351617899
0.0243006479667806 0.0059721240386035
-0.176400626663887 0.0902164821489349
-0.169569032179157 -0.133703911686621
0.0391429631692015 0.207197516876514
-0.113822354752173 0.253292026309965
0.141812367631729 -0.433171834109874
0.252563379789712 -0.401342500681579
0.0790910081359766 -0.307478296110529
0.0784606083202486 -0.366692138136379
0.175767083849544 -0.240765937082653
-0.349821099956195 -0.149812735917112
-0.345306841186769 -0.467745746016177
0.0468469388551718 0.0610684188171967
-0.108602258344725 0.326791103670278
0.0657348139267546 -0.158499384402458
0.0023461419839388 0.296705724229556
-0.136311711133271 -0.246848106669075
-0.0537144469848355 -0.22863358330146
0.0391847792883041 -0.174815349892485
0.250695591886196 -0.0647495096643063
0.151591193882598 0.166578668126112
-0.00425627351854261 0.219228608021514
0.375714708770318 -0.0867494752563744
0.098566072926173 -0.162216486529601
0.353259611413422 -0.188092661541198
0.322050551535245 -0.0971099527735741
0.380523463383726 -0.157640084945006
0.500996775945891 -0.0852257498875668
0.45357310776672 0.0194088769429936
0.411230856618219 -0.0748017694756484
0.35926639459181 0.00943514066701087
0.422209371992017 -0.0890931866597638
0.238265919322459 -0.0300091359632305
0.237421969950231 -0.0655940890026785
0.245889919400933 0.0112998119886221
0.101783479418996 -0.040291885428985
0.127961661768107 -0.0978762371627209
0.29356377611094 -0.0307109631920011
0.220615764338571 0.159312515826286
-0.0476255125541724 -0.264504574874466
-0.274922830292626 -0.0377742912579362
-0.185194705974518 0.06579973668754
0.293441010708273 -0.111806188733053
0.112540227918143 -0.398680376343797
0.0265229751094351 0.258469860143851
-0.487519044117934 -0.324046499031789
-0.119096979748322 -0.134767505783506
-0.150654170866379 -0.358858938076818
-0.121286421387086 0.484506343256188
-0.0829447439709555 0.499262327926797
0.0181967190620754 0.500146382625986
0.737189478972289 -0.0836993797222059
-0.251924345847658 0.598986735868218
0.0562033066025174 0.399990061884105
-0.339598336741188 0.112294585914044
0.488141317146039 -0.275677864489728
0.360247834470761 -0.347424559226154
0.13666853318854 0.160087325696359
0.260777895352164 0.302916886361229
-0.206400659791636 -0.0674655916977829
0.208104694759733 -0.105731383493875
-0.160018376026843 -0.0331690162282861
0.0896365843064741 -0.0754580471950025
-0.116559531784794 -0.0211184628994606
-0.131826807308441 0.0194021053352457
-0.0947695062664098 -0.114474890303318
-0.153236241568843 0.120655002169062
0.125614945585802 -0.0432574112951455
-0.0109972895831998 -0.116655309432746
-0.123308512817083 -0.101592998819187
0.0820377922362076 -0.121640836335299
0.0760014628123384 0.122901856887758
0.16133724837029 0.10397462605364
-0.00134680379715534 -0.369044167864898
-0.211123331707062 0.0232606293724315
0.195842260281062 0.176800321794981
0.0017507397050749 -0.472479544642777
0.472757572830038 -0.328717607999055
-0.0340759322226208 -0.548069306223874
-0.150560048069848 0.588676944285807
-0.0325462881917366 -0.66988014045726
-0.480833762849545 0.0269702129351894
0.51581385724238 0.196204168833911
0.311502781457578 -0.62471238678309
0.246254639782642 -0.573843485470612
-0.619173930711945 0.245312941764853
0.316179845067988 -0.684911859407721
-0.480191705276994 -0.131848241379999
-0.46607197693638 -0.365478692886914
0.355975512985923 0.677297337993211
-0.0240600936307762 -1.0750993813237
0.342911287404336 -0.85539898903042
0.396597909231954 0.702391220455513
1.08526581880185 -0.750057490743379
0.321723071212725 1.16756502496441
-1.13255212984189 0.518840946246194
1.34686543792811 -0.575773019289457
-0.698558981533431 -1.58879088059395
1.03116617935487 0.439556497483454
-0.136602337077424 1.50012279903515
0.591688427896917 1.39096807715592
0.853389652991814 -1.31808250684037
1.64899740048551 0.703135828213482
0.692283180710183 1.3870323701361
1.26702943416728 1.54380877692431
1.34109304083048 0.154901381450532
-0.692600794845922 0.728778522828788
1.2685967114438 0.530802393009144
1.39087211509282 1.35138177959804
0.0525669747056489 -0.718199783243358
0.997315771874175 -0.958074830887001
0.868705153612403 1.01201342600175
0.97216807836188 0.823485264513457
0.997835009773697 0.736370111344146
0.268638191241495 -0.531926628156306
1.55902597622473 -0.562900653887349
-0.0887456409137044 0.419954989748945
0.0296440210122892 0.160454393443468
-0.0132681211412113 -0.388896649310161
0.464241178684453 -1.00096032490741
1.40540693962603 -0.287824039772416
0.810862885689049 0.315360593764211
0.32118507207188 -0.197016685452259
0.90932136347101 0.30299291508913
1.20268942443475 0.253923684230284
0.383935626276761 -0.0080651393014488
0.458350760408271 -0.0175102468064458
0.679712293451753 -0.488090635274087
0.859667121992712 0.131886917739467
0.723860740604672 -0.363177759956456
1.08513271102955 -0.15308666718919
0.649606920811454 -0.0364881805126641
0.738315300417685 -0.329380350787961
0.911726528958847 -0.286310553471851
0.514805916156342 -0.0479349906299306
0.871387803796605 -0.265918551651369
0.71544386391813 -0.0336899406796045
0.834768077718309 0.0894873156931538
0.837766665768266 -0.253982382749813
1.04667670835589 0.0684078311679972
0.573979060912824 -0.0279285319031837
1.0356477613697 -0.291661218652645
0.718586806320945 -0.447065358886535
0.835004893123793 -0.0117555238461912
0.725447986041905 0.244624876754592
1.03971707403835 -0.381242717252086
0.996589542729351 0.181210809334276
0.324677748845094 -0.180863206768306
0.577954960731014 -0.178252368202913
0.759469730514425 0.42349400626249
0.628881498280435 0.120030553655263
-0.0381224710418596 0.195318187610982
0.862364184507223 -0.268195090313547
-0.107856735583233 0.28765464419677
0.6359987829618 -0.00188956453726121
0.627267217156755 -0.0140929230460791
0.726341125786659 0.0567760961297651
0.324549734512261 0.542708299980841
-0.330681629818621 0.619997975491791
0.00861156111573032 -0.792207490849571
0.287341622718684 0.740246306133006
-0.13319646916062 -0.614142444180651
-0.530067208759803 -0.887855431412727
0.323755327888991 0.899780865841463
0.32530817935236 0.930074248619321
-0.410591907339288 -0.582536605188597
0.124758395277443 -1.07378136045361
-1.3832247022346 -0.0426918567569845
-1.33724108500251 -0.0152433226039869
0.134919948959632 0.278151183745771
-0.843224519904215 -0.15059366939855
-0.476915254779945 -0.5889945763492
-0.575599374436103 0.5353431335297
-0.449491010666733 0.600187862459786
-0.641733864328457 0.559653430063345
-0.741884988767995 -0.209881232948846
-0.543209726247578 -0.55831052665532
-0.240056396795296 -0.67804206197384
-0.647929078086969 -0.0207565291777917
-0.763109659843512 -0.133113250555463
-0.581903832498967 0.485410686635562
-0.263998581668561 -0.445797181753418
-0.467427891802063 -0.333546969387451
-0.595851283589399 -0.394572722046123
-0.567358833128653 0.38805296130837
-0.841648904966299 -0.00562959397960135
-0.652135538291217 0.303475322346443
-0.938436582433159 -0.0242585295805756
-0.392346348156373 -0.272962687494701
-0.856450348984062 -0.0213701983955808
-0.201603733133282 -0.00574450117349638
-0.533349058507277 0.225386016553431
-0.766013223874688 0.088981930565222
-0.45129861489927 -0.0829054398599124
-0.741417144604898 -0.241009762328563
-1.10644102448424 -0.0236295233051306
-0.354012498283507 -0.164034536310847
-0.898980986811701 -0.247940834558039
-0.457387978797595 -0.0388049179315209
-0.883687862344904 0.150929333636264
-0.89996154874598 -0.0716772903068335
-0.431918261318197 -0.074274729953223
-0.475119898334531 -0.00826963267183852
-0.916198083829352 0.0452939437363921
-0.79978618774599 -0.269109206191205
-1.07636475564419 0.0538590385189864
-0.743912779380123 -0.0404442898658608
-0.747445623212534 -0.32091692117169
-0.47917386548212 0.0139037997740549
-0.559628861994066 -0.00818920399007418
-0.763665405736509 0.332105089213319
-1.1898625350536 0.0138164188298116
-0.599872360735494 0.166135880556274
-0.832404694424178 -0.415262789294841
-0.89578677310286 -0.0385960910340164
-0.375483300885863 -0.353888702380321
-1.11363843524158 -0.0494117503767069
-0.946113237631958 -0.395802879278056
-1.1051230846508 -0.109135674838551
-1.20563014057847 -0.0342851994932018
-1.20304524876588 -0.142766841445744
-0.804079865109882 0.709811595845225
-0.827649846925887 0.808630758653464
-0.970969138832832 -0.843296956487811
-1.07776189099147 0.22055347423157
-0.632692376921715 -0.842022883566925
-1.37907304894535 0.222415897365201
0.34219960263467 -0.923621523919288
-0.182290013608647 1.13809368099944
-1.31889809140386 0.284752334762054
-0.409717148943073 1.06936377887866
-0.899039718150969 1.21524143786582
-0.877804274369163 0.485305440028696
-0.362186142182992 1.18742465294425
-0.525474929772624 -1.22423908909938
-0.75979850211728 1.1496556607119
-0.179602770261745 1.35992277572703
0.522425191574865 0.591624412470509
