-0.870004377394944 -1.29133574856327
0.89695012924484 0.388956608978599
-1.50616269179786 0.658838557799834
-2.08521743391339 0.166426702501968
1.15500238570144 0.348905578154855
-1.0254436941525 -1.68989626115027
1.5133171859555 0.398819641587463
-1.24325263404722 -0.897470640172691
1.48210060807133 -0.492677885201509
1.43848524826677 0.302677921380902
1.13381039804744 -0.421069420864367
-0.806291755143787 1.24851052667893
1.14031712363245 0.0135774405171439
0.944447138548717 -0.101083319096175
0.555224639250856 1.04920195359605
0.588035228071786 1.06717740173752
0.948043616067235 -0.140826709562383
0.895173336592685 -0.00988744824866746
-0.879382633563295 0.738029575840157
0.675318094019496 -0.0683923864445533
0.63010690020744 -0.181820535883234
-0.479623226352252 0.569109697944524
0.772436333955131 -0.085537455310867
0.186588767396713 -0.488850300418886
-0.273262589922693 0.34998077203772
0.46412555369776 -0.163968117095881
0.116933890823195 -0.515228466146829
0.785724569187334 -0.0896403072097941
-0.486439353246531 0.0276213456854225
-0.399357392300654 -0.161667149684898
0.264449610090966 0.371893988550672
-0.25816099350149 0.782147995673804
0.643997660936917 0.749532493972208
0.06451831626916 -0.657153315172675
0.0542138741074974 0.724901061987363
0.792390692050703 0.297658407698283
-0.592813808768663 -0.0770923293804857
0.378831463709255 0.966665218423967
-0.675955661087848 1.10395462516829
-0.236504398562782 0.834169947202598
1.1737533189834 -0.08855877063348
-0.913461027212491 -0.123074881968114
0.61655031023514 0.556227115451873
-0.427595319680927 0.0430784534070881
0.069785495942583 0.39882639355617
-0.509954891753542 -0.680113990970941
-0.973750618837147 0.251448573896495
-0.266684170821376 0.300560064789881
-0.253137045311345 -0.216493464284503
-0.537140198380973 -0.390581203441283
-0.0173362892289625 -0.0650350418471385
-0.479632682657029 0.779319080857688
-0.748908796032679 -0.646508426143992
-0.405388839643847 0.828268860575684
-1.22996127499991 -0.676090049485011
-0.253254718662448 0.959983604685065
-1.28027161489286 0.713731840846546
-0.098411634140171 1.012245479414
-0.834641045981274 -0.466794236789694
0.0752878906633995 -1.07246102282071
-0.992616557028497 0.737294678354845
0.254196919682654 -0.123947916079331
0.45502864821718 0.21634165766725
-1.18987997929018 0.0821527426820769
0.141625676346663 -0.232582048075999
-0.643550225012066 -0.204688877522728
0.160965593958225 -0.152410400648788
-0.59347748542157 -0.47257923932496
-0.109211430233459 0.0807682240492337
-0.740131150005735 -0.375321392803596
-0.104397452201191 -0.0291925778712446
-1.20380762786568 0.519301295647853
-0.339130075236837 0.808152288787054
-0.899014808799775 -0.678135070639018
-0.366377996628086 -0.631290729812002
-0.462092221593079 -0.446983820305171
-0.214150979034703 0.611175663176576
-0.768906084400048 0.388238747900603
0.126031477227828 -0.101598006819862
-0.452034981862986 -0.522080110136662
-0.817348257464705 -0.508969983140043
-0.284029995958853 0.569988390253192
-0.341880944758576 -0.415889521773263
-0.55650975464853 -0.558833775174456
-0.189462183325195 0.90491214755714
-0.68001895116099 -0.765100445548816
-0.998901920860026 -0.89452410851183
0.238601385580019 -0.187700724335216
0.355598101181338 0.00301617640700075
0.0140028238692609 0.964352158904852
0.16508371484455 1.13256533602312
-0.301040115897562 -0.786404290521293
-0.427101307509375 -0.542560876149354
0.267157963997884 0.966337122520195
0.474618440888523 0.037926031991254
-0.585559821332035 0.80991492964079
0.117559938414371 -1.08233180976909
-0.405969309135135 0.676938676522773
0.407067054647022 -0.404708916337205
0.701779057506012 0.217313321369756
0.774428300842715 0.26654296880201
-0.778895292427167 0.43511331282989
1.63779060811897 -0.149469362053322
1.15716157521651 -0.553809884794516
-0.0771314890463064 1.2767877936785
0.812482515337602 0.373176166928733
0.0372530494862056 1.18242966134927
-0.187107777019066 -1.1150778840036
0.30775041108337 -0.657521085864577
0.849762220031816 0.503052827846191
-1.09423702058912 0.590316175819072
0.436094978172789 -1.1125833928092
0.606594384375983 0.137004557300096
0.233820826398776 0.966010685786786
-0.571286999065157 -0.429053011945626
0.938541989875673 -0.379903061228383
-0.57716159829239 -1.14164817684629
-0.521167288254452 -1.17628794369012
0.286703873825097 1.12263502137191
-0.655514674217099 -1.15166954788806
0.854947836283388 0.562984424849845
0.711132457111051 1.05048950634612
-0.0286546825566136 0.680609132199278
0.191714330486155 -1.17690580089283
-0.666414150575661 -0.17877636753462
0.572451648149021 -0.952899242130983
0.694918109760878 0.924136391556671
-0.212118143845622 0.817945288658916
0.305994187133532 -0.70404758800855
-0.122133041648018 -0.960820874470209
1.02200716275247 0.601267232994562
-0.562630702611852 -0.0156528131914476
1.16541239948121 -0.5198264391434
-0.0354517202922858 1.07791219531877
0.93044261435429 -1.05125116905384
1.03370429312493 -0.940144852906823
0.0433425652394888 -0.996297214122631
0.184196289623631 -0.897973548286744
-0.143585734455397 0.0483562158124258
-0.424808513559263 -0.0749633058492724
-0.308368592754883 0.0321446628782567
-0.326129693420953 0.0782385065046576
-0.210469772395684 0.071407448966705
-0.302021310443375 -0.0111554705778769
-0.00535303116181257 -0.832017254613271
0.00210620519340322 -0.903379682546884
-0.0829221423377662 -0.782806509104693
-0.282217502053731 0.771149869978469
0.109758451539066 -0.732106088611161
-0.688286660924651 -0.064920579338228
-0.247194868012195 -0.906438985801905
0.570040848493675 0.763794221055255
-0.463783327257254 0.776896811082061
-0.882009150128097 0.0458101128079003
-0.853403942807992 0.0927841730346231
0.325095722708292 -0.639750977066765
-0.475137278320674 0.506331983182175
-0.280346155671346 0.530301019029077
-0.22252826844586 -0.629148240979619
0.0436529538778036 0.364469569737528
-0.407299805768683 0.158909693591096
0.290473906957598 -0.25804894687172
-0.224422989296727 0.185175909515875
0.14998738525775 -0.402540965839933
-0.0891102293740018 -0.118837723921658
0.219584511789067 -0.0328907692172727
-0.0367383928182044 0.0710109332290835
0.3600019175833 0.0947517565340734
0.423396183739145 -0.0439042071372718
0.101750168833296 0.00851621458286998
0.436499355083075 -0.337885292998174
0.469234567097133 -0.241222761121912
0.31695291392556 -0.391057788617046
0.689321101348357 -0.247540612100114
0.809411928804362 0.204293384763097
0.307351504357902 -0.546417270086079
0.894059945284163 -0.472729705969876
0.0266032503017901 -0.14014215306561
0.294958219143343 -0.555365396091809
0.808298208653217 0.520622809923636
-0.249710945638326 -0.100521166108369
0.736780884334369 0.522625614709544
0.6975551320909 -0.411704353380045
-0.134947944698865 0.00419951149237961
-0.216508006203568 0.0115306382792891
0.323782957173616 0.419853401434168
0.702300808207117 -0.397716717918376
0.509526114273839 0.272574560783506
0.778334179792559 0.441113465559581
0.150861627276241 0.467310117504333
0.371770767464177 0.175937983773288
0.568504147255519 -0.287627282412031
0.376796692483893 -0.288349064167986
-0.00895207849625413 0.0176845876008708
0.203802467264445 0.0828047171112887
-0.000237244202321416 -0.186824112004575
0.12866272143469 0.067073900974616
0.075427628793102 0.0210069402046844
-0.0202837993862421 -0.000275498797165945
-0.0962598956810956 -0.0445112949717063
0.0543331667157231 0.0873445275587802
-0.133302253796748 -0.163730643426203
-0.203705381754054 -0.212910023101026
0.0672246767292868 0.0182586355486027
-0.242765224004303 -0.162492579290551
-0.134104931328497 -0.203369190343473
-0.0479558510272222 -0.0340912165358032
-0.46401822499338 0.0110677893693649
-0.269263428931967 -0.0196055642622062
-0.306744228346961 -1.63388805653111e-05
-0.152932458723047 -0.18740247157026
-0.318733502331791 0.0521924414018672
-0.0705099311182543 -0.00174663612851767
-0.124398823687816 0.061022601606062
-0.0526276290123698 -0.0136314627450044
-0.15410248307325 0.0933473279574898
-0.137078385281176 0.0185238025027355
-0.249064920113853 0.0230643282191857
-0.296303365289985 -0.125166368516243
-0.251807190044501 0.126108196172149
-0.0199266306347331 -0.00431544609846596
-0.166564093137182 -0.0152282176859956
-0.239153555193023 0.238290269196454
-0.181206401264814 0.012172004704879
-0.0656042666527922 -0.142687243116547
-0.257938583634634 0.2180115954146
-0.330637606182245 -0.281237882230454
-0.310359786500976 -0.267765205689441
-0.697113583132276 0.0498026594333289
-0.715858716082733 0.0514953890763609
-0.598371930953808 0.0240751461517007
-0.428392043553286 0.36507388337292
-0.224197032735964 0.308524345565092
-0.482396927991048 -0.170641953023611
-0.0978637855880613 0.357413377404346
-0.437166157003172 0.250702107345349
-0.00544986275850191 -0.351818236102605
0.196110691462737 -0.294924342659676
-0.700655022635684 0.518931675333735
0.0523539583860229 0.202472751470133
0.0495191339010938 -0.0152447710382161
0.0490541546905559 -0.0473364878636423
-0.387734864326485 -0.108201381702643
-0.343044494601309 0.360855324781838
-0.72073173159398 -0.178381589860156
-0.416834432196256 0.0610988513419134
-0.400412126662013 0.20997160061532
-0.102535347227496 0.151749174939205
-0.521762701275907 -0.209253381894252
-0.220713180376363 0.248999074429563
-0.435792829433771 0.1306806704993
-0.528564589845137 0.095459157880332
-0.548530240007386 0.0646258416465622
0.237499976109807 -0.0275974907490627
-0.374131346039172 -0.320154118825478
-0.387807172429584 -0.28956234160173
-0.56776181752877 0.060292944833781
-0.0271062034881736 0.429076134086071
-0.206413323084598 -0.326284794735174
-0.568125349361685 -0.244710951709914
-0.776976736137608 0.0102739721378108
0.309089416621042 -0.048400292941383
-0.45110554303719 -0.473194063106558
0.106372740345733 -0.459932520820176
-0.23650699821124 0.318621771066861
-0.753844541922215 -0.261344442209627
0.0896333911856143 0.482502500583522
-0.317576934170358 -0.150955281887407
-0.0540996382620764 0.0381381108844595
0.479799268074331 -0.0764873706425184
-0.467752020587216 0.647910642996253
-0.622559129331079 0.455131710155124
-1.01554110902318 0.0821004401361211
0.515330399070764 -0.157471483848152
-0.175523758097202 -0.65213345737121
0.478084808100974 0.632440300166696
-0.135873451459009 -0.540749347195116
0.638386501947505 0.27332616525973
0.226413053796491 0.17134399535931
-0.245143543299028 0.511476398966354
-0.420473413286379 0.811151206526294
-0.21905853346188 0.967790202456568
0.0615013302495008 -0.750490007279013
-0.768420036263404 -0.169110122295242
-0.735242680592804 -0.159594200322338
-0.8883400179301 -0.165452754174639
0.764727967365037 -0.112451126133837
0.890834625376644 -0.0920394486176132
-0.558115485625307 0.596913193589925
-1.24405424649446 0.0660981678093919
-0.824823727826357 0.0694305073059378
-0.5174977392191 0.527924613033456
-1.11650838877653 0.265397362974189
0.361700495022478 0.507479764268033
-0.424473828409842 -0.733204227498802
-0.557836930359845 0.462791956229172
0.252680686437196 0.58197394095858
-0.395266807725325 -0.53876068990054
-0.11456448363626 0.504794292771835
-0.309085094614648 -0.481450797710256
-0.31065294730831 -0.527976418985467
-0.382900351301929 0.41022794640018
0.0638808574015899 0.415997166815151
0.440745057290711 -0.205649055584012
-0.343592337253101 0.470428433791814
-0.16910481491775 -0.526651289787378
0.190617189356703 -0.221286043796625
-0.369622063040544 0.0255554059846844
-0.0740083350874434 0.251289461135539
0.615075901069178 -0.0195958957604317
0.339910587116353 -0.263088228429453
0.298880481073923 -0.377992139053303
0.58448506802602 -0.139415142885061
0.438037670612779 0.355667412987858
0.729088267957788 -0.0858253828518782
0.556557793862617 -0.112636312815784
0.553633899942959 -0.0668740711844076
0.471124156172099 -0.0669292107248577
0.168340768706382 0.269486342073905
0.783117538092624 -0.126444815885249
0.506775220868997 -0.396043669645855
0.194087959019378 0.296950863659279
0.639792728048977 -0.512313403853435
0.0833523189910977 -0.227134946148024
0.0322682179471899 0.438463784911426
0.0376562621375049 -0.185661268105579
0.267123575053785 -0.590502425877325
0.462510161347167 -0.618844411092749
0.560992433729287 -0.429295189883132
0.381303003271667 0.277938583484761
-0.178119345083862 -0.821135228947963
-0.240125282777704 0.636094991252288
-0.566165561768379 -0.0037949759266922
0.525582577047981 0.274110648030796
-0.489857033732741 0.260858651648268
-0.24454135437075 -0.706541271076718
0.325713260664388 0.518461212710304
1.20861169337236 -0.151129221838987
0.169890526234601 0.744724100470739
0.867408269183266 -0.595410495836134
0.902274366461638 0.650775330657062
0.0300871503604108 -0.762185062725352
0.281699263136039 0.696783047607553
-0.222061261944518 -0.963794134398632
-0.643585178731334 0.00185011212024407
-0.543015178559802 0.0662983915371324
0.283344602314004 0.623743702922028
-0.574586188438434 0.0799639428540348
-0.603239926107904 0.0342926444769015
-0.234256615510533 -0.621953604514056
0.154332077924646 0.420265231311621
-0.0734079840227988 0.311898361324622
-0.330036432226813 0.0191680382193703
0.300430673558601 0.176391418925558
0.155531597645231 -0.282340662924619
-0.202253050821111 -0.174218378036938
0.319666922362092 -0.0262935504307279
0.0670486232068903 0.145488490982349
0.0529237130489507 -0.232326279155801
0.368664329685543 -0.18774258342438
0.627040829807645 -0.0323588964936215
0.534239205773418 -0.214518436300617
-0.0386449279475188 0.0194452677494485
0.397662690109267 -0.422873220125341
0.730093303362009 0.325282161242582
0.458261787255358 0.0248657789111207
0.343248696550589 0.208069329509664
0.399050114821108 0.048796245677848
0.238135468402479 -0.502001800374467
0.516192411842445 0.484872203725206
-0.399577457960801 0.0451259590037931
0.424458200618955 -0.462597256786935
0.319770175329972 0.324984920539806
0.48836083526547 -0.541042787210581
0.083551645065501 -0.659195630468516
-0.248013579703611 0.181836452029609
-0.561431768209202 0.0485167550413592
0.341621527713215 0.400602839861871
0.101473642159953 0.332262986836325
-0.0351358671990127 -0.494938999775259
-0.113892115976151 -0.447407950059841
0.136199743692297 0.243963644479164
0.0649202202145141 0.241802329569916
-0.0213451452093175 0.0124680287997943
0.214598949666188 -0.198961514599434
-0.243031538246336 -0.0556974758038116
-0.202035575051346 0.00750886679545907
-0.416410585270667 0.100924233350128
-0.309858172685047 0.340652231436344
-0.0723908014339164 0.474393711334174
-0.458638303098164 0.0220953991360271
-0.592225624609315 0.151970054241498
0.215580818099424 -0.265935577466405
-0.978778047670947 0.0875572542935131
0.381751153463012 0.316175212093434
-0.770551874200221 0.257563995303245
-0.389843938397147 0.437029423502191
-0.349982656777081 0.271180235685671
0.0527902974501338 0.576581317450976
0.105697887520917 -0.194138170643663
-0.54732466588588 0.367624280285076
0.121584952887131 0.545832948332073
-0.64888461083072 0.0138626553257423
0.297890636376384 -0.0300541538179956
0.606286914902454 -0.153728585983692
0.378885110578052 -0.229947938452489
0.360379720703448 0.437840544407295
0.533687190097157 -0.126084075185519
0.127161569236989 -0.288753719260429
0.434244926296993 -0.195192977179019
0.340784867460289 -0.101474247141036
0.652242180550162 -0.0136025061543826
0.0779359704776799 0.139435995208856
0.402914163440808 -0.213328054257927
0.61185441122547 0.0487460660634299
-0.134051983286248 -0.191362049980677
0.185621531113004 0.220574998492287
0.157702224528265 0.261691482301029
-0.0196007834004513 -0.169170513038765
-0.358484363521715 -0.0359824210548082
0.164930007694761 -0.0272874378804609
-0.182917167509719 -0.169218071642829
0.141049408063549 0.0333976917156169
-0.0398255392285792 -0.197051283711344
0.0760419940651993 -0.0536089691705785
-0.0782902784460695 0.0964417608973002
-0.183094671737178 0.0377795148926358
-0.222421739965283 -0.0299888083479483
-0.0166043315355793 -0.0184821253958044
-0.0758029204319801 0.0497757227028282
-0.214242369189877 0.0333500144308929
-0.0292115820576262 -0.0610856387303879
-0.271616461932038 0.102826576045334
-0.200775593203647 -0.0757331317089608
-0.30326827930638 -0.217405701743734
-0.379641252710205 0.217314787437449
-0.321979301648805 -0.147881333908125
-0.0719836418793416 -0.127452884968066
0.00709203920815637 -0.155982591412983
-0.207702562351825 0.0935213549423409
0.282352356313052 0.108329383919365
0.114391999271958 -0.142759581193047
0.372714286856204 -0.0716379737575376
0.0340237193564659 0.0754991974043025
0.19419196926106 0.065934404274422
0.493302582485506 0.00205594209025911
0.281103092646363 -0.0398077564606569
0.435880375649058 0.0585126237919701
0.370300097989582 0.0927353528859638
0.173225010318231 -0.072034259564606
0.593554170898811 0.235223684885838
-0.0749438048667013 -0.0372010284338364
0.0936035643721715 -0.387729173168162
-0.368561527971062 0.0259647133972821
0.624295522749814 -0.443191993751203
0.0870480999515855 -0.627303179998144
0.269675312931456 0.578964061192758
0.400097403544663 0.320830636728483
-0.15262983756914 -0.104065067479086
0.129891205872745 -0.592005522247313
-0.284768774169386 -0.133503966502253
-0.114182824384084 -0.158652591817638
0.453749139149972 0.43243874114991
0.756850562023833 0.074346706928598
0.155507153105211 0.696733049056531
0.614467829092948 -0.420590974221589
0.131283843199291 -0.598289017506324
0.649984938713539 0.504792650201309
0.289887854566103 -0.426130950997519
0.262721192371499 0.259273616096885
0.469674603438596 -0.160696158321561
0.375345891238078 -0.159084176922441
0.146119267774232 -0.182481199976732
0.237982672115952 -0.0439283603999697
0.0303459907102285 -0.0333000853889039
0.277596946888471 0.080100428972411
0.147311674673735 -0.0883897066769703
0.170158305615753 0.0117169013474672
0.181435712327296 0.0356402068855541
0.292695015322047 -0.0312721118497896
0.297412239922616 -0.0744464549350916
0.286423634671219 -0.0917399037160077
0.276184511211042 0.0707332523332526
0.192450595862466 -0.247786566651881
-0.0774581690486908 0.0154808278689512
0.669186785671258 -0.0922025140008217
0.0908596530861097 -0.433778207510752
-0.285203495517949 0.0969464686285863
-0.435065734745757 -0.00572337268886744
-0.556696579759003 0.042951057003712
0.446498057915261 0.637535170265467
0.253252393756807 0.315998868136632
0.371568068657309 -0.610702067676856
0.314240104324868 0.643167864910695
0.77269871910337 -0.672433472464518
-0.478494727814596 0.0295667157611637
0.395459585885147 0.148237191926407
0.522229596293759 0.374307755650869
0.392378636136304 -0.172472653321388
0.217646900814477 0.255792608895539
0.135853158527871 0.0154657138230745
-0.229918448066106 0.0938630736233328
0.0734698520253506 -0.01838349213846
-0.0818359305348892 -0.205323907454025
-0.117567385852162 0.181378269233177
-0.347911217805609 -0.0907100311837973
-0.221879569499561 0.1428151070598
-0.381167952281395 -0.00643496961772993
0.0263163819798139 -0.0984185094671077
-0.368445891171973 -0.0745520778677977
-0.166249669591222 -0.407410551935783
-0.512824145599096 -0.0186092810694322
0.427615695707872 -0.0517255937889187
-0.385891668426092 0.0233073318474766
-0.201957097260918 0.459687424477012
-0.234585214700493 0.498349629884228
-0.696643558751449 0.0920342585817625
-0.749896945461686 0.177352546522992
-0.636323444739766 0.0766576638071315
-0.376918947451957 -0.133136182073044
-0.459974851831338 -0.206738686093715
-0.238180936021035 0.153009172540682
-0.382959642564245 -0.136994782022664
-0.434691592139315 -0.284252598901074
0.114093706557011 -0.0643058367424543
-0.0402120451055192 -0.183256655145245
-0.00119571279853294 -0.405313152727794
0.197364893229644 -0.27631208822371
0.612654132252273 -0.0395272595702676
0.204917770272686 0.136231667195099
0.0160291759083553 0.629774219931139
-0.651572987479509 -0.229838879912449
-0.731067354928742 0.228601304351681
-0.0229929763298453 -0.345897696121237
-0.18615018344984 -0.522860928843789
-0.444897831721621 -0.215678542146079
-0.360089461884073 0.434697240359768
-0.612752673323698 -0.315509154281461
-0.70293243556494 0.396859415760717
0.0637556444974332 -0.00159158937537818
-0.722281934172628 0.43712233492322
-0.376009545976195 -0.521966828263978
-0.566809336625441 -0.172723794123327
-0.0949633456256419 0.238909355839258
-0.268649271450313 0.357199895941659
-0.300706114496518 -0.646535619857648
-0.456925308119242 0.735929277097402
-0.0475706370380168 0.470719073529996
-0.58033727849112 0.671469542975353
0.350930591342221 -0.864253547563098
0.527542502173733 0.66164975175215
-0.0140985239567344 0.706492496143171
-0.392476341493867 -1.03144746121274
-0.531159528467048 0.987729361619247
-0.502343276287326 -0.946637651978188
-1.10756268612186 0.0712728716537882
-0.554596424397396 1.04889505841206
1.40503258207758 -0.18017653458786
-0.927198913624612 0.0443181091429509
-1.02509999917337 0.180343495311864
-0.976949163231806 -0.105926156622179
0.7434612500515 -0.611204015004138
0.574721164039762 0.99513017715954
-0.0367795525556629 -0.747705513939485
0.668281608316126 -1.1998310149133
-0.270294508274962 -1.21373713115649
-0.110591468670097 -1.11739439015238
-0.0669119478497934 -1.18146199495477
1.32346057008283 -0.80847314665937
-0.591483773561474 -0.00319454678506742
1.22302593787143 -1.03180797829801
-0.80013052377537 0.0548267145255431
-0.809142378099607 0.0380685186023247
-0.187977990894543 1.19610186669655
1.63908610025464 -0.144159778574465
0.934061927243388 -1.04974789401348
-0.268892125379439 -1.23222307111493
-0.946343698361911 0.237154082105583
-0.505071731321394 0.0608346312087034
-0.232162489762366 -1.19510235311651
-0.464218825371529 1.00722230498693
-0.185624159435571 -0.960848870055624
0.29575350156515 0.914227687195714
0.664544276489686 -0.825174216503616
-0.484221777357786 -1.06185184495262
0.611432593182872 1.03164607202525
-0.551485691113492 -0.277790480300004
-0.0539083063354359 0.98822904846274
-0.284635507539701 0.998007471231505
-0.0874511927535585 -0.808430432488898
-0.067833533800615 -0.825494013026508
0.780319694515922 -0.826554581664325
-0.302590250265784 -0.894307519122179
0.219470849651713 0.641332951544848
-0.534524535526455 0.340346591369897
-0.505136189041065 0.57235571030195
-0.538349396518196 0.201382945181428
0.40491079092801 -0.294773343515939
0.225035859078783 0.638180065532795
-0.455327728879703 0.254664224930789
0.0816765781722631 -0.198559196647276
-0.466552980609226 0.169292353496367
0.256503633940616 -0.0287231703510771
-0.244527866489554 0.315546550837857
-0.838141885599113 -0.0539271326376201
-0.447123500729108 -0.492752276836724
-0.890826696583528 0.0212625698759023
0.208337556103012 -0.468941371611102
0.218514798465455 0.684215656735918
-1.01563712881695 0.0841296889851214
0.442140495937279 -0.728075693503054
-0.693951889898925 0.0106166798445365
-0.424694757823133 -0.967550702314764
-0.370480765912415 -0.00140449997602939
0.0768527945303723 0.868192182250158
1.293006335695 -0.17346012878606
0.217334952729744 0.775760389712652
-0.0653046973853426 -0.759501347285131
0.126012652960116 0.841643763397772
-0.40727000981303 -0.814779882624838
-0.430822540033084 0.626185809416788
-0.717920796450462 0.0630323130387219
-0.753164861336216 0.0746993456881627
0.300249944573933 0.725669797213066
-0.519742709978596 0.501534726809185
0.520453557787065 -0.0836952067056894
-0.746007944381787 -0.00187606979556402
0.754113499404271 -0.0617939045778469
-0.336149201295744 -0.623150525100727
0.371024835608247 0.505921019097299
-0.519915435200201 0.185676522263106
-0.00970479755320267 0.531573949192847
-0.435226898239069 0.136777861519117
-0.0757870617173843 0.551451954664725
-0.603090995845035 0.0597649354262878
-0.0664062208730681 -0.00390175954906058
-0.603963401952129 0.101037564105064
0.775001168806976 0.683734133369756
-0.056194576835291 -0.2487395403051
0.450504861821622 -0.770248012971894
0.0397742311810754 0.837146811342999
-0.176288138562127 0.0977320375268282
1.06921792384585 -0.59232525292524
0.415609961197081 0.748935476366141
0.65499111795385 0.633576439767399
0.229034744952585 -0.883652980156541
0.796693407738579 0.501095144811539
-0.618642180289995 -0.152536056665279
0.624498971906044 0.869658444204288
-0.565894139648889 0.185526460879003
0.489522026811424 0.55693647493282
-0.270684027747836 -1.00912465395482
-0.767882250797329 0.121858334006152
0.76883258559017 -0.756185289761285
0.780809095124945 0.910987762117109
-0.774155839243392 0.080845367054441
-0.871522884402553 0.132386109225394
0.666117996399947 0.74943497121622
0.623936648723542 -0.753005842288147
-1.00722571995578 -0.0130659464185618
0.518106272718983 0.710313297730694
-0.93718201653792 0.0590892178015999
-0.430995706322258 -0.788921990173922
0.539376317649407 0.55885431470813
0.422039794859138 -0.864566452600733
-0.69007217452513 -0.131505622212242
0.0581399277095415 -0.630641623517564
0.1158896585494 -0.972342961795548
-0.794812407848832 -0.255471558793501
0.709355842066572 -0.494858088435736
-0.156560935855542 0.87437635840752
0.167229999324887 -0.426041492414173
-0.650720698007652 0.790638171117709
0.27245134758665 -0.363166404977886
0.55889593473774 0.316739988331261
0.688619521006551 0.370328657080266
-0.0379428350533785 0.841775411502592
0.41740316299277 0.488324133400262
-0.400665852725782 0.0298291139390812
0.260673864308406 0.490143482456387
0.0240705597009442 0.668130453230021
0.819006561618781 -0.520632414315669
-0.367006134931082 0.0186982604755023
0.915817458754552 -0.547773888239533
0.936606415979293 0.534775837787485
-0.361960619099277 -0.0389914673876587
0.432087601886089 0.840926127472579
0.203916220887115 0.954916760450991
0.621546766717725 0.757919759393393
1.14814967901954 0.812147609774011
0.938856919296429 -0.748199481840697
-0.491598190132593 -0.0415562999312036
-0.632931085606798 0.0831538859239534
-0.594439568771329 0.112155225200149
0.35155293294072 0.702816552927121
-0.0884073470877591 0.873234727489497
-0.548727962476135 0.0684978156925891
0.492732696673455 -0.80408137107832
-0.689685106621553 0.0543058238620037
-0.171414469388814 0.66725159464307
0.245299995997649 0.507782775340466
-0.634787572433133 -0.0668022565032071
-0.12235842697436 0.620987276354545
0.191188342169741 -0.452453423265796
0.136912206978873 0.573168020394845
0.583669688548916 0.236820989653201
0.139162375708707 0.55284531931198
0.562645056907852 -0.351123155074
0.120100529956457 0.582229548809071
0.0158604499049402 -0.0399273798277293
-0.0921671764558391 -0.276459827943288
0.0237991320608291 -0.487688368131316
-0.0230181142055953 -0.58909248589318
0.960617094162646 -0.0436384545241992
0.711537040017789 0.608263050011238
0.766930411127892 0.424545356467887
0.410181596169184 0.327152804538086
1.02672489604498 -0.123469326767951
0.139642761103505 -0.707852376851078
0.15819015134052 -0.660062149941249
0.771628664799953 -0.354770792845899
0.192022662525438 -0.579896835562767
0.906584730630936 -0.400657120646066
-0.0520598926211826 -0.119416294829025
0.339901911182444 -0.414789649534466
0.245523694063312 -0.617545645622989
0.489084044742767 0.375021947500015
0.188484832410906 -0.13638533231598
0.546174213581622 0.112805865439165
0.289220822772122 -0.0389307884955181
-0.235551323308244 0.198110618092096
0.907657997858486 -0.0931819970551306
-0.289542688022426 -0.0753907614649996
-0.394755562018885 -0.140991769629214
0.131178286752439 0.38871128584001
0.329210012988432 -0.405231700207953
0.227896129309269 -0.23690089081061
-0.288015999534048 -0.396666210259857
-0.0210681119277498 0.363952402340309
0.0039524972628339 -0.123098198240273
-0.110177643370863 -0.350685086016375
-0.189021888376701 -0.138721696904409
-0.254745688882204 -0.0765786959954321
-0.293366614639122 -0.160075299649696
-0.397479388907024 0.00752156725019371
-0.149153091402659 -0.120640604419264
-0.353453075525507 0.214030358909529
-0.324080533756665 -0.318132890655957
-0.323508786380141 0.245392777577961
0.0338592612955663 0.394994140064266
-0.727366881044871 0.174158335804755
-0.356670926475359 0.336005446097339
-0.276556088860063 0.325606905914712
-0.388199220565471 -0.443426622953442
-0.760690897298052 -0.221527720226205
-0.187596634498255 0.585492667776849
-0.865196170975352 -0.196776699368234
-0.312680205906526 -0.0161536534593828
0.256241415691095 0.867454200900742
-0.230641570320594 -0.814372772763535
-0.932804725715251 -0.194606824398804
0.364324371303193 -0.416385982534144
-0.604219375937417 -0.0592093387007311
-0.0231236383379254 0.205219898156525
0.0499563532700781 0.226756024621331
-0.0110385805034941 0.113152474752862
-0.261608755252445 -0.0361886340045279
0.359028754901478 -0.348183103337798
0.0076672482905594 0.32267614521182
0.0278835852432023 0.347446949338637
0.015538815775785 -0.510432590324644
0.273601225363677 0.110785025257491
-0.0652382495847516 0.431792788843455
0.433303721513885 -0.428947953209751
0.388488164923275 0.533789551699411
0.327904406170211 0.439605188242674
-0.252497174288324 -0.572998538856109
0.767098833156909 -0.0209057347547256
0.935313592878674 -0.210376772900263
0.511908331085604 -0.514886447218845
0.553060976336296 -0.259390047592291
0.878828473963971 -0.246163540254516
0.671419319522475 0.0528843905686142
0.564961891557971 0.0159266212739245
-0.00813043173029764 -0.64561718348868
0.204110419704586 -0.500442623161368
0.677480328596708 -0.0637982598854268
-0.14612817029482 0.239697052908692
-0.292892183817027 0.181655838495536
-0.134256032467903 0.0955225098577758
0.0225304726019628 -0.347701726850172
0.428147175516361 0.199018106343649
-0.225959061938803 0.00937085786936279
-0.129749274603798 0.0791336177123897
-0.369138756785454 -0.20009329343484
0.135886833466259 0.183514851266183
0.365832042854828 0.0922549027609215
-0.395675051477686 0.313837505892683
0.426286916217284 0.114292705433622
0.243000462718411 0.452569600223347
0.627717091326802 -0.0590290411195679
0.458134497200991 0.00136087174640318
0.229730522149137 0.348464943052053
0.212520911663675 -0.306198960941876
-0.194601627150043 -0.000831425925732633
0.124100497621209 -0.254778752341688
-0.341872941797875 0.0557855958700415
0.586415739467074 -0.265413688408337
0.500054112435071 0.323888844194804
0.157616019584862 -0.601853083746468
0.0729106118240199 0.0698916005225649
0.469835641793343 0.241640470549591
0.699247892305185 0.142065558882814
0.0212344451585354 0.0790498117197622
0.602788850983267 -0.256939046622659
0.567847975591355 0.0323475841435055
0.62520400956154 -0.0529363823235888
0.00706825430428491 0.0179806512728764
0.216094571256924 -0.353609144523993
0.0785221227248029 0.0985192924558874
-0.0675441335496017 0.0348477573095093
0.150506768574197 0.0954081231883019
0.242282835218792 -0.221123266500533
-0.22308987619886 -0.168327559251132
-0.14639959768343 0.212385632432922
-0.368429989254307 0.14803005285312
0.113017983038543 -0.121877865366199
0.192844974516835 -0.144023539895601
-0.492870630272134 0.105882316513859
-0.50124466965735 -0.0980977135307966
-0.14792766175142 -0.0131489509142434
0.306219319841106 0.000955769975647843
-0.119882860718561 0.396665851073253
-0.723684868035965 0.0640658441908185
-0.337054574496052 -0.446512222735632
0.247008509706365 -0.204609333939222
-0.257957414856925 0.468156450888988
-0.500836371874622 -0.330249506689438
-0.568906084072493 0.572903663293971
0.403360966480233 -0.0624819624714997
-0.379731998643768 -0.395140658601588
-0.04476400553128 0.631584271176327
-0.224072414897698 -0.522841020656737
0.559326493752856 -0.0879947599964767
-0.58122647271509 0.428836159221192
-0.639448779666982 0.385377094267051
0.258885824956943 -0.0949711663625459
0.409287167793429 -0.0221045425353562
-0.0517586655925783 -0.42660034288438
-0.468112357726964 -0.383627451421892
0.0416036440246764 0.379479174151847
-0.0391519142576924 -0.276171239894367
-0.402369455669876 0.342278559996241
-0.0554394075843761 -0.163589079113614
0.0575604872418932 -0.203744439710931
0.0104273038462612 -0.0930519806114625
0.0369207999270716 0.0817499559682776
0.156294326426174 -0.0613565930203482
0.290566878675953 0.0225171965177036
0.316824187354595 -0.146387818349947
0.424992900303045 -0.102213826142783
0.251107157325292 0.100372934713417
0.10826883872979 -0.011638368626452
