0.199617822837206 0.050091032338602
-0.592394403788467 0.160404853737611
-0.684618869833902 0.16853795527995
0.107097297230897 -0.715538214424636
-0.0698608382219843 0.336971231790772
-0.717710757503903 0.00520785889491105
-0.271493843573561 -0.578340254414042
-0.636927434980562 -0.401502645420672
-0.198203138048149 0.394608688084096
-0.522956683646267 0.466646377929105
-0.392654301975705 -0.443737075964549
-0.616321912022828 -0.124019866453939
-0.617165275022535 -0.0746939861310612
-0.507587814115918 -0.39016012806133
-0.545973941413407 -0.0512885769094486
0.253158619307153 0.321618769528742
0.24802154798522 0.279536295517488
-0.345137670289745 0.312352809715469
-0.131849004367875 -0.0708803226781671
-0.364390275292865 -0.28587906099117
0.0502821445627982 -0.0766448388887993
-0.0693255955416151 -0.344019562237245
-0.0922785337854321 -0.420627190549947
0.403168830663085 -6.74886840119461e-05
-0.313450752979345 0.388985039102986
-0.137063496410331 0.366058681552255
0.151273151664311 -0.401965129043984
-0.0529385279118111 -0.455707653695504
0.361372890126356 0.064960028810555
-0.473703050030845 -0.0406642052984862
0.149923438003195 -0.37910434212175
-0.256769564288346 0.422301291222024
0.319679029940902 0.336415337500353
0.62552312862703 -0.138492593797221
-0.407060967987753 -0.0341225859445981
0.530960197664267 0.274127486758078
0.521315139471576 -0.188060355443486
0.852724385221484 -0.391206502503691
0.43159733037521 -0.127464809004713
0.569478912429243 -0.420495174690413
0.503452812091418 0.179620130761053
0.684624546803326 0.0314073213400868
0.289848450074473 0.0592132115431339
0.24172257918753 -0.15108482068065
0.242328318407187 -0.215927027429504
0.32685654687162 0.110324051064499
0.270705122926544 0.125507516130718
0.0947656768592602 -0.0342305028792196
0.189150869492924 0.0960047111702653
0.155441233134467 0.0139987055032596
0.166109211813932 -0.177172388451828
0.232555337573512 0.116230408054974
0.0258883717545836 0.114152673673298
-0.000373007235139496 0.107788613453509
0.185077538283755 0.118184679611248
-0.00254859114623032 0.0481276408198525
0.00782099173158488 0.0395702213279961
-0.14842634409681 -0.137628007019529
0.282417989131243 0.0174309824134628
0.0173529022229768 -0.314297510235957
-0.0733147059557666 0.133606106394184
0.0299974579650794 -0.24808884747012
-0.245156243471469 -0.0546849636042674
-0.0197646885274939 -0.00869613676661523
-0.236493563125996 -0.111525424538492
0.00113547617980233 -0.0337021450204828
-0.0732471276848059 0.0330693479413647
-0.154324028027894 -0.0735240445813242
-0.0559514107459466 0.00911658973350181
0.0331609994685315 0.00426374318829614
0.0486492063338982 0.0169530341335118
-0.107056243244977 0.0347964365378368
-0.0199372581820084 0.0654596551713161
-0.285396155673082 0.0751961854418561
-0.150869156422315 0.0657238850722403
-0.146665638164404 -0.188849953776052
-0.0648967261696157 0.119323642925762
-0.365293466400594 -0.215289894465907
-0.360759417982344 0.0713700053063688
0.219810767979002 -0.0853224558329272
0.252642566156647 -0.509135483774666
0.155848665101939 0.565726710027938
0.614826083186502 0.217585584829459
0.702504759817993 0.137897992593082
0.563532374981462 -0.411247282492787
0.265499621707096 -0.334243070835504
-0.1365331943728 -0.0110815918582904
0.567132282627542 -0.401463205854411
0.080777391119742 -0.286948698230732
0.358631738986691 0.253223448968552
-0.11649165389443 -0.0587879953762645
-0.262220118658899 -0.0210105220760629
-0.026899691492173 -0.177236238179996
-0.0880379284334467 -0.00296321773712229
-0.0971102774865546 0.281500812544927
-0.0969303842307318 0.233266175511718
-0.265768947285433 -0.0658202983072299
-0.120454450126629 -0.125445737417943
-0.139600906671818 0.122592011748694
-0.190168576782703 -0.108509000643967
-0.101997263517589 0.0196157662052284
-0.299975279248257 -0.124484904654602
-0.40988215425714 -0.0866685944879354
-0.233195388830434 -0.029007134300119
-0.327754222237578 -0.0423940755947531
-0.157701759472711 -0.0463484607424879
-0.314946365157028 -0.0232795578747933
-0.541003875296619 0.0898640528392964
-0.545779958804457 -0.0575052297337104
-0.379080525191728 -0.0290211732556386
-0.321704717714943 -0.0406616884546476
-0.417487113858498 0.265595286031006
-0.191458919413405 0.260828766588713
-0.628422170937479 -0.239077663830697
0.193113692102363 -0.0366781641150295
-0.201083664241609 0.153282486275043
-0.26459268686904 0.180789539070942
0.0710795542799768 -0.496827608545959
-0.12004260202667 0.308061186459773
-0.429660801897822 -0.289606441349281
0.390150082906944 0.0940974610748155
-0.099712937285536 -0.35499143840567
-0.110610796891314 0.0788250213835462
0.134556362895781 0.47851537987398
-0.323972547410252 0.0901721015718198
0.267859024725338 0.13102525273262
-0.401287636510019 -0.147047355031856
0.0460323624195122 -0.54282771017511
0.259132734873181 -0.220303022290904
-0.320212997748944 0.441481120754814
-0.267316320421542 -0.332166203043404
0.502481555174645 0.0670804609257206
-0.446236469240878 -0.0615516747116447
-0.245316233902046 0.354114038659835
-0.251450311609448 -0.211457448130881
-0.400567638234036 0.0684391192993502
-0.37107360525251 -0.0466883698034138
-0.0969892448833792 -0.10239752270339
0.107996787675703 -0.520359959081871
0.408024785366336 -0.273056283801056
0.0181002321351229 0.0956194231375981
-0.58325811238283 0.342478902240173
-0.691501251029094 0.0711459372574956
-0.544708873460129 -0.274095106487784
-0.0635277710289186 -0.0148319444036487
-0.250292220727688 -0.285945618481609
-0.010682594806751 -0.296768571346644
-0.26968087409174 -0.0896811844416749
-0.0333428222440537 -0.139638204016323
-0.0782710074075463 0.183689586471662
-0.151968528666545 0.159297272594452
-0.0967909747122416 0.288795484007077
-0.267824914737415 -0.0743826733075218
-0.070449549250244 0.210667266356197
0.0403582700851316 -0.31280799700906
-0.480941607347091 -0.0195335083471902
-0.17095402953463 -0.284349404269283
-0.0243462892387045 0.301130015395293
-0.0321053715590352 0.311430380846908
-0.199636678181448 -0.373814019134263
-0.46644131208279 0.173233520568
-0.00515177469744532 -0.530134969773955
0.278136131593003 0.396206864762417
0.42513457637753 0.38790919182634
-0.133263511246166 0.543687719414778
-0.65221399340295 -0.533762929399566
0.73713722634574 0.128317917030871
0.709211752419713 -0.0106405827846933
0.0375051868604707 0.38661819707865
-0.54621109296626 0.452960881887974
-0.11892971242541 0.513641767685358
0.254814324123371 -0.537270783946494
0.2216517059176 -0.577359256361512
-0.0432194355464863 0.499883876016099
0.143423193353765 0.382881850381831
-0.267028570953402 0.300093901417113
0.189985944479708 -0.0197218629648082
-0.279235378296522 -0.406670046543061
0.324898949153221 -0.0338775639551428
-0.145034395569998 0.164165261379544
-0.298322296096468 0.253885717605214
-0.144401678219429 -0.129883060392721
-0.155076304323515 -0.18152753581066
0.0442541271344456 -0.13471754641499
-0.104236124492535 0.14880783052353
0.018229926815623 -0.121165766657881
-0.0234172588412068 -0.0472918471201165
0.0429905878488264 0.058831499340293
0.1560179808198 0.0723000196138942
0.169711786434279 0.0717192825661328
0.250646388329818 -0.0637894865223109
0.151401024815058 0.0780144488266182
0.139190789828198 0.202152762771232
0.222766609225924 0.185624604008951
0.219842013342533 0.118451231997393
0.0952300838299639 -0.108503675769763
0.461773876763691 0.0441343112763851
0.0707211044735145 0.20380912524537
0.272892870191713 -0.072179598923622
0.0228361635875646 0.0443053155761867
-0.179612668823128 0.488786025100444
-0.0593549157004393 -0.0589253257952186
-0.0344382260619335 0.40578365088907
-0.0459848415546239 -0.0417274627077949
0.0598818299308118 0.246743419176666
0.0512254171484499 0.432522482310916
0.334749146838747 0.326443412380254
0.170383429499903 -0.117386066223226
0.506064710122258 -0.224826871873282
0.771062555891025 0.0452270955727087
0.298508184154689 0.40938430869153
0.0906694919809341 0.0399280501217121
-0.141899123383402 0.606127959059509
0.368069560509493 0.578545566733781
-0.0240242215126412 0.450977893558342
0.514817550261076 -0.146219562666211
-0.402648799998505 0.318029018919529
0.0123451901816721 0.704797823456778
0.0917857263790814 0.581695915055103
-0.231978789470935 -0.179586320898338
0.465969393789649 -0.36515913530217
0.31284779037099 -0.725860469795216
-0.154705081612218 -0.0622129711593635
-0.154377114333299 -0.407186204549562
0.761898116519871 0.366059867522112
-0.0694229306791596 0.558532411008709
0.128221027615698 -0.5951580894974
-0.200642618385254 -0.408264774393384
-0.050784534413787 0.542813954930689
0.153921798261322 -0.551206937523784
-0.510264134662507 -0.0955427189518286
-0.41470839157887 0.0235183577177852
0.425561686656024 -0.670845799431532
0.596454344501503 0.362703188847286
-0.402085253139113 -0.0362320748928608
0.722810227816847 -0.513867622164432
0.321252977492593 -0.475960047263829
0.364328942810503 -0.350216746330078
0.669247596916765 -0.358388888498413
0.190666638603671 0.459033665605499
0.280657291558171 -0.265115283335563
-0.056991053864847 -0.068607637793454
0.265365734700459 0.358755465309
0.329647470051672 -0.166133383875075
0.44622182331591 -0.0789417882070135
0.266437218172661 0.225633884067898
0.610047917429928 -0.135868317765317
0.273646467168586 0.0434129531101445
0.241474763077627 0.170776327104832
0.472204432093924 0.0966524561151359
0.0928054780274508 -0.0111490362938009
0.488684756688829 -0.0908620009026934
0.288367598631842 -0.0854961267781377
0.481643626098961 0.0438319587054403
0.287014564498157 -0.0226618327308481
0.445999107284018 0.00870361875037663
0.384773341863894 0.0049241385431328
0.266565877867928 -0.144332420719032
0.584758849781543 0.484937445036315
0.622812534640577 -0.189543962287969
0.856708752748542 0.300522354838046
0.416695293543659 -0.402873924909609
0.639207399804893 -0.42083724678777
0.733641606110603 -0.495799536831682
-0.30977377884295 -0.0159646498187846
0.76984934684165 0.373335411172856
-0.174892031732066 -0.680196898816435
-0.426175316304028 0.0212663340603198
0.312665097873041 -0.694421703556789
-0.144384007339201 0.594911969166666
1.033151970778 0.131079334316831
-0.296394046425629 0.803592221178514
-0.39935612830714 -0.678832728356595
-0.39505438156691 0.826742377807221
-1.04400517210275 -0.0275370761659518
-0.236333616297536 -1.09319740993184
-0.193939897351848 -0.970739381809053
-0.010792604870386 -0.736213649749008
-0.960877333860545 0.0535521729652757
0.622516119105426 0.563306972059615
-0.703568771692786 -0.607025169089776
-0.33499810576784 0.729667530861532
-1.10565890845481 -0.106443883790566
0.168792001950583 -0.774736299402842
0.843983300188587 0.300446056937363
-0.694732407496103 -0.225793555270711
-0.252502644039443 0.214927487973936
0.556928015871768 1.02806941128354
1.16029330575182 0.313124571905217
0.663346523192284 -0.710672108196578
1.25267818185848 0.251219122748629
-0.0202805611215689 1.01483397765551
1.58303812839499 0.111487059138359
1.05543585652042 -0.87922039884293
0.738529942970571 -0.799332400946732
0.932644203744193 0.501397428032667
1.01645396452718 0.563608187897453
0.38076920264858 0.987487709279919
0.414283983057534 0.972872422296404
-0.101580584481745 -0.852964191285416
0.949210469705678 -0.115684026437107
1.0526415570855 -0.0336837664271109
0.501261620075274 -0.80242545529596
0.210915333253215 1.0490737176731
1.34026108607544 0.365744018067086
0.596054261258886 -1.02910131793705
0.878725633682644 -0.744289590466083
-0.0200770191892748 1.17797566008853
-0.112741443415821 1.26112575161233
-0.142179586218322 -1.29952242138018
-0.694428745568731 -0.149800294809503
0.798454035040347 1.39582205593744
-0.842124991437485 -0.0664285774646606
0.679265788958264 1.31016291650445
-0.660619707740824 -0.998307233974157
1.1472579417994 0.562689715888399
-1.00664937380639 -0.0434116824765825
0.169079764101159 1.18421368355764
-0.856117498969458 -0.612645569377337
-0.856155624069207 -0.689438185641652
-0.241985009604328 -0.507601159728344
0.30589966531663 -1.17272378346339
-1.21562466035186 0.403602616460659
0.278909240253968 0.528951584853725
-0.747410802094202 0.311562550668453
0.473000820505316 0.473845053078613
-0.660993283203481 0.582283087404983
0.377923790353804 0.367987108000127
-0.441636280477665 0.51764039385238
0.0365869147541046 -0.0160371513091896
0.353096954092448 0.83261575595483
-0.420002659626701 -0.712425845713446
-0.477755430075898 0.139227875906116
0.0181282165809964 -0.724914360197685
0.210790752998102 -0.694285950196255
-0.459325818394083 -0.142540129816202
-0.465566369438597 0.0135601981238813
0.584654132731684 -0.485258038319357
-0.371695218735556 -0.0867207799029572
-0.515386958066038 -0.0715212195149329
-0.140799918810218 0.589577916307343
0.0372279153742099 -0.650577553701752
0.641028494070633 0.374470278148661
-0.488182181804583 -0.154444607434497
0.369292163232559 0.673670448805375
-0.90357076296296 -0.0782931044179336
0.0908352714086843 -0.848148644777241
-0.216929737764258 0.774726928508605
0.738354468776157 -0.419677031319959
-1.32090353301106 -0.128931677463645
0.227609178163562 0.665959508784926
-1.0338563546627 -0.52057851423584
0.645127544384389 -0.485534257483199
1.30287816848523 0.927408547572912
-1.30879373187002 -0.526425499123414
-0.480773896548402 1.39718047164888
-1.38105260394809 -1.32328540539518
-1.62090584572653 0.547410687357139
1.31993562042026 0.570709640815144
-0.0830467235782146 0.969551523552923
1.02528878379411 -0.813547261114072
0.387932527713459 -0.842643014556118
0.208041607569161 1.65572797142096
0.126999184369471 -0.850723857472196
-1.00871728158495 1.18328461275194
-0.574173261241682 -0.669541890180613
-0.747861976740584 -1.48844229206657
-1.11897844483291 1.12695799643679
-1.3726389296459 -0.0306451925809557
0.271103451791567 -1.34702646244898
-0.841201931076467 1.05666522653103
-1.05409090953327 -0.857080328295169
-0.568552278506413 -1.32345851294578
0.315027807637853 -1.09487723024094
-1.00810790094739 1.06424466152095
-1.20944202996538 1.07309433993791
-1.69524729016018 -0.379902881399243
