0.37130575986654 -0.52571857568691
-0.465996193833044 0.995574650395796
-0.55947582361435 -0.65413222758689
0.036484708459586 -1.19596998846674
-0.0364948822477454 0.00660492515765457
0.0952881532563279 -1.30132120556639
0.230654328961659 -1.26912120118068
0.496039511702675 0.92005484203043
0.0774788726676462 1.34364433300503
0.0644834872288226 1.28112492544324
-0.433528379084175 1.36096135722108
-0.957499070982745 -0.238963715970481
1.23694863339134 -0.750037768094189
-0.617037663010597 0.0542639053986052
-0.532345276620574 -0.189939934836603
0.194372921375899 -1.11187499472702
-0.407822693487644 -0.0417655294108205
0.694864613991893 -0.653033817460322
-0.409589880809299 -0.0530227098239198
0.715904653082218 -0.615002648654041
0.401935980072796 -0.742422214550705
0.374814350759735 0.781377066080851
0.718388109983605 -0.349387433863882
0.312241190197666 -0.69052915637328
-0.17891508372187 0.0765681983103549
0.574978575794852 0.749315554918592
0.148817004408516 0.629841162050989
0.314217042137225 -0.339661401126489
-0.141575492229715 -0.0259589863759784
0.218132478891707 0.488854584106436
0.739816063996482 0.518326600491958
0.00760152591913299 0.0499489007379148
0.472385347475248 -0.359306962747928
0.325597990648738 0.491735852256982
0.785062096061843 -0.289115282439575
0.518309746731525 -0.300265606701028
0.469932596878423 0.523477492149131
0.420911349597913 0.456319502605611
0.204070212595824 -0.00109591182185312
0.988414529227832 -0.145663096085354
0.669077701845917 0.420605732772097
0.833790613170284 0.530519781200309
0.302730101659162 0.135259827980647
0.479828499422468 0.423681973728646
0.762739396714791 -0.170920855186869
0.599512536933954 -0.0129078180632001
0.34206448459662 -0.135070731700472
0.251050897178547 0.245904725220183
0.512252532926838 -0.228322727233629
0.459524281144197 0.342596511197544
0.338473049877179 -0.153293447134073
0.375526369721709 -0.109813594610835
0.471458748323541 -0.15880743290335
0.443288574030257 0.11362525607732
0.561964703036496 -0.0395571189047829
0.494188873170995 0.0658649253603203
0.716925519895821 0.105380456044626
0.664707178564587 0.149024282494478
0.515021715040584 0.0944535608038417
0.834954030426121 0.195384864948145
0.375831147401794 0.205316281515219
0.427014951602282 0.311488387249197
0.678298703160792 0.0985999404581276
0.465531182229434 0.145721131996743
0.0719724632698506 0.0165030061010498
0.399532181018569 0.198570309969974
0.353722396785978 0.244074573057554
0.60548114127646 0.146255389950718
0.570922710427342 0.321919536312685
0.557315008856861 -0.163759823920154
0.588749925408069 0.214407840338265
0.657325783993099 0.0674764650066095
0.551970591549374 0.163634439233316
0.511653964689892 0.0100115996667591
0.506640185890478 0.223318073896023
0.565058994100316 0.00584563665168376
0.523893110511192 -0.0801706370559147
0.426234984308938 -0.0762313641969981
0.294326954019141 -0.0498172203996363
0.286755653030702 -0.128755296519866
0.346685059289993 -0.0277361221996381
0.563925026173865 -0.0625909903185802
0.473143175901064 -0.0184701115568356
0.389725325964383 -0.0425574008412012
0.424108846505816 0.0456850478499301
0.43623974355344 0.0728639820363735
0.455131371201479 0.0575403485657517
0.380584058813407 0.0207637991564149
0.30626792613349 0.0665751681923547
0.374262281385839 -0.0820790116200711
0.35801534637767 0.0659193868536187
0.166199087075756 0.0174034337689012
0.252595695464799 0.0878899608061601
0.34842035698698 0.0319308295860991
0.336190241954506 -0.0271744045942409
0.232645613948871 0.0875130792931934
0.145328324168767 0.0605341208334015
0.239006814015833 0.00379534803510858
0.129650849668482 -0.0311914869524197
0.164598629976331 0.0483334844911297
0.119795314665103 -0.051323019864618
0.140767816404746 0.0944141933563746
0.278940722841015 0.0274955139721103
0.360766832354868 0.134340685398585
0.355830197987801 0.0450113000384902
0.382167710804001 0.033206741616529
0.472430003219542 -0.00540720138686484
0.321389389923813 0.0676721776580224
0.145894928086874 0.0062505463686806
0.259724687787393 0.242028616626485
0.174585480442905 -0.154745762646009
0.285384310030967 0.155729538939381
0.31541973954294 0.0905652957094775
-0.00191750554141199 0.00965864689368227
0.478940891164101 0.115894554078853
0.556890845420103 0.0378328287508232
0.632141719569567 0.0801235952949326
0.585737943582399 0.0865552072990875
0.343576054163575 0.269891914641326
0.462557175999923 0.0518626120734465
0.405196315524554 -0.0657657956181054
0.499565140899649 -0.26481914570489
0.748314355515975 0.203307798736255
0.22239281526448 -0.0466112412336621
0.446657718965361 -0.231248487039549
0.5299055537446 -0.118260039970328
0.376143059393818 0.110573331015813
0.653098520844514 -0.219765947026397
0.818632281576606 -0.17790271625501
0.352162898951699 0.0655663884248959
0.297250911651233 0.172462393352699
0.201045817360463 0.159074189103118
1.07067191101036 0.2363053095889
0.543113002695387 0.444287520391853
0.476641385975932 -0.384185801979117
0.969377341538684 0.24650197340552
0.617894656637568 -0.159714723676482
0.653741531366133 -0.162119136665522
0.441360711494317 -0.353582420283934
0.351539720198215 -0.374309805642855
0.647654112340072 0.577281902881482
-0.0800221375159448 0.290428645080982
0.393960839591107 0.568617012279013
0.880690233506929 0.1734934308415
0.378356007344281 0.426404644058424
0.343248690238569 0.471813230205865
0.421907462503222 -0.479714500211654
0.570665495544418 0.08530974718768
-0.121361625005823 0.406065599117751
1.13148690703521 0.142019668839448
0.862577602484191 0.396367503793435
0.649478386920544 -0.0502364421103258
0.0945732494121466 0.277303942585781
0.312548880928577 0.542965840131206
0.586696823681349 0.0839047002045441
0.81217442358769 -0.285471656100228
0.617609213450234 0.226529941183124
0.569640921247052 -0.0997476051278495
0.550978441230764 -0.0309590296934234
0.243693799108511 0.00432312878356325
0.503565459738727 -0.160616120253283
0.190408414030606 0.0499365769921303
0.216272400938136 -0.00832509958648605
0.231027716807234 0.446562698978263
0.239896202234315 -0.262972855047854
0.0546543324095197 -0.140740013200666
0.246224595268674 0.0326408532936163
0.426726827053951 0.0628801079085655
0.257453862789453 -0.183598472619741
0.482804232368224 0.0599597112327046
0.446646156334863 0.0823145620070108
0.581043927353704 0.070039423467558
0.354005172075483 -0.051636498414526
0.587911874547004 0.0917119656378291
-0.0573608386024232 -0.442585683832965
-0.122584654125283 -0.398732684193752
0.232102604583902 0.254464779408723
0.536770882892214 0.0397448662604209
0.0746583725310148 0.265022836020725
0.179642347305898 0.326087472421757
0.217290211673202 0.200499486521873
0.316533405128735 0.140120565718732
0.267926464972338 0.0390302034915744
0.150020068637298 -0.0278574699316604
0.424200004318654 -0.180577334065646
0.672780467904806 0.268511486103907
0.37959212920745 0.376899554642203
0.792601309456228 -0.121200028643039
0.19569297679216 0.00800741329994273
0.561586247999704 -0.255236533363758
0.770108342156488 -0.316814977699813
0.342240284719318 -0.224125454215856
0.66796172674519 0.247739798998566
0.517062849679001 -0.340982652631991
0.201173422185756 0.426355276697776
0.33580996016148 -0.267409193437494
0.466632680115435 0.189933082513792
0.380490173899185 -0.256753708873193
0.334254327918806 -0.180411904323673
0.575059754692858 0.389220751712431
0.0133349279561655 -0.0200128121151935
-0.00110554603608967 0.048699812824837
0.192356176944626 0.473681191421134
0.312520328468627 -0.302035736973294
0.308787982399673 -0.174597143817848
0.526969073469755 0.159014531999043
-0.0135082386385494 -0.135214147075351
0.165346232198367 -0.264137845633077
0.395116684083126 0.267095347166462
0.074685062348465 -0.117641700414444
0.0881331748484897 0.0768647816334523
0.0693857464535028 0.134924784404087
0.239381790213712 -0.0202890747638467
0.221515570452379 0.0311652085119476
0.129284443052115 -0.099317937838636
0.288705531433628 -0.0631823639457912
0.146386715217304 -0.0872314274634717
0.168350927458404 -0.156128785952093
0.190258435803583 0.0210626848299796
0.0202822964580336 -0.108226779676108
-0.171769875862628 0.172903030770631
0.0535758356345716 0.0705818143474714
-0.171826194418409 0.0229626233786799
0.0315713035007765 0.038413759121163
0.0185084347627346 -0.0317122379109505
0.210801425364233 -0.0516672764332016
0.0838531108239958 0.0272008127140291
0.0995218433631908 0.0593511328860119
0.48055912295112 0.0591802408824543
0.481225825084813 0.12553912438724
0.299009147805222 0.162918606516669
0.325058146068664 0.148487698469118
0.25750622703571 0.0402582025183386
0.579443175952946 -0.196091536693819
0.462139632241351 -0.0289222395163381
0.10115884247776 -0.0230718286222585
0.537961419205021 0.32074894072007
0.537476605329637 -0.183425315843173
0.27135197769874 0.208356952912815
0.319273299220623 0.185592980521115
0.320608051330334 0.147219706486838
0.229433629631751 -0.12721668092966
0.222368759565514 0.142052241812981
0.247873436358858 0.169034644645522
0.35134334848805 0.121185041191084
-0.110421063952686 -0.00612194151070254
0.193546809053167 -0.167800804547205
0.0945394226924063 -0.148105672723942
-0.167805264092043 -0.0478049599275973
-0.0337946366201555 0.335176992691767
0.358738326321065 0.146469249529088
0.159808219542262 -0.133027289618361
0.0762256160278476 -0.316452071898314
-0.180692701430188 0.085545744074178
0.0244169676671385 -0.0124337214387353
-0.124577818631762 0.00508860767035711
0.176511759981926 -0.229519572940539
0.101999575612755 -0.321482629903913
-0.196267901538455 -0.0188766490575879
0.156419860635118 0.452149882084938
0.196254456481348 0.419114356939136
0.52098420748622 0.53377569462214
-0.32025462457238 -0.0584502304144373
0.584483220630974 0.580169700262553
-0.15289426602207 -0.117779710967382
-0.0800655554216814 0.0856535605337007
0.5477042380504 0.461356057111868
0.511524547553935 0.286567740845903
0.122904007259526 0.194685132613619
0.465447890733287 0.216075299140174
0.594150543368573 0.0407775243184645
0.505115075654201 -0.342471782718552
0.307572597679914 -0.106311924600692
0.447315775067513 0.380660095009463
0.782134954190657 0.0791808066468915
0.780132784841948 0.0832337893799136
0.509503963118256 0.480951068748517
0.436153563457452 0.200693692953978
0.344024889380041 -0.324823504927683
0.388281698224835 -0.275998536303349
0.310503373330053 0.122686373830237
0.299487887811407 0.293717158778643
0.321647663294355 -0.33793587894612
-0.0613862915178181 0.51100292933657
0.00970871529563353 -0.528687786284219
-0.228149029198883 -0.298280373815749
0.619497676907261 0.351417099354347
0.667893360656272 -0.265197246940324
0.114003693744147 0.618149776484817
0.165473673338587 -0.559329301212183
0.119959866782306 -0.615699736344306
0.540315966187727 -0.838909032381547
0.635875990842428 0.373041485392308
-0.353834363396247 -0.51406541424124
0.558880065211563 0.502287464622962
0.53174795719183 -0.382425208482705
-1.21115261748897 -0.0689776181349264
-0.616101628494381 -0.358589481400842
-1.20953577668273 -0.118819315405786
-0.475224918552498 -0.740872805182885
-0.119071120343939 -0.432920400879373
-0.359646743058248 0.50682851354636
0.477526547222336 0.080469686882664
-0.28666941394114 0.466412843571014
-0.358532242267894 0.14919340086407
-0.297298220812319 -0.527215651959828
0.0788841259745107 0.571131250705596
0.141964291571079 0.0252585919820057
0.254566876151989 -0.00378286495098876
0.220296402192618 0.0659394240033873
-0.366417118657455 0.285755723831886
-0.0627024332521479 0.224909605550658
0.078802200441951 -0.335514302339003
0.143808025555078 0.063921433585445
0.0450944751931512 0.0307928521321379
0.170267677931069 -0.0582935486940657
-0.067819807811773 -0.0931415489497912
-0.0620765522484694 0.0273838847359916
0.012540931594924 0.0164866529624273
-0.0551215812275004 0.16627935178655
-0.113289035378385 -0.0429919186946069
0.162556782925986 0.10176746027735
0.185504948165299 -0.278743559337604
-0.107440364897889 -0.158210625247267
-0.343557535653492 -0.0407101602691967
0.42756583906286 0.174407502370669
-0.26651953660419 0.069015649838117
0.543436704090618 0.269194922728467
0.12331429195475 0.411291209682062
0.266501900264989 -0.281323125709813
0.125157673092528 0.528557610862562
0.743656958667576 0.276170387510681
0.426967836780015 -0.442285505288088
-0.104107098891182 0.0305682341729553
0.61575445030329 -0.229914752261389
0.262288595914752 0.67637063047094
-0.242204788840782 -0.042946203737021
0.694288913051711 -0.42071112055651
0.731731051383073 -0.465150270373646
0.659847678280028 -0.662353074114847
0.728235090445761 -0.706410292636701
-0.0603975513570048 -0.149176640935148
0.966193456016522 -0.43067525083613
1.29086422418503 0.875471819264461
0.616982446426611 0.902737480744548
1.07043106089162 -0.12532989890571
0.177127588199405 -0.130615148464973
1.90540399348013 0.201607110023439
0.895101442872122 -0.644171566185334
0.0625148827981964 0.377392360637082
1.23999652820898 -0.732531774046868
1.15760583467696 0.918046848167229
0.895660521630544 0.100040077574674
1.18197634784744 0.433928995364439
1.26235199729258 -0.0489294685750698
0.704750615623331 0.4378314728176
0.601225331157176 -0.0953127882391741
1.24236104031826 -0.0319402063535623
1.27944843733181 0.337856521995327
1.10654538880508 -0.199505343317182
1.08159160567142 -0.151048913076627
1.05909467901984 -0.287075046073896
1.12883644559502 -0.275776354431457
0.943991606611638 0.704659662142017
1.48603159603947 -0.399248115461207
1.11195950098394 -0.384207038012769
0.804830146877915 0.893473456114578
1.18816431332006 -0.0956288508132685
1.47777994564194 0.804562437977246
0.770267522610612 0.91808311135871
1.63621265245395 0.458272574795267
-0.0116205203857648 -0.00597536498956956
-0.110294659826282 0.0158354805480617
-0.167950839651032 0.0462684644390956
0.813914137000031 -1.01050562926191
-0.36391033900389 0.0658396485355375
2.05513685621073 0.213328091655268
0.603475599236073 -1.13095577812997
1.30241513710769 -1.16396273295041
-0.434010609688516 0.316111964660031
1.54691907424903 0.483985794354438
-0.258989717147895 -0.558192721005176
0.570580001275885 1.12418369724249
1.3629394605283 1.00060167106268
-0.49092883299097 0.655009156555396
-0.798875894937824 -1.34792073346477
0.933816806968581 -1.470428839633
-0.728282593918036 1.39674487957921
0.749001975921005 -1.4065919493915
-0.0836934340223104 1.34089225782808
-1.41479755679008 -0.437076440933549
0.568152374923756 -1.36746173970003
-1.20876844169059 -1.13842332733428
-0.487283873534818 -0.895566277379832
-1.26735667504216 -0.922884865057072
0.314115663455126 1.37648903403913
-1.13981825886021 -0.941560624108032
-0.309477025019639 1.18932970505835
-1.24430293517551 0.923834464706389
0.809389292807349 -0.0819281229392579
-0.569448324890338 1.16489280597727
-1.6189435438026 -0.712197787909674
-0.278935589514685 -1.28757839030407
0.473175949333407 -0.000184525234757504
-0.294169915453115 -1.31929849582406
-0.514560066784772 -1.23064571250557
-0.878097653925168 1.01376010676621
-1.6379586943243 0.925208477332248
-0.996441356341468 0.949335225639558
0.11205705589789 0.0753976704899126
0.214947072409874 -0.127552660137115
-1.28178443712903 0.332028793209023
0.0154282609921033 0.263011192900093
-0.295358924239083 -1.28785897064657
-1.25456169702676 0.274163226947921
0.464406676034252 -0.425509458633589
-1.08477647646162 -0.774651539997913
-0.121131358287134 -1.43662413847701
-1.5440699515292 -0.883510506465205
0.793795949308377 0.0916175836990165
-1.6071275944189 0.25646112973233
-0.826612415210204 -1.07670507139356
-0.690855069852603 -1.06053776003812
-1.5287982310034 0.216096664673621
-0.411174602535143 0.914483888389327
0.631357135688307 -0.898017445890949
-0.380674043763927 1.01504607227359
0.596206637019159 -1.17323179386993
-1.28289773372156 -0.175376705900729
0.921219062432088 0.861649417858924
-0.209240196764639 -1.10189379321237
-0.39194153135464 1.07341882580175
-0.210406499412819 -1.15320853956646
0.589314469189782 1.15421110375248
0.744821631888886 -0.993171067390623
-0.120422754405042 -0.982915476752479
-0.639253496410759 -0.284112402313247
-0.208295283012053 -1.05227654080431
-0.789655183116012 -0.226358223471029
-0.917537196120651 0.325679943104574
-0.585550967811797 0.962895215881668
-0.478974126006126 -1.12612568575886
0.268431979683797 0.454522223052372
-0.314858770957405 0.970798284481921
-0.515172415849132 0.875018507579141
0.47272891147507 -0.279153295262834
-0.902709269448093 0.379060842315674
0.200422783602912 -0.0786348663846656
-0.439855587765535 1.07923664271408
-1.25130905921746 0.882523397725614
0.315111274691932 0.0456734399859199
0.0960432425362964 0.0590003377584448
-0.0227927621917271 -0.0413988669892214
-0.180946961442665 -0.00946404470881461
-0.148315362936298 -0.0865996942298784
-0.240587827164647 0.0466503548106674
-2.00255641988389 -0.175451268619567
-1.10249255734206 0.472926464123432
-0.932577954366563 -0.829714953284132
-0.897538760297928 -0.650755963612818
-0.488320812083632 -0.13159944218784
-0.549330299599112 0.0591238451203137
-1.15385551600613 0.057914740948932
-0.629756207199261 0.100759850776034
-0.996880065411113 -0.275758389807205
-1.37617975647862 0.16339140540285
-0.930263262478762 0.493535243252353
-0.894925886778171 0.565562570547539
-0.880302611067227 0.653193502673231
-0.00117048238921636 -0.426761925650506
-0.709315850309538 -0.81310194733878
-0.847746964739411 0.688690702674452
-0.11642422030459 -0.379408345175174
0.296621097025381 0.198991433969694
-1.04372481065761 0.262662337096073
-0.689503775885311 -0.747717851337829
0.473597151571187 0.0427902405773577
-0.193926487007288 -1.00839803578556
0.0377785903362335 -0.14309708255295
-1.18236906123173 0.587341431391616
-0.453322675747064 -0.775967189973797
0.123316982662985 -0.152228186003507
-0.674688067173249 0.383784647641582
-0.924134732049256 -0.468020995840755
-0.415707394495921 0.565263866789596
-0.224146661793664 -0.648104931148614
0.233782309760079 0.0574847497706838
-0.300615891906402 0.680940484581769
-0.780184285995325 -0.480219520295418
0.198778575088368 0.0245280224532183
0.214162315443689 0.0310248948062029
-0.658958797723136 0.457500393988915
-0.249878010882408 -0.56363424067498
-0.346723292392455 0.232645192007736
-0.623097845318998 0.356297271866996
-0.241147937847034 0.362297285261914
0.1364931580419 -0.0932364585705832
-0.202820592395856 -0.494511192335622
-0.788577801665799 0.37393789063929
-0.929586784798896 -0.27526219624038
0.0940482158082292 0.064128269115632
-0.505469740446728 0.618541686492007
-0.362310668752064 -0.665172149744817
-0.589141098337873 0.354561824910961
-0.805007854352335 0.313704474525806
-0.651758425551986 0.338050893052457
0.0465113115986402 0.0413381496282122
-0.470169872714083 0.403377362659778
0.0148332222489818 -0.0812674188888768
-0.56922215378188 0.153505748964966
-0.228315815186028 -0.496552615777372
-0.0692682229294727 0.21308020055671
-0.0664050260603017 -0.211625343571698
-0.113870017335911 0.323176413728515
-0.183309507954617 0.432664622258172
-0.568064446080308 0.268970333803387
-0.0756301037251049 -0.075761478202148
-0.724834005273946 -0.250822641688168
-0.0222365783861154 0.00410200456485618
-0.284288354068705 0.340416934854666
-0.292332421250294 -0.335741731783111
-0.0482680948640419 -0.0576738681792898
-0.102287733223308 -0.0354007360301209
-0.212277842104589 -0.315947766389198
-0.597287865468273 -0.0592536013327856
-0.233507755715995 -0.247706146238182
-0.166101842148863 0.103777391460785
-0.307896691519851 -0.158267767167203
-0.0941421357284764 -0.0296518984947128
-0.0334399908755184 0.00730834818534808
-0.215046694033498 0.0132307354573934
-0.0913341401078435 0.0151977329989128
-0.249003920450861 0.186953815925004
-0.25585858348676 -0.13776511547373
-0.483535636976247 0.00618272698946065
-0.584758668444386 0.0726852808531541
-0.560228319331018 0.111497618923965
-0.894569075267965 -0.10502646895838
-0.171877584952489 -0.00128560548046742
-0.539323547350266 0.178391796713912
-0.250455709238568 -0.0814439934390944
-0.177618797706263 -0.0221607105133918
-0.697685625969319 -0.436421236496363
-0.254753643161119 -0.0317000610626542
-0.504022380462673 -0.437019516311888
-0.178123620101955 0.181582839635967
-0.27847994217164 -0.281877393625976
-0.352576970077591 0.252551734706086
0.0489401351458544 -0.184270705591047
-0.307826418643807 -0.195097972179916
-0.217631887337811 -0.150723491265255
-0.233889041311406 0.0896608564382096
-0.232533957319449 -0.0609685858955927
-0.192944939411133 0.0626522754458681
-0.248552141617736 -0.03603399177052
-0.302340960422974 -0.0241418618630354
-0.260303187483137 0.133974629659626
-0.185774322333234 -0.218031154637052
-0.299509589362963 -0.0695938358782175
-0.101750801099423 -0.252642321989523
-0.477808633266784 -0.0794745514144539
-0.254337746732015 0.0246032659093584
-0.425647081609839 -0.124684666039837
-0.322411655170279 -0.0728888406528528
-0.297501240691159 -0.0273713474043314
-0.369828300116057 -0.0440721451763122
-0.315024887249742 -0.139521052858703
-0.120912287264873 0.0203509880083564
-0.364841458402944 -0.135109618331937
-0.130708938810947 0.000879742328739788
-0.32234241850183 0.104529375158852
-0.589022725733295 -0.221178185915201
-0.410391559735936 0.0402328622076927
-0.197397265728499 0.0226992492166822
-0.160207522866503 -0.00522986268519773
-0.264634342630876 0.073477074270519
-0.447295370053019 -0.242965425036673
-0.322716706350513 -0.0322728463897417
-0.501639695617703 -0.154657073135433
-0.487545656554865 0.010957742192031
-0.425530105325029 -0.0401491661728623
-0.491762588048411 -0.0773087056094842
-0.47671835955057 -0.111315206768307
-0.435450464003721 0.0730102525132609
-0.398049996646844 -0.0354379161246427
-0.350151704855413 -0.0347729900535058
-0.444072162153751 -0.133103653040149
-0.38052622734731 -0.00652413921523754
-0.351189230529267 -0.0269645728624713
-0.270135173305577 -0.046807313172074
-0.413242180421077 0.0746982573369076
-0.521321161759552 0.0924974564562188
-0.412343471536628 -0.0866453500555714
-0.550065254997498 0.265786417560784
-0.390264456959663 0.120803247548569
-0.619739435693467 -0.237350757181052
-0.830839233536352 -0.158612961620768
-0.650574183781872 -0.238913926144072
-0.847285642394959 -0.134860068851334
-0.284604332553405 -0.114104953148924
-0.516852089869517 0.143022800098797
-0.420900390132756 0.172013690782836
-0.560113272893882 -0.319454810095094
-0.554227565324731 0.216951602073397
-0.437076309615852 -0.34072378001334
-0.204892397769631 -0.0203463719435763
-0.197186325785265 0.121357370777073
-0.557396896031369 -0.192392181880317
-0.622367495625544 0.242749093502022
-0.501099754837232 0.155406553297974
-0.516695897773042 0.163332067474461
-0.321342204310209 0.176131344760445
-0.572663991682556 -0.0753287415080691
-0.643990584327218 -0.22536229137029
-0.71618439506717 0.0177340198362765
-0.469316783142462 -0.0960306134004723
-0.417698621131624 -0.064467722126573
-0.657615117614567 -0.265835683200186
-0.875106278940491 -0.218762998166158
-0.597357962340441 -0.322438424670875
-0.691303302869363 0.200545316451876
-0.881347001731843 -0.243448085649652
-0.902095625576289 0.0685230686283964
-0.815057249132919 -0.0739753710282694
-0.286622608189733 -0.344262639804229
-0.437239801181997 -0.171346701620006
-0.615098888912688 -0.0558645370750689
-0.453519373040806 0.192965066388903
-0.395861916720527 -0.303822767220493
0.036873566633263 0.00894709421144588
-0.489352287365834 -0.223041801941894
-0.126135645973298 -0.329429443234424
-0.0465123137781567 -0.0281588316732488
0.0134798343103844 -0.0622711176020875
-0.37696840112636 0.174978150769572
-0.116939004176334 -0.204820744635979
-0.209932802358455 0.089614616842613
-0.241903985933417 0.0768738882025385
-0.174980891585848 -0.230345223022601
-0.237952066584691 -0.265915008472316
-0.272183233659148 -0.213152379808385
-0.298203787368665 0.171885589653405
-0.096653944577257 -0.245914387519032
-0.389577703012759 0.181964084985365
-0.556926029431778 -0.173435257444122
-0.546445728686964 -0.00144807998174808
-0.462043615364945 -0.316076361355584
-0.412121685574939 -0.414222072202981
-0.38548989738979 -0.0658103846024336
-0.364200723518559 -0.0173207552010382
-0.587217744921233 0.0178792598975856
-0.463283921474348 -0.378069126103449
-0.185921648382134 -0.11115662889332
-0.512461102005505 -0.24847965148556
-0.585695600245026 0.291868605401631
-0.601449600283869 -0.212137341308693
-0.526731658437715 -0.294942393193538
-0.145159594196056 0.0350169382871967
-0.611945549955948 -0.0777122936789663
-0.627070053608238 -0.0795653993326216
-0.520231897191859 -0.0903920040187714
-0.521684763371416 -0.0107774880113016
-0.689295930405292 0.0163027945281974
-0.546208259982447 -0.092400998580737
-0.571683138694367 -0.126163561218297
-0.632935634309338 -0.0622838899357601
-0.829419496635396 -0.0736000065649154
-0.532316498482761 -0.0367885183256072
-0.583416426481233 0.0236596075624372
-0.481191092895179 -0.0322836560720555
-0.724916308209755 0.1403601186303
-0.627038107449939 0.115788754118327
-0.754812413282249 0.0121983543342881
-0.277736860830039 0.0313414900089594
-0.817182782164043 -0.254596379390563
-0.307108077673919 -0.0083769812753722
-0.749455922168443 -0.303576530635946
-0.636835025339172 -0.185710112116315
-0.532323273452917 -0.134987073177799
-0.634439481875775 -0.0354189174812716
-0.764893270620157 -0.0473640712478955
-0.617860332440048 0.0079575719051993
-0.798238414148291 -0.0557455849967845
-0.652379462655065 0.0286673202614814
-0.517688026100337 -0.109751402749472
-0.83697457374938 -0.0688747409511421
-0.280447652781464 -0.00152032674140886
-0.211735411439083 -0.445944662012468
-0.591595124358001 0.294277570557218
-0.386099783191132 0.139393930128671
-0.379541497509933 0.063640024332066
-0.586841108322348 -0.224920936139438
-0.812074604359641 -0.160980247064041
-0.484843586259325 -0.0948836515412623
-0.769184017283799 -0.130593677276585
-0.600473753282541 -0.184701073721237
-0.693743021668779 0.0477987320288378
-0.813249513039069 -0.062705493520998
-0.630281037913044 0.0432413451726365
-0.607537100906044 -0.146250537111157
-0.657250334687046 0.14198015863361
-0.657479418558995 -0.178604781689865
-0.693238594733516 -0.208482297214369
-0.221523813661065 0.0274019081201438
-0.385728452364868 -0.397385494054424
-0.489067945649999 -0.13372248337194
-0.544378642875874 0.19547845680792
-0.564338982775703 0.393723624237454
-0.605537442690625 0.391756066318805
-0.887470113702978 -0.545457301198401
-0.0570654720548673 0.0632164908015164
-0.714492213857401 0.206109606447054
-0.148854739149663 0.0387779511844893
-0.237460947043637 -0.0314650228945988
-0.460109265796023 -0.544573645504266
-0.183738065374405 -0.157672081198064
-0.797704614835625 0.311969522617722
-0.68869582326357 0.244480441818647
-0.64201591760693 0.201530805709212
-0.961016856647019 -0.156612961209735
-0.51695505519388 -0.0333773072359506
-0.874826375081146 -0.15249405594547
-0.531908900939582 -0.0532758131515072
-0.435830579397044 -0.183582987014933
-0.74461266462593 -0.0663721914948419
-0.61066777557833 -0.0944728126792992
-0.361642099563758 -0.0380746724293442
-0.460872488547606 0.00973617279560663
-0.348110588111422 -0.0514791101244512
-0.465221666920217 0.056114351089251
-0.432482884795454 0.0381991154588514
-0.421247599689504 0.0187496929393694
-0.434377035036334 -0.126376800786074
-0.29129950533598 0.0973506153778605
-0.589540114255149 -0.0612598962205051
-0.332028470578202 0.0622108402833374
-0.415505541633936 -0.110482588705814
-0.24075388372463 -0.291352071842698
-0.173257973179726 0.0459497585346034
-0.237725850178732 -0.0766175155631557
-0.190326084078909 0.093715892269082
-0.317018096989346 0.0102478965599471
-0.212862795276804 -0.035389732680728
-0.304028602752515 -0.0215252971931083
-0.20350903515888 0.0112857478910092
-0.370665959058998 -0.0233706136597202
-0.419961571198669 0.0122036325983306
-0.402561955202764 -0.096403678380296
-0.412425398137099 -0.153622345573358
-0.533764302896597 -0.0608317457098177
-0.647920731995916 -0.0597313298233616
-0.406299007210496 0.135974320548902
-0.665746051480767 -0.153561010454986
-0.440511937925401 -0.331853013975141
-0.819326897530134 -0.0385473585665154
-0.698973714072978 0.0847051044137009
-0.737140945565055 -0.151005297335901
-0.948706353831004 -0.101852197845764
-0.63766943798581 0.0135576768153335
-0.946022222395288 -0.159759823184629
-0.691446459977115 -0.166755413859782
-0.645035322100484 0.202075988463272
-0.570634607676369 0.165109871390872
-1.06260410526401 -0.0678977032736556
-0.753601097973194 -0.0842331472259003
-0.330084561039214 0.210700297013473
-0.20707423892558 -0.3250365555903
-0.326726053478198 0.0768492325191954
-0.280647022305072 -0.32672884852286
-0.585233620471287 -0.356029735921652
-0.402230154195389 0.292304446664706
-0.354447327696013 -0.132165879249603
-0.511171373197056 -0.0588732652140503
-0.335906929089606 0.28986952865589
-0.0816643883766471 0.302334404709964
-0.475114075243758 -0.0693538849745371
-0.19942810161499 -0.260071215952753
-0.307553338317079 -0.333577540937484
-0.521556153658271 0.308818427899025
-0.425117595667632 -0.409521243475691
-0.182766549919267 0.421085167442873
-0.597764310908889 -0.213265293041906
-0.943669503443571 -0.0960613749117814
-0.574632197308867 -0.493872391184629
-0.666377120486317 -0.205610586463806
-0.426224969213689 -0.460754684674747
-0.0239740980739827 -0.385130306246244
-0.473210020036675 0.39956792250209
-0.365285905471061 -0.409022309106258
-0.27261987579093 -0.391672381797174
-0.274415093793361 -0.285662474228311
-0.369502057454033 -0.258427671828706
-0.262846251048825 0.301537296537665
-0.0734880064118934 -0.280808263190218
-0.437542133020254 -0.0927894023312187
-0.211538188643162 0.372856669259446
-0.267538350106347 0.407689213397295
-0.373578823076682 0.442781654553449
-0.610099328442318 -0.113958252937022
-0.359952745014111 -0.241322202856375
-0.265277307628644 0.341434820106995
0.133537571933168 0.197987509137495
-0.107750131001028 -0.21819088439072
-0.163391669126862 0.339137353340493
-0.415064804017538 0.00652866955009629
0.215804625809279 0.125747715187324
0.023759354855895 0.103866857358264
0.0197281252305824 -0.302310174803018
-0.237013472614751 0.487981162725905
0.565415176700624 0.0661161387932553
-0.172730018980321 0.0922948119657219
0.0217539039103373 -0.377430683292694
0.227983500737184 -0.0564009128590752
0.291930390773597 0.00833856301952844
-0.164829698919569 0.299714040478845
0.100658457159109 0.180113108834534
0.18542557609399 -0.298565194815815
0.139432924813754 0.306522927388596
0.0129729904732279 0.287063369958005
-0.204121587604865 -0.042556196417221
-0.0533225278891772 -0.170139827757707
0.101443676056133 -0.126551710988858
-0.180654216716699 0.212286187821688
-0.0984316093848076 -0.229394583787766
0.183062312474085 -0.0976790078655045
-0.0520554080804803 0.288699791205105
0.155616968322982 0.0868906671497726
-0.000689266717068229 -0.084198033684281
0.070018167069134 -0.227835960354743
-0.121233821829684 -0.0526297224565923
0.269135585178947 0.0501186424904905
0.115110394548686 0.0381547862171894
0.00370342803153464 0.251410216451824
0.162555195141605 -0.219904938918451
0.036111976575736 0.0399389207315204
-0.0315074717276943 0.294902827868444
-0.0626239240080039 0.195193720143474
0.358523108677624 0.0527505124622903
0.0165177203710109 0.387438952146323
-0.0100444483182126 0.379804722225822
0.249007747084629 -0.0177182146551325
-0.21485779391135 -0.358766672082603
0.361603934021846 0.0290054264297469
-0.196182356598776 0.260974740095384
-0.125088104764429 0.140422670167343
0.0893739311797682 -0.0798152079783129
-0.00281854687201323 0.0887095587610302
0.188895699770559 -0.149431094135071
0.185059698031535 0.215175522290401
0.0567574707959472 -0.134993137369565
-0.0274871302741075 -0.222547878832442
0.418753987782632 0.0672524367015101
0.522201189567308 0.033998660487935
0.222832434843381 0.351003595675312
0.243848380149018 0.169183547089564
0.205334960382021 0.324957378302459
0.550376426790443 0.0627253552298712
0.321944635210053 -0.411619932545862
0.512022016351471 0.341865590184919
0.775102470284174 0.0709662036651403
0.802695723219476 -0.00948271255076508
-0.0541348471975693 -0.406257563730331
0.738143110223243 0.0356456583613717
0.441039219805402 0.34480621422778
0.608509113827969 0.0586196086203891
0.63297224849817 0.0990576424899676
-0.264128110520188 -0.411385857883762
0.151196830449056 -0.445937961525388
-0.225741935372628 0.476581994566989
0.154230024146488 0.379887839062134
0.324079907316339 -0.403094305954554
0.229397144626154 0.308981492696865
0.23454907399131 0.448276046749789
-0.199796730650209 0.561121163626848
0.222701337208179 0.606121295923147
0.777226253795316 0.0806227170030191
0.735699075430335 0.0513460336709269
0.764585579868571 0.0591387395515539
0.301232878781256 0.751864782333928
0.4265623171061 0.734052668582446
0.358150444707971 0.711140030909026
0.367663220205579 0.609936083336948
0.448320276855117 -0.546014939904801
-0.115816148108106 0.603397583241554
0.550907099418038 -0.599457645493126
0.563009015243487 0.379589604183164
0.977951671655687 0.109742630413203
0.574034082988199 -0.655775924705998
0.399097039084669 0.852352121800062
1.03804207935328 0.266550983968526
-0.841118567167637 -0.0924888925893252
0.889783350131925 0.108569568222318
-0.425165754905112 0.837123157796946
0.525250775935323 -0.859878143444754
0.3944366025767 1.02950786242692
-0.369398502544225 -1.04509613860587
0.346514751525853 1.07162412812956
-0.101986048466268 -1.2402002054637
-0.443729397264734 -0.841317955993218
-0.974949100432143 -0.126672398040495
0.979351897291779 0.441784007611406
1.19660731232957 0.365109241091964
0.924228125763326 -0.0484787146204571
0.89179397367602 0.0619873083766801
0.501409673474433 -0.686770556727047
1.00139857676336 -0.0618817307653974
0.87963240258943 0.0441168914056216
-0.257343871933779 -0.665415666100858
0.0627907853848533 0.620313224422054
0.874893258587147 0.491162928452777
1.0020133105575 -0.239434261514141
1.37980119630509 -0.308615546878266
1.46523875297905 -0.282098984926273
0.90671474241317 0.655912539912429
-0.682167024851417 -0.515264376891723
0.298191533476742 1.12378500963014
-0.625353646949656 0.518527927230862
-0.0798315584438084 0.625703898145124
0.834619757165849 0.491995539765644
1.17650147831114 -0.202162065969872
0.150716504952205 -0.664744567140695
0.913955067635799 -0.19533666571615
0.0969426255792241 -0.696715729687366
0.555750886884885 -1.04885081231557
0.980371051519429 -0.739811565502807
0.79811438525318 -0.867102371676842
0.72976335954004 -0.958958934582444
0.180455499414238 1.15808081970881
0.819401378317885 1.2214169536717
0.35394532973127 -1.00138014507407
-0.0726160647130233 0.0112520184326307
1.12388702130795 -0.575188006670269
0.399527760387684 -1.00611868918147
-0.506295391295619 0.359866952237839
1.20138355659281 0.400150088588203
0.62948096497556 1.26308428134868
0.787051476949808 -0.490023391646645
0.440599720117595 -1.13629752634227
-0.847149861897695 0.481557778663501
-0.0791118394106708 0.0735279605071727
0.29368884234058 -1.17500836629319
-0.094115662174493 1.28984099127767
-0.126209832646928 1.25764838674919
-1.07853576910554 0.430016814798642
1.3391280660729 0.517897636638472
0.716402696872933 -0.74477825895408
-0.713774310922582 1.49162335913691
1.11959103736927 1.37036307985366
1.17705723333109 -0.702003145323551
-0.00541683725882574 -1.35125060659075
-0.641024463153635 1.34334377822302
-0.607434238533908 -0.496562602788113
0.887766812387714 -1.19026433465201
0.109354102727753 -1.12424095577918
0.164626768356035 -1.11207957463924
-0.657666045314154 0.0941531927971277
0.988029389484131 -1.11411682774131
-0.191645894470092 1.12394254805242
-0.431361966610957 0.051020523035933
0.750334297346885 -0.587166405442424
-0.705498423685979 0.200628963122034
-0.442952895052967 -0.255655791562747
0.300331751359264 -0.981136030337525
-0.600766512187026 -0.286844533399811
0.985262479641088 -0.777389514614797
1.14505663599763 0.579385202641936
0.0862707490280011 -1.10520758009883
0.0772294789033419 -1.18825655783766
-0.306336768194736 1.2266724996014
0.0652810690349094 1.08819497111508
1.6273664727502 0.154705242040734
-0.841982271662882 -0.352494217008178
-0.652362724018297 -0.080982142986197
-0.973462964162514 -0.282502371366416
0.0112447601606172 -1.05362564374579
-0.741437646380452 0.0978053924733444
0.0147526595890156 -0.993383593895206
0.950333873793907 0.516805318825498
-0.34258285502757 1.03951190118748
0.328647722979081 -0.658128928813364
0.450955129868928 -0.63335620862109
0.526869316886807 1.1318887232616
-0.184069342991851 1.01859731363171
-0.566699403288519 1.06548397451744
-0.707320351425084 -0.251915971349601
-0.278719803716961 0.986168481038577
0.83477413696072 -0.822125963735414
-0.649350271633181 -0.0301132983190247
0.104639028651809 -1.0344458511039
0.107476417898944 -1.10054539526469
0.843923816029739 -1.22230807265321
-1.06639732475574 0.0274171174826137
-0.410655371077947 -1.18127495701619
-0.941839852379205 -0.150423649024153
-0.221055071002357 1.04046127342612
-0.741858836355951 -0.102219083328286
0.0701878560095577 -0.990246052437194
-0.0302875689535836 -0.916782850729252
-0.687094726335456 -0.058019041672268
1.25672472085587 0.169638026384986
-0.0714655049799361 -0.825657787472716
0.0534197968588346 -0.710359000839726
-0.650362418670494 -0.111435132843297
0.6148119777624 -0.609250777253106
-0.275061190558274 0.759956143239
-0.0293804748134934 -0.730523515161987
-0.0763080908645022 0.572906651021683
0.175744754649404 0.752481909686577
-0.680540991493032 0.162803244711572
0.359062742161588 -0.452204713111784
-0.165527965317703 0.588247002127626
-0.142659556380488 -0.516099394229918
-0.575056615178778 -0.105701760303152
0.287574748776331 -0.370357263804287
0.00312123846958439 0.56634088155212
-0.559422685809224 -0.0912748310431782
-0.230291641489129 -0.577866922096348
0.332618302317639 -0.521674859802729
-0.185437136772729 0.494940340599646
-0.489713027385594 -0.00971417588715211
0.228904470510677 0.292575617060258
-0.13763853651038 -0.390262524219769
-0.480269075466795 0.00654789860692895
-0.511204984825519 -0.0502632089276783
-0.420468353881302 -0.0132251849280581
0.455031774766219 0.0610571387594508
-0.368264725273047 0.442160813532247
-0.644667728855575 -0.0790988968229717
-0.338758534554946 -0.364368245860291
-0.473761051321629 0.352592390239405
-0.246846416588364 -0.350950440861395
-0.0335498178161639 0.214949019435376
-0.452646984927035 -0.0426802811069885
-0.260502202344304 0.403686296410873
0.0255341297520328 0.561961214051713
0.463135844725493 0.104401050333469
0.0421921822798085 0.721717462616611
0.345698949948953 -0.537202875466177
-0.82270783988723 -0.00964162400455161
-0.394103238653124 0.756178518408467
-0.56901629309034 0.728539401450123
-0.24890930426588 -0.671477158593719
-0.86884587835912 0.189427586966978
0.020323368814876 0.667156234465841
-0.763333376082437 0.0177205729305849
-0.616166324113648 0.302026593539496
-0.230357759594991 0.509085920855312
-0.233242497327499 0.420913417105563
-0.551097069021301 0.43375062863024
-0.281734147713695 -0.347302117293216
-0.405045750237613 -0.429716126470693
-0.546811411592366 -0.237279354091874
-0.754757555688705 -0.0047995050943882
-0.48379567060361 -0.304708872871729
-0.643088616765415 -0.0205621294938887
-0.0105746666632741 0.278819250126074
0.0400070867962119 0.262378584898014
0.0775748752588585 0.176594023228956
-0.67900210510673 0.582583027327138
-0.376356352704061 0.575947215934201
-0.239596767552635 -0.0357653065950851
-0.634293111739272 0.670541745894621
-0.0279600250743633 0.339128962734802
-0.657460672340168 -0.463853640038515
-0.511677924372249 -0.57818064802368
-0.399869754906573 0.394351185458361
-0.0671705873302372 -0.134713518565319
-0.0149536690394428 -0.0520837295985748
-0.494770341344195 -0.386573773420048
-0.409288938116669 0.331018561011945
-0.510571065633592 0.429176044114865
-0.891668126953854 -0.213711836676147
-0.454610085030775 -0.0763068687466442
-0.592988523711626 0.321175544491159
-0.189723711033087 0.212345841688404
-0.392814055874642 0.565303281747262
-0.930675810120155 -0.378202827047185
-0.683540116020542 0.289859836076855
0.382045251440349 0.039446550726993
-1.30514952827394 -0.124363165194808
-0.579311593925001 -0.555721023226264
-1.32328576524475 -0.118962101398267
-0.927944574016495 0.57962124252616
0.0293030450341547 -0.0227292769010284
0.0199025956297758 -0.000640001316087827
-0.562724139168788 0.295513839548729
0.0270122885475575 0.057202344106216
-0.118784195527265 -0.0164153492676233
-0.0250493308993681 -0.115780599259502
0.102950283782672 -0.131498949260301
-0.577015883834461 0.260096660039316
-0.784494674912741 0.294891080794361
-0.574295184705896 0.561573647237438
0.354850878576 -0.240913552361387
0.113441329119241 0.340303237035051
-0.719496077918223 -0.191183696261219
0.558567791003586 -0.283493697787813
0.0945697069104583 -0.674890343336539
0.133510292392527 -0.739461625588318
-0.110852625434312 -0.396861539383948
-0.465381398457218 0.349846432779134
0.324362166816491 0.293747928279318
0.293386070599587 0.647416325921529
0.487792633198305 -0.126157074439624
-0.240295976336475 0.451389992598524
-0.137548835644995 0.2208800634636
0.341299607464804 0.0585495071318035
0.105767072997168 0.144404834178186
-0.200687788253953 -0.272351105379542
-0.0296916758162814 0.397365780766896
0.124649989472171 0.207171943818659
0.00617269204105902 0.354287761889711
0.0941580761203272 -0.511145225729715
-0.49371833245498 0.274658981643558
0.0252500484107763 0.565360503883905
0.697447581083363 0.210875139522694
0.282130923844328 0.533479064768399
-0.278489906529655 -0.295409426568904
-0.0246886459310927 0.177320344659293
0.630339824891164 -0.587037718052201
0.426689742848915 -0.426240980089762
-0.00673147085946482 -0.235072110518739
0.618534713089617 0.444844169634819
-0.213286125280158 0.0567683614885261
0.581348680553416 0.401872561971443
0.15785382016689 0.511429369199523
0.136963637265659 0.366253123578356
-0.275856901701994 -0.262293407531126
-0.226830772381387 -0.273888948734544
0.218450114722868 -0.0630273978775497
0.0229286519178089 0.516895653657126
-0.315164574654163 0.120458135146409
-0.259069900874676 -0.0789870113818972
0.0299828464870923 -0.107679643807611
-0.118139765717871 0.176856081077159
0.176824697674263 0.039536640466113
-0.406036629421614 0.341192619331412
0.0410858159255485 -0.36738059419363
-0.407216138458595 -0.340286877589944
-0.333018922525442 -0.464989738569046
-0.571814476408788 -0.391773782424098
-0.159039878750482 0.414516545557988
-0.0901716473693884 0.639819271391118
-0.736213362932451 -0.426637283568551
-0.0372926577884854 0.720309869333626
0.00795005243381827 0.869972900277034
0.281430675258491 -0.759266675274353
-0.273562711419747 0.45702829177103
0.466542756783283 -0.10174853969993
-0.0289981417458557 0.655629342059135
-0.505142722548665 -0.386021506430925
0.207774166772287 0.113013170932254
-0.0753163149865501 0.387473848949607
-0.455278199417001 0.328374138513171
-0.0232299577453961 -0.379314173739335
-0.227294982141378 0.151759191619126
-0.182911392994095 -0.0893888512173849
-0.792312065039713 -0.0858949004287888
0.309907071890688 0.00574882564547152
-0.00571169855934906 -0.556506609185943
-0.216337810775233 0.435470515794889
-0.068272112542378 -0.581709306062636
0.277991467114677 -0.186223999969598
-0.278312022670146 0.702299750131783
0.0428081803578362 0.368255204552975
-0.481441124948639 0.200926745031434
-0.286558786118777 0.539438418039285
0.362218142004926 0.0563579459797589
-0.580759247270499 -0.553779316481297
-0.327250722806994 0.5247045105219
-0.69933860742772 0.45699913152473
-0.555118847854838 -0.613894579754564
-0.592926445801801 -0.469609768048078
-0.500521886554628 -0.634850351074977
-0.6775418683167 0.336713744332318
-0.0415301206675872 0.55926221567512
-0.114673532351032 0.39650433145775
0.151727245732139 0.163272753945677
0.307307629775829 0.0811423186617183
0.399907524384061 0.085188473347677
0.396667696202127 0.0807364477964426
0.131895441298753 -0.530108319415217
0.0924715214478588 0.501395460945672
0.504938729621324 0.0262897887114177
-0.628952476111184 -0.580682441107935
-0.613711231262004 0.633412580984775
0.242380428729572 -0.785123375756371
-0.511476171428842 -0.774523305811887
0.675717666834388 0.0741674202769335
0.568634804953495 0.0431706733927043
-0.64507131087784 0.679609875942812
0.467236461484489 0.0801528473196794
-0.873933788746415 -0.0747135617786046
0.122347488040144 0.643645315300186
-0.814643979387091 -0.0658995208297988
0.014510026609802 0.457355027146472
0.442318346746468 -0.10836573252719
-0.205264558500833 -0.538375462038674
-0.157368939270262 -0.254213996556997
0.233309513691388 -0.5507901789745
0.517638360479879 0.191393303607164
0.533265204687237 -0.174173871082772
0.141981192945649 -0.543624402083186
0.00828041800186682 -0.433404687552915
-0.229266350602568 0.324054935112111
0.13834511301918 0.593996390970228
-0.183745231280638 0.487199917427289
-0.290305291949536 0.568159687020518
0.467274169101569 0.0210940448432846
-0.809239495007966 -0.48805137580989
-0.0628645774636595 -0.65460512618925
-0.112982957575459 -0.657837438715198
-0.209817937810012 0.618664236494737
0.0154538824458316 0.739747691991451
0.187380769057383 -0.689955089985368
0.769943758446459 0.131500278888508
-0.0153479255286442 0.58273350717624
0.157999228703909 -0.502748091836319
-0.0278171507805162 -0.453987179189132
-0.188177033079647 0.364330313123109
-0.054017414906155 0.728761355071285
0.570130066530789 0.571567482025365
0.440463889159649 -0.110283334326496
0.0181039352329982 0.59110529858739
-0.23887429123207 -0.227398969421396
-0.279107328756512 0.284828182374029
-0.167916452805092 -0.496955769804579
0.184803206506965 0.275639682868399
-0.484811395445278 -0.0755418724006667
0.20222079195619 -0.515716344051361
0.510854306164953 0.0763816483992817
0.0911093864785352 0.61571735376577
-0.485382986784437 -0.651247009712115
0.709468375894654 0.112217161509864
0.822073914246703 0.0224193160383142
0.311452438382596 0.642544589007173
-0.434679704583585 0.602436945274757
0.482869313760865 0.0586796489319495
-0.649924599969818 -0.0523874283278264
0.299882922992311 -0.58968477808196
0.517601093410644 0.219787724541335
0.483886678740403 -0.014554124198422
-0.187380704161454 -0.29855741394672
0.438626552175641 -0.0512454150847674
-0.163270066046302 -0.228691821329152
-0.162228273396278 0.18149176997358
0.576947326184866 0.148171986346632
0.181334486196796 -0.118911998495284
-0.118069660809146 -0.0842488363469383
0.318907712311306 -0.359895852159453
0.226439634450063 0.425808047560638
0.695765372312099 0.113828609100573
0.133703428927038 0.221526526063389
0.33400497987541 0.6649166275609
-0.00404996638046987 0.444226460769565
0.132263168595896 0.726479157789445
0.880910609205248 0.124284089942316
0.249861262252066 -0.734466458372285
0.168651803687935 0.730927759816342
0.312305114903464 0.948427846808999
0.603367428648142 -0.412311601597482
-0.462469104962792 0.458900655101735
0.56790429703847 -0.0987764730255916
0.27926813944562 0.67509807975252
0.0467208208543922 -0.624931593051245
0.262055911249663 -0.450158411019557
0.414121402527742 0.475490378373018
-0.0386364714585566 -0.182006516286779
0.509014884746953 -0.086115498287655
0.781129881255178 0.201392218871674
0.0848871728602666 -0.368673295156357
0.376327643964023 -0.354523956576042
0.57052215891873 -0.0080490566781879
0.437510454920508 0.0316659897738979
0.264472691263631 -0.408406083732256
-0.534272144125179 -0.0306376600632383
0.205873170811947 0.556553693829073
0.737527746681517 0.0683704353406179
0.431458156293994 -0.603416810541061
0.317226732064607 -0.512867255305538
-0.327165276165747 0.694182068229189
0.538078614696111 -0.713570976706985
0.400700486272495 -0.546541518002639
-0.305719823304446 0.696380027406043
0.364904072068992 0.564307362338709
0.424089433037654 0.40992074068857
0.314612785631686 0.409537618857197
-0.021137884347637 -0.389717291094633
0.629431343867256 0.162364339736418
0.575447208320061 0.0255553453160596
0.568365929675502 0.0144303251456883
0.286328067807524 -0.214137064133804
0.368495457910035 0.270117727085222
0.1952898644612 -0.26635897038309
0.135488270886428 -0.121375787711435
0.422738047230516 -0.391995414339487
0.743752974634891 0.0608045670844472
0.0269027628590398 -0.424741281088694
0.366604490589928 0.588389889917765
0.869916094361723 0.0756055116736962
-0.0174476066096639 -0.723341152402866
0.496231520000695 0.62113222592751
0.382695030576544 0.520113129493799
0.46187195781614 -0.409142590666915
-0.0220001493604344 0.362051789624974
0.157301002046447 -0.383995825470281
0.757363275972224 0.125937245275767
0.41503634078257 0.522401402481076
0.261886151442969 -0.300504878920773
0.71664749123284 0.17759503709186
0.698804248523847 0.0696192880848666
0.645813781249271 0.00317081005173268
0.185863426962602 -0.224777999842442
0.4980586470603 -0.0267568633383889
0.281599691721305 0.0795602808519745
0.146048278735144 0.255158806263314
0.212242420510101 -0.302542816359612
0.413075423354943 0.0992612516308905
0.533886443676375 0.121742071788866
-0.141261379851103 -0.414456616405299
0.506907956901552 0.0652212815915131
0.297936700010212 -0.524976221535749
0.630604232976017 -0.0756062188035904
0.842449535168206 0.193338633283067
0.281879803295146 0.570429901038961
-0.0540494035328387 0.545760086254502
0.217164794119392 -0.340929225579876
0.400005833883831 -0.225148863186829
-0.202566163292211 0.310561933873455
0.169459926128798 -0.2357786439887
0.474958125238966 -0.033013879923192
-0.0455956388282485 -0.177546614626677
0.160362747530848 0.0662286769353961
0.155763221830091 0.0808144483065531
0.33766805947519 -0.0152488530987597
0.444584328117336 0.202865098916754
0.284873678847344 -0.135727665578433
0.444186537668245 0.287254702109538
0.371841585283896 -0.148594249645461
0.451088920322546 -0.181263987816672
0.0596524760240966 0.564879594709047
0.283214305512669 -0.333658055931004
-0.170153389226525 0.434404955864975
0.359903770153203 -0.321472249837445
0.866760625674705 -0.0944966689042614
0.548947647091696 0.541791029838125
0.60588842561275 -0.105699336650105
0.397494074396327 -0.0441252480995208
-0.0799283259224636 -0.0929906589128266
0.0103325046247198 0.05784215499404
0.0369125014507264 -0.169286382015616
-0.191633777499489 0.148396823452812
0.515240460248941 -0.221170388157845
-0.0285013987593304 0.431228335905282
0.101981829071126 -0.20021582353095
-0.33067480435705 -0.0644225755452892
-0.0556672014215842 -0.285048809477211
-0.0888635244149914 -0.0459514632211313
0.0373883469234785 -0.0895296800097936
0.303958051416928 0.0123353337313881
0.0899171430763285 -0.249541075469703
0.114099613798658 -0.33100863580739
0.088596186533003 0.379648570226728
0.535155608818205 0.185308798207749
0.575881214525147 0.197702220944148
-0.5421208883937 -0.322735735213986
-0.00448882239686322 -0.549235669829612
0.605578209195826 -0.15467028597272
0.344778010180232 0.0527543269008474
0.822108143606234 0.287137862268756
0.736098651712234 0.222139945094836
0.860704853634083 -0.0585668166709078
0.103109398844273 0.772553402560734
-0.386967593463664 -0.994868973070371
0.304475410994889 -0.725959667955094
