0.196389499164152 -0.31665653352377
-0.288184812716637 0.00858460429814975
-0.0150033433770463 -0.321836156343852
0.016373717428477 -0.289892652703896
0.00982991850877819 -0.254808733256536
-0.00950391759680115 -0.214166665412264
0.0406977575711234 0.0914439242299322
-0.118585540817255 0.0484233439297157
0.074525678090954 0.140234194049446
-0.0526490909513933 0.00788444240530212
0.102302363840681 0.186701858967925
0.280680830965276 -0.143117821866992
0.111886010339727 0.110075928397784
0.178232021758607 0.0399822217057263
0.281897833692514 -0.104820314648694
0.383188536689114 -0.0730781061377125
0.258950600617874 -0.0796641457898884
0.278479570441503 0.0489201030274532
0.159739365234066 -0.0936637888228283
0.287429455889575 -0.0210416655526077
0.215493751643388 0.0840793795943068
0.29705712435591 -0.083229374492271
0.315491541356096 -0.109806739930858
0.298573214560222 0.153758026413547
0.339738886665003 -0.0105396879578886
0.404730294959411 -0.0242967095700762
0.453141244786928 -0.00514043227971646
0.335153621595573 -0.162654969297725
0.434455820224408 0.0359274043072425
0.494505284454398 0.0976081428448288
0.507801731428356 -0.0245077263580114
0.46212582728503 -0.197456602871213
0.476825791307189 0.106524850007862
0.516895641584277 -0.196350690085498
0.483275817886122 -0.240249820986047
0.537319853864565 0.111929557414565
0.282436649811757 0.0943290472312258
0.754156860516941 0.123664443444038
0.832483614296126 0.129341772385877
0.499204379956918 0.25404336789658
0.196514555957102 -0.383193495099548
0.690571872684291 -0.109167509053994
0.54554620082342 0.31027214518948
0.629497934984015 -0.0158610591849737
0.481659574653386 -0.203715888478696
0.391959419171098 0.26262955747413
0.307880003826892 0.220727176152135
0.0866389533544771 0.0669259262676817
0.447302764655847 -0.34503661104702
0.234906314525589 -0.100688975579116
0.112559395137848 -0.119185655944662
0.524653879938504 0.163274200964425
0.174155006703945 0.0298697987452672
0.216631647647062 0.00648771346213802
0.433805074194081 0.064104155273876
0.41630935836331 0.184585130993197
0.198065149492428 -0.0790133346227945
0.295387338936899 -0.0540176935176391
0.36213760556514 -0.161860662711758
0.586024045295033 0.0919991912699404
0.667711396179977 0.0793607873114399
0.0547187597581248 -0.219468224997894
0.349811966356454 -0.28037289667837
0.631836095907507 0.0523251519907779
0.366327236976623 -0.323232138011568
0.177213932286296 -0.307704649112362
-0.112453475630028 -0.536481974832318
0.237786361175529 -0.340833425324188
0.411016691396547 -0.589569290884117
0.380084928080385 0.599131718002635
-0.237152514269114 -0.703302054450622
0.302624722854568 -0.532802765164056
0.294511514371422 -0.72314375702804
0.755823431659344 -0.60484406286571
0.464177879958825 0.753428196430621
0.397712431694585 -0.703767429375437
0.436273084811832 0.779467308016081
1.02635263244275 -0.0260061328485628
-0.226254591804896 0.803536378106131
-0.205950561734743 0.837966091447488
0.689575410385457 0.840266406742319
0.442040729588823 0.716828945780951
0.713016038677392 -0.918259918323456
-0.0468243565775356 0.919468038120323
0.417024989740411 -0.886208017234021
0.637215658442304 -0.869570390643588
0.9561137309558 -0.373250086208494
0.789224680300844 1.11879015078489
-0.710661521758882 0.630425705130978
0.0120603916234145 -0.868781837305498
0.317315797723286 -1.09611428482715
0.979578695360987 -0.307832774452748
0.216984304437604 -1.14212269364089
0.0424170284547982 -1.04213311067199
0.344224908323395 1.18134917874331
0.870436500566177 -0.137545621210689
0.99889004216097 -0.0471908395289648
0.280936777344586 1.11368365213299
0.0253982730157305 -1.03145663492555
0.301546540746549 1.12046005006861
-0.931091410126715 0.73501973214794
1.08886658540795 -0.122234649976779
1.08714570691735 -0.15701330595606
-0.592410422644189 1.18879205606049
0.494979552357779 -1.13295021680927
-0.448502548614752 1.09391489183686
1.36417290607262 0.00929755143823725
0.354963532445398 0.959763243197667
0.405141384504742 0.897768716942535
0.416085583806817 0.862767892276618
0.81094928137261 0.402885410347795
0.334223651245183 -0.909520975417588
0.21315813755378 0.834274463253925
-0.0442936107434373 -0.257704425285197
1.05086507101497 -0.497476077248872
-0.122507102688466 0.140332488493587
0.676077883072789 -0.250966456090037
0.504415157276953 0.465491291207617
0.811033406771527 0.20168406984947
0.557598690458181 0.344046991971864
0.848805959813058 0.0587977655582603
0.891428772936892 0.0315519031831592
0.889091865607784 -0.21234083466912
0.626763232210506 -0.286652933346216
0.703628326410439 0.383014797020577
0.262879866751991 -0.37625743451648
0.702747254364738 -0.361908596325032
0.771034197385331 -0.102231893488327
1.06693674934907 -0.0164209070672818
0.714549559207016 -0.0291551504481033
0.708249390631892 -0.431431485229548
0.425565772110982 0.275975052302137
0.728081218514373 -0.269135296257229
0.717062458427252 0.600939678659106
0.49250929364194 0.527900708051141
-0.22513186040642 0.349044512199677
0.077774035033215 -0.254484133743691
0.288951800586411 -0.617817664000733
-0.403753070521571 -0.41978803318476
0.151232363580122 -0.622311237101027
0.0368748343022342 -0.593303698043829
0.587981586440329 -0.17398492833807
-0.643464741864877 0.332811370911816
0.328460464583175 0.723016479497823
-0.181369543727593 -0.429372508713772
-0.103793480620861 0.618284776580162
-0.457550350426336 0.529574126402385
0.409428079678855 -0.262181658966259
-0.185559246766926 0.463927106959178
-0.315121353255273 0.196815742462732
-0.321330193277326 0.292617454008869
-0.635050889238932 0.00130494430455505
-0.684620648199153 0.00722293001103528
-0.65998335320208 0.0659431845619212
-0.0349082289208438 -0.467553546562516
-0.106175659036221 0.268747239400967
-0.680686442950844 -0.208994284525641
-0.17121335800749 -0.277056419047224
-0.384087061745814 -0.398623110306214
-0.0999733100193766 -0.104579844898243
-0.516944505276282 -0.270622618620994
-0.417134279544909 -0.290317313010366
-0.572520224860747 -0.069289367985631
-0.845030309044414 -0.180692232220794
-0.601326303803266 0.314901905670864
-0.663688990428681 0.172188839579226
-0.5676472382933 0.203708124932216
-0.617499740685308 0.199110937541927
-0.59610934274017 0.279528485250192
-0.525542254777227 0.264827536465209
-0.661554751760473 0.10930946854995
-0.776924309635997 0.252908510229521
-0.664300155070752 -0.0503837885843601
-0.584019000348202 -0.102632960043138
-0.558481686913726 -0.158578326654097
-0.608137073286969 -0.175329063605697
-0.595684073764809 -0.0154065905363059
-0.417200391173586 0.0569855130536524
-0.534440785255184 -0.126180162414095
-0.544016505584992 0.0746504816434274
-0.587511349816973 0.0458457355978252
-0.576349977528783 0.0416411144451755
-0.520282261346459 -0.0372676251287293
-0.533583801023073 -0.0657463725293614
-0.534881665829484 0.103980071795651
-0.384307398265608 0.202504260698208
-0.422330522468961 -0.199507607506319
-0.631123403261065 0.09000847889656
-0.397858382540774 -0.0057158117635392
-0.708727265006122 0.173292859038736
-0.652996549218242 -0.262472031528767
-0.489188738957215 -0.13401150395585
0.0514220178731289 -0.0322381424224507
-0.71996416052023 0.334656636712853
-0.1985911555729 0.510120567044342
-0.183873772588658 0.514146088832854
-0.181885454376332 0.563239033743804
0.198236739132422 -0.0684080436423218
-0.456542261027836 0.198197962785
-0.148460959726401 0.626805395553448
0.165528482233701 0.678136496440754
0.1853002710122 0.186333604716467
-0.371470712915782 0.672926418925785
-0.103338709184381 -0.536150587440854
0.325559773378158 0.591607909147658
-0.409764380657674 0.228797310195186
0.0594368603614411 -0.336014612628391
-0.0584978033833001 -0.141395525346944
0.18806673655698 0.384486714806852
-0.19724014082365 0.24878541439122
0.389480100964744 -0.0871521104798013
-0.204081164609943 0.201711185440085
0.0555500432240266 -0.230551846304342
-0.0370727383476297 -0.289116704542978
0.326218452675686 0.0703714950348786
-0.134871830580918 -0.191313671880264
-0.331617908508288 0.0976724857296118
-0.316571918353188 0.0587669753595665
-0.0527243907205176 0.0414811937990872
-0.0361418942677063 -0.376516813431045
-0.275629417550933 -0.0411511226397648
-0.195127409733812 -0.0169365014075754
0.463001503887268 -0.339632813527657
0.195785190592632 0.248086949905526
0.187034396486104 -0.378237336787671
-0.0352944063658767 0.0576955540324825
0.581909518031908 -0.150353977495835
0.693695931997942 -0.125122639677015
0.247888620476531 0.280899837986521
0.31506896007858 -0.455256303693194
0.809087209086974 -0.0921742804477149
0.449908830651099 -0.372962684891439
0.550762657993358 -0.519409782997055
0.0599382638295941 -0.509902781322685
0.433956339778604 0.467593365652232
-0.00920237438949328 0.35977632103849
0.0925375033069716 0.482869256114513
0.800277511464828 0.0499324933037053
0.268844321419156 0.432060937544197
0.241740679834363 0.441896278475282
0.307720700385492 0.559414955442834
0.748161418669372 -0.176903450659706
0.734439365036441 0.187675025854958
0.288249386547318 -0.0159633003591008
0.0829688425756304 0.522026431823223
0.0301311799653121 0.4287462678672
-0.232681659892559 0.364561809240788
-0.245697859687116 -0.498629874104367
-0.0372535711358477 0.653607171701945
0.0702901893168807 0.80654989214714
-0.278503260467626 -0.597897050605299
-0.893159879113403 0.5824566392705
0.255089457579455 0.0177949990972671
-0.947415796887643 0.373012094228774
0.184006404518143 -0.0696023467748902
-0.406173707386183 -0.634673250977112
-0.080836363107643 -0.0312529529308191
-1.04740036101213 -0.575589644085576
-0.974103181145322 -0.629718334136867
0.228383939446948 -0.00801227270595333
-0.791571236199973 -0.378004277585017
-0.533957946641412 0.737318373484546
-0.682536823085149 -0.659567930961445
-0.950023944627363 -0.300921779310727
-1.17649654138243 0.790988308119858
-1.3563234924252 -0.418418252303556
-0.0355619436220131 1.1005196231285
-0.622167383024299 -0.899388369093698
-0.571220273847102 0.993541578793898
-0.144521111465275 -1.19111612050802
-0.957871950439733 -0.874003486713427
-1.58438086569257 0.621290769714098
0.539899507298702 -0.385176170056459
0.582380535741106 0.427772132592597
-0.46887851144622 -1.1436456739738
0.429692218988912 0.28980698930535
-0.389055410555627 -1.08202923712244
-0.2929291567233 -1.13966217622253
-0.222233614953822 -1.11955113027944
-0.0546963098878615 1.15860066280253
-0.840267791194292 -0.428026113652539
0.0374435275315707 1.21583999380859
-1.11498842522879 0.576688973558603
0.498096712713211 -0.43680035192753
-1.34994009910052 0.0684951567417915
0.805714078874533 -0.33842242807835
0.0995429369253307 0.96868844314414
0.184356013221513 0.963677433362723
0.648665601718626 1.03202860902893
1.00441863647501 0.406743355853364
1.40005360529924 -0.0409065108453505
-0.519888532930627 -0.416156631912469
0.337157657200182 -0.831128142813922
0.635769124270435 0.348922695123658
0.226078832651417 -0.817306093147006
0.483806367695871 0.424667062657127
-0.389016031502476 -0.189753341797526
-0.225887095353253 -0.0815177761925112
0.60583479136801 -0.594438552050451
0.212575298777173 0.461139783091156
0.215614692434872 0.406040244704816
0.627207185090566 -0.444360062731878
0.534911260860205 0.346709736278707
0.188089692823379 0.450607787559151
0.378098598473258 0.559133211923035
-0.453302004146024 0.0658814202844877
0.331687070334034 -0.354385028769344
-0.210624670280855 0.46882602685574
-0.455059064316691 -0.0244326660843304
0.264357599490861 0.348518030701511
-0.239135306388867 -0.115087618984156
0.0407380408769455 0.176471518143438
-0.421360802089142 0.117733770108193
-0.376843572974134 0.273467619201865
-0.437156439265363 -0.252464616849242
0.115022429343258 -0.216279674502396
0.0688137647185576 0.0406253575925236
-0.189093266073934 -0.131892399945077
-0.316470769602519 -0.183715809861975
0.231199022098403 0.0585071538043288
-0.0772195690871589 0.216043660422306
-0.258514379473156 0.116174339690513
-0.0424827816643474 -0.173927012197369
-0.065451275534249 -0.175084887801095
-0.220391141118985 -0.18615043482658
-0.0366912112179269 -0.0590662752767134
-0.00832048608262808 -0.129478172366922
-0.158631627915995 0.0841753006739197
-0.0653567541743689 0.102063105772047
0.0076147866103698 0.106184816794988
-0.0666604050088831 -0.0661953251145575
-0.0886473558089856 0.0125382824031815
-0.0957107818934178 -0.0105989961901267
-0.132615899046355 0.0370235159736531
0.0198531869432421 -0.103135157740705
-0.0160747811963995 -0.0598725446680748
-0.0326209055060743 0.0300113375620766
-0.13134598023034 0.0428444378429801
0.00221523761380998 0.0967890393118604
-0.126145157395752 0.00560793139826768
-0.0515310050179438 -0.0537960338145157
-0.0575980711757238 -0.0491542483337137
0.0034109570632697 0.116621226850681
0.0904130514493682 -0.0169533166314645
-0.0173834770558047 0.176823667955978
0.160831723958523 -0.0131492917930133
0.0140791839901894 0.214600301775363
0.00942205113923156 -0.152640872840498
0.181216045747788 0.0703809065636136
-0.286727469857957 -0.256614783126265
0.2728695460546 -0.0433857087126386
-0.276256874676876 0.0768350518821956
-0.0243723564029164 0.0068022605053267
0.162293627641392 0.364289883243655
0.21063383687457 0.431416659674924
-0.137975682410369 0.322995430398275
-0.144986828607763 -0.122332139512391
0.131176162058472 -0.465577135469861
-0.30793436275459 -0.4868822853021
-0.0444898461238909 -0.484112298167288
-0.0491335332034356 0.302513510190936
0.278313971544787 0.125500016084894
-0.262485058224385 0.381915565353398
0.148698979689567 -0.296906594791146
0.153513543594249 -0.317902278302561
-0.386848296468513 -0.632327821715449
-0.468736920274755 -0.105342356644364
0.0928983932857418 -0.361611299937751
0.487014706424125 -0.345928695851218
-0.745666615211584 0.158652856151647
-0.628350193075441 -0.127763825950378
-0.532842021146007 0.674770200569096
-0.881431454265894 -0.295778728615854
0.138996788025556 -0.931588416203794
-0.0976366229521693 0.863245417150228
-0.331992852828098 -0.840785008838552
-0.718881271658346 -0.358121454095674
-0.506038086956203 -0.585484439243658
0.0159004981858867 0.329210702995998
0.273133332121364 -0.290450887693261
-0.11694501667367 -0.35680346265971
-0.128933169766249 0.289878550497288
-0.484826599069329 0.82968287082252
-0.43282620348899 0.903485424443645
-1.30810323936001 0.29345570022646
-0.976884140396632 -0.222998747619259
0.0888176503621861 -1.16799833673194
-0.669366752729458 -0.906820972545211
-0.607251910537133 -0.999920844645404
-0.518715798940967 0.95207674568083
-0.761736762299589 -0.957705571394859
0.168721363761764 -0.875347148704257
-0.754085473672516 -0.83341124131689
0.19665612873666 0.837749160616722
-0.814007218634732 -0.764301129792038
-1.22028706176807 0.0482175175563568
-1.23240258858543 0.0421885794078725
-0.739230342530641 0.652656310434624
-0.0416696636625377 -0.754454783516222
-1.14776953516231 0.0501893925554609
-0.171024801547198 -0.490636484076765
-0.669676518117098 -0.603030886975767
-0.502982499426114 0.52078589708692
-0.936737848072286 -0.0159024856301242
-1.04180909974356 0.0889892213269586
0.113446306521426 -0.481553084880224
-0.897276960994869 0.096779261302174
-0.60830464161452 0.467145426587045
-0.264886362507967 0.262794615206541
-0.436564692826424 0.0762849934590648
-0.591497319103521 0.492403530466915
-0.34063959116143 0.519419532838948
