-0.949125006857899 1.38402458048274
-0.134744579061878 -1.22724727122948
-1.82319273874194 0.139719591706284
-0.56856688260566 -1.51762977102694
0.586037591237397 1.69960403500206
1.66844231149223 0.103334232934466
-0.0214451126857866 -1.09419365761333
-1.09372245807957 1.13578265386391
-0.384240801562507 1.50025568867157
-1.26248792446311 -0.441428795703221
0.929735611804189 -0.868331642816914
0.485907028162938 -1.6364788056878
-1.64346566349873 0.979886994025408
-1.24079814929144 1.3942661148215
-0.617938408445681 -1.37365158239414
-0.592781726219725 1.35958469846091
-1.66040981770142 -0.59647787906262
-0.732525200118412 -1.37196438374327
-0.687643428008613 -1.40786332713715
0.380381676065145 1.57458139892792
0.882955884879842 -0.735815382193807
-1.4329340376426 -0.399162404309749
0.327538886781086 -1.57600388552018
0.574478493210145 -1.51767340326484
-1.19203854129626 1.35541614490429
-1.38325672927905 -0.337222406437762
0.930940378331466 -0.963801355928899
-1.12535927521581 1.40452163843616
-1.09528937897014 1.46321882517159
-1.75006189261718 0.185356458608502
0.999426853679721 -1.0514655850979
0.82535571532497 -1.50365025001348
-0.278740670470869 -1.25186954122475
-0.503308907484647 1.56234180248057
-1.73519993522608 0.0645424143334278
-0.527988859292657 -1.6097672918943
-0.452406591994225 -1.60623875599751
-1.41804436180479 0.313526992228913
1.22579459512863 -1.11767076794654
-0.421305551069288 -1.57552891372016
-0.0688289428455475 -1.30305015808324
1.40936376953394 -0.768963680779194
-1.29149462217073 -0.332719153393674
-0.920854554599988 -0.0566202413966748
-1.59240930116572 -0.573458194739809
1.32272014199814 -0.741188258279305
-0.161116891370983 -1.25322433023594
-1.24892498663105 -0.28553515320725
-1.4470586257438 1.12677408603458
0.631456465115848 1.67408721347714
-0.870706718898542 1.23569697016314
0.820261348695691 -1.50981229868977
-0.464669803810742 -1.44437008955367
0.951551276163585 -0.86554225318283
-0.324425586585957 1.4047786194197
-0.3144661512454 1.44405408004018
0.472371238476454 1.56127907534286
-1.49886780162758 -0.602368396547899
1.06290027915866 -0.524972609311573
-1.5420679497852 -0.685848467878884
1.3178162146731 0.0735000713826083
-1.14962256319943 0.429350783080088
-1.36498825572607 -0.199851920882058
-1.1262064545311 0.723761611051005
-0.610108894533608 -1.19123887303338
-1.23719451981241 1.24783649729467
-0.240966267081244 0.765075388665958
-1.26500699736182 0.367526129888964
-0.664512407686377 1.18270294440112
-1.7048787309135 0.15517980048738
0.363128525868144 -1.47254716299245
-1.2004367966024 -0.387360216864523
-0.567125678565471 -1.24209335259408
-0.591329931313086 -1.29647938045707
-0.51277825502911 -1.27860182370085
-1.40576794531016 0.893537041864104
-0.912108632776556 1.08693670079727
-1.31093782582262 -0.289125456509891
0.860960417763764 -0.936782656558955
1.39974280094618 0.0348267204743355
0.692490230386461 -1.45948353329846
0.0343950037867355 1.13774613216722
-0.45326110408014 -1.38274493306454
0.934270588713396 -0.996296048342844
-0.958447477345212 1.48020991337422
0.67323815447614 1.57121554712805
-0.827306175002906 1.49316853389167
-1.54498415023837 -0.457974828385807
1.13224581139677 -0.96287871687354
1.12466242648469 -1.36976094111798
-0.284509608147205 -1.50525069467265
-1.05726497498387 1.25424388683195
-0.794827531233618 1.5293131531824
-1.66024440936016 -0.10471322708747
-0.332033121444268 -1.38300845860016
-0.656436360245894 1.29516490553393
0.919848629979576 1.00445818861818
-1.09508756736471 -0.317321914242483
-0.899899855532069 1.36358219544137
-1.00209402823691 0.442844029531209
0.588100738975221 1.51421878415233
-1.10857465954918 0.347662818476435
-1.15634667483047 0.63027325175587
-1.28511029991493 0.964440487968528
0.874916733046306 -0.800311882054264
0.494692676265706 1.4590477296887
-1.0435004047695 -0.354265958796631
-1.35498598451769 -0.558373575499643
-1.07302003333919 1.23179756200375
0.973996984116462 -0.488169047448593
-0.491097223938083 -1.18974567871182
-0.414620608507515 1.21255511539235
-1.83440042503447 -0.0993145017091295
-1.74134415881757 -0.100993789493505
-0.50198587480578 -1.15050457269097
-1.46316240857531 0.074059849915593
-1.27723839732814 0.918631171865058
-1.05304060821527 -0.31426221371454
0.719802943372587 -0.867860669343983
-0.446257522077923 1.26659772717002
0.495756994341966 1.42815063744284
-0.697016293138364 1.10524383522609
-1.17382260848608 -0.189259754390614
1.46682391659123 0.0685096948978988
-0.356511536461683 -1.25441460047664
-0.729267692008219 1.30903753371107
-0.63228219359371 1.21376672087417
-1.01911769629022 0.289022509988588
-0.544507587411105 -1.41334203691172
-1.52364466606912 -0.120721352887543
-1.53977403450317 -0.0597545925104042
0.0810418884442012 -1.10232726811367
-0.538101333244615 1.4425805099433
1.25531897487785 -1.0990923059798
0.770342220840661 1.48177029168279
0.0156694427798072 1.33980529960599
-0.70070474535519 1.40361943459778
-1.25180339238306 -0.546750790081853
-0.571033070323794 -0.049637068622795
-1.28357846175351 0.0608158875114166
-0.212679547929593 -1.23865117742516
-0.627914817049332 -1.41694989980979
0.762674148076799 -1.26664160769308
1.39154535366899 0.0711972442516483
-0.225841176509515 -1.17185901506946
-0.342301738146766 -1.19533387572713
0.821823067168493 -0.753965338612556
-1.25495708583297 0.149220376885427
-1.3364384028658 0.177627009143591
-0.973742156080751 -0.339927187275888
-1.00375304698424 -0.214305115456078
-1.20836675138652 0.0937560864792136
-1.25238137471669 -0.478191166039709
-1.01996011775188 0.328673856726237
-0.419328745696982 1.07384066772145
-1.00318636068384 -0.32826281796594
-1.36114070083353 0.135462324606911
-1.3039458442229 -0.442103923998514
0.489649558548517 -0.782202195107061
-0.822851948471995 0.787530799963464
0.345239110644669 -1.05206206190035
1.05050130074257 0.056865387175427
-1.08638763488228 0.777752508380846
-0.675426593341488 -1.17035841100186
-0.817945953378177 0.715277163006837
-1.04350570833749 0.197198746249003
-0.413321100496081 -1.09894660818432
-0.965022975890993 -0.260244691385458
-1.20250640702987 -0.343989227422844
-0.399437345876791 -1.18188884575408
-0.979072088518494 0.23975593108294
-1.1835943686449 -0.417134888870295
-1.06389505430659 0.991894316304523
-0.745142479477442 1.26016440451008
-0.517993990617933 -1.2700426532943
-0.912008902058085 1.00724878234912
-0.249689101358154 -1.23038150723983
-0.210924588982058 -1.16485362671352
0.732046292554007 -1.18982924642244
-1.12718862704116 0.094511971860558
0.356098447087303 0.923726388080123
-1.06459074631242 0.160018661050248
0.851965392529369 -1.09703553742775
0.222583356387122 0.780884749452868
0.884888789458508 -0.57141838223672
-0.182186262712176 0.983529818985949
-0.555155668600468 0.948295979192982
1.21305711689554 0.0815634551235367
-0.77205907438816 -0.22724044647823
-1.01169501180659 0.0386465557245564
0.0281878803311221 -0.923710201234567
-1.108175058884 0.111861124832648
-0.771137967142935 0.978119625030204
-1.06367003947653 0.0360722335829975
-0.298004320667678 -1.05832239262769
-0.0253260440546299 -0.867778044077998
-1.02457815959758 -0.291573920458923
1.1368133855507 0.050917784461453
-0.227535481083831 0.779559021676866
-0.849891877092752 0.874490534492381
-0.632045865023755 -0.0390984271076712
-0.476898797731242 0.937374353291725
0.4052337231798 1.09007126889197
-0.659731568823082 0.745002095120466
-0.190148199882412 -0.770313245494029
0.880510941203792 0.0321939952793216
-1.15032508594866 -0.0163835640197099
-0.734518171145425 0.709336644952032
-0.634012169188904 0.798975178740475
-1.16007645485613 -0.0434858107135618
-1.05456766000908 -0.102204326278944
0.388853557352554 -1.03132616005162
1.07714323382254 0.0680083116496904
-0.612484012148743 0.919891199016455
1.12342024861184 0.0756066803801035
0.447456646600824 1.15611002507832
-0.380099840610647 -1.03766270390953
-0.354552676275265 -1.08175812233117
0.651149802803297 -0.944414063871778
-0.784669448623694 1.06252949506629
-1.12366142810492 -0.231078483280127
-1.03813776770311 -0.131620773681756
-1.24207872535406 -0.298100571018884
-0.395983540591706 -1.14838353479966
-0.376824378145325 1.16298587376115
0.629302753973801 1.2206892641631
-1.03815228869778 -0.18932895084823
-0.379526889643513 -1.23141094267884
0.946696007361331 -0.874039959013791
-0.106235835426403 1.06954012252592
-1.21957570510697 -0.281309043848719
1.53961790036161 0.104901606115216
0.810429795111618 1.34332032846115
-0.199361761456058 1.33990711551339
-1.11137623887999 -0.173848943721236
-0.163304851944417 -1.28130841524317
0.830722515611144 1.27771021016488
-0.0305706605154354 -1.15354524547924
-0.139395412751633 -1.19602101385573
0.0328178433895807 -1.02856964557714
-0.996573267222062 -0.33297521022153
1.52593957838692 0.119396482034318
-0.153283956302815 1.08865429609283
-0.649456600819032 -0.0774153983417945
-0.29650589131382 1.06062120255333
-0.236083209386272 1.01936236198921
-0.220951288415529 1.00808754321531
0.627415352387781 1.10248546252074
1.28872327001828 0.0903506190089095
-0.97821930349685 -0.174129908334023
-0.258160803651984 -1.00948194312033
-0.142762953497022 -0.919382484329855
-0.550733258100271 0.917265472110243
-0.967854346129562 0.00226332044704935
-0.84870779250189 -0.0730109793550823
-1.01452663153204 -0.0417865565506792
0.463259119477135 1.04129397290146
0.586892005639375 -0.925590619146551
-0.925638216840479 -0.0755620464626189
-0.39300808001927 0.821028727912453
-0.340771370418654 0.827691444379275
-0.940416127189152 -0.0933256796825003
-0.974562947200762 -0.0697821623312313
-1.05387707306555 -0.140724079942272
-0.328214980191664 -0.928166951670086
-0.317784320974503 -0.955954332223198
-0.373209828889395 -1.03255004260002
-0.387597410341147 -1.0814386745162
-0.42230886259319 0.956432951383437
-1.03042407260055 -0.0903091982943171
-0.954520637463542 -0.0872374361739178
-0.284428179432884 -1.107626348763
-1.02777609293905 -0.0608888510564246
-1.00210824904712 -0.0150108855924494
-0.320395205841521 1.10275768361107
1.10683632705563 -0.67853288331234
-0.289702441378273 -1.18040697562554
0.771700350055302 1.18348677398506
-0.146830404097074 1.05594701577646
-0.863871044066119 -0.0972539768517332
1.56417912561337 0.0825399647255317
0.0489408959507707 1.19138837706248
-0.98024206775812 -0.126267272633464
0.118775694877219 1.00574538880064
0.984087228761425 -0.881853428434332
0.781063813515646 1.09484224892016
0.8147209340046 0.972552684812284
-0.0230426053189064 1.02443257651958
-0.809468383939994 -0.0484767959642597
-0.0798634401896755 1.02770000670717
-0.84847371146136 -0.0102122669052399
-0.284792056727869 0.954978770917252
-0.0704978070558803 0.990857951572475
-0.202184333058529 -1.01338476032274
0.656287993802307 -0.856729467541193
-0.23635406622275 -0.982409780353443
-0.22070624758005 0.865094721917755
1.0789460993313 0.0630252586658418
0.508642232600282 -0.887124112070386
-0.293819743404218 0.776671300191093
-0.887138911757727 -0.0386448642669352
-0.555009389531479 0.770627289063298
-0.868934928327941 0.0305620051861872
0.563649954478083 0.74988008725916
-0.802660901518278 0.0384859711929386
-0.853834196243296 -0.00978634848720279
-0.222365652792631 -0.896731890888877
0.679200540327062 -0.850544170212807
-0.738773776231205 -0.0718582287519956
0.727083114051591 -0.791862924195297
-0.168167619789914 0.877277920403449
-0.106130810691797 0.929503196116374
-0.0940267544835739 0.902154993853156
-0.0730339143638281 0.90137635949674
0.771657232473147 0.949439075080591
0.0306900425734266 0.981855820858389
-0.0475026517842034 -0.934409945518943
-0.00249864510202307 -1.01981034945709
-0.108120163127202 -1.0821206433932
-0.0010883081590217 -1.017719122954
-0.653201598555089 0.0288885829545235
0.196432451449774 1.07310007739688
-0.777854984693598 0.014096642816908
0.169879570137752 1.06729975355301
0.249850912817293 0.931701760208624
-0.0676212941507035 -1.03928663118779
-0.521200996510258 -0.0380252188477417
-0.912004370649081 0.0518040440836466
-0.926305162295384 -0.0379997102200472
-0.829197530912604 -0.18910232513974
-0.979736486037688 -0.0633305412547239
-0.497797975834226 0.937437728044286
-0.864703577183007 0.00319779392999944
-0.0737191370326883 0.879756343010307
-0.834542984673432 0.055158175483737
-0.783418104845604 -0.133532888121529
-0.277219648017323 0.874614499572021
-0.77528595166817 -0.0889377412523813
-0.0536383661208528 -0.829348493041082
-0.17338187218276 0.8602116908105
-0.152230480709902 -0.82886025070384
-0.768041180809193 -0.0531083249402074
-0.453046670830953 0.755965620707286
-0.487731235458256 0.71803101373637
0.441608109234839 0.762012568453161
-0.355296343272071 0.66827205410388
-0.261186225527581 -0.725729683380856
-0.22447415593922 -0.801044610203087
-0.180655617313976 -0.74004485713309
-0.644179433196448 -0.047433945782642
-0.204251844217295 -0.818780981010572
-0.394568930428905 0.737791386014795
-0.0983354499003734 0.734570930355771
-0.754884618163103 -0.0565331014917349
0.645064959829427 -0.710474390909233
-0.0991334583258278 -0.800354893965406
0.728336203433165 -0.699600103849448
-0.107315714272237 -0.890184304420363
1.16194343627468 0.0823376722079366
-0.586389211421578 0.00236548449825023
-0.655513375567115 -0.0352339250901252
-0.635796999748751 -0.0645409278177995
-0.675686755039145 -0.00572984163130984
0.77439386246499 -0.804862989122913
-0.627300060375137 -0.102076124355159
-0.510372550315962 -0.00347776618102397
0.199433757416211 0.891581177050658
-0.638698071016293 -0.11750727544223
-0.0308871548294005 -0.948791786065137
-0.15365946860697 0.983641724013987
-0.00937826597156476 -0.935176259579661
-0.877116945451228 -0.046856720070979
-0.0108570782232222 0.943768065822587
1.04874841215325 -0.397278745552167
1.07465739163118 -0.603337122166724
0.826428095076543 -0.958405462253739
-0.754708753834684 -0.30953434660926
0.50752105709037 0.760604870772469
1.08733668031478 -0.857003842672486
0.12889807828696 1.03881483742648
-0.888602062216333 0.178875473237473
-0.129247584881954 0.881539184484718
0.58838193201566 1.02146007228919
0.173282129958479 -0.707620720563902
-0.848428353908051 0.1227197360501
0.989811736644506 -0.397709463838541
0.795846008971076 0.669516144879973
-0.0841861114756061 0.866610961593323
-0.424259093509796 0.920714150303361
-0.634079356698222 -0.174151113925907
-0.0495704049495431 -0.88480558145837
0.83269652781591 -0.405655350743758
-0.360113790405384 0.909254895813197
0.863379162552319 -0.614990137656369
0.130171173076006 0.815319561873109
-0.0547011525479045 -0.801628637696351
-0.711310924490868 0.0203909512250554
0.625276184055706 0.712864842114132
-0.661444752850661 -0.120098500443919
0.784726265275506 -0.486421598246844
-0.117461531516104 -0.747451033368685
0.53084643973311 0.817910942153127
-0.583959173685042 -0.0569589561647708
-0.167502321849274 0.648834927590336
-0.619208833539159 -0.0899610369060792
0.527753872129999 0.700866993969245
-0.0445532228911815 0.696417229848151
-0.1249511027913 -0.708950140418019
0.432817423328903 -0.585903334511669
-0.236512093578142 0.618853249757167
-0.198186252124922 0.656249630424498
-0.216872255158049 0.599646372109743
-0.589761884063772 -0.0453500427098317
-0.553019186436313 0.059925243209294
0.471766070714056 0.591894752127441
0.590489416401482 -0.269581945826951
0.556192513198397 -0.42799036144486
0.506624996488731 -0.665753676986218
-0.0391146404721516 -0.699002190668364
0.770241852811989 -0.481828693050344
0.683578046844664 0.66351558328287
0.0214626932684705 0.613237664925861
0.276233088878239 0.614165400058702
0.164282931244117 0.765617893731205
0.0944890741433715 0.709482647174475
0.219365759347531 0.675196310260596
-0.430784554920048 -0.0168212834568175
-0.528344426093482 -0.0298976961436727
0.634778777189122 0.697266003865177
0.218516759272658 0.681798024609972
0.789157633397985 -0.601301545339495
0.115924564415909 -0.691997403656403
0.878851297061519 -0.461899054575642
-0.382348893933972 -0.0382062705553725
-0.00271457549815036 -0.846007975376082
0.225155592862729 0.673101145775379
0.657884752725867 -0.726096553398226
-0.408149414237314 0.127352808285927
-0.618653458911639 -0.224260720352794
-0.4398359416253 -0.111953362497776
-0.732504840190296 -0.0262746897744913
0.308256280587105 -0.687846288405076
-0.686525263155631 0.111758856736188
0.0156292730258164 -0.856972729807889
-0.292850282734981 -0.931115969606882
-0.74446834303802 0.16631920548636
-0.7728294887041 0.176752415367319
-0.661871452842683 0.107633658398544
0.318062436914213 0.457386770438119
-0.714006623236539 0.118320065677157
-0.0762985344188786 -0.811229452190124
0.183036087644233 -0.593198078514102
0.0400436399718233 0.708791415719238
0.0416915345436919 0.717436625012635
0.0255413287479124 0.663738486720041
0.941491304878973 0.0539395604460154
-0.62258843165922 0.0309509291653583
0.994652294006167 0.0413774027963395
-0.0894187022661157 -0.748403557526403
0.521600659600092 0.575943876988517
0.0310297367081467 0.57709267894739
0.944441806261142 0.0137129856787932
0.429443793193556 0.558224761492776
-0.0817934872664765 0.580055924308305
-0.0477186627336441 0.604529874073634
-0.00679559182678846 0.511141203098096
-0.386768385455218 -0.0296662627902809
0.441242329184565 -0.532904378318988
-0.00822286364631766 -0.582369522637679
0.487018895938022 -0.520563070239355
-0.0134127538497647 0.556365027843719
0.0598215117803242 0.502802720235454
0.00268476880229881 -0.55811954642316
0.0259608571518875 0.604427496066205
-0.433505934493136 0.00514953984689173
-0.378838460933576 -0.0041696317295105
0.0863000021969305 -0.669137299917463
0.112587445351727 -0.636249073285991
-0.39874349967409 0.0347421589833222
0.0815529913523994 0.651569243947741
-0.317705345119716 -0.0780510277202489
0.710968338364362 -0.454794765042622
0.765809730938507 -0.437339765292598
-0.379973746043676 0.0646768869325978
0.839406156561894 -0.45844879181821
0.0970879749544027 -0.733411908021154
1.04071978776744 0.0642619184149465
0.641616972151652 0.75261677532722
0.755362641809422 0.519715747952516
0.849643197698855 -0.256711671208672
-0.179826683378618 0.312126562435668
0.551226611683985 0.821887588777541
-0.331698712388268 -0.23593313629492
0.0888748834541428 -0.734514709450303
0.706192599013843 -0.323991306694226
-0.382111468308169 0.71079027034391
-0.228135807939392 -0.796765124013077
-0.360034826696132 0.635793546328714
-0.0821450051983658 0.588527690124269
0.433051144949833 0.709761206892078
-0.376362841391025 -0.153395593380662
0.0318410433884841 0.527959380860955
-0.382749774297011 0.120596936023293
-0.4571155228455 0.0885810346970825
-0.0331166091035324 0.627664953862947
0.0289176961429141 -0.599923078727144
0.17167981687132 0.480953634286145
0.00190923370458612 -0.570532337278546
0.503756857133183 -0.367351382370758
-0.424315748881109 -0.014257420563756
-0.355158098937694 -0.0867831517345926
0.075688787587958 -0.539791961714832
0.033853392024241 -0.50515002725231
-0.270570342664829 0.0145658571065069
-0.236717100708777 -0.0323313496504674
0.488640851297021 0.442534760789766
0.445496989639528 0.462179298227473
0.555665259268637 -0.470813886338233
0.247786500813378 0.460234513981702
-0.246723016389156 -0.030562668383606
0.129344425069356 -0.525536247312816
-0.168822312143086 -0.0686290088748653
0.348194170077426 0.443021673611985
0.679024714724874 -0.309219550708892
0.728697126324403 -0.308041266711305
-0.18900243050342 -0.109687496145214
0.538141303800074 0.623716953008756
0.359427731917475 0.334978872811216
0.352635245849824 0.405591746688967
0.589793369926333 0.673213183008181
-0.405628806600525 0.0769412938572741
0.458992165881574 -0.514084041793374
0.637390178590947 -0.274915371150038
0.294379326145226 -0.46180932928986
0.0899775734308378 0.575891416754024
0.489210976802554 0.705289319367572
0.256068114645624 -0.506281085974835
0.67671655239995 -0.16778491978371
0.578570586791173 -0.135492445729166
0.246722522513528 0.267622443076875
-0.224556004776514 0.29836439700004
0.514272166749033 0.343100914761138
0.525174473556181 0.32931982743721
0.484330913256287 0.304048454214627
-0.249190169477793 -0.116637232557235
0.574274630514033 -0.199380781908799
-0.168029287947797 -0.156945779661783
-0.0320156824579427 0.474242048536518
0.432043962657493 -0.421165923413223
0.0177478907123876 -0.524286817580517
0.529954607441423 -0.314232001025555
0.404419472067013 0.473774045393529
0.209780155387574 0.316318632166897
-0.158211471086241 -0.0405528749955942
0.133689000301481 0.339335929022835
-0.179345354131107 0.0163200161846466
0.176474975521142 0.30368259710195
0.233342882097903 0.338655431258205
0.199471520163127 0.240911120635294
-0.122235946022691 0.0309732786812989
0.197746317321924 -0.41783254502012
-0.0523628515594771 0.026544758265301
0.672742794849824 -0.124641038670678
0.174763681659506 -0.478447287912726
-0.192977962130536 -0.0039022677889825
0.755172707538015 0.0319063767659571
0.364414902728853 0.231412627544221
-0.0187610885886142 -0.0715925788561608
0.350228097659645 0.131637649624943
0.600079734469524 0.31687094184556
0.286134924280651 0.462748109000777
0.0701203926099091 0.469989076488596
0.562933584068538 -0.476944843373511
0.435341522695183 0.199474612628148
-0.0754277860545856 -0.16876771417046
0.326186782600928 0.51082147229978
0.245895505335901 -0.599698184060233
-0.0606933480948527 0.616085530109773
0.208715163684542 -0.563764175960675
0.481698179989349 -0.545967708267453
-0.235129699479689 0.550000671751301
0.670784278522904 0.238252254632548
-0.0224558858485516 -0.227551147000991
0.365877630559886 -0.0478015225168485
0.453298290611163 -0.47340720765214
-0.0676842682171129 -0.177226640470457
0.155154940363107 -0.438498110427183
-0.146773626144362 0.429582617836299
0.667679249479941 0.028597112104609
0.081290927051344 -0.0106811421375775
0.370767820018508 0.174477745316423
-0.222133350220865 -0.264477567124726
0.429842017049241 -0.0938133777775234
0.148299895065128 0.330308680602502
0.103692308112081 0.260933143674419
0.0396186753519866 -0.325822303635287
-0.201008470340253 0.0365431650537495
0.0779924727228192 -0.263906481890158
-0.215920012181449 0.0502039078680224
-0.0782174121665391 0.0375579625828976
-0.0163148579190837 -0.0528023762177128
-0.0585512887424661 0.0678790997173796
0.552492433848221 -0.0865593511269725
0.681041302799481 0.0291857635159098
0.157659530080275 -0.342216614991904
0.287532538465008 -0.138958302954052
-0.030542456200533 -0.184679308588792
0.386871207307493 -0.217286873413302
0.330696574783627 0.0745728477318293
0.385623936432284 -0.189141438760588
0.43224217741685 -0.164211958805555
0.449166366541343 0.115738490692715
-0.180428995794771 0.235591745338734
0.625324097972838 -0.00374500410798433
0.466342258585798 0.460069858606597
-0.0681411379817666 0.509771134749073
0.626039688068053 -0.0504253718785717
-0.126795916607754 0.467607825045615
0.277497272992811 -0.341830568694043
0.639285207944457 -0.0190571533773376
0.618890768081681 -0.0895809778442851
-0.189362927721988 -0.616442690870162
0.161078238585537 -0.369910889534395
0.608189245733271 0.00235097547841754
0.179362983442096 -0.331904085179309
0.506870255245257 0.023225077958609
0.200138636581672 0.456033515713469
0.530981409398402 0.0454035715602403
0.157788126000987 -0.33031688110473
-0.158997624360212 -0.318573727430614
0.0932564159539145 -0.221805603461483
-0.119604600446338 0.218509362993157
0.397928407360175 -0.0553651539465917
-0.312996414265139 -0.0314961252321347
0.321413450016118 -0.214041884383854
0.392222491839106 -0.0491341478114118
0.388455360938877 -0.0370100324826785
0.232248588507509 0.0207227590207208
0.182361611776144 0.220029269465794
0.0921118287360035 -0.0881065295316305
0.220603369958848 0.0291815559584137
0.226772268745945 0.0591370347748694
0.552396015613911 0.036884198093292
0.0275654975426595 -0.188004907002582
0.125937598825591 0.0784527406682739
0.0923052296495453 0.0606261719033982
0.463676670621978 -0.13180275191188
0.35662971843898 0.0488427376770047
0.461420502093554 -0.143225888853387
0.443641320441358 -0.182102709504723
0.317844395133322 -0.156193184905203
0.209581354997119 -0.171446843100193
0.227372647137812 -0.19307441270413
0.0291200754821997 0.169804206187601
0.414053227521761 0.00428695683449995
0.230153057950975 0.341182497367774
0.297789769702918 0.295025603500855
0.517379061587042 -0.0262142419749528
0.229117929511963 -0.317270064179862
0.244761145262703 -0.330735121611095
0.550060709393102 -0.0203055934993094
-0.205567373168357 0.283286056126161
-0.162171828020676 0.390528607927426
0.279470996168297 -0.405567266628672
-0.23180072725229 -0.524404133885501
0.166911668444302 -0.475019893942087
0.499615012445749 0.0264914248782948
0.136026189695438 0.567373944646683
-0.495500754495186 0.433528346429598
-0.0281650399322908 -0.514336726512496
0.437058131213167 -0.0231054281520902
0.392200484588064 -0.00634653008079849
0.0468082551324638 -0.444096885498643
0.333426561890875 -0.0063863992942803
-0.422415732085893 0.221858135193833
0.0954873820002161 -0.388900562848395
0.404713010048397 0.0137441469960359
0.100226261080186 -0.349624449619827
0.0192993919384746 -0.263236614362823
-0.299828443631765 0.230576382096026
0.077588028464858 -0.314024864306243
0.0631390330109208 -0.231473423157012
0.121001789539791 0.332075308400775
0.136329391076257 -0.259546732059291
-0.179045793413183 -0.309726855080348
0.117451846880385 -0.186337852291214
0.303336397343339 -0.00713184776979574
0.151362736318467 0.310998815390887
0.116581936312968 -0.152965543690788
0.0937255237732781 -0.167690151017865
-0.0239722973839984 -0.226120426951616
0.208694842171548 -0.162679593670088
0.301412472413254 0.0293836766217393
0.134317135500742 -0.082338573203035
0.172142438627513 -0.0441934873221455
0.195684524370945 -0.0698915502291957
0.222021233926336 0.174725068803223
0.265291671738386 -0.00321545076469611
0.201486509592475 -0.0848907607932791
0.339635929768827 0.0365494380371866
0.215737439502669 -0.00972251616583385
0.183602001740757 0.0849189730848028
0.324333104432023 -0.0222466757855236
0.245876066257406 0.00214018876376216
0.19886642617932 -0.0179175377770191
0.239036919433048 0.0366408032797524
0.226968915158346 -0.00561753444331557
0.368749179400137 0.0761731566639007
0.265592421913836 -0.00128260143165307
0.2623478102546 0.0185542273410958
0.32872348652512 0.0462892789875866
0.334986337984709 -0.00275922203012798
0.335713531108114 -0.00906810668056573
0.546779562158039 0.0377893125553533
0.105693287365866 0.0174559804417186
0.46230368307119 0.111396352827782
0.272728036356011 -0.217654886465428
0.336825960495621 0.0921326311826213
0.0210509372038688 0.0837164811169795
-0.0388154463423307 -0.128232255960818
0.0297376493273011 0.126516876308031
0.062094138848645 -0.312698145237344
0.401187106260658 0.154920364492876
-0.0472978777842198 0.0583467798657854
0.184781192754124 -0.213995957706532
0.0813731007989059 -0.248676117351569
0.142440421514845 0.052819707880319
0.341077164373067 -0.0486199823213617
0.179668861152426 -0.166710532311883
0.111995298709281 -0.0387262251072248
-0.0305053255688672 0.0340895042535782
0.190710266349729 0.157379454679179
0.213941076605922 -0.0424427085801484
0.198042485127207 -0.0668217811234177
0.123344050816856 0.0670378037098279
0.178422033723913 0.0715639035403536
0.217942363946075 0.0644554689658383
0.321986029147517 0.0174404699022683
0.27857569703277 0.208944726584905
0.125415162721781 -0.02210468145794
0.154383339903767 -0.153542809900124
0.235661008071526 0.121428360968006
0.171259866727328 0.123651190535044
0.0170063506888479 -0.000307310410923242
0.13664843663417 0.167382152990343
0.360411278734242 -0.149770952110259
0.167079376329798 0.215172936412768
0.0142789386158738 0.17480295482621
0.012298436577271 0.227716358648413
-0.0878538952539284 0.0722973146008344
-0.179997629718602 -0.0407068602593235
0.277602678008276 0.102473237068022
0.251995774790653 0.381631042307028
-0.352468202580867 -0.00276251829212978
-0.0437321926577952 -0.148331638156745
0.212252701062818 -0.11588464258015
0.244083918885672 -0.351484439487369
0.293011464438214 0.0420108540322588
0.296062087681385 0.139199313462462
0.0575316980468957 0.391091513604483
0.0158809692866451 -0.276192654312765
-0.0285909968336654 -0.240531692385553
-0.0973065830873754 -0.332326796200562
0.0428342168983999 -0.418377016324335
0.243599848576343 0.029546571754634
-0.4101834338854 0.241959212524186
0.191944951156261 0.0342988133736379
0.243846585358339 -0.0164114002267813
-0.806840382022254 -0.0611971603741433
-0.1511509407465 -0.401491552623921
0.246783372994868 -0.0229127552620328
-0.0398290940550241 -0.404750918052596
-0.0138504196284014 -0.397653755026188
0.0122524025061473 -0.2717882133077
-0.24801455400378 0.332187692534464
-0.065200528256733 -0.235186657308739
-0.124884093295396 -0.345494849355889
-0.0598393829965861 -0.328282478641809
0.0430308576704749 0.339337034006607
0.0221172960525565 0.317109229844816
-0.0382767954705363 0.29351244515934
0.066831716607472 0.289125144268238
-0.0559202583929674 -0.228045347495271
-0.0574767165970014 -0.204349866719323
0.0297463773605623 -0.142931066921025
0.00558615700864762 -0.135881392442599
0.219415926919294 -0.0455704431359329
0.00191147624299617 -0.0950989455128907
0.0868322574443784 0.214021567454516
0.0384701210783171 0.205471458276838
-0.00764143163530493 -0.241697041418949
0.0594973780826049 0.0250242656540087
0.149892523863048 -0.0469642844206684
0.0312759381535562 -0.0561017763858737
0.0821657331361841 0.072070398318463
0.0920500334555497 -0.133077281486304
0.17045626915068 0.174461573263408
-0.128656433720191 0.151148465736394
0.074038860788855 -0.0883927558409485
0.0586328115990157 0.0710675834380635
0.0866214085483522 0.0210587139961465
-0.340796576309361 0.0822209922557234
-0.15825803731237 -0.179732837386049
-0.0985186317292781 -0.25367427430931
-0.103486893532476 0.286941458603748
0.11110201229157 -0.0251688148168104
-0.435474722044332 0.121912401432474
0.111051393005848 -0.0053920347598911
-0.615449512793089 -0.0179876335406286
0.175921371814758 0.00922700891376928
0.0728325726079809 0.0156181609755822
-0.217255315636402 -0.229878410165772
-0.150556787029263 -0.295231498154798
-0.418591827243819 0.256583517712787
0.22862593398952 -0.00310817334671455
0.0476170812506205 -0.133160558335955
-0.248534196465473 0.177665320696376
-0.173455555883428 -0.250258375121532
-0.189945833508178 -0.0283863944599533
0.198751060613372 -0.0171053068607069
0.0380425592408384 -0.0545845098703079
-0.138253339967819 0.204016161884669
-0.173091399184998 0.19643661775511
-0.169108052031382 -0.0979860076167575
-0.0796495298149564 0.184500879339663
-0.151665641414416 -0.170959734190612
-0.145016083271661 -0.095779838739872
-0.121099687990707 -0.109074267548529
-0.127716481028171 -0.0769027559834703
-0.19462230323531 -0.0282024083781713
0.0420644097251097 -0.0207677946398087
-0.203254710633673 0.0300320903694848
-0.156157300241564 0.0783923285077557
-0.14810312737733 0.0618551355731435
-0.288410565123148 0.129580841936499
-0.295676694135402 -0.0244096910581529
-0.215392206755356 -0.0275771631701043
-0.144552927564235 0.0602702561071184
-0.45859488099335 0.0235591370820497
-0.0611480663180038 0.060467681231098
-0.0416279868192018 0.0205202173380771
-0.103996654703227 -0.0220680812900361
-0.31792817706826 0.165310513599328
-0.229468937908556 -0.165538274837808
-0.221941198192908 -0.172587325821929
-0.457417468628354 0.105237878289222
-0.222610714091908 0.25226004911148
-0.255549479563041 0.198859975165365
-0.0535483844604872 -0.0814218608597917
-0.160158354293765 -0.0668092871191346
-0.178166012550447 -0.0287151606491991
-0.231531642899598 -0.259869226981326
-0.270242737591883 0.246565091114471
-0.319871109565129 0.121324347398766
-0.0467886277335766 -0.23653164674938
-0.226074822168314 -0.293069086953192
-0.23136567711848 0.129894749754547
-0.0722403696074956 -0.180002968727063
-0.344756057438301 0.129755754635472
0.0815920546695838 0.00332550792907292
-0.250888819260896 0.119123163367926
-0.322596737465114 -0.108361338854144
-0.144800161467495 0.176933009164425
-0.230201740154941 -0.162935425076455
-0.0589714219559601 -0.0418703506471556
-0.34763255681769 -0.124574545609743
-0.217703107860498 -0.0760525814784714
-0.145084191145249 -0.0086034899595256
-0.102306818501536 -0.00520423211477289
-0.177975316029215 -0.0228956824145809
-0.210982279662515 -0.0721507737173919
-0.203024131233635 -0.0463226919407024
-0.259035540830833 0.0133667896990915
-0.326995596162254 -0.0797832184708947
-0.348443783209918 0.0293669840533894
-0.218725902493477 0.0448073295168442
-0.317765729366073 -0.0623016620803407
-0.403605700122669 -0.0428233571782188
-0.401763861755246 -0.0448867042299568
-0.320089488393404 -0.165575980131654
-0.243412343238882 0.0494504485863304
-0.382094593433882 -0.0295784741932066
-0.29984504714632 -0.0162029459431905
-0.332753431353934 0.0256719342463058
-0.287938252041116 -0.00721914429726896
-0.253864374062278 -0.00927008172376789
-0.323076011725536 -0.0517257834594033
-0.219742710465758 0.0233836887265365
-0.275375587895112 -0.0673562979053292
-0.287796612657043 -0.0457569814875175
-0.2859398146256 -0.0252179653719098
-0.181561437742881 0.0630629005047358
-0.279791477919845 0.0721459129892817
-0.26308519528884 0.0717161437686519
-0.339372943742653 0.00359319653224712
-0.0262116288517756 0.136557842765448
-0.159586714140819 -0.00796211042130361
-0.0317442887595108 0.0682365930572511
0.0843134508931806 -0.07164998802769
0.0869279012332464 0.190414504944625
-0.0268189852684238 0.0945313538565207
0.00155140954966134 0.10593370615071
-0.236428506643652 -0.0169315704452372
-0.00388259149592564 -0.123969086547492
-0.139110767986191 -0.00538273986612726
-0.115853638227624 0.0760166907365122
-0.0653419309541007 -0.0338919579825142
-0.141785883217598 0.0777441247812965
-0.114145231733529 0.068913681728791
-0.127975667194793 -0.0315202663421135
-0.0992896006133353 -0.0172396526276011
-0.181516248485597 -0.0188107899527149
-0.153375842026211 -0.0206650054502372
-0.124460151133131 -0.00125683481167353
-0.159765665803548 -0.0541387030228578
-0.187945415450139 -0.0120290550130662
-0.172559680305994 -0.0525409615840008
-0.2143113403284 -0.0457505037372875
-0.203506582271053 -0.0235656576873282
-0.239959938020197 -0.0633852504835236
-0.130376659756096 -0.029268007652243
-0.267638801152456 -0.110261947975422
-0.237424693989454 -0.0299319578692121
-0.29655345242897 -0.106694458607662
-0.262948412559365 -0.0889770040918456
-0.285061363785229 -0.05300534117287
-0.298304424392295 0.0216439864506641
-0.322214029517669 0.0841441655465417
-0.257871169201465 0.0918439299743158
-0.358443699854559 -0.0139337018450872
-0.271283163121888 -0.118875490177667
-0.230937616112702 0.0648438374126434
-0.316454446538996 0.0762313917274356
-0.280446327284671 -0.115622490606445
-0.20161270893942 -0.0644891321596635
-0.150690803300066 0.110197103124107
-0.198596571056429 0.124126670597997
-0.198325321376989 -0.0521031545815342
-0.210689143480495 0.0282819018245572
-0.175673274601757 0.0669955297695504
-0.1916716466173 0.0732544199456635
-0.194447279624441 0.00398547796417338
-0.130648633599826 0.0242835116167116
-0.12943069841655 -0.028989387933999
-0.0128580254452726 -0.0747237751982486
-0.0556438370042013 -0.0320530318002451
0.0628597715005856 0.0169877394060498
-0.0832467119129288 -0.0456117571692874
-0.0466413557535797 0.0115256128104491
0.0154802712940837 0.00905424244227079
0.0883832387004858 -0.00373587340567596
-0.0212979912443954 0.0337210960596044
-0.0072060848239398 0.00202015023356309
0.0441305601025655 0.0405163380431292
-0.0252966405109989 -0.0531479563118897
-0.0705395058207435 0.0149197170695795
0.140726118678971 -0.0396482237293941
0.0390805697681486 0.0148194499430612
0.000143717322177073 -0.0641873085374141
0.227612569412964 -0.0423730904317055
0.0927723030923841 -0.124257850070822
0.201260932568473 -0.0368540297265841
0.217367602021459 0.0752558077928486
0.152711459817543 -0.00590479477521767
0.123175572727465 -0.0439394321954157
0.133331282541944 0.0210807433667273
0.161562011059239 0.0104679102056477
0.184518291909853 0.0482040522909218
0.287452119822317 -0.00192289326413883
0.262293356106914 0.0057425969346546
0.188775209113728 -0.0423745588348117
0.116522415682188 -0.0474511637553284
0.214523914020815 0.0523364375662857
0.186829064069452 0.0224726203089616
0.431815489686188 0.0396752714155848
-0.054564243871387 -0.0898972426264998
-0.013642875614518 -0.228144514003738
0.133953894007522 0.162290873883762
0.453594077859543 0.0244319644700414
0.243216641934616 -0.162786046233795
-0.0644834976686098 0.148468049731139
-0.128596016087321 -0.101827425159868
-0.0309615625912208 0.108123457461068
0.308895302376343 -0.0348841470880117
-0.0145565158428258 -0.108726429389947
-0.131039354039124 -0.127737047670414
0.0508327136448623 0.140841395309422
0.028894678860446 -0.0853550128326955
-0.0756388131169516 0.067582952023857
0.0612545756772497 -0.144980516005476
-0.0221618773498101 -0.0357694910480257
-0.0148898158218459 -0.0207002840971964
0.041518938637777 -0.0809305947441249
-0.0163720022668609 -0.0797432343588421
0.0146797432899615 0.00141774031186735
-0.0475466487504276 0.0108062149386353
-0.0313653988436611 0.0128889390649802
-0.0235032674546375 -0.00229440339521962
-0.0858647608217141 -0.130425777742446
0.0133314826313682 0.0344782793664425
-0.0944871780901654 0.029683156506091
0.00589906555922208 -0.00639499752114836
-0.0528518440702948 -0.0780369889077378
-0.074829087242047 0.0892251314677406
0.00935046375249145 0.0303517892016359
-0.0749287178549769 -0.0813750043438532
-0.107039412106818 0.144042256150146
-0.0230439516715991 0.192558504902629
0.141204462138849 0.0542387049124367
-0.113029537873395 0.099035141599266
0.18077748715939 0.018562978075154
0.0963069514322073 -0.0747758760744529
0.0557530960012113 -0.103475677125136
0.192431326178943 0.00860052257453932
0.0855864604238002 -0.0393804036422571
0.00854719199000027 0.0526275041638335
0.13831883293119 -0.0328701697624941
0.149583682032519 -0.0311342556081193
0.070500722439243 -0.0709707623707388
0.0869938062649401 -0.059311683706986
0.143100998191697 -0.0831709684803515
0.152265766953641 -0.0637299375802062
0.221961639629005 0.0712388674626057
0.131766400125578 0.107377599795801
0.190254000941223 0.0690692916571813
0.216720559053545 0.0316255043571665
0.0590047732250674 0.0777815907461169
-0.0425084354939426 -0.00998314657691698
0.147650333538317 0.0480289844235099
-0.0592844320974506 -0.0597784508996968
0.0234265838470721 0.0448479298558934
0.161769781890973 0.163928647095744
-0.0632391756578433 0.0409909263777081
-0.0769226345468925 -0.0371124517733534
-0.0927134275505407 0.018073020120539
-0.0756256355498864 0.0278062350953809
-0.11512977131237 0.00116621636161904
-0.183587300388765 -0.0692824427735267
-0.0461018998833858 -0.198868680575916
0.0404734906355217 -0.0515099258168913
-0.0506519761112332 0.0768505508231009
-0.0448357370478607 0.145153200714209
-0.142944300050946 -0.183939923112763
0.198260918035528 0.013875329356528
-0.0926436023838525 0.123018101501346
-0.0141542517981246 -0.156088323701035
0.222796213991474 -0.00686456283908734
0.0674158661342317 -0.222867428303625
-0.119393956609765 -0.276127255736046
0.0975180809543293 0.228795282796651
-0.0910570180825332 0.249940567209392
0.230898657832242 -0.231175047241443
0.199900266101774 0.254867826531643
0.164532194503542 0.0155515160710157
0.184180390678994 -0.0304166987251551
-0.064644817658085 -0.146211045656187
0.0395983190184313 0.206933935504626
0.0849679981675491 0.0166374040590235
0.172397896433837 -0.261009837513987
0.15392678693439 -0.223033860083873
0.211660645951543 0.142634447757868
0.405323428632478 -0.114057272412082
0.220544527102048 0.204822339604529
0.328083755119401 -0.122807634482182
0.0906102579094106 0.16022332073422
0.379275860960042 -0.269635807380532
-0.0501505668415057 -0.00713079294400086
-0.0711635797870847 -0.0278961573799351
0.01804134127557 0.00301523277934505
0.24454531905153 0.125963020040705
0.232298139649448 -0.2272429751069
0.0329896174934894 0.0237139056614097
-0.0644487120962755 0.00503661263224564
0.350390083726759 -0.0735742519456704
0.341026948734678 -0.041122664166194
0.20759477692244 0.234895192395551
0.666931356843819 -0.0586591694847084
0.293706096627587 -0.122489132899227
0.277436566644938 -0.255430169377101
0.634034326395852 -0.0153290136956052
0.348050132583895 0.372373705596761
0.59960693970479 0.0306701153614715
0.359855045077268 -0.30466389170428
0.422084455569481 -0.323884941301694
0.286460987728159 0.306161739707406
0.62473398708259 -0.0418274278235105
0.428568216682697 0.0355860831639993
0.135092646058335 -0.46567176570145
0.626525957569249 0.251963724361491
0.2158671064758 0.00995540232502326
0.291395022258297 0.315224155258416
0.326519562552707 -0.353663131950108
0.121823084738793 0.0317717302986021
0.214615014581853 -0.0771995171756846
0.625838218060988 -0.128025241678321
0.468482872417735 0.144533341691447
0.434394424132146 -0.240872545758582
0.47838153359306 0.100371913780266
0.489588337019165 0.0805568055557305
0.448065759216885 -0.122516162572465
0.439855937403394 -0.132387275477193
0.487448741916703 -0.0690702520783769
0.507768168410893 -0.0301463749119198
0.393863631866079 -0.100325017625294
0.487627592814807 -0.0330836010895044
0.561701688492334 0.0361847390406259
0.485997520654512 0.13238566253246
0.410314018677485 0.0974268628933017
0.481033859079893 -0.0216119663456658
0.316956721026001 -0.0148576674976035
0.393217565601622 -0.126045112136944
0.315859693528114 0.0902482894380257
0.429139003703115 -0.101953618327827
0.517941159108336 0.126086165603409
0.35430903095875 0.0922368477643053
0.272471378705286 -0.238689215710364
0.31774963643326 -0.215168416020069
0.268762157602544 -0.246632740195314
0.264374522413328 -0.269689875727701
0.102620479746181 0.0538232594550411
-0.0870589133617419 -0.00449955438619066
0.545371961803574 0.0100251140905048
0.382358402712428 0.209854446634889
0.363208518586129 -0.0948205102648434
0.485960703762411 0.0064423899638007
0.305775152857193 -0.137165820741238
0.374255150408324 -0.173569365506106
0.432491485319722 -0.270205280177166
0.390457359799387 -0.277318587813448
0.44707246940845 0.360258592897205
0.427678335065507 0.323877985735794
0.255272430884056 0.330804323674881
0.206904940820932 0.357249589352141
-0.0386541317537426 -0.30600101059307
-0.0724415500918361 0.165870729442942
0.710166411275718 -0.14533518562616
0.515155162060408 0.522685455501783
0.611590083228275 -0.0979799221295862
0.359685819973473 0.151326846516505
0.179676709158025 0.347553107885922
0.331826633699509 0.133514698811438
-0.0680351161682114 0.107181938230273
0.437315452114863 0.30255082028912
-0.00375636634651807 -0.413098539983004
-0.146782000755713 -0.00387348124776359
-0.233461572178913 0.00200158009014774
-0.289052524518827 -0.0118367872791822
-0.0146422906450465 0.390006411927694
-0.302822860166506 -0.0347908294004561
0.0524977637672558 0.302951307024434
-0.0657103719193632 0.314050438593549
-0.330515152908321 -0.0132204368555702
-0.281253285891024 -0.0247046814438484
-0.250170778451211 -0.061148934573697
-0.266486474637388 0.0199650482840372
0.0137485696066609 0.221166744411141
0.0534465076169163 0.205651796226561
-0.00632478881389509 0.253504840702242
-0.242370787548945 0.0170760147343736
-0.0407232366461726 0.153670054197179
-0.0475432181747662 0.117584521661142
0.240425057971184 -0.111917122331613
0.165884396744876 -0.210589440451894
0.0151497873037744 0.181669685042556
0.410949085074838 0.00531579054995238
-0.260843733935894 0.0396008405013072
0.199553057094134 -0.122059560238738
0.211727972877511 0.0114610025826052
0.301895519302302 -0.154495797684487
0.188055207959423 -0.277701215946607
0.115490535591065 -0.155147208484847
0.020086282610326 -0.275342858130343
0.0502040844849211 0.274158525296403
0.0447335107868231 -0.0832618071444199
0.367372943913869 -0.0484551803637109
-0.120719587882009 0.377264666416337
-0.0154616582886842 -0.366709795958257
0.289466696137028 -0.0745752311197515
0.413010062922792 0.121906428192394
-0.091182371117201 -0.18010339871393
0.262827119110939 -0.206771001581892
-0.435381218946969 0.192823196559619
0.0122971112574921 0.154280565507588
0.198032924403604 0.0764388706014129
-0.284001004034492 -0.19710887673648
-0.448740017738248 0.0621450649237456
-0.022427727032301 -0.366518599624768
-0.0300131358218173 0.29439745779783
0.287874658260815 -0.0708081075734448
-0.358415609509762 0.294733174997941
-0.0929279327811457 0.192801664790273
0.11732719373112 0.349219909057276
-0.167607787615214 0.142882869652985
0.113121448730467 -0.36004169739649
0.239793145331944 -0.263114565736515
0.327144224598564 0.00750593275212094
-0.154428030355073 -0.338181722070333
-0.321442889977892 -0.0141421935307876
0.0651172559694753 -0.246325488767814
-0.209319994521007 0.269208253925873
-0.0787809990113142 0.223429593392973
-0.103159179280161 -0.297673081494093
0.0825428869965328 -0.158064248246802
-0.276901460630967 -0.0251251146758062
-0.0258745223612499 0.115335232709883
-0.156917639910097 -0.276046667606994
-0.00557734331351838 -0.328009462802556
-0.255665158307864 0.174894450647531
-0.185984075967815 -0.266101694193778
-0.542097154308201 0.105227473707886
-0.528808789075786 0.095049842528742
0.104264702463816 0.168234416857506
-0.595450519637735 -0.206048652968927
0.0180935854426313 -0.130893596334695
-0.294778676033385 0.137715242995063
-0.280256381243652 -0.27132559278159
-0.45199922107136 -0.1074301635905
-0.239629050702011 0.146738804643426
-0.253384119242145 0.156047053902245
-0.336060205301083 0.0209535603503749
-0.26402237693646 0.00657117960809122
-0.214087487888428 -0.00407475726117301
0.0303194841543472 -0.244452139579419
0.15116880979255 0.00142464191755168
-0.0260741077225272 -0.118780922861921
-0.246303896763923 0.186876096172503
-0.19608625045695 0.0649348018633251
-0.216586854755508 -0.0926610499373467
-0.159521417426682 -0.120649007827982
0.146037063234341 -0.0992707213664369
-0.0312165900659945 0.362584942108949
-0.120691300399906 0.298736579479199
-0.399921514642989 -0.268129125525224
0.192393396060852 -0.0740991442959446
0.0615653549763164 0.0947131171738849
-0.415891762696112 0.245191479743579
0.0052795409882987 -0.348587491838685
-0.0801313582990288 0.343343211720814
-0.141877190106308 -0.372238683157751
0.267954580090741 -0.0355090831299552
-0.262674676119447 -0.287244344365977
-0.223422001216907 -0.444119713433978
0.251981049722858 -0.104042054515853
-0.0778924512588128 -0.470754595042322
0.203772423459588 0.20625392356127
0.0412079642626367 0.0939588324390031
-0.552719684800376 0.265566159163366
-0.128316708219197 -0.0162194306942218
0.131636192340141 -0.143236446061203
0.179312083302988 -0.150323280363814
0.0974087347208467 -0.0771882166380587
-0.280230250660881 0.309597093422938
-0.0784759806138742 0.0920402220764367
-0.513213142870249 -0.231584242435345
-0.136734300000767 0.327456667336047
-0.103721583595087 -0.215006442333696
-0.341344174714856 0.160619446313588
-0.269962266408584 -0.227053490437908
-0.0830378645320927 -0.074167870547808
-0.182157103489655 0.0386864723677889
-0.439058884152 -0.0949525046136463
-0.345883424493221 0.0966119955146278
-0.274232299755343 -0.0438086803699279
-0.20384656390781 -0.172178826810441
-0.0772774003361654 -0.0996481106698395
-0.211142300157573 0.186204441909212
-0.163828405407279 -0.115617471658886
-0.319791904263008 -0.163507207459453
-0.173199819204076 0.177884028052201
-0.0543557794221407 0.0560573956965754
-0.589701936830513 -0.0159610727151303
-0.487751080773056 0.181029317393018
0.0162094902527922 -0.00948807780800182
-0.219826705894726 0.319568261773239
-0.233924657088712 0.281242094744597
-0.277071751607227 -0.288759447891544
-0.290937089538899 -0.321995179144809
-0.286779700425213 -0.29017488091079
-0.263636868621399 -0.328285686275621
-0.300171825045963 -0.352979189336411
-0.324921183324572 -0.337864227885998
-0.646877987150805 0.226276622694998
0.137555371036925 0.0424629033775082
-0.615787628919466 -0.495653462344304
-0.200020118029583 0.546740448057235
-0.197905523889168 0.514136713423271
-0.565279112286024 -0.489953872724752
-0.256396993702149 -0.318728055267313
0.120720126986317 0.0579308533223003
-0.297833111343916 -0.469579576018034
-0.300910938963889 0.407949704590658
-0.243901287586929 0.439259821447044
-0.349836726767728 -0.472454177609842
-0.561558696140969 -0.547904025278574
-0.422745627326373 0.327232583741013
0.0430463916627027 0.125649816077837
0.404136983205272 0.0125373432841676
0.313969723245884 0.249543428631823
-0.748189550848474 0.192119698526387
-0.205874459199023 -0.562780654734272
-0.42212563517287 -0.443122583732361
0.224379381112191 0.075064238850179
-0.531535693757928 -0.76657574900047
-0.266134229037741 -0.6777375122533
0.046614318570407 -0.783995514405644
-1.18728968095135 -0.0954740096587643
0.191483033716444 -0.841621626558465
-0.611746400182943 -0.932681827604476
-0.0511179416644421 -0.86608505688227
0.597977681456739 -0.135847942316045
0.514986873194871 0.0385492495030009
0.0882928792007045 0.975934166399224
0.810333234551016 0.0505602630288998
-0.993910139905288 0.695497837199338
0.641801404870922 0.00257477787319309
0.022757965815958 1.00541838233114
0.540997678187558 0.0269696249206131
0.508880420316077 0.0308441622143888
-0.370531602476123 -0.910629861030736
-0.595055252185449 -0.742363460951102
-0.433620552339497 -0.823897860031303
-0.113477682791541 -1.02337969015583
-0.405922335978002 -0.92180628560237
-0.639074214355373 -0.707226818913641
-0.253536356081637 0.972732241191231
-0.711734412448209 -0.541749464878047
0.298636998282138 0.235652313278924
0.262788437152272 0.297966197561489
-1.04525171496864 0.260386834891597
-0.599038223804131 0.494594086890388
0.51881530815589 -0.366433850970281
0.276202701426799 0.878879121489982
-0.577348182642515 -0.385646807262363
0.114450444345361 -0.510925749368733
0.636878677509689 -0.259552230653259
-0.401229161314865 0.32738354067159
-0.654123180903252 0.171159378832714
-0.602783115629489 0.175044994401268
0.179173475329579 0.551123633202518
0.0371053603704318 -0.66935969003399
-0.467223365478804 0.656961365168287
0.359793119102336 0.761909139728724
0.683551048424932 -0.0326573260332505
0.591506159882476 -0.144824741127428
-0.539937398169406 0.519845101154977
0.619276706984994 0.0603896496003972
0.250623229798991 0.685698069307623
0.300396234416748 0.679695118954681
0.37090943208257 0.728454995026529
0.837609171642254 0.0485382711403138
-0.751203987953705 -0.0733742021907261
-0.407382303849213 0.574877505424309
0.420771143319248 0.793846461959028
0.743935942608308 0.0267620074782445
0.814920956363044 -0.579917940971482
0.633316881793625 0.848225044756255
0.606113714626527 0.887247929069266
0.412271418403336 0.764217096047401
0.924949147536716 -0.460866767933698
-0.151932964460431 -0.397534534879481
0.120307388102476 0.351103140704943
0.169325407791537 -0.229457743046219
0.44924777534333 -0.530413258880719
1.07799434908716 0.0769635131566992
0.929359018865338 -0.0739826801188229
0.417125476533321 -0.153046199857966
0.597023086046279 -0.404769961983737
0.650613880834215 -0.209389465130671
0.219723716861131 -0.56907523810295
0.557615225048827 0.413480310691506
0.764108430154481 -0.213331357895258
0.243578569639917 0.482632323623938
0.768062041646388 0.642813172352394
0.73142075912061 -0.325637680173685
0.862594657334062 -0.267606413768119
0.96200883080618 -0.237372487445596
0.881710280923526 -0.146353540678964
1.13801347153151 0.147346871600124
1.01176490484058 0.0789921335237172
0.797290629853223 0.383662815294391
0.770633951504881 -0.159649970875239
0.741114133063855 -0.0679168338749824
0.671923720094225 -0.0910905078111501
0.761411164612497 0.0309277200515717
0.70353710361525 0.200192061347036
0.453751161618746 0.136449697424629
0.633747638912666 -0.0721942820428496
0.5226598748746 -0.0696560073735118
0.406148540997916 0.0447428758953166
0.608071704464199 0.0232957743808659
0.521080904065829 -0.1775144544186
0.430907657014923 0.190185110521645
0.496388618026919 0.277805230135403
0.462516845266241 -0.0519861103556913
0.619353925311045 0.114322029998757
0.481608252983656 0.288792696332067
0.465269968198341 0.306991515344917
0.424916104575056 0.335996899017077
0.431623182242317 -0.410189647748096
0.85448000969911 -0.135602573406284
0.810379418252439 -0.272023494279082
0.535799206098085 0.427559110883829
0.000310465961738466 0.0303983539749748
0.887747660142494 0.424609267540386
1.04707515158524 -0.173611264116324
0.449197542725274 -0.654415623274763
0.723250870612316 0.344669650764614
0.209268691448737 -0.830723918215932
0.629467645882433 0.671546146793772
0.756108281016583 0.477161518542519
0.442988120060103 -0.822898334488666
-0.0200939100309001 -0.068170461827517
1.11768749473408 0.792056924582322
-0.0134817013098626 -0.00634442644665144
1.31440868761227 -0.449221574597843
0.10660298450467 0.00393135108310657
0.794600127417686 0.509722694982869
0.845590158246907 0.446411193811393
1.60726407953313 0.0847509467308259
1.31722108200733 -0.336704129322062
0.327739212387036 0.00221379632941692
1.33267414864898 -0.240950543911025
0.293790815397252 0.0111494204960926
1.17053679353267 0.511210732544748
0.895283324304766 0.326974792064795
1.22405416184276 -0.102710488364091
0.68193913582284 0.0395310597129424
1.15898763986797 -0.176962402877718
0.976315051167796 0.206492579507998
0.651542686791098 0.0684854139079381
0.872914922337527 0.0817522732371377
0.876923438248968 0.111738358339342
0.862210711366109 0.117320732045356
0.970097213323247 -0.0268557123995195
0.835818689669517 -0.0398737781956476
0.875738186476239 0.244818759074721
0.696882854912672 0.109668749053876
0.668535568175568 -0.145561553534663
0.953483989047443 0.0674948596488558
0.742800153417428 0.186879305066573
0.663295703543008 -0.241291604173012
0.641153348198554 -0.194182178659904
0.674527140648955 -0.192415874656732
1.13236672109359 0.000866656337235987
0.963312632683292 -0.233917445510136
1.20132679423952 0.151519393252945
0.971172230574909 -0.30351247287132
1.2679686739747 -0.176204524738489
0.937232302898749 0.411020825797527
0.945761743327144 0.426141959060085
0.864932396917661 0.368582571207536
0.905255012725947 -0.377320320661484
1.25866999389404 -0.118161975896246
0.769441112075267 0.336732090694703
1.11588043551716 -0.143409509323871
1.02165738923211 0.398232991245892
0.887151640508639 0.458533994457855
0.98479098758662 -0.23563062517932
0.73991346825839 0.385730052936154
0.844099526500035 0.219773883221292
0.979797315247641 -0.39777713415266
0.638874614442305 -0.463366138747254
0.109480240510877 0.217536871023629
0.854330461630419 -0.0227114253731919
0.291154956822001 -0.326774974717402
0.887786341060982 0.302979455037551
0.296219347236175 0.430577770643038
0.58133145627405 -0.722434279367258
0.585658761698287 -0.769591226207271
0.543162320240915 -0.784689629315211
0.723647806546684 -0.608916969814115
0.499194912137881 0.788115274713239
0.628330407652536 -0.601726457785046
0.138523505349146 0.587362028303521
0.868291641490552 -0.231401487219856
1.06060861192851 -0.14780629771421
-0.261445449055191 0.884012741490408
-0.0528648586934085 -0.452609156661009
-0.201394756162016 -0.881949863827799
0.609331343220409 0.231618929180339
0.794941130338756 -0.515930772026744
0.19564059461652 -0.685344289130942
-0.0462145103945593 -0.758481891427419
0.307430333449855 -0.60821802144735
0.833941861261662 0.351161514773798
0.43530400695668 0.522765483167163
0.455044662954374 0.512527808997358
0.416894249695255 0.468271785967932
-0.00666159048337929 0.290847582217561
0.0820390263822231 0.450176053616661
0.449870970716602 -0.310258259128255
0.650459886969465 -0.0375414376843691
0.568320273719111 -0.0363801047960712
0.298298297163277 -0.27736988422667
0.623558490546497 0.0495181957418976
0.594940535921653 0.0138799801640674
0.330355174383241 0.409788268267675
-0.0862599696197588 -0.360692489035835
0.313787721646685 -0.215550384952608
-0.101439062942992 -0.374226852403533
0.101894548036251 -0.279226767081312
0.0986689518027674 0.27495311973707
0.134319960995306 -0.238779761221362
0.236423562420431 -0.0248439137422711
-0.223825647002132 0.118337690444433
-0.203171235040538 0.000598464891331491
-0.0604133667895539 -0.0946153866124382
0.0709379408273208 0.206709611264877
-0.0724099252407015 0.171156045689399
0.0822446745625395 0.0798908526347812
0.283304377333321 0.221427308155388
-0.194958041335653 -0.0574940856121732
-0.0456596436839507 0.17535697926231
-0.0406235747773531 -0.284486084720508
-0.103153243489498 0.215276483158954
0.0693630689168975 -0.239363650314049
-0.394000607609168 -0.022694127065051
-0.397171206751724 0.0346064898645656
-0.207125645129159 -0.380303627977741
0.17947019944693 0.30548196645787
-0.503775675965591 0.313984960295472
-0.791706333664235 -0.0532659352828212
0.0995631969442032 0.1563572186196
-0.323858831335742 -0.239786324591913
-0.107073426251122 -0.435551962112955
-0.292909433559341 -0.552131019816234
-0.637097959528063 5.02409130848443e-05
0.0704792963163463 0.46153394872382
-0.220831261792916 0.329279029288811
-0.197781334389196 0.206740403726518
0.131910243574256 0.296733957459905
0.142466095806793 0.272361555654136
0.122503585245731 -0.0594773740701679
0.094951039792611 -0.112583644915444
0.104462399111396 -0.17723351328218
0.128089334880412 -0.170316546388697
0.268946533280094 0.131076624496571
0.230480640610236 -0.11668488977949
-0.0508075822665524 0.0402011654516488
0.0707306019555977 -0.126505667887558
0.0843325312016423 -0.18434450055072
0.119686034827156 0.190660739351749
0.158358832391632 0.0615044640947615
0.255943124808837 0.0427031495505904
0.12886674808195 -0.1902179580424
0.14728400218157 0.318657644399413
0.406375747244213 0.021248183923168
0.427434535759268 0.0101834816334084
0.254271200331551 -0.296485849301514
0.544270850997572 0.082809123544359
0.359481435261323 -0.283558381734551
-0.17051390451433 -0.569793820054343
-0.291487806002599 0.467280246100615
0.175681029581961 -0.569817139648134
0.591907187705033 -0.0060643707663242
0.59274511860774 -0.070902876662013
0.342712102882853 -0.00544139355196063
0.407276312171631 0.0951520625743549
-0.664785286992271 0.290162000158666
0.379708219569018 -0.0596196082409397
-0.00659035108146418 0.668856703794069
-0.0220076722510036 0.65518661466759
-1.10749228398412 -0.10213929137098
-0.276513884258454 -0.564153534569924
-0.823445239034919 0.351655512108803
-0.380236416276998 -0.537138722198523
-0.365701338735292 -0.495796843654093
-0.253737220871409 0.553239725431097
-1.0986817699787 -0.0489425547139646
0.0134225599128603 -0.0115348181048046
-0.785010345579013 0.203340451630953
-0.0209244385631295 0.0332328122234959
-0.732376314752253 0.253999607258957
0.112828005262478 0.0168182324439871
-0.00599321067484457 0.0450615080698783
-0.0118405977564892 -0.0118234084558923
-0.00327122949588157 0.00677996838926882
-0.37523983505344 -0.19326431962806
-0.424514595042384 -0.241783449016454
-0.291444970802085 0.276550308850272
-0.728117235556597 -0.0446985336818324
-0.340372253050216 -0.131748490546009
-0.252952635716575 -0.157104506917833
-0.330026356675039 -0.143214429734371
-0.46451844120671 0.0518643062906583
-0.121302531767133 0.083032313141906
-0.108187186891634 -0.00707433722368376
-0.0364365572060485 -0.0658587439002713
-0.124539915239602 0.018736831759928
-0.163697762873401 -0.0343385905277052
-0.146921955112806 -0.0933703549784265
0.0882285171588759 0.0420947401315195
0.0240374373677922 0.0119099223556957
-0.361959794430679 0.136891040502758
-0.237699198042456 0.17556869497492
-0.140359137481417 0.234054318221604
-0.126212600125418 -0.282704864023819
-0.150099649111088 0.29884285083393
-0.19336248083077 0.289643491583988
-0.144230454526819 0.349676620492376
0.152081495180155 0.110388397191281
-0.476407405829156 -0.435085485954993
-0.360627698018572 -0.196403424714137
-0.347807108067926 -0.220002439157025
-0.344216181538755 0.273751395574484
-0.299313598615436 0.357576119508425
-0.472975219093285 -0.213817949724883
-0.461343921496965 -0.204739743782156
-0.470904374192039 -0.200572858849289
-0.719921015954456 0.146146510501226
0.0936037787648004 0.262030143513292
-0.117010081636268 -0.354313439187017
-0.361885551037792 0.302805100642447
-0.565602957398874 -0.210195307861594
-0.277467274433833 0.35745295119892
-0.255866368726039 0.276364337787951
-0.216176992547133 -0.315900869690916
-0.0330193551418689 -0.354927812475249
0.0299428272854247 0.405067684350046
-0.149509212695995 -0.289086557535639
-0.312586000833922 -0.0586817395999879
-0.107563989871451 -0.291374097345758
-0.0795546679800599 -0.2835020825572
-0.307242490349463 -0.15540583487953
0.169002936801954 0.119260111409589
0.127242454747662 0.139031389292045
0.0579504104754209 -0.116330871966292
0.0371389501618127 0.171621131121329
0.168584242391395 -0.059527171081527
0.114077618632118 -0.140226618468261
-0.115546830468368 0.0815400593106292
0.04666128236251 0.159964140636306
-0.213322984473366 -0.0252571420503603
-0.0543153164548534 -0.246060895552676
-0.247708553526095 0.0102718693976499
-0.159327565212107 -0.0402834987050013
-0.0388494967102219 0.106788139750092
-0.112550799165177 0.174840398707008
-0.0970005012252751 0.00162553048989313
0.0433635673643888 -0.066726311465324
-0.0305765752927032 0.189565971507582
-0.042672166834541 0.232279960077317
-0.00151300723499284 0.0227062016326067
-0.0455506540085772 -0.109125070327459
-0.000420415724513876 0.30084277303256
-0.0931003502146831 -0.199781540780611
-0.101692700465237 -0.229758506300886
-0.128295021965963 -0.249767351175464
-0.402262893031848 0.191823037195282
-0.133757805133165 -0.2109327117316
0.0988412803128412 0.00833270629806412
0.161965506317134 -0.0254843719787658
-0.183532373430543 0.340742269663257
-0.307643612003424 -0.283122701884708
-0.172771913261164 0.365723747841165
-0.267005207604222 -0.357662664152175
0.0137699482623122 -0.0336213865532424
-0.296481074581152 -0.211966856727633
-0.282145439446694 -0.144715067202206
-0.307361047661518 -0.0479193350894605
-0.252320689693159 -0.0752032549691319
0.267205263440714 0.00589792672400623
-0.180159401680645 -0.359870546592072
-0.144114246429929 0.254472181912971
-0.169536169999027 0.210018017733593
-0.304236316265117 -0.098137639861935
-0.188507576673842 -0.30731758133194
-0.27648959323638 -0.096757484517002
-0.364970065381436 -0.0605349552934751
-0.25459497993708 0.262967396239106
0.0479769570023675 -0.21878839725796
-0.0902401952936178 -0.167447995968196
-0.247918507953177 0.120227290736082
-0.15518901030466 0.149654708751131
-0.367286034546488 -0.00890776672550352
-0.302171545057623 -0.0221819453612558
-0.312722347032954 -0.0144981690531926
-0.15945854222378 0.019063354102499
-0.292902626989042 0.102365486474384
-0.34089081522945 0.0732091430904368
-0.245040030374682 0.0659272536348031
-0.301420932169706 0.0352571472501019
-0.559070190252031 0.023543176322919
-0.74516066622162 -0.061139077864245
-0.214694862631202 0.0218279469048555
-0.248007340958029 0.000673230560358204
-0.587576595663652 0.030068338111155
-0.38653152377255 0.26602668081227
-0.504027527869582 0.195884031743667
-0.0827373203361712 -0.0976906149116344
-0.172050390868643 0.138888894972644
-0.197311947896928 -0.32481370237531
-0.644739940770592 -0.0338275637882662
0.00959634986832209 0.254627087897902
-0.324009134572715 -0.393776196138709
-0.280141955918593 -0.358585299454095
-0.313021849586736 0.226307648934958
0.0345735631991667 0.369520069879427
-0.186425816080072 0.281670798638238
0.0148391585133497 -0.345648865226054
-0.216019031730668 -0.405641505544543
-0.239672289240709 -0.391785106282713
-0.485613350999149 0.00967516286987291
-0.168289039117315 -0.514934585326127
-0.22028464086743 0.414481248273897
-0.43947896030143 -0.0878533022831152
0.176340634881069 -0.403664968203773
0.260195999959811 0.298620479680527
-0.238534630645762 -0.134068097073229
-0.286329838029005 -0.154059961148269
0.352617940953247 -0.00211444751440504
0.354128305505683 -0.0367749149759559
-0.177664221879722 0.354548244997874
-0.239101274920742 -0.35224894987892
-0.482425714917967 0.235709055044702
-0.438261610098904 0.223529282951584
-0.029283385637997 0.37483132561512
-0.304632855387881 -0.464083916398815
-0.451692857673281 -0.393933938576583
-0.169318233592112 -0.361773325252278
0.0606327869521369 0.542744108484292
-0.323060262312552 0.27215000589545
0.274816245047566 0.215990497198977
-0.419950965627528 0.392114427447911
-0.388313487846161 0.430226996842516
-0.0606477895945437 0.265177194169748
-0.168461917124978 0.394679383029951
-0.37985860629041 0.397187565966406
-0.238557465553716 -0.490471933898054
0.108666023492634 -0.418550137780221
-0.413829197106001 0.260520750121509
-0.144738345161825 0.21949620236458
-0.435440181756297 0.0367170708615229
-0.47206149989581 -0.170374394443979
-0.645455141375517 0.142388809752035
0.088649321985974 -0.247797520089438
-0.638894319367042 0.202261029679994
-0.406969116182691 -0.613466967827275
0.0734146125637041 -0.51462362243339
-0.548533009209471 -0.446689964719502
-0.238796818486891 0.456297328567245
-0.212859766551842 0.432467996567393
-0.270572250238064 -0.407663879227089
0.158657577091204 -0.00452091249891956
0.291133572311068 0.0860661441354816
-0.138990572426577 -0.318734920482524
-0.205484403166407 -0.23116077918535
0.315068182729613 -0.0603883364158567
-0.692684679197971 -0.0436451918919214
0.309210193016874 0.0954423397570737
-0.384610730022802 0.2447771441484
0.0868637130081414 -0.363419890088312
-0.39731948460036 0.20163614156375
0.32741583503565 -0.430535580117064
-0.30732724624215 0.18637191919733
0.282871643667986 0.0320036784711599
0.140930295355601 -0.456461789735581
0.565448813793843 -0.0501953933820477
0.456343597728913 -0.111263185056564
0.398086793888676 -0.382325292875632
0.344401770632185 -0.208871663966144
0.342847438723455 -0.18775146083622
0.391600454672344 0.0221428051970654
0.394725429071706 -0.297616105695641
0.0870295701230919 0.463860803348506
0.392884453131561 0.425993807562197
-0.261521739041876 0.0115340633286255
0.607985414733572 0.528849614459795
0.408721978219012 0.488572890295701
0.645647597467813 0.579428875525296
0.564466070885395 -0.309440108393839
0.551532141894522 0.617192692889916
0.317429672233321 -0.502416971074345
0.293141576968124 -0.00847790620555553
-0.346685303514996 -0.0107278630471908
0.0691235394763531 0.268557482206617
0.545052561235882 0.628462622791545
-0.173337957166261 -0.336205240949972
-0.176398971211809 -0.300195879715661
-0.256564475467497 0.23825924201013
0.233173679213589 -0.518113433165933
-0.0779697665206201 0.549527188381126
0.44138963741785 0.217180780522819
0.509722999420175 0.171728347729451
-0.0228623800366989 0.36004764426223
0.419791717113072 -0.186640416661511
0.249892098782651 -0.363139231231135
0.671876339310332 -0.153448486216518
0.790880751821633 0.054213459729241
-0.140234219503155 -0.229582710734941
-0.385573214860213 -0.306529673381101
0.563179986157784 -0.206360557995356
0.513086117151339 -0.118688142473986
-0.229454359071858 0.233652578079051
-0.375701849039939 0.544247345386149
0.288774050842266 0.186316135725633
0.210328422054902 -0.578107340029967
-0.242409608650353 0.340255590083262
-0.437451190275776 0.467704968183122
0.237507037517004 -0.617727552311107
-0.173188416993655 -0.596746649886091
0.36270771364152 -0.129074742030932
-0.392816198840607 -0.170996096309537
-0.458544694905654 0.500899795823714
-0.426547779311046 -0.145747177939187
0.0870598270978045 -0.353043717833154
0.406080904189915 -0.341411127506456
-0.120660911534916 -0.586941568361003
0.342468555743508 -0.384021432286012
-0.58062534124339 0.0634709746063797
-0.40585923568552 0.537211590492302
-0.226228920834453 -0.655331801066602
-0.475670089694775 0.433231743432009
0.247166755901773 -0.679812073924921
-0.130270075932146 0.399771995992239
-0.322225585334854 -0.635220192919413
-0.604565610857627 0.587205854468549
-0.819161738800115 -0.290809659124805
-0.513779812927872 0.353741528768203
-0.374712367968161 -0.622148375245678
0.162689710970156 -0.766828823155151
0.288915653780044 0.417605733782344
-0.697948211409386 0.52117250887776
-0.456741517025357 0.569965163766314
-0.780661242767677 0.576938453484166
-0.638592605030834 0.337699009938377
-0.90661754334229 0.15785390371693
-0.0882586839063378 0.29636713363868
0.252909785939401 -0.230590506246383
0.421131672053123 -0.00397491665432509
0.228554542413401 0.301694967045712
-0.749093243198884 0.36507259404957
-0.503150005913993 -0.265833402961499
0.134444341559808 -0.157886117192255
0.1960406292521 -0.191759295276735
-0.545293186235531 0.205820883808156
-0.32962114891596 -0.569026395952795
-0.26676154785882 -0.541313412085587
-0.0228236203719967 -0.361879054634336
-0.279260616757697 -0.60224248936497
-0.366949719575799 -0.0265625875081862
-0.358005935214589 0.387323267169817
-0.193029918830535 -0.54245161859408
0.601296689678012 0.0170396081698572
-0.535750023923847 0.534807964499587
-0.145473372857475 0.574626939215295
-0.342286860851878 -0.768884794747176
-0.103359973562148 0.61214754107467
-0.896214374679198 -0.0664504825340326
0.791503338650183 0.0383963602206634
-0.486995671014627 -0.29294325481451
-0.747942757848599 0.257615581708106
-0.464202838146695 -0.253204521178435
-0.436391405726461 0.276834134202809
-0.492889084232724 -0.409714995665315
-0.824905542029491 0.227465344298887
-0.428706337130029 -0.327565835697241
0.115265402632528 0.203554536768774
-0.0558585939586919 -0.00589212320399565
-0.515180061664756 0.430434663555711
-0.812899106874105 0.148466471225256
-0.804983408158676 -0.447189184114005
0.0796876115289462 -0.259587709980032
-0.901001195749855 0.438909307467886
-0.567665266512579 -0.365075613160408
-0.938541108407029 0.183080795438106
-0.328210086585658 -0.745549208394026
-0.0828417591120047 -0.79892509979307
0.344446010261427 0.416885736188775
0.147284773768299 -0.380408601133997
0.220257565002301 0.873248634598816
0.385477075556715 -0.362123459796775
-0.528543649177826 0.368980870876953
0.277857111120417 -0.787835879048255
0.27260070861081 0.838485370291802
0.27851710442456 -0.751036514798077
0.597018378410284 -0.243674339998531
-0.633295309106819 0.65935122715432
-0.658197704460505 0.256965764010861
-0.400394707307941 -0.767400874246565
0.536202138570136 0.527088883763875
-0.23429849938132 0.651148047366759
0.475614939836438 0.611934736051594
-0.152266838275412 0.665734641469503
-0.654204524957735 -0.0318603025979523
0.400426275059015 -0.514542049819379
-0.150460318293229 0.458616706561077
-0.527937680363017 0.0228452311305898
-0.43786846257062 0.0425482258954983
-0.114765761041589 0.318281057125325
-0.25705035588073 0.337465831484073
-0.281391159441435 0.127617790263457
-0.0762474671119804 0.353883196343957
-0.220847490466401 -0.111119474892597
0.136813044063556 0.424122381723267
-0.0413806609979624 0.351404333081151
-0.00169807607433633 -0.353176205526905
0.232601292207952 0.0920131740671724
0.161963752641553 -0.435599426396263
0.348177542025885 0.202024992869146
0.427412484352542 -0.0871794284374866
0.297775282082992 -0.352737442101286
0.66042289001851 0.0639470175874398
-0.442516024537813 0.0808890589600897
0.0580291665071681 0.488207773010696
-0.109219423652578 -0.590994013770241
0.264816485232104 0.23036552741031
0.35706010982763 0.623914199280723
0.051741776818089 0.552333089930433
0.195164766212396 0.30810429679293
-0.154004871847016 0.00680143176105728
0.628786612858485 -0.265527676882883
-0.0273706387149797 0.472560459785746
-0.0924513867827806 -0.568641614874741
0.109754203745197 0.289912858406648
-0.363560640544108 0.0225454523057671
-0.32988966352121 0.0702849509507922
-0.285928348733135 0.067040216951534
0.222371315333239 -0.172470443552047
-0.202261646555582 0.221654656573796
-0.085336566069286 0.162119898001654
0.0811074530345779 0.386798136070013
-0.328104472407524 0.0258854631678817
-0.406684946503085 0.000237203402520114
-0.122922499198667 0.120534809799583
-0.149514050317833 0.216153734051585
-0.394634634150103 -0.0297598170736888
-0.353780938367946 -0.0506070977846807
-0.0260661840742189 0.259008424576542
0.157652272871729 -0.287860398621716
0.363431365779257 0.014271446293965
-0.330282675736403 -0.0671148770335332
-0.140829578527015 -0.441365284132697
-0.202596646156945 0.322527137285644
-0.345764471959537 0.115894599920903
-0.133648645371997 0.349894426114175
-0.136588169271873 0.170584266058601
0.225722917006357 -0.3296577960911
0.0574847334617153 -0.33900282663525
-0.105007304023717 0.415071867954317
0.000900946979885959 -0.40628704308989
-0.0890998113756893 -0.462748776664397
0.370879716919224 -0.428840647737481
-0.0890415670049033 -0.505688123278409
0.474541126379845 0.397004410991179
0.432282515906055 0.541384541701844
0.305660581577091 0.301973943242601
0.290607050373557 0.381381372941075
0.215074103706231 0.292457564883258
0.599565096439362 -0.129548278051803
0.209375650114321 0.299512848868201
0.543473195557762 -0.229708219607193
0.257357614772615 -0.403034958526976
0.216518008873 -0.375234787237322
0.346152425640407 0.233522937819723
0.612657310633963 -0.171324860215591
0.576454839555382 -0.129697893229296
0.271079562974197 -0.281061562691164
0.390420725013632 0.20325667412456
0.260293938744395 -0.395528183500129
0.118234793743504 -0.00411107004779911
0.969317057599514 0.0611874513365819
0.402542951120911 0.231731133636826
0.654066619987195 0.409890077138581
0.459186433781904 0.348704224790896
0.288344545828721 -0.523490189916487
0.27475253016013 -0.521601866914917
-0.0689040968010481 0.0141151436583937
0.302803044898861 -0.466274424833941
0.465657946270213 0.326402329978722
0.439739384933219 0.335445041398108
-0.0563105614641415 -0.0204160908871412
0.34205201224399 -0.350345408075979
0.338015310662905 0.453021934378027
-0.291406403825229 -0.0254216853302131
0.396254150907864 0.243826446668833
0.523450113830098 -0.41612740381079
-0.241094547751531 -0.0228337478769716
0.433982879664664 0.434295131514645
0.26600569993004 -0.354013229850865
0.26543560982398 -0.309455334451311
0.387019595869057 0.213941401062887
0.361766256916686 0.231393472970646
0.538879588741402 -0.163457534395809
0.298148971283835 0.130419891222193
0.392146137820566 0.273855849590536
0.287303799836093 0.247013345456154
-0.0061326615733842 0.0412702139654626
0.20086377878021 0.0485172325084549
0.3403316153209 0.0801075525605167
-0.130360193946687 -0.0228585224570205
0.291921275630607 -0.253017801637886
0.426883046332973 0.205644748705573
0.0285751263108107 0.318587711086241
0.100523034436837 0.277093247726186
0.17780596016549 -0.23979830191855
-0.222392058810068 0.0386304107760121
0.366560190898038 -0.347637368053649
0.198574617350246 -0.311723635328455
0.0917356521462082 0.399951230445421
-0.234912121968866 0.00567284265082848
0.649512988883448 0.0249132562394491
0.186407394733572 -0.376861719162847
0.219306874020651 0.251998008124795
-0.0310089409460794 0.00288841555904351
0.265735927568048 0.168673653081742
0.560350992115223 -0.121776797104279
0.181283043533697 0.232602638907293
0.180287426205288 0.131943790035166
0.0790984338049033 0.00950864741438291
0.201940554101928 0.128676692805506
0.00861350800728654 -0.016464076075404
-0.0818960025084814 0.003643542572048
-0.0257620122944849 0.00677242997434846
-0.0553856034090658 -0.0141334426989714
0.132169226832531 0.0985392583301825
0.459596502590666 0.0216583215455228
0.20074230503777 -0.170872652842735
0.0654429837332716 0.130704399598504
-0.0802525571179238 -0.0577550003846207
0.0583664577018495 0.230831588702757
-0.137603033349233 -0.0598475463156165
0.356554478472479 -0.191383393530872
0.179051911897201 0.184695575125784
0.153450749555364 0.263094196317179
-0.167470460070483 -0.00640147379684109
0.430453029842423 0.398978919150766
0.248611085911821 0.31102637081457
0.602508999193334 -0.186498619195619
0.168940991307187 0.272249687535494
0.275552486783089 -0.255937624905124
0.0378401659922675 -0.379691515826498
0.119351733027846 0.118182575095728
-0.0670381843862347 0.264898214225374
0.0762764840545967 0.287940336438042
-0.225386652951327 -0.24191541979413
0.271988136895481 0.071661494125233
0.10448202970456 -0.208000322907248
0.00514981837018241 -0.268635669245971
0.206608162170245 -0.0361974051426248
-0.162533575304083 0.222128052016761
-0.00447169933427072 0.273883583096283
-0.199095882279702 0.0826693533168197
-0.0898253510872928 -0.0596807758887634
-0.171083103126357 -0.0142174562809651
0.257579299126642 0.219636083786377
-0.175594136779977 0.0789481859059052
0.0813611794796853 0.10498821345398
0.480140003157709 -0.022108650991288
0.236036794074062 0.29994753615931
-0.221286553698549 -0.0162135476239572
-0.0186868209486582 -0.302394004186392
-0.0190487619556123 -0.37274102920254
-0.215986094499548 -0.00813517198697468
0.0725208724401406 -0.406243050373065
0.613789628707402 0.0479245909953613
0.0877376982365254 -0.411419606307781
0.0067913185166017 0.00468102686804943
-0.0573869803505573 0.169397634016372
-0.0645306827334744 0.404147084702357
-0.0143124306385629 0.440622487618733
0.357351110232301 0.166437701824112
0.551577329328618 -0.130703086780475
0.669085136157037 -0.157630352069029
0.68537269705484 -0.257802027060082
0.455360080636817 0.238890718954338
0.11609268283184 -0.0412459534112505
-0.271147548919874 0.0127678187280208
0.289327382815821 0.393420066170641
0.377081646305618 0.407513983104663
0.990016086566828 0.0356071622771638
0.102349154210641 0.457116294154663
0.285836007410028 0.346389765521863
-0.170815046968078 -0.0593922677959416
0.768433419604611 -0.27324069838151
-0.183478444881512 -0.0164333011065649
-0.188638546021382 -0.00438206268270106
0.265864917306566 0.456452520267086
-0.276802595426161 -0.0393188394610837
0.543335632589699 -0.383345939681012
-0.226129960053117 -0.0319634723541142
0.753785356834641 -0.320014398153328
0.162847133752942 0.513263072274843
0.093029379801325 0.516586111701219
0.520667307004064 -0.423806018521505
0.0456032084904265 -0.573285387135518
0.801585251459166 0.0476970037700816
-0.318243236175452 -0.0436014921399689
0.0629881057440125 0.43661436225088
-0.415406735480122 -0.0848739073770771
-0.359843568810877 0.04379840158713
0.052704280638191 -0.579956882904086
-0.313205584207862 0.00264350606214457
0.522384679436999 0.446921308697704
0.264616592175029 0.397259213194781
0.696903146144254 -0.298829983722908
0.527284489039243 -0.515265897785398
0.248040838146275 0.278887018761435
-0.183647930853874 -0.101931951223014
0.718805193321033 -0.351821088955743
0.278432774286467 0.50528654988287
0.35346094896161 0.539520275499816
0.184113605360555 -0.521265379287831
0.138431510255427 -0.540357613897192
-0.356836375561598 -0.298467730482424
0.36854421614719 -0.055091960459468
0.0375817860158436 0.479226573622378
-0.141692407361681 -0.114575904614949
0.128840064622023 0.431734747122072
0.555072575035344 -0.147788277400117
-0.381764721411625 -0.0127703838746065
-0.0294959441541522 -0.476979711787335
0.316623178912875 0.324919117044703
-0.0868332434142822 0.320906933454401
-0.355423008526542 -0.0265019894145303
0.489294426936187 -0.245750194103613
-0.306060530794595 -0.0328180237608297
0.444248960722596 0.549660311277659
-0.0909576927994251 0.521524066336511
-0.30439855437998 -0.109635741806588
