0.352354040499348 1.26077295395578
0.862230436475409 -0.947672728869216
-0.496351026275815 -0.108804357298021
1.48304747541965 -1.05651706176452
0.228894099861719 1.42424182702504
0.694774506028973 -1.29618411246058
0.0912014131757432 1.5561954126947
0.686599161401743 -1.3758769074495
-0.859000128776933 -0.160903473582373
1.70931150970424 -1.33128189904143
1.8035397185549 -1.28009830417518
-0.51659035440673 -0.55044836977987
2.04179312584468 0.598651647514458
-0.994650480349759 0.585601150436124
1.25105422278155 1.83439842460418
1.29368514643033 -0.669176067553999
-0.547994781421791 0.715720622202253
-0.217208951444127 -0.876460139740457
0.622615528265532 1.31691340319403
1.40567321735515 -0.278670611476499
0.487322804025794 0.069371688879581
0.307333508537077 1.25010487809999
0.799806948970268 -1.31825142149373
-0.791035186198512 -0.635348500338552
1.23386669715481 0.239943440501397
-0.841928104015519 -0.335224847047596
0.171621894072364 0.973480936359556
0.33281608947415 -0.839881504494803
0.919990030954206 0.612446972794652
0.827124077371698 -0.29380770511223
-0.0518685282231301 -0.751100712439536
0.172832072347394 0.641152689716807
-0.396999993013661 0.710959177485043
-0.324393932395885 -0.327188211341577
0.364876037947691 -0.149860655859753
-0.697936841680974 -0.23148903770704
0.38884539117872 -0.24743147226826
-0.488048759460585 -0.507151238142977
-0.177214083922574 0.515813230353452
0.363041970414985 -0.589086996050217
-0.194263927536609 0.602173584302896
0.458321718877 -0.47623748101841
0.179223673002603 -0.327411961517112
0.0578148959728637 0.428340389156429
0.556512842656133 -0.216545346749462
0.13619280353332 -0.209056208113103
0.448982313651455 -0.142060203133882
-0.0197397083958631 0.454901293728156
0.555702138895594 0.088546716247246
0.55534579565356 -0.108607473669456
0.258615725677678 0.540254069825614
-0.245911590927156 -0.489459249809159
0.427243608546232 0.414713144250226
-0.0176667046100884 0.559258903602077
-0.35951614650635 -0.510817114423571
-0.137369985119676 0.583854101102869
-0.632809711310102 0.544680522140687
-0.343649370661589 0.505477465895829
0.298973437715026 -0.0229796156556463
0.156871491603187 -0.0343562297227885
-0.233414377024419 0.236690953645051
-0.397125761051917 -0.529442115717326
-0.636365927100158 -0.158184051670835
-0.152095863679727 0.396895343629443
-0.207431343536261 0.486754324764703
0.349123088584202 0.140657693460013
-0.085482937978147 -0.458241322988675
-0.406932214331518 0.0284619425227144
-0.166327689722618 0.4585642869756
-0.570359493206116 -0.0821895707404649
-0.296027007025401 0.08376354077614
-0.256256915981213 -0.0664553709566449
0.232637648428927 0.147832599296401
-0.111485656124546 -0.00335707065591762
0.235438197436706 -0.188713945472268
0.192363712721352 -0.076381070945027
-0.152806531331057 -0.14229120439095
0.337334074549645 -0.338181056816475
-0.018022068446895 -0.390598778062694
0.19535437497471 -0.387047906615857
-0.0326612649513922 0.227275300190571
0.375686523846687 -0.0135179524366808
0.317764621154354 -0.076938292743299
-0.145576747948257 0.222921401499312
-0.263721278347714 -0.592674738957437
-0.20968637263883 -0.493391680975227
0.035267883092406 -0.237401508894423
0.148687071655852 -0.439152362920667
-0.0126369630436049 0.19362794426247
-0.493733035574688 -0.203463933831359
-0.660207017901312 -0.2120684062284
-0.628207336924784 0.315776549516431
0.0595403087760966 0.227559271086343
0.165050407642709 -0.0292609674327754
-0.0479254151637359 -0.390914105752291
-0.354761696638629 -0.301888048287571
-0.157817372736282 -0.375990159828156
-0.0279555915381236 -0.0716851622502765
-0.511133370527013 -0.124287292765353
-0.101870188440908 0.237702099496701
0.0775657719351337 0.157534266805968
-0.748947956386652 -0.00993062788501993
0.0596047031451601 -0.0269814132459407
-0.205914077237455 -0.141260146016063
-0.118559128335066 -0.102942534890678
-0.21436701782546 0.11714937480849
-0.377360357229465 -0.24509229578066
-0.28655354364468 -0.0755476409216494
-0.130692629821824 0.136872890614024
-0.425092278780896 -0.279432788995091
-0.111994071990628 0.223484027106742
-0.286550137000448 -0.225223009659693
-0.214053709298251 0.417640222985903
0.305846804654544 0.201077979430509
0.0169062192257807 -0.253650199422376
-0.0734240901500283 0.245975643020405
0.169394329355804 0.0879350890417201
0.184709070052605 -0.0115332270012011
0.136928361095517 -0.148530075317193
-0.0851435908438507 -0.0829685761218409
-0.00276073717982876 0.130448004675478
0.243208690759572 0.00698340300159171
-0.194012298774108 -0.0146254118874629
-0.177849998120392 -0.278508726840707
-0.426419753250224 -0.0139418709287007
-0.143455087366723 -0.327918914638645
-0.28148982907987 -0.268427328207953
-0.340371947656152 -0.406081034062628
0.0915079812764701 -0.0911233433004347
-0.0239100855079469 -0.00539638756137525
-0.553643653775039 0.351414744463416
-0.629666590420627 -0.220511988656088
0.212885782921283 -0.043953510844975
-0.050396109640205 -0.616245671845669
-0.783085681638392 -0.266938036992896
-0.388747821015053 0.292877353305348
0.0932279647893663 -0.631694382788007
0.516859821714137 -0.0900096767439484
-0.649077911712362 0.00236029988415778
0.242934311272898 -0.479449440009477
-0.254301861716985 0.470712018907657
-0.0945318561622291 -0.33726094756488
0.304433408884377 -0.101486292894399
-0.103583199105081 0.422711601915445
0.00428675470317827 0.0164224047048651
0.59866663456143 0.0123006712463821
-0.198774567768275 0.00794011385485984
0.0531383999642778 0.334251759146199
-0.0350217793310166 0.353051669067125
-0.00691895810702362 0.00247830041938187
-0.279667597983885 0.40089870063621
0.323091867038203 -0.103242107986136
-0.0721415853343124 0.17704357770794
0.07849951397035 -0.35758726949759
-0.173855843948942 0.345782877904815
0.205308090411999 -0.0191709491333364
-0.26882138299974 0.207597550534218
0.0440973721755705 -0.0365901156897744
0.00495070754544248 0.0663105522889693
-0.0219096309963709 -0.160226790718339
-0.152578139569063 -0.186381839905981
-0.363102094791901 0.0997677529272677
-0.401631195781045 0.199367339558318
-0.26452333430575 -0.0496178086486045
-0.753510436047262 -0.0278566541916298
-0.118335622852038 0.0567886220093567
0.10065686668504 -0.0528593702914755
-0.423464271441486 0.330436203993006
-0.185007009833773 -0.196048169592121
0.0141476786698647 -0.249543328104384
0.172155559924047 0.0461544506899522
-0.136155799018431 -0.0348625109548268
0.0166619336076186 0.00400242769229923
-0.0564971324163 0.0262748436299446
-0.0207087449158944 0.245673870106871
0.0772003894954472 0.331396007688863
-0.0788501214992139 -0.152060124293589
0.157762394775192 0.324408681997619
0.0379039740509867 -0.112611177156194
0.259935377663626 -0.0644176171469417
-0.0542381491156984 -0.089197799964313
0.0984004621271888 -0.0300065657837221
0.138688386834173 -0.024621222524041
0.0872501853812241 -0.0174410001846084
0.0134894336057184 0.0343108744441432
-0.0464228551391193 -0.0190363912010437
-0.190808846887305 -0.0653529930178396
-0.198259052000434 -0.0716171142790669
-0.2812153613097 0.00521373133543388
-0.30494538447042 -0.11289753855815
-0.447244390409994 0.00578995178099897
-0.425502681031972 -0.176340243810495
-0.334939353783515 -0.1178195342728
-0.726798714923807 0.0306991104929708
-0.644165936377398 -0.102621335225282
-0.700886073886462 -0.142550807799958
-0.459243449117853 -0.110561685372995
-0.654498201248664 -0.076096856623454
-0.468119283723746 -0.0295015184612395
-0.401148038382138 -0.0140838692940828
-0.16068256185389 -0.0220244150432072
-0.554779185119694 -0.107040214617715
-0.380252435438593 -0.236804064287821
0.0426267682982707 0.0853893798145849
-0.600399895107431 -0.00863161157807871
0.168227314763013 0.278249035330617
-0.0313907514993532 -0.302763042596046
-0.0615239243364939 -0.205315734887752
0.124247734770675 -0.0510198774559289
0.340553912583428 0.0916475548630053
0.0812086392151159 -0.331735192650429
-0.368991246255821 -0.0191219491634024
-0.32054883680818 -0.00297630039736283
-0.153477369155923 0.323897859103608
0.179631239576579 -0.427420740319422
0.188394352911977 -0.266939724015959
-0.234024335012435 -0.0736463421416172
-0.140841442287335 -0.000983944386679259
0.0698862725070475 -0.169398361289462
-0.188945783581287 -0.065288356766837
-0.352292427737931 -0.00807291980858584
-0.242974039857689 -0.0677619268269328
-0.304991302386114 -0.0957450247421572
-0.345716769066696 -0.058136460015585
-0.41793070985567 0.0749072286236241
-0.386948110749212 -0.0198512836499231
-0.325773637111609 -0.151290247504906
-0.136927292594434 0.0206781255513468
-0.231721797738839 -0.0566121443397396
-0.378210965029324 -0.171266849609806
-0.464381123817572 -0.25972518979225
-0.177312292651221 -0.0206429609835639
-0.350720405606336 -0.188303707052232
-0.300370406790942 -0.148173090855734
-0.555070392772013 -0.0557714713725421
-0.423123883185815 -0.0514705809684127
0.0813766918671307 0.0901192350805943
-0.230961015664998 0.10340581251934
0.115492451766024 0.184627624532383
-0.46420096723056 -0.0192044743645266
-0.34496584729014 0.473280727621052
-0.0307090955219478 -0.447886601205912
0.10341501511422 0.015663366114186
-0.0173774556596821 -0.0546115291465996
-0.440303845518857 0.205748989149913
-0.607033679883034 -0.114602919431326
-0.496526110294637 0.128610549159583
-0.487245025454246 0.0666613355870664
-0.654840807300765 0.024148223184045
-0.53480668578908 -0.0302991738935709
-0.507642657335314 0.0726325902996181
-0.371914453117524 -0.0673068519736002
-0.278262591646484 -0.0150942800193752
-0.288278480392357 -0.0490111165948461
-0.187132765372936 -0.0317151308798415
-0.21401223019236 -0.0567057641273064
-0.17614731842358 0.0302903263122598
-0.0698410272732743 -0.0113691848831282
0.0404431022507946 -0.0152095115164392
0.0349972437011233 0.0191744219089555
0.222504075738285 0.145249766326812
0.0371492827172871 -0.0153609013028055
0.204849863298838 -0.162043552004224
0.254776636786695 0.061457177053861
-0.244983654530016 -0.032060989094021
0.0954089890994734 -0.283137081797309
-0.032258640169503 -0.246330440669124
0.00876598584873308 0.0523491488870473
-0.148592092725711 0.117685777989687
-0.383191488323608 -0.143854295617986
-0.183667725907674 0.210470053660619
-0.316328117999748 -0.115989960067225
-0.637159190007405 0.0662257010027532
-0.159774260791403 -0.265493279886678
-0.477616891452572 -0.303459171369302
-0.402085900243912 -0.358572473898658
-0.497604683333849 -0.13851252028578
-0.793820185186663 0.0027670192671153
-0.350960608965935 -0.0213761242115917
-0.605710131950571 0.139561982295724
-0.940875809359491 -0.285108137761012
-0.788351482339546 0.204961504227642
-0.314790010567915 -0.0238462942484661
-1.13538022174577 0.321771051514553
-0.797280709540583 0.380979588073051
-0.706662034678608 -0.684288679121903
-0.861990006926128 0.621953181077407
-1.14255257063554 0.162536216671587
-1.5742458148826 -0.406739048374495
-1.3588412387469 1.00609894399724
-0.637153688263954 -1.10982776981803
-1.62618971852488 -0.529750456487979
-1.11282966933502 0.576717500317112
-0.597160650211324 -1.14443934153067
0.121133574367776 0.102901629848669
-0.100848845875168 -0.182881928771485
-0.59561650188119 1.05502268572867
-0.716285834949243 -1.11378347822892
-1.71891140511738 -0.631962732506434
-1.54086825880957 -0.979373806804288
-0.163955181213949 0.715213144574369
-1.57535344558743 0.526990621373276
-0.760820703068472 1.24830584338798
0.205363259345055 -1.47038937877325
-0.14841792581389 0.871784078708392
-0.448294788505722 -1.31640073879751
0.0518357766469662 0.92516438164323
-1.25942100736788 -0.224922863074874
-0.298903935243693 1.23095731538146
1.23421615205075 0.771958889409485
0.106152147800919 -1.08083295691636
0.57075772972076 1.32375183142815
-0.817787396044794 0.412515313038733
0.624967003380514 -0.43579151727382
0.992067591688634 0.672189944404427
-0.622647170799981 0.277453636908927
-0.574624344794732 -0.18509246513908
-0.477720777093658 0.256416701733803
0.888220150770704 0.389616537164582
-0.268673359807329 -0.104773625884399
0.172082148684769 -0.612961663706948
0.102789383517262 0.435855820420365
0.217844491656651 -0.424174204493855
0.411276069973681 0.311420009935476
-0.159317220558241 0.252814080720181
-0.0466314801040735 -0.327450838407765
0.3333239530693 0.200919923306563
0.0101588010978961 0.454144117338563
0.144056069724587 0.325056249980782
0.438203976713242 0.0101010047918142
0.0884670352383193 -0.539259662819715
0.441215570289311 -0.0641137005678684
0.27104214850717 -0.599290211747157
0.414498570014801 0.454729111313468
-0.101836402156648 0.584768304027681
-0.377862270806553 0.669010910262643
0.743948895218934 -0.0229408293739495
0.34647549712846 -0.59356588099698
0.710926923705814 0.0154857274062215
0.72112100391299 0.0306064781469058
0.526622330403912 0.221797534928967
0.613974594455908 0.229192854731906
0.534768347632062 -0.367903925009236
0.657700832837201 0.335702925957364
0.875803211696249 0.325723606595963
0.623829389547069 0.447077065525072
0.804266223323418 -0.554676168915802
0.6476568314255 -0.493900148409607
1.10974877716691 0.441348653386218
1.12868959131569 -0.455241973524443
0.572208342929186 -0.678844107949702
1.00831390042883 0.436759174426433
0.716371189245888 -0.216445075519627
0.388150223510791 0.657606591244058
0.369620403070739 0.200754699071601
0.526759955311479 0.470606703120543
0.657223016282962 0.359115111438672
0.509518958545518 -0.410944018583996
-0.320485327233874 -0.0437706455487667
0.470158164758051 0.24975688398932
0.836348085176732 -0.0775617493804368
0.874613210948666 -0.00213146082718188
-0.199796800788982 0.66072599358282
0.691309639528596 0.0182190895027829
0.2886058449725 0.771715882120172
0.313412143095393 0.859127138161485
-0.24423079123835 0.789410499242863
-0.311344076779974 -0.717037054763765
0.165798380083681 -0.740674492626181
0.712932547090336 -0.760663894403437
0.936310364701926 0.388098644457667
0.315366150447535 0.541906802242772
0.348858872187713 -0.452090202898672
0.0747092422740522 0.600549647691178
0.290144168243544 -0.498020874773962
0.900102119645673 -0.0682496671828661
0.428128388609826 0.732213823325664
0.964146120320873 0.0750986399246636
0.693745235414681 0.159063073675685
0.499581015935771 0.602020308112732
0.0401083522325939 -0.745292540868903
1.16281388883529 -0.0308838170375862
0.570133814027924 0.769097020921539
0.0389749314671429 -0.164011359506826
0.0370351190851151 -0.180998908867705
0.303600458561605 -0.440037450254396
0.386023021178617 -0.483928139162591
0.0319495887129235 0.547892856373269
0.703555655311725 0.139445892478528
0.381338186807882 0.0267982011535757
0.716136989793071 -0.264572323678759
0.623633433132123 0.332222842868535
0.818440545610047 0.00813052159436753
0.20792522655035 -0.171243819766943
0.393138575162675 -0.335874308313018
0.289329862600941 -0.236372444466305
0.402947959212936 0.25217276600938
0.242640266377444 0.45846895571035
0.171727587200286 0.495178412884693
0.872693332607657 0.0116746004041035
0.0883243361086616 0.55009992195253
0.987257674677155 0.0824813352391986
0.886453391213361 0.608847939087254
-0.336097542240001 1.00702660226813
1.11098887890526 -0.249858060443719
-0.611680197325489 -0.495781393033282
0.460080788925247 -0.0243582218122243
-0.158984022213561 0.798605608187736
0.770972503019126 0.200483059739689
0.203948207834179 0.194383245307659
0.797555326760912 0.152779853707565
0.0772931985749424 0.128334486853847
0.161241290067354 0.520447512653729
0.232221831813975 -0.59511227209509
0.0916912491266755 0.240127990032283
-0.133656808190339 -0.334860269169581
0.565066268895114 0.0920127469205473
0.249556589037476 0.362012623512807
0.281625797529354 -0.300010031754243
0.334531052807824 -0.314653016248709
0.225260193768476 0.273367801154505
0.239642419484134 -0.20553534300154
0.358155269559985 0.291051021725017
-0.0271172662940481 -0.161146895043399
0.311320137426855 0.122470049251295
0.0255037561409466 -0.353536733592036
0.555602532582521 -0.0470440124765564
0.358340812089388 -0.274519531950421
-0.526897610951054 -0.0249688310477935
0.172199525249977 0.519048549988888
0.894166968354661 0.0564573893756387
-0.314336279313834 -0.382692578422024
0.10769578993102 0.573092728538925
0.313066015580172 0.76747372609288
0.293554396089094 -0.00483778709724872
0.259751107155306 -0.695811330420299
-0.154447762676642 -0.59453558340895
-0.103424970978289 0.850328303466686
0.0626790585024047 -0.758488752843254
0.472503382390312 0.0247600542819628
0.409622608944308 0.126303103045094
-0.805951618563784 -0.588916143010175
0.511711125783317 -0.194500573538867
-0.707066251813293 -0.463692569191126
-0.0474123133526901 1.05105618682969
-0.749673961761009 -0.98017720631367
-0.669995120603767 0.809727425959722
-0.217268211689038 -1.01042911718217
-0.216638738868616 -0.00192163187610321
