0.451378624894424 -0.400783110404778
0.371996778664219 -0.493194329614668
0.25011257707189 0.334836390571003
0.00944536791490952 0.0646422130780331
-0.191783752385581 0.0177430967221556
0.253345037622827 -0.364739262299037
0.305134076944303 0.390849145472178
0.106239408277199 -0.0257577821937755
0.119734860137368 0.0306982652112963
0.703606786316537 0.35997493073151
0.973301199299124 0.00648635016423206
0.543693718845073 0.289208121465207
0.697890958976089 0.210514051254294
0.399135186897343 -0.0312254249691964
0.789889228295891 0.127682704290754
0.837252069181784 0.215677921272097
0.833073257707042 -0.328311527295851
0.791072640220039 -0.290586355517109
0.727852090203353 -0.391805270530194
1.01326964924143 0.0971197762892701
0.695394296752086 -0.448804259411263
1.03328349233018 -0.159904233932183
0.718854962540246 -0.197482238802463
1.23594044436263 0.0114523780412657
0.392033532476346 -0.582237220678243
1.10623809671155 -0.0100931848472932
1.11848470948182 -0.00148806648727664
0.937225596648754 0.167874167503769
0.295830864777401 0.475284812227466
-0.0170325580218808 -0.375768157056493
0.56663324551878 0.545781709019895
0.599245476692517 -0.43755900978184
0.59274129357833 -0.122338579722425
0.641573198037018 0.0663572051171464
0.616237937833549 -0.0537746862159777
-0.444740149287448 0.00415907842465187
0.426553094735286 -0.366213074861459
0.556546060983224 0.0646824437775727
0.511619611096751 -0.110588217955125
0.655059554768368 -0.0254730848205844
0.698379531869951 -0.0465292165001948
0.176207293431697 -0.470578226762874
0.68038494333082 0.208699332038797
0.770485032912522 -0.113612598647084
0.463430378983284 -0.00988923954657703
-0.502349904671257 -0.560158838793705
-0.857690051450219 -0.0609432257353748
1.3084525489538 0.0104632156414269
1.08790564719087 -0.357077342398165
0.178684076229666 -0.0323140583516629
0.0785173643862696 -0.00816632121849593
1.05869076575908 -0.857254391985103
0.297085380026368 0.990985082591667
-0.682698726244496 -0.383248786361527
-0.465184553481022 0.360362359281241
-0.335147074516925 -0.0179602907900846
-0.426841149061828 -0.0270445404702506
-0.656596241913799 -0.0812363604373077
-0.680274473881913 -0.089536346965592
-0.392300346007011 0.906807413849575
-0.533024166203907 0.848543601100487
0.865892854065104 -0.686588450896445
-0.0710907575407136 0.904812844944441
-0.870267432360027 0.0440864881876516
-0.860188023475645 -0.000833670021380545
-0.324007927947423 -0.861737576392452
-0.83975110612047 -0.00779529230004435
-0.329063046977551 0.701443570955811
0.222893001378343 -0.658646307806919
-0.302456725924754 0.57720861730765
-0.46467134260908 0.321504314134572
-0.457797122524602 -0.599661821417148
-0.376707337609856 0.418109091484775
-0.373367837865882 -0.414335968563623
-0.674343686549845 -0.143211949690411
-0.557675182768231 -0.0352205218863167
-0.675565198141998 -0.088346012738358
-0.406175413022135 0.0365251558667304
-0.648301318956444 -0.133274444915598
-0.459736643560362 0.0496622618493038
-0.564125705380826 0.274439129173664
-0.539194961843977 -0.317027262023052
-0.288284571946587 -0.0341755237973352
-1.11134239475167 -0.0264950549276197
-0.962714365086514 0.145225393557763
-0.245551068127588 -0.137862521535147
-0.333170342081262 0.183846927185626
-0.807617725479379 -0.156316631048049
-0.297802902356661 -0.202620031874852
-1.264596901254 -0.0291180519469843
-0.782106194686026 0.4560781002318
-1.01816443146012 0.396227100437208
-0.762853403421947 0.537394594132451
-1.11024071338061 0.0940680132835262
-0.628569960641062 0.724789506891272
-0.792335045079903 0.577421295853634
-1.0546310865377 -0.0274540376110977
-1.05902645699531 -0.0115554634319489
0.37147895004257 0.926297470380645
-1.07038157586921 -0.0480652918749736
-0.87828719412986 0.0283058895632513
-0.385306489272375 1.07844738451221
-0.933791916009099 -0.112027791632032
-0.694750610715843 0.820161845694856
-0.209991363652593 0.999316535311277
-0.251670609891733 -0.867733394330111
0.577706163231292 -0.501992911961383
-0.759804111842691 0.630687657599584
-0.282579153846704 0.637731451484731
-0.827846311814488 0.15704954023317
0.711094978313379 -0.0069378437438771
0.0711730150442906 0.304755698071345
-0.354761920641692 -0.692014590886984
0.338643537225886 -0.305905256214822
-0.795684616122816 0.744334536390416
-0.0496642913232241 0.836082855931831
-0.308101062246674 0.785077359342745
0.117541681104805 -0.231783323284077
-1.16682658629375 0.416744970608095
-0.448184665231477 -0.87607694324053
0.264826617562823 -0.0523837175269387
-0.3597921411434 0.870276599871244
-0.60403201114461 -0.739622876509553
-1.28229523129425 0.414303567491058
-1.12611496312529 -0.914144226384621
-1.32226754600512 0.518520631295273
-1.32202094855604 0.500167722115338
0.209003050137312 0.14841070705866
-0.46130464069965 0.938393640233464
-0.0394425219325731 0.148237886875729
-1.41810049140227 0.300334279096917
-0.209767578599256 1.08520615078699
-1.31682410666674 0.508697843698179
-1.68474741532276 -0.0579974084871979
-1.06211228272127 -0.369711730563324
-1.36933020574656 0.153684535088466
-0.72685011762138 -0.756749924108589
-0.659895279371168 0.308425627157798
-0.754234538631297 -0.7241728568773
-0.79722752725116 0.554133074958303
-1.33004777215465 0.0117323014983189
0.326723187235103 -0.0346359342606321
-0.367794481319665 -0.613945505420219
-0.147803728282719 0.726088787811279
-0.721571136451417 0.733285250404233
-1.18284814349117 -0.104176128076132
-0.131391934261167 0.779618199502264
-1.08312689792964 -0.156277332170429
-0.00397628539080416 -0.549263566898583
-1.09214438836813 -0.239047999996781
-1.24078379672305 -0.0737679263532284
-0.799745919881835 -0.197147279061926
0.482323493033035 0.00742912370417464
-0.951628932409764 -0.375909935322312
0.416190598256875 0.00804700328264719
0.311087684274413 -0.176912441446304
0.49715783785103 -0.0123591775001304
-0.358510047854171 -0.583296186405719
0.00571187450941396 0.782383394342514
0.171748358164969 -0.737547226303269
-0.322306264360559 0.434414231946832
-0.691914099166464 -0.336415608364493
-0.0464058323255373 0.72866007332335
-0.49632807806326 -0.326537206622942
-0.0962350131058062 -0.0287053082746957
-0.332210441099257 -0.428490373324692
-0.765070182245582 -0.495323901064701
-0.108955201398605 0.796090479839348
0.161981886726891 0.916280206432125
-0.690303797776823 -0.451128270306575
-0.978649373174126 0.0298005087471635
0.30086349175548 0.852639887589332
0.461364067195674 0.40357643950578
-0.10467074577339 -0.375603072572214
0.606169736132146 -0.173784146475487
-0.106087043899489 -0.243146635920153
-0.316502937303037 0.170171177770789
0.246685923525334 -0.364663505546164
0.55234300546501 0.307438778935846
0.668001664213246 -0.0129057589178966
0.676010753044475 0.00612838248629174
0.593153523572623 0.000471866277301334
0.326240211604566 -0.204213441229863
0.0160077520584898 -0.0011593530236127
-0.0163624918382265 0.206833218906949
-0.034921311595926 -0.0718647867524249
0.209911255203593 -0.0719386670727156
-0.0126151769757552 0.073667949539645
0.170893578528818 0.0371248478667148
0.0744176771439902 -0.164078402060001
0.278430364694769 0.0126596555435567
0.15519040408681 -0.0959203583928158
0.246239573994554 0.0218233090891329
0.239530355767286 -0.0440784761073648
0.129806049497205 -0.0302324882654079
0.152236046645364 0.0171174456970411
0.0962804933483925 -0.0776601445398956
0.126765023441076 -0.143072432926145
0.103379169533426 -0.0133929993208295
0.00432512739075972 0.00660966112598613
-0.0866436896754378 -0.0552043710495108
0.0537513099466453 0.139157348633703
0.17054524957397 -0.0606150105806546
0.0587393501259407 0.0572415029995564
0.179325400264328 0.00171575029835154
0.0423940758711348 0.0125186494796689
0.106512973374879 4.26863614279914e-05
0.00967227659320079 -0.0235635435500383
0.0393501015909986 -0.015677953115001
-0.0358926909100678 -0.0951582846016046
0.0928467019213559 -0.0883353539344248
0.0930107264012568 -0.025568518549221
-0.0404237368656792 -0.0183277067990781
-0.0248531458973283 -0.0650056774296127
-0.0307782707542419 -0.0986202609229091
-0.0793855247079245 0.0878076632610514
-0.155074133677894 0.0377515997482992
-0.110503132508375 0.113965833575953
0.0134818003437284 -0.0644579518806973
-0.0097928295134842 -0.0600997520429822
-0.20647520319743 -0.0943760850436868
-0.210196683747108 -0.103432300081262
-0.255545788947876 0.0234912605156788
-0.150860242158098 0.0190763200401095
-0.355420378660798 0.101068678662063
-0.283248973368055 -0.250380643368644
-0.48027994545776 -0.0417525930234814
-0.169003817538558 0.170271456405399
0.176170770261231 0.025355008343106
-0.0487414964439376 -0.181246315133356
-0.181845102255847 -0.284509680680786
-0.146752133081126 -0.330287439348904
-0.0640859962199805 0.190055056080121
-0.382130541678221 -0.152611223060971
0.0236586935628755 -0.0329260946662202
-0.364191905714822 0.18305459106837
0.0158673780725023 -0.0261021962496878
-0.150264452970295 -0.0558561726275694
-0.037892335496981 0.202131548524873
-0.060726593415441 -0.191465784423114
-0.231870582447239 0.127265601826502
-0.0790356882932213 0.114035066641083
0.147113626980454 0.0214755268835282
0.0296083032963803 -0.114184575165315
0.00764569537500315 0.00101564703663508
-0.0629674221733545 -0.00919813060022113
0.237981033064843 0.0655948290199154
-0.0397277477696979 0.0868172817736051
0.134559403705034 -0.106565286353413
-0.00331799961473527 0.114275701800472
-0.170825611635337 -0.0113790508185756
-0.162977046408432 0.0201677285742078
-0.205442163483036 -0.0155126798958316
-0.118608203638746 0.0576506780295022
-0.198055319135102 -0.0146445044097837
-0.262581971881255 0.00439030480572395
-0.245666972328208 0.0805708329943917
-0.27606785872475 -0.112937148653763
-0.394661986834449 0.0292886503114177
-0.284978433699167 0.0233404325732578
-0.088029192815308 -0.173574613831196
-0.262783005733522 0.000501753539402846
0.165878471122141 -0.00671881138971093
0.0770142184856745 -0.0553287184443409
-0.0984059124123885 -0.0140299710430856
-0.227033531624369 -0.0690963939731792
-0.28521956884427 0.0151093765072086
0.205798840352746 -0.00852824145413813
0.301186967545223 0.00264180998477954
0.0433201028579913 -0.206688082723904
0.0076053307338723 0.261113776020552
0.0669995936425954 0.176987003323474
0.225269024897084 0.100821708824364
0.443155166813584 0.0178842540521792
0.510576387386532 -0.0132820806817909
0.332101439834773 -0.202858912661995
0.505654214572484 0.0617076146870022
0.0655155784792617 0.0251043504966104
0.43850542440913 -0.232785999751999
0.346173415332087 0.218948408166813
0.00299887616658681 -0.0812444620965173
0.34394905553944 0.170827068867978
0.277665876863875 0.213919384996745
0.242152007254091 -0.373783293099344
0.24082127799349 -0.354278074594027
0.487931049504419 -0.235554527306171
-0.0454880204679802 -0.114072784964573
0.274184601312155 0.364509499554434
0.377153248753755 0.181109601527742
0.126514276825833 -0.460681889232657
0.123224188824801 0.51480641336055
0.443175296263835 0.222490548191909
0.887360537140186 -0.0536057164444105
0.328845620363251 0.558623891787534
0.334030138120276 -0.516082619113884
0.606380983712574 -0.138126229473696
0.452817655285689 -0.52559549027669
0.73378100313047 -0.0269698836480446
0.451436691293257 -0.282988737192064
0.431574928877507 -0.179877834105693
0.440784116035752 0.407779921040166
-0.153477830323629 -0.197032813640039
-0.0249292804749229 0.188141981881858
0.405747700174524 0.386975486886846
0.254141154592831 -0.0474705775033647
0.503967296014235 -0.12722250211219
0.28910913454595 0.329320927615729
0.0320203426130241 -0.199060496413577
0.207288471417857 0.154325072295656
0.225258399436523 0.0536521456560464
0.159741654455592 0.0656725138243246
0.174017049277451 -0.0939503630791215
0.125922092491593 -0.0605187145746623
0.272217823343933 -0.10564287514359
0.208561214777086 -0.0256770306512631
-0.0209584090795105 0.0539737517947505
0.0977183663527011 0.162770443524649
0.00754296107344763 -0.267480689331546
-0.0194172831418723 0.145340779872123
-0.0770364151560574 -0.1395676750928
-0.0151889626943489 -0.217926296097502
-0.098649233397204 0.207036765381796
-0.335588405915265 -0.00273011106466366
0.092513180368475 -0.0849863906245008
0.0916547222272635 0.270888435818914
-0.117385890406672 0.0503568174678033
-0.342113199847975 0.118998053751685
-0.102247008307355 -0.214433605849082
0.0151312469773916 0.389845270226817
-0.0488577014862782 -0.176999646408711
0.0311157919920495 -0.0993954469649958
-0.0306195042906441 0.396653744838576
-0.476616377440038 -0.166423576375351
-0.147633642318894 -0.218588873858639
-0.223367579047308 -0.261059079616658
0.016070712731316 -0.235825508157087
-0.165269128465182 0.220325586809563
0.117050717173716 0.4064114398462
-0.155448574040567 0.329289216258961
-0.144088412507621 -0.411571337861601
-0.340260987677145 -0.0238975369307407
0.230012895497805 -0.180237968985028
-0.30231148317754 -0.0166856328618067
-0.301488095676592 0.00374334037256017
-0.235755698489688 0.0308137580297476
-0.0501693427640099 0.240790282057142
-0.00836328613952367 0.266443406459725
-0.0202381478562556 0.157737021224053
0.352197737445557 -0.105669148420111
-0.0886056532165817 -0.0202718839908537
-0.105472769728147 -0.00166575399468016
-0.259823923136356 -0.0319755404317664
0.0506204094921513 0.329183975374145
-0.334552781368663 0.00751694906814644
0.0535335154291277 -0.358783497699841
0.332862365810697 -0.1958148597501
-0.00106270883583591 -0.40071046594821
0.30021891564305 -0.379786692655356
-0.214446547376239 -0.147519003123696
0.159063514128346 -0.253006888276437
-0.0434694495187194 0.0116143276206084
0.0326667785884054 0.393928101360585
0.320167665528918 0.124362386998979
0.0566723504756877 -0.191694854100809
0.0634369163632243 0.386231809593777
-0.147641803995128 -0.26686153033844
0.310439220713147 -0.139271267609839
-0.0809793378814547 0.209562752259343
0.269943391833278 -0.00170217120600182
-0.157754484410086 -0.250176032636565
0.164257794864201 0.0113740000923367
-0.013426797247375 -0.0540280252147258
0.144129860278366 0.0730818436328672
-0.0512647922363718 -0.155620109735146
0.0696178137868088 -0.00803156045862737
0.00176309764537236 -0.106479773508693
-0.139636931283059 0.0376216427586636
-0.00537378775087476 -0.109701209963167
-0.102447304215076 -0.173023996721629
-0.133219890337813 -0.149915607595927
-0.24009265650285 0.126056728963213
-0.181885053418843 -0.267082939033807
0.0106541138297068 -0.00142739033520283
-0.235348502742859 -0.231615672935471
-0.17520364893021 -0.216491529496745
-0.445363739413945 0.265753646950539
-0.169392147464043 0.109055089329169
-0.174935937489745 -0.23795933597573
-0.484632250949059 0.00715332764302907
-0.249013972065966 0.270925481076156
-0.177911892387993 -0.322620908751831
-0.154094174696114 -0.266077442742958
0.205970785708683 0.358861845109004
-0.269030913583671 -0.0101842258870338
-0.293658928146251 -0.0144211945982964
0.0215810187621052 0.130377753085584
0.00906953941197341 0.185238833941183
0.33070383499046 -0.00670484051065144
0.300847343590242 -0.00458640039574484
0.413601424886119 0.0149849996854507
0.374861319932828 0.00922939112839278
-0.0384499555312945 0.0132862122982415
-0.192255857064831 -0.0335870126978191
0.0197177819159296 -0.1763277192811
0.144651056133395 0.212680614803707
0.0333798321868238 -0.0822641645490868
0.245359238983592 -0.00744318584380718
0.0696039167262568 -0.126443044237899
0.185794147595844 0.198948286810355
0.0947336311975511 -0.159896508132561
0.131034844074133 0.245581349080938
0.324556366416569 -0.0298742393835444
0.20018196354619 -0.120675646657072
0.332132084569459 0.0755379321330951
-0.063080296474616 0.0746703856633941
0.256556136362083 0.252510065519898
0.064211872669871 0.0730822679625737
0.236726212817615 -0.285433311770044
0.257965762745682 0.139803444107426
0.462552862785929 0.00189851310188407
-0.38551547291689 -0.00862327224669367
0.0397254619864469 0.0382627642661477
-0.0610815437320411 0.124066675927553
0.0298123269113365 -0.344837805523263
-0.297855884066193 -0.219939811697177
0.168663395984489 -0.0528106755319694
0.0678776542457698 0.240296244011291
0.253476118325937 -0.0396212211407056
-0.0105675560409463 -0.280982028458572
-0.454023133567905 0.0103982473766675
-0.0729546469580417 -0.167184393152544
0.169884168589177 0.0269615922150204
0.246077824951025 -0.0622655201211059
-0.065734127933714 -0.312896717699896
-0.0772062584163759 0.329107345313842
-0.37152086281936 0.0253763899472817
0.102177246711757 0.0148432714415645
-0.216858665804693 0.197367138885755
0.0393393312642092 0.222135301516674
0.0367143153654514 0.358449169183645
0.0877535578863121 -0.455440039162526
-0.456312179192188 0.144300506393367
-0.257725064031327 0.357562651140484
0.0884339616516873 0.351431105456482
0.366124259516802 -0.354691136802108
-0.419916964695941 0.309785424476715
-0.257800702343275 0.00241188810618093
-0.257982049836377 -0.037952630138762
-0.029972854026763 0.476594466213
0.434521305616183 -0.324946169464375
0.198571231582037 0.528163795131155
-0.184552520963723 0.382714652919357
-0.441671770366433 0.05380715075635
-0.197956298427174 -0.587253639521831
-0.208143109740741 0.447691319169052
0.353796592214404 -0.57826123274045
-0.526826611446935 -0.07115935979179
0.327037524237406 -0.615856122814384
-0.502582770895873 -0.0229869799896933
-0.1703158725184 -0.692589250582789
-0.634929576833934 -0.0550912272259698
0.398992871950087 -0.687221634904017
-0.686837362920704 -0.0200675950980193
-0.742854707921195 0.0496699186350556
-0.166193934190417 0.853212943624079
-0.181219470794801 -0.747340713729497
1.10604864229433 0.00709665964183753
-0.771646658756377 -0.0279871335242753
-0.190317948892101 -0.890666759786947
-0.379141847248003 -0.00403585074669116
-0.731458437622279 -0.0261547739667067
0.210118727135502 0.6321787233182
0.752099095718391 -0.687951368892756
0.0884270439395594 -0.76485500981841
-0.373512154350315 0.0121376042377986
-0.534636958581029 -0.00347231092821759
-0.45585684204586 0.00205342363480398
-0.376941254654835 0.0307245138580677
0.0490330267270557 -0.685346694030359
-0.551470431324778 -0.00395334511426402
-0.375085943732637 0.0578723770036973
-0.313432335913059 -0.0204409084886575
1.04571853689438 0.0418144411456301
0.614935239305684 -0.73285947820651
-0.607526331648833 0.0176987512899158
-0.377297667735711 0.209836273778467
-0.126302798863473 -0.000189965878071767
-0.290919806193538 -0.145585586980781
0.549844545837695 -0.62568416688193
-0.378931962987578 -0.172212410763151
0.99261436482691 -0.0130581349020316
-0.0273816714889818 -0.00533090387177955
-0.0310355766762346 0.0128158227272541
0.0682306649152018 0.00297468204601538
0.410613007957568 -0.29666482983446
0.584319080599066 0.273470885479857
-0.246020011654488 0.477342030530339
-0.628235275436091 0.613060308866758
0.238818293682295 -0.524934783051136
0.367425482871057 -0.798493843715972
0.539955733845454 0.116437922316376
0.0341559856204854 -0.731301787764123
0.658759163629437 -0.0662417666915179
0.632959838205785 -0.0648750356378254
-0.709778561330426 -0.586896551366433
0.432512953508084 -0.850426879368148
-0.0757832243013006 -0.644747924795347
-0.827046071051885 0.330592327724793
0.716551796209412 0.0314712247577695
-0.68294660218094 -0.764474521142185
0.476643443499799 -0.0106352619648074
0.515821884503482 0.0741701966134925
0.579686068082836 -0.00909155580415571
0.651220079587419 0.000551327365121619
-0.0455894876022579 0.856334919743448
0.553191415051586 -0.0321456096806756
0.592362298924393 0.0446420198952397
0.0081224837376056 -0.964422854528621
0.00526251563106309 0.918531758214961
-0.0495158452397784 -0.893257539953794
0.525300707062337 -0.0171100823953765
0.0227060206901804 0.982149779851921
-0.798582369077143 -1.01240599595634
-1.13610899654594 0.716159369117914
0.736761194817711 -0.0789319368459503
-0.0175813703226855 -0.939026567816731
0.363620640621159 0.0219399521562724
-0.0207033729311554 -1.05132784140197
0.551698397109845 -0.299387801977846
-0.0780695615924865 -0.988755770615125
-1.68434035609004 -0.0443408966204671
0.568607005396134 0.139991106856223
-0.838238231978664 -1.23921025376794
-0.411287420033908 0.805384627692431
-1.3788230066502 0.463974202866645
0.85864875194523 -0.325056019259887
-0.7960081130463 -0.640123046885111
-1.21929697372142 0.694973785297512
-0.67222398642151 -0.966422593708098
-0.134844812967253 -0.00406314680761394
0.184862027848883 -0.610852507810252
0.661312803886661 0.554066034740191
-0.245601831431778 1.1321987431448
-0.337821805072578 -0.995157716746669
-0.351735972287156 -0.951209263663735
0.0723981793726321 0.503249386364911
-0.187882030859257 0.900039537841893
0.221052893027994 -1.02123048496912
0.240805782429283 1.01861361594384
-0.195094964535394 0.859383563682891
-0.299788883898753 -0.787590294093951
0.135119673343637 0.387864339647315
0.544073568778501 -0.363499327336058
0.108045080250762 0.929549681119191
-0.917704970382501 0.316998075754536
0.589235815512987 -0.222360420917478
0.560469696914262 -0.265416731672017
-0.290051531361584 0.652839978303932
-0.988237200178579 -0.0040096087943502
0.241855215951753 0.170554256455376
-0.221668229586874 -0.634902508545234
-0.0107355191944349 0.0285659679512224
-0.317083280784823 0.382029187629412
-0.0624232808746761 0.620457748862151
-0.715893704385271 0.423025442080084
0.0607574239686954 -0.629836169856121
-0.116991176577349 0.558565304031447
0.318625327615146 -0.145109594078892
-0.612945884882675 0.434130903785465
-0.222329014325897 0.557895301128878
0.295930541755695 0.0896427004965422
-0.019600599924278 0.511871862791375
-0.211003072469413 -0.510165846133056
0.343706466397852 0.0110280139951911
-0.560440766322917 0.312507783374005
0.383239406206829 -0.0201781625761641
0.0482370996450212 -0.501858781903024
-0.0790739691268475 -0.435426670849473
-0.753196742118318 -0.0434043945910148
-0.00810800143176226 0.54619940903778
-0.391327198283055 0.329097609429189
0.163097533151581 -0.36857125047406
0.427538793241668 0.0692887326974088
-0.387833593180384 0.62588005927392
0.0202349639815588 -0.451109036862199
0.332253736527113 0.64440495385027
0.156346910044646 -0.00529511026515374
0.327385483893869 0.150910769456754
0.131398802406332 -0.530180480396307
-0.0536419326485281 0.660598448542803
-0.0669162287895685 -0.361729149540661
-0.606611203067414 0.0153874953637176
-0.103801611492144 -0.622221081195797
-0.554494439439395 -0.0177194806822481
0.465498854526642 -0.410530685750171
-0.537496460449613 -0.00841989467466715
0.390850182433703 0.400003346974715
0.430145072930985 0.455610574819737
0.0252474588197526 -0.0289543225731253
0.169762466109506 0.640533870999821
0.86923032309739 0.486127484513468
1.21996357786014 0.0308511014150179
0.445617818939559 0.550396934288925
-0.0341163062742639 0.0618248201963141
0.406421745150202 0.639452983489613
0.342727905125428 0.786770451395646
-0.121622523760374 -0.0155772618978608
0.00123647864626943 0.00377736483284738
0.421756777761367 0.795192458254092
0.555709034030724 0.682066753524091
0.374225209426101 -0.763620354167468
1.04227359277451 0.793511621850206
0.508776613663613 -0.815949553887737
0.736893903576666 0.652790459887822
1.73195728579949 0.0436673585604411
-0.196360574005986 0.0199962053327111
-0.222374699130799 -0.0601809438550072
-0.305994034171114 0.0352350120180351
-0.119348762640167 0.00187187164842411
1.44250506222487 0.929548623150738
1.52180282299964 -0.938269661497208
0.818458468985717 1.08123521955245
-0.188281779513707 0.0669202214579651
1.71708863286089 -1.08441483530044
-0.194960705851087 0.0227714705477741
1.69033734201607 1.22293972522868
-0.296499555736356 -0.0788982899770925
2.06392059826775 -0.755924439732528
-0.451707681163027 -0.0612066014017424
0.340103036944651 -1.58700247549601
1.53809419396382 1.40239023299975
0.815464020793947 1.25721105845284
0.299636048094138 -1.53008141798821
-0.546923821950049 -0.259193664359034
0.32662155239891 -1.45116601366324
1.3378021312111 1.53136007296212
-0.743934819513545 -0.52512893165658
2.31970726120416 -0.0341074486359916
1.02399328465191 -0.84678380947269
-0.636411280168349 -0.650124905458037
0.0270495809223221 0.6773598817497
-0.371175628449222 1.44035595866861
-0.0784887839150188 -0.705332365332049
0.674542746163661 -1.164742492023
1.50194428541805 -0.251228768102681
0.882099737866014 1.39278747398342
-0.211508331617342 1.57036119915782
0.554719646971692 0.0102346220274423
1.2992596421605 0.47149578493294
1.39464518409153 0.440677508439166
0.95149833954384 -1.27463947462161
-0.6464095867788 -1.51075567503905
-0.265312308443861 -1.08483043701954
0.962410894074836 -0.281326756231319
1.05688812284714 0.180973498811603
