-0.591036013732195 0.557131307281595
-0.619804724878362 -0.454558544672513
-0.854209914573319 0.011372076992415
-0.00771787762521461 0.492169410695965
-0.415801165497868 0.451831604666322
-0.720272399182639 0.0321369611232679
-0.323210496721111 -0.444821349597911
0.0603727407451597 0.388697594107748
-0.653542741959964 0.00436291261682484
-0.254661870906942 -0.378127757143336
0.524262599492563 -0.00214595523708211
-0.212999138295917 0.46101207711146
-0.39607520911335 0.0025608861976218
-0.497378596951653 0.101591476196475
0.208674152236756 0.210968534429777
-0.0528432623040903 -0.156264311459304
-0.431819275969133 0.11691330509522
-0.33275750550325 -0.378232413967664
-0.502002880610019 0.175044437636669
-0.266665883163294 0.261334573138277
0.153510519901156 -0.218412695203687
-0.475748027858771 0.120571118700855
-0.118209109294819 0.0060672927012147
0.150392225277416 0.15145529643086
-0.429664848405416 0.0169950002444862
-0.279225940647908 0.086669310422064
0.0540913360506514 -0.112047665473996
0.0128022394304842 -0.331468425299504
-0.087599078197481 -0.217544425796929
0.0565739108943416 0.163258967508175
-0.327787513422375 0.0373841451947336
-0.063798404494606 0.209120392268084
-0.0793189140950385 0.0161800043025583
0.000247102746490806 0.0128595453136683
-0.185501692969119 0.10377463012676
0.13653606518563 -0.137428392566428
0.194183958664965 0.0744283426557152
-0.00702002563186847 0.036315210516613
0.0146434044159515 -0.105007089558649
0.012158850115056 0.0826864737683392
0.185238980414257 0.0821653234963049
0.240215453676128 0.0349198552221606
0.0930775269047601 -0.00470596788133842
0.0923607111631724 -0.0363572830700366
0.0309443607232398 -0.072467073183454
0.151523619934838 -0.011484930100469
0.117889240290558 0.0522777642006307
0.203271576437358 -0.119963060132605
0.152012078242473 0.178479821636321
-0.0615252433989908 -0.0119009203533734
0.146542280086058 0.211491698379938
0.204867139144166 -0.249670657329119
0.420480287464997 -0.0189146471355099
-0.0924125198727912 -0.0939538589834253
0.229087947553215 0.144181930862292
0.32841853534459 -0.276350381335457
-0.131467411860025 -0.0259206204293731
0.210653187381898 0.182626626803342
0.445027041424405 0.269874490857349
0.464619770165065 -0.349112152414723
0.77085063807992 0.0374566748429988
0.640240967443177 0.000349926160339287
0.308869252435408 0.248890203677808
0.781104317597985 -0.000466860041904556
0.614969512364455 0.201464214595554
0.846978449879807 -0.0521443563157953
0.457673562362745 -0.250076813054955
0.49743139491942 0.161270274213542
0.933700720665567 0.131941938850874
0.430866690804893 0.102641672303052
0.41743418772146 0.0646923285836274
1.21829113891426 0.0103351356850129
0.383323606142935 -0.0443439972505663
0.93704350259252 -0.231654649471954
0.785386768421168 0.29551835159144
0.932219435760979 -0.231546123355561
0.735758665473073 -0.10310856796435
0.728049894069663 -0.0650731964525962
0.61990673436012 0.0171226140263339
0.594255709502609 0.0574340785750655
0.708788258994487 0.0379209176473436
0.616255059559614 -0.00548014323650171
0.574699870592848 0.0536770617239584
0.47497899194291 0.00447744444070652
0.504191427130896 0.0014675910869579
0.553946767269683 0.00836147536179899
0.526953089086252 0.0201930722421347
0.48657515917035 0.0890471915635906
0.445490932116814 0.0704848060623068
0.485548342629485 -0.0192642784613558
0.421129084456184 -0.0153188402611976
0.485934792213496 0.0135546289441581
0.433588023509632 0.13196111593013
0.549341609338316 -0.0510766395982948
0.362215992673321 -0.000143051913442316
0.423720228912716 -0.0437989830562629
0.354744823787915 0.0498201174654196
0.432808272973992 -0.106746197375668
0.579606021096319 0.137826250607246
0.210579175442892 0.0351096591434423
0.436775954928367 -0.162055311004263
0.312246700108806 -0.177778227596659
0.374138172931632 0.252892503416165
0.204727236574405 0.0553223644146247
0.289455236218665 0.216491826624687
0.125573551376369 -0.0735769162145514
0.578887835014453 0.231064286880325
0.20560043991598 0.34223072101989
0.282850420184036 -0.190456232538051
0.21150697362579 -0.27956725070624
0.0255834326378201 0.120402600990511
0.295429460421758 0.388147044985741
0.511106137076381 0.12167932531644
-0.229680422507058 0.0162630877341003
0.0240327258199979 0.144203488237782
0.305709131568071 0.342460115518315
0.414953184183636 0.345028731212626
0.755008672678015 0.00763214171862083
0.589457602572877 0.2421312317587
0.525195897662881 0.256024643794004
0.340631011725606 -0.456257842385101
0.687177540192436 -0.0528375436972642
-0.479537284306437 -0.00844041269778616
0.295696372794607 -0.133511143398301
0.0608400561131343 -0.0659123490902008
-0.262537232227466 -0.472075261925292
0.467005910900956 0.147256105655696
0.0817193019984398 0.575175979101647
-0.532180577165849 -0.301142754785251
0.334979432060003 -0.114324133177712
0.492875169661606 0.0379091269219695
-0.628414670024692 -0.457702197329804
0.470625330927285 0.0442204026365997
-0.195704882758901 0.610722721180128
0.385259361344766 0.0556416913135897
-0.772247199745141 -0.697202498966489
-0.19567177186869 0.719770537621271
-0.260546158256804 0.63612294128258
-0.264652733739371 0.736007152109103
-0.152081122587507 -0.725660065327112
0.427428732893229 0.0554993549793573
-0.284508822282632 -0.749351732392667
-0.164935455965012 -0.86619987316089
-0.0921366922886066 -0.940068372814223
-0.283433355040039 0.926924725853609
-0.317014058276385 0.965037148343397
-1.52480856317432 -0.00213436487999113
0.467310232145304 0.028584385094082
-0.217100359397619 -0.86415952460687
0.715829161346628 0.100186836119139
-0.00287875192189786 0.937193825876176
-0.305274174273346 0.632177968635502
0.0226757006619374 -0.894357671546256
-0.693251957560984 -0.510436731342883
0.515469252729408 0.31184550007861
0.0614706508305173 -0.695198783823833
-0.545169443383845 -0.482516641161404
0.72768943535506 -0.200473286487405
0.220240364105173 -0.660866172343155
0.375779913170236 -0.766376319784195
0.258849719114686 0.662645114187083
-0.295813882402778 -0.787207735611992
0.539289618783023 0.753589955522505
0.332509028931658 -0.718165358887181
0.538019744578106 0.00899323719735535
0.155277305289979 0.698461622695807
-0.779620431217535 0.00551321566572221
1.0511657026686 -0.281628804376325
0.391494908942555 -0.858761334981602
-0.455912972890908 -0.689616609807395
0.443682195692231 0.915453441868873
0.1899167024714 0.731692548983986
0.691664025465166 -1.12318521086262
1.09001154668659 -0.201535312268741
1.36550884711097 0.112785596347078
0.482747615338157 -1.12756136039586
-0.484943136087202 -1.23079127717708
1.54534344953027 0.0234699039010176
0.639868078203113 -1.19821327875403
0.539358585032665 -1.17129174106129
0.644042120239865 -1.12160185347238
0.6756308144421 1.04601825456126
1.33644593920647 -0.024236574183643
0.75837445048296 0.974641533964105
-0.0174723137682379 -1.0439674380762
0.731433046726721 0.832493900157427
1.31324146381058 -0.0484662334553765
1.32779183934877 0.0110044245104684
0.841195597403303 0.694055754581792
0.918361045701484 0.735314814049106
0.876376741022842 0.664148054745162
0.937517115130218 0.592375459040344
0.967851626240079 0.483942487896422
0.724051253750126 0.434637982791952
0.883035609107512 0.559817535904995
0.802916108529264 -0.602851024022353
-0.0366469966507771 -0.0388102912645415
0.66362659270305 -0.512385642930902
1.14760482344795 0.474816919328404
0.452012139124213 -0.139737698562257
0.631847802997848 -0.201537214578275
1.05427570185425 -0.157537578305462
0.735601861348474 0.128289473070907
0.84432746681181 -0.301025967527429
0.88511763994013 0.221138659106014
0.668282314887409 0.265673384741086
0.818209600421829 -0.22375159933684
0.859992800504753 0.0614990383263793
0.683708761146161 -0.0881917287127025
0.853097945514361 -0.316527299531319
1.05421913084197 0.0671830846677357
0.230938180698351 0.00174805197271926
0.982302687668945 -0.12714809770809
0.981808212385789 -0.523172736235585
1.22721767389197 0.186642405207298
1.14324893815434 0.459628325299401
1.50607532553509 0.00917495405883867
0.520610101613614 -0.412760146932227
1.41932380926418 0.274241013914502
0.842218995177027 0.0155771535981587
1.06755900589449 -0.893164488653725
1.13955376028704 -0.235062663798909
0.727506879832502 -0.845207133882676
1.07932104959221 -0.313139479061552
0.531533929427376 0.0216270378620628
1.02307920371655 -1.03964113729085
1.3623301472645 0.469843277910133
-0.0569835195852534 -0.389897915103744
0.637954326624394 0.74133276692083
1.27099236357046 -0.739462131777166
0.118125557522233 1.06353563991175
1.10420841020141 -0.683214017773917
0.315729519673461 0.95522094886978
-0.279325405627274 0.122584141080298
0.170533094476142 1.02412851491083
-0.394707846807934 0.0247115983128178
1.00752999590639 0.725535791492341
0.962846807558086 0.768295278176509
0.168215402570023 -0.938316128432368
-0.66765698403722 -0.000109773307921506
-0.597184039727442 0.0114108395501883
-0.194786117088218 1.01544278722626
-0.755312614024367 0.0658530730799368
0.576108005298572 0.910013564838966
-0.766734988521391 0.0944011375757115
-0.232913223182707 0.934833070244106
0.465509546065833 0.729745098147317
0.883243551667278 0.0390144432903548
0.387048579374286 -0.674527601832898
-0.420356456039037 -0.762027865051459
-0.866349210446755 0.153662679635371
-0.55881089521705 -0.576594839992597
-1.08711967226856 -0.073275742534061
-1.24997547241931 0.0182458547569112
-0.979431143886411 0.115258153739307
0.437753252537129 0.0594538744448821
-1.00953939182499 0.0214264970310152
-0.15091494138466 0.602336591198047
-0.273164810797868 0.54771387950911
-0.778404474206101 -0.439799101865319
-0.396680255426356 0.5666075127005
-1.07349608860901 -0.106853429583884
-1.28587087332829 0.0352141082715387
-1.03429564241443 -0.340627600726745
-0.97440717855281 -0.181453029084941
-0.51984797924891 0.166453489844492
-1.10199142891574 0.502018825242202
-1.25888911713893 -0.122476582894594
-0.751475924994737 0.170813411542425
-0.932753428016345 0.277431008550158
-0.792250480993441 0.0199917878399296
-1.30389088016582 -0.202375144341329
-1.04498816291691 0.194880240449795
-0.972991251249104 -0.307453740526044
-0.88187168849703 -0.00332445414576799
-0.958351737768461 -0.383370663007481
-0.572720388384021 -0.266308901600808
-1.0217170733728 -0.433237401500919
-0.965045482753485 0.410865117745771
-1.22900704248181 -0.124912337051835
-1.1938651304862 -0.0689237914539688
-0.436384211952865 -0.551419624699963
-0.767791319659864 0.504925550017199
-0.824258680269278 -0.45136672603902
-1.18355277994308 0.0541549481049413
-0.371926721117381 0.590157598568418
-0.698395791701821 0.60526211721112
-0.949166636562461 -0.21814458724581
-0.536831260192945 -0.594708169528449
0.0719029271252327 0.351633669624967
-1.11803448706076 -0.180337950555453
-0.925650125431733 -0.658036635025358
0.400223007886283 0.0673218678273881
-0.465622253612623 0.665019772003616
-0.177976753144073 -0.00804700824292904
-0.662341633742149 0.479449860996798
0.203271922539176 0.125795398460492
0.134345177547734 -0.0835994968725004
-0.496470697081164 0.613752085998077
-1.04049659177314 -0.553802565951385
-0.847358621288496 0.655050087135964
-0.466778450670624 0.553358589116116
0.202621069507415 0.0939275423202716
-0.721649835727678 0.613172009827175
0.345162178126786 0.00950497738526849
0.223849418395781 -0.0233398736440798
-0.890657518493548 -0.0216254835964577
-0.104698538044725 0.569085674704248
0.371047879785636 0.0235829706717865
-0.143864911724109 -0.634090155319798
-0.0245374345347407 -0.683678533106444
0.323913594712585 0.0674394751209388
-1.01162167135325 0.071172673748466
0.225460465926224 0.123547639128413
0.107540824355465 0.0484045715504228
0.0308184425587914 0.0378922520636991
-0.615978678520817 0.381631907953067
0.0937132066376984 -0.723835203907442
0.346625372441994 0.243813600221715
-0.467029590639865 0.249693761735247
-0.605159867514586 -0.522156008680556
-0.0770381290766466 0.283581926240734
-0.107737166044156 0.479575642009679
0.0254721631130596 0.212413795848815
-0.587653720910786 0.207298704979908
-0.518374200782837 0.206958531634523
-0.598037594978107 0.154404281883327
-0.465004550550526 -0.281880402604143
-0.211262401037214 0.0948375560812937
-0.207977268462416 -0.121943122981885
-0.577237383323535 0.275463356119446
-0.466685854425286 -0.00858165070282268
-0.471978515114562 0.224527044436834
-0.662370815288501 0.0902740216514214
-0.251723477259926 -0.285609741880584
-0.498068203972515 0.0923442268557876
-0.600781776062856 -0.00348355455947269
-0.356808941066988 -0.0983632188913296
-0.53941434396531 0.00793050324496332
-0.50128313977735 -0.015667129623871
-0.357496128638872 0.350289496573219
-0.301584382985236 -0.294636839116817
-0.0231068645515612 0.345828854847499
-0.64366680031671 0.00107512665082737
-0.578409376932883 -0.047657283839816
-0.77521878667797 0.0316387081528253
-0.617025549555957 -0.0275330000137852
0.137600138717631 0.612163254291137
-0.649606964569051 0.0638155924263802
0.38494302388171 0.5370901465932
-0.434779920574151 -0.703416103372302
0.471723460026499 0.617633074451916
0.49591295021318 0.544551510977053
-1.04743774553952 0.0465335570058579
0.0685594606791616 -0.511973891523434
-0.365180271643436 0.911055535570858
-0.017259680924326 -0.83143752871542
-0.736413406450906 0.328300596751601
-0.0406082023665574 -0.616635795975036
0.0041893459894596 0.745665406426583
0.733088684137185 0.370322987832846
0.640900358223438 -0.364269590416225
-0.39223852006884 -0.166688578762181
0.991329653320388 0.0530234638764949
0.0398902521871576 -0.608522326582847
0.767079558321622 0.361473747593797
0.673639357320085 0.47320454662377
-0.14452601315029 -0.102087144665507
-0.140926601877935 -0.0260971886184971
-0.167676061692188 0.0194227302661324
-0.141914773642325 -0.0382730667926666
0.406349114429634 -0.469403903389879
0.352729901836235 -0.547306273170993
0.222573898967169 -0.697180235695508
-0.304084013602861 -0.13327385526812
0.117196720757364 -0.704398496032584
-0.190640467639725 0.180093352343994
-0.0820987943902862 -0.746675690981574
-0.399701284456893 -0.271767060552639
0.46653967162208 -0.418325771398955
0.508648693512554 0.665093475290494
-0.12394051036819 0.319202969836806
0.54131722772245 -0.201182280208213
0.339541320368237 -0.0942923465779568
0.111499481503139 0.470761583100869
-0.265103222444452 -0.212840009632502
0.148554921173017 0.319202656209284
0.13823462225476 0.259759326986538
0.392027039542346 -0.0056883496873395
0.471749034214457 0.0272248608651831
0.157850017575785 0.266462129377207
0.41464654632545 -0.00223791933209466
0.289533862061623 -0.355045409213668
0.300945518636595 0.083956030219694
0.164314268356596 0.210127624973401
0.697454717300701 0.00778112847063642
0.253952340334799 -0.29128379166218
0.100181243503402 0.186263294922872
0.62292871117656 -0.0721576691966573
0.502775324654806 0.0528770060504669
0.418200984353037 0.213526204920626
0.48133897882417 0.201619331101907
0.863747505239252 0.053118983169401
0.892855091990291 -0.0015213359666655
0.921617051993853 0.0449066074596546
0.403131339387247 -0.354821532304598
-0.101768629870056 0.020127728381321
0.934623716976655 -0.0596790446667225
0.919824325712489 0.427422044910871
1.07835373520956 0.210722165108671
0.357403668817589 0.221140111191316
0.495118236241234 -0.44746324622089
1.28695292289018 0.0547741489587566
0.175768120057471 0.103090230478903
0.866786910205392 0.325182123909544
0.140692247582875 -0.0123651673830718
0.753394373093771 0.223057160238272
0.47898076950943 -0.196187982965679
0.688568002627769 0.171724517799773
0.648482136222439 0.201755251521846
0.197513913153808 0.00263522439661367
0.411487263204671 -0.0633823018086525
0.302511299136566 -0.10414305608592
0.38445311444504 -0.231422913866409
0.307636164280838 -0.0367470676370793
0.207883718594331 -0.0752691052275895
0.0934496707496794 0.255776390256121
0.105964024678407 0.285031576307328
-0.00155703744521311 -0.00239548112112154
-0.272186202230844 0.0433558893318416
-0.308270601355673 0.0939933204177758
0.243615570019433 0.267732686093202
0.0735098633693631 -0.227272468812317
-0.223572870744548 -0.0663960778225934
-0.0600611442633738 0.0098718226500355
-0.192490173984037 0.0318951082660555
-0.111907590686378 0.350569247344748
-0.0248272271604933 0.0468581623962997
-0.173671966154735 0.106737491104531
0.0117149803669865 -0.325950761930709
0.000276255580102934 0.110666311116232
0.15278554540245 0.022969870028921
-0.0938036658693565 0.18906217899137
0.193157618657243 0.00910287356619346
0.0887671920491835 0.0052453308326534
-0.116445847096507 0.216501863122266
-0.467854099690772 0.00303835279737782
-0.16152856553015 -0.231465237974076
0.237606717757363 0.00476906709206186
-0.214500117569145 -0.205759432694052
-0.163109590104651 0.206754186048086
0.0796201393647786 0.302419226071269
-0.0293032605346809 -0.0741250188962896
-0.289785486826112 -0.181791935049808
-0.00163377854037499 0.241623241921737
-0.436013097308893 -0.112817275273991
-0.288523584675095 0.105572190927555
-0.217996344132113 0.368453041687057
0.17196032365565 0.20257366128202
-0.348617965109638 0.052355536952077
-0.0907947098319639 0.374433154842946
-0.103368618460185 0.380573241708494
-0.169564887375006 0.359589660869297
-0.0564355523007858 -0.256918473959915
-0.308454236680583 0.00290086875005448
-0.174006208199181 -0.134482433875158
0.120440946336299 0.105754311232293
-0.0803437498258442 -0.141210932246218
-0.31354668146421 0.0547291427509878
-0.305315410194314 0.00493450463040057
-0.153635500985803 -0.162611314706764
-0.0543641844394812 -0.150999827459834
-0.117830667252207 -0.143262161943283
-0.0856233124244526 -0.124165608029451
-0.0268545678840044 -0.0720624679150051
-0.207524829093527 -0.0714985812616644
-0.179243295215313 0.102993260544655
-0.136492446393222 0.0926919533611259
0.0288238737323437 0.0267173944653771
-0.00203808705661764 0.0592275440786502
-0.108735777276491 0.0565366128512021
-0.146390154895792 0.032409509221449
-0.18349769634264 0.0728276753665567
-0.153902541741517 0.0108859211492618
-0.203573049082375 -0.0901483915671798
-0.179849334487044 0.00526152577489359
-0.139552069632479 0.0993750299954396
-0.0335790603995136 0.14128159294819
-0.0744986309531019 0.0251632587264726
-0.187386695625086 0.237479190829242
-0.244531406945315 0.0172592326932127
-0.299916480184348 0.0365310777646598
-0.151528308524471 -0.169768222342752
-0.275931475384792 0.0212670595283407
0.12219324943062 0.169308324184749
-0.33727213912338 0.034734232451733
-0.135874335203561 -0.277693077442032
-0.394636601145118 0.0222959815696291
-0.36308975727299 -0.0730419454491048
0.0942366939248813 -0.288693247378097
-0.199994656489391 -0.207605000093529
0.24579373070308 0.0284824968602022
-0.268374039687815 -0.14321671923739
0.120588449096505 0.126178145695828
-0.0128214348573284 -0.264487289076724
0.164165179938265 0.179127556780553
0.425880514093079 0.0155994831654833
-0.152280494465235 0.0150317428253822
0.0777666992046196 -0.101878594476672
0.147813176343723 -0.237067606204342
0.172782687270577 -0.24799071492386
0.0931605838421011 0.211903870845539
-0.0993041767618016 -0.00156269297437662
-0.0654954414456839 0.134738414805207
0.0275438744903741 -0.138913024254967
0.149609313755384 0.0650451035169339
-0.0224662196074402 -0.00594286205815665
0.0563988566995785 -0.0679444482964384
-0.046254836381545 -0.0902476844515491
0.00814081892478478 -0.0506822504128922
0.0238954378958607 0.0578656117094067
0.0378393638939799 0.00416954956190563
0.113594951042621 0.0163067188032895
0.101309430042809 -0.140580500799234
0.0500368645731488 -0.0281396981976768
-0.0695129035786936 -0.124662900205405
0.121205103913906 -0.0864207888718069
0.0407471191956447 -0.176127904487123
-0.0897122170769659 0.00724557109262435
-0.213643899038989 0.00328644444746735
-0.224072613861639 0.116742594366535
0.00685033433590396 0.172050370983954
0.135866767141996 -0.0489697275767566
0.0404761873587993 -0.0641493809591774
0.238184827586895 0.110990558626802
0.533363649895466 0.0231304084907273
0.164987882493251 -0.168333127553108
-0.240033081961506 -0.00196391439928413
-0.15796220139653 0.000219980298000527
-0.246675763085381 -0.0309332969722599
0.0487796845274222 -0.288118945586797
0.00186183191038257 0.397045649622539
-0.303750138502903 0.0172988464548567
0.278874633796423 -0.336042042826854
-0.31085304996355 0.0363704049692128
-0.227096644297949 -0.0301764998745851
0.137244786677463 0.347648461602233
0.193826341466817 -0.118360542253539
-0.116179828419628 0.126796449354645
0.0558145420111877 -0.206796630916718
0.290318838926861 -0.129228425380333
0.00502602665815492 0.10291291040576
0.389725944994934 0.0395387042601574
0.000754138144500344 -0.117291359995544
0.117950012360416 0.179999361218066
0.138061802671437 -0.24130022967849
0.249610095455265 0.0079316923780814
0.0366483385422033 -0.241410810863364
0.277531001539574 0.0292608073345618
-0.00964689817723306 -0.281508564587283
-0.0479411056116784 0.214613403642205
0.0486655161193188 -0.368055437432376
-0.0970260534053775 -0.32589353055497
-0.00949130215781007 -0.414494080970309
-0.410218246285103 0.492828111003274
-0.348362843027981 -0.463140757244441
-0.172565348988198 -0.373735970922125
0.519313667475214 0.151330391017455
0.0593679443695688 0.56324765952124
-0.448334598720828 0.332047583673628
0.319651133372091 -0.243021875980728
0.513879957478842 0.548538484840958
0.0385838088120915 0.290853177104438
0.521448370808612 -0.115448870407439
0.84253945237883 -0.0398083381342643
0.301965928454159 0.49336097442879
-0.474137972683781 0.00810570611203743
-0.168816247924074 -0.366563711827642
0.384278564596049 0.463465811748222
-0.0966347931796326 -0.457039009278133
-0.0195384467346788 -0.405197332283647
0.725414542286015 -0.0138006883752982
0.307236085281814 -0.402905645217546
0.387693195324575 -0.453412053864712
0.354961430877768 -0.447803624486739
0.474028528672538 -0.426882683371211
-0.331351855639912 0.0122864415812519
0.329408639783867 0.417286452821724
0.856759247063047 0.00274932684887634
0.146569037705987 -0.411931840516401
-0.0605275713188435 -0.278835096498098
0.737666027504674 0.141566174823989
0.52884540295634 0.390793239139484
0.0801915280877714 0.414617523075601
0.972950890944756 -0.0581208207803585
-0.0329338389662816 0.383479705674669
-0.173187131781447 -0.0242313498688006
-0.156529326492056 0.0541618577865084
0.717628139440853 -0.594154935762593
0.713128829291238 0.290036292301423
0.227660605492514 0.136626712717903
0.470434330313575 -0.528106288788273
1.03419878822865 0.276189740941309
0.067179912845747 0.147341601397706
0.707341219753878 -0.362013508605963
0.0411877232135312 0.0681474439372648
0.537976454790113 -0.470902207750954
0.466753635729408 -0.497327085493909
0.561511328096247 -0.304827826942518
0.342003134639741 0.591932900262386
-0.0704010850717209 0.0302491570109355
-0.142714281047495 0.120432904640037
0.300370988002234 -0.423664860225082
0.0864078690795259 0.0066107271808578
0.214338308605883 -0.373496641864177
0.654929167549164 -0.360789610459783
-0.00717070044390204 0.583120443728785
0.487890895774763 -0.131200961527282
0.602017247025833 0.189392003295352
0.275932286690846 -0.266868681036016
0.120578140752904 0.0131151905296918
0.772019870264895 0.329430631786957
0.283112477362687 -0.535479686484245
0.425396570392007 -0.28811684571162
0.287732911429718 -0.51893379907135
1.05118390177975 0.0125520579825166
0.149029789041532 0.61258666546803
1.0902829117228 -0.0121134527001073
0.649799746390887 0.526737244629426
0.409561117027865 -0.417498417203281
0.146030786947709 -0.582196156313211
-0.101687473132269 0.141989898488216
0.905623291482283 0.345209867410042
-0.230912669210988 0.241901821730333
-0.280989654784283 0.283736500623691
1.29129066376753 -0.0244991390471301
-0.611737187508651 -0.212077107474868
0.895086958050189 -0.680250424566478
0.00233387177713275 0.960272460423517
0.706621317368393 -0.981088874620095
0.0759586999387603 -0.915927847270698
0.0196179501490958 -0.854944630573321
-0.640337921848349 0.0605306714222703
-0.670021337163665 -0.136367089688465
0.455600887249231 0.894509255035417
-0.535633595634915 -0.0135266387949737
0.468781700771024 0.680936722550709
-0.858899895062712 0.0853685985983018
-0.213725467692639 -0.60056633348426
0.230359139080348 0.95747994104589
0.0941175239552483 0.89856254903879
0.671462552759265 0.0199237088282803
0.0444055077617146 -0.89163222185918
-0.0345976348026502 0.74820533244354
-0.683424542610368 0.825864125240991
-1.28716124184566 0.0142352985821222
-0.795973151159492 -0.711970894149255
-1.22305838186997 0.0318641533032538
-0.152248277159925 0.678631962073368
-1.18834910239278 0.0639831616527718
-0.679606040742156 -0.469384461472182
-0.740102381465029 0.673852873628222
-1.31630474342225 -0.0942192195791167
-0.0826172729311776 0.428175922409907
-1.01482422399187 0.765098444099525
-0.453947345246951 0.760629352958954
-0.619089181949583 -0.764072168228391
-0.253433116433148 -0.254737719095957
-0.522943047844706 -0.809691057362394
0.230045395787139 0.291074950756204
-0.92347381197288 -0.829606379245512
0.0379139041034123 -0.9473261427138
-0.360695559217059 0.824471259977936
0.0926826016953797 0.951112359109734
0.563340132866542 -0.432805327696186
-0.132726599081903 -0.81418331232438
-0.877845422392762 -0.289856974987665
0.964817961483607 -0.00736402172358332
0.20296264684538 -0.49351340929887
-0.449657743263712 -0.28691268155119
-0.25824447208616 -0.783605848730547
-0.726182307776566 -0.01021664461035
-0.551978695418638 -0.114773517584991
-0.518805971236415 -0.102299469017473
-0.22567449835571 0.645228946078203
-0.590462302436434 0.0107852761770631
0.577486055418941 0.0266358487866831
-0.442266099484976 0.0746206132425959
-0.286322657917861 0.0327951507417094
0.00161197886113978 0.536351409902244
-0.68968622260955 -0.0925788835421334
-0.590602819780696 -0.455605309176515
0.00234582288036995 0.260114331098555
-0.658141552944487 0.175775799413247
-1.09961682769947 0.0398352534015365
-0.113629359045227 0.229822567881428
-0.952082299252281 -0.0822921460381378
-0.442960648256725 -0.147224954911588
-1.02964249569631 -0.0642907435927303
-0.576107319989995 0.308862611037843
-0.921262325086687 -0.271985016011122
-0.970431056311816 -0.161951903403194
-0.656402304642507 -0.0228260865709752
-0.807178558887092 0.213851305273947
-0.89191360578984 0.117276804451205
-0.981374778444016 0.175004453050269
-0.837543905657688 0.0499283777897248
-0.855946647078253 -0.00537409403837421
-0.826700303985374 -0.0911668871624899
-0.791229927506939 -0.0637908753431621
-0.863835829365462 -0.0269240129421559
-0.556667265852288 -0.0299209896834228
-0.589604569139541 -0.149873091897403
-0.532222187092991 -0.0207645346572982
-0.58464918645781 0.046822010432394
-0.550783214541162 0.0522508985194848
-0.485278903836937 -0.146430091747664
-0.658853221585849 -0.0854782635380927
-0.327866273320941 0.0692748188000054
-0.449927169446363 -0.214196215391485
-0.63135726274795 -0.0807512688619433
-0.103337394712211 -0.153417064664121
-0.333858364606047 -0.290171586817626
-0.122774296970026 -0.460143317366087
-0.393018432596439 0.398537781125149
-0.613388111686028 -0.402646048478783
-0.227743515353684 0.568130537103584
-0.430070275683904 -0.528792254549785
-0.411070712757846 0.0079423034360745
-0.762300269335528 0.291958314737122
-1.40290174714996 0.0286364634717825
0.125862736224746 -0.276871233743522
-0.437686410439587 -0.79117199944678
-1.2547080292099 -0.451863157914618
-0.512779652955406 0.851046186986973
-0.826649087908366 0.408079401722625
0.0985313715676517 -1.11686853273621
0.0441594772381994 -0.501507202940186
0.541539838233016 0.501766809572712
-0.36981275476769 -0.969301323574047
-0.647973819056735 -1.03193751639134
1.07593585711743 0.0173015499416003
0.414615984519601 -1.02973179237053
-0.15782676876618 -0.937456539084189
-0.125118212922773 -0.923087390721518
-0.0971893754947364 0.911028583267763
0.893517575672476 0.577681400024708
0.0356598664416171 0.87271713901804
-0.524920588304562 -0.0936367186099974
0.748189497623928 0.774061019357768
0.320845380283329 0.663933713430964
0.818090315239778 -0.618551297314844
0.274146184948435 0.75161578474446
0.750561398343223 0.620411700768345
0.44551851163124 -0.359047461969671
0.471625279591212 -0.361434369325159
0.369835366217065 0.412259852378438
0.0333026800718883 0.255017714631775
0.210178790286394 0.645727392611678
0.224275784764134 -0.590859067154652
-0.754627308029826 0.0152634499401142
-0.351136517911389 -0.604941699308616
0.223212033509057 0.6777705343789
-0.563027870717112 -0.49848303155486
0.0126886402029944 -0.639262237879562
0.540205897739204 -0.0686838024724398
-0.0236251949955856 0.775617831319512
0.0862211541936374 -0.862316498323508
-0.0676972413176183 0.931986532097768
-0.763715740888556 0.925941299833223
0.0704104071562262 -0.979007060174173
-0.0422621924365083 1.03414150582633
-0.837087449425754 -0.969312245643366
0.275257632117311 -1.11662862273338
0.920721803390398 0.0768587597254353
-1.38411297033322 -0.00531551986583482
0.753506866256338 -0.176980834392983
0.469102445373512 -1.13489945793909
1.04588183948336 0.225930990590233
0.553209946378639 1.1825302513468
1.36341735861367 -0.0132245549304318
-0.33484450710488 -0.633918029794551
1.09996878850613 0.383695489609931
-0.00201165237125321 0.0188372526604106
0.550249226918725 -1.14941963399645
0.475090693405285 -0.526574335119984
0.00596940626731947 -0.958330832782305
0.367879342495239 -0.623140055187235
-0.270943720723448 0.0179601053316519
0.482936787770199 -1.00139184107269
0.72476014809724 0.563725154471865
-0.554802075247536 -0.266561896021544
-0.000703197035182866 0.66160163493698
0.450293510082277 -0.58766693383346
-0.494666020572733 0.850013906110144
0.352624975555686 -0.50984936843905
-0.294529139589481 0.656070221467693
-0.693531966196559 0.146382888470545
-0.534657629511516 0.702918632863056
-0.838651836527592 -0.100278019592427
0.102496110801868 0.446268139019988
0.00732116896563216 0.389531846220429
-0.795459464850687 -0.492520114463876
-1.00520139348719 -0.0583286098675096
-0.676988684187262 0.0101421315138369
-0.876068901820957 0.612555446155221
-0.92157254217009 0.207074565533358
-0.59102926244673 0.472140165037431
-0.891784400399384 0.217357636302741
-0.752912856158314 0.369734509345375
-0.413844864598603 0.0919157329693433
-0.388836591002175 0.0177229350325362
-0.496075740479284 -0.072603519774878
-0.797956515103814 -0.230451690546628
-0.846066400916242 0.127783368895379
-0.817322722278895 0.0113329844709163
-0.902281218335286 -0.0660733568466949
-0.899688726648619 -0.00071863663335258
-0.779612772198005 0.116062193323467
-0.771377133372427 0.0218999131096431
-0.725351119520982 -0.016048284195413
-0.774794717893523 -0.0120246272247293
-0.753246054393965 -0.00257991722552148
-0.69714112132487 -0.00554842308883999
-0.762697289295671 -0.0624820619856985
-0.553749724829245 -0.0598364394448906
-0.562768623478336 -0.0151347691281459
-0.670570779592993 0.0460242508165116
-0.493393739165917 0.140134172373181
-0.612630640222396 -0.105186658095786
-0.539194086491343 -0.118567019799976
-0.340962764635954 -0.068039060521576
-0.308967893741105 -0.315571449021402
-0.687497274886663 -0.196204487036873
-0.122976700097604 0.0501222656475873
-0.097321231586026 0.00170507732193376
-0.170763164036974 -0.0150106183778701
-0.467786780509484 0.293136864280062
-0.890466302849421 0.075354953582868
-0.468687303484924 0.361929806180922
-0.677536635154956 -0.17693757666331
-0.539321829090338 0.403537673567235
-0.547660047488994 -0.240281104008803
-0.748463779032371 0.535879021430369
-0.735499367416142 0.550908647261702
-0.571539833307428 0.350589703556347
