0.955268987870997 0.667747833979191
0.284076297118558 -0.47247463762346
0.584034766216379 -0.248536973233391
0.324524183568498 -1.16448879015398
0.827698094010582 -0.634108612015801
0.204009711879076 -0.15215248248666
1.39159910239626 0.554913033842561
1.74330463610987 -0.413510071031207
0.842445882262495 0.511098200577522
0.917904683463551 0.0707737811517337
0.064215729990618 -0.101441815537017
0.0477217238836166 0.176168485419396
0.228664271024182 -1.11074578000686
1.43822150533645 0.212695996696911
0.476948738761537 -1.04937197094529
1.20605089131484 0.148075350782885
0.604285969817839 0.983297508450238
0.714565397467344 -0.996972456935481
0.411108332673644 -1.15985096046378
0.822124145335322 0.811401576850304
0.785727568192322 0.83930669886833
0.389011831938318 0.692349930807403
1.11499161076132 0.988893656666369
1.40550947343449 0.0137643924859849
0.963634416171231 -0.256082506767136
0.664966462578167 -0.159271975634154
1.00878180656752 -0.0225036885794739
-0.0908541812133567 -1.11056616735816
-0.0681721199712955 -1.16476616554117
0.442554432893305 1.05798260684625
0.436024311782544 0.986223340036513
0.617018000118609 -0.221247835227178
0.36252470889677 0.975307685704079
-1.03713124508712 -0.683245980804376
-1.44464530994021 0.255081716020043
-0.0236150864870828 0.844203736529232
-1.12004929676069 0.409182969854144
0.0643441822303339 0.914613950655546
-0.678363833148617 1.22174365519367
-0.0831286391229934 0.853964901974645
0.36016929232427 -0.0806144337541488
-0.902308049283815 -0.365897270958903
-0.219107426836106 0.784299409242255
-0.179449918038528 0.763262105784269
-1.25223430420704 0.479481698552705
-0.871892448937067 0.399599520250066
-1.24371448906743 -0.686385795797424
0.10113119454676 -0.142897076781283
-1.10265734647513 -0.0613347066538084
-1.06282046159865 0.860745183026475
-0.136144152274635 1.06736311615518
0.34681958334474 1.07158469306077
-0.61174220698926 -0.701693027953331
-0.0818214800918334 0.0195893584300196
0.348635519651412 -0.635916890779019
-0.775580298762826 -0.344471422161583
0.591191708393983 -0.553293425403471
0.25659791083937 -0.801676465534269
1.22221029818862 -0.334082505635785
0.362614279169713 -0.913002528989882
-0.294530853577821 0.520315884899147
0.748683281998043 -0.197856631194423
0.544607864437989 0.491378471142371
0.517667257250745 0.426281941243926
-0.0879389929308272 0.482473995258795
0.210521369014545 0.310143372049942
0.849476365471642 -0.544232871362975
0.510865466604904 0.392268126842183
-0.268200503340856 -0.0184522706290203
-0.616721079902393 0.127141833116292
0.449611813849688 0.616506474039365
-0.23768772118541 -0.13971488063369
-0.0898435840545741 -0.870186588486404
0.4972855397719 0.147238226029388
1.08892909832269 -0.276420204654768
0.386534096446905 -0.751798097033387
-0.33896819821576 0.0101273842484987
-0.494461894149411 -0.817961089957341
-0.723406352672924 0.0901402461672574
-0.0539497271438885 0.744032251579038
-0.657133868946863 0.394880586217468
-0.0554462278112315 -0.8779650841661
-0.46796230359554 0.415679814954208
-0.859547545868315 -0.0289519881811016
-0.261507437010036 0.879605956577093
-0.544999747894494 1.00281744000023
-0.66435925725861 -0.427367305022731
-0.623618948085323 -0.469199765850965
-0.725644278800758 -0.163217265117785
-0.523333313781874 -0.459881517533769
0.315251726690906 -0.489973957700727
0.047738374703638 -0.492757053544432
0.203557615105963 -0.455517793269913
0.354882041196754 0.110286901921941
-0.568287863776944 -0.0481593378473063
-0.31465737678185 -0.66590412174354
-0.00879105245102242 -0.791270444176754
-0.396079241913143 -0.395787069690088
-0.131474802099797 0.000339364755832745
-0.289137044431106 -0.43112004052338
-0.457119318582488 -0.123962167760639
-0.775414344940873 0.153659483265373
-0.618836007451348 0.27124068300226
-0.666009730552865 -0.217723569935964
-0.420867309409027 -0.110136731098684
-0.00925242881123343 -0.63114918813899
-0.453695045260567 0.164726012468571
0.150543414109002 0.340291188276798
-0.0954371501125529 0.17723954699686
-0.424910417823168 0.111987745850308
-0.128344971654819 -0.356198001524519
-0.169167620784093 -0.443291885398826
0.0718805373154167 0.277933282070856
-0.401082937710805 0.0835671714863596
-0.257751079890488 0.192190966127448
0.343416562867341 -0.111470779899764
-0.10624626805253 0.0453954189099816
-0.260120452103746 0.0243828625432263
-0.0658144771886662 -0.196283927709559
-0.00162343238336396 0.137746116690755
0.0202831876523718 0.125056829325804
0.031582855437364 -0.0681702298670821
0.129440177488368 -0.104437270742211
-0.111833845728828 -0.0806587704181754
0.0607705774177566 -0.0339884206861954
-0.0517840926851063 -0.0423937435687498
-0.139598629968641 0.029439756700857
0.0483862415393418 0.123918695391393
-0.0977562115061807 -0.014467196634472
0.100938438316885 0.0852812236659713
0.117229879080478 0.0163521137457131
0.269175990530162 0.0110243600553252
0.190681554944803 -0.0231006933143794
0.0219124942671098 -0.102695390706944
0.0992150143157887 -0.0667268752219423
0.0233627606785037 -0.0776272091852632
-0.0550652539504895 -0.131393064622278
-0.0914621829282161 0.0197488120469458
-0.00265158905591125 -0.0196261654070344
-0.0693094684938798 -0.1044967625379
0.134456038197418 0.0507427470208847
-0.0964989810112343 -0.0229804646374531
-0.0663753176783676 0.0113347189948419
-0.121536572490249 0.0351049162139713
-0.0973267826047946 -0.100667588400385
-0.058644868443459 0.0118658547681596
-0.0965141865105217 -0.0340475039835245
-0.0206302885433864 -0.0493486300711943
-0.191915944337744 0.00477440082809985
-0.165877965865551 -0.124903349452946
-0.163160905786732 0.157361842181249
-0.275517850899453 0.202635840287021
-0.0536198701698039 0.144856842970837
0.0857465948612963 -0.20683299854533
-0.162247648091239 0.138198986934649
-0.143245989724614 0.107454994817361
-0.189739837526477 0.0352458428522305
-0.362085967923495 0.077276984055727
-0.424535571145014 0.119943643301572
-0.31845186693935 -0.0230542590732413
-0.39292072428711 0.0417081185961696
-0.398110852703935 0.20731588975503
-0.31529751525083 -0.253717591136734
-0.123887250720784 -0.404346886874084
-0.210770280837046 0.311003549564239
-0.463864568381965 0.141140981727894
-0.226293641118385 0.150405806243986
-0.533826276092989 0.198151694276882
0.340871393729234 -0.096846918821209
0.455279734552439 -0.141175307519596
-0.1714501052185 0.315693989314625
0.159800485890759 -0.449554841784862
-0.389664554174296 -0.330792616858071
0.35288722612011 0.489236475900043
-0.324268702035077 -0.00363267030278657
-0.283097776879504 0.0497260135941604
0.274623814630905 0.307942915607022
-0.0449998126085429 0.266766637805918
0.00963568653196201 0.165222042023165
-0.0315632958861906 -0.287889855859631
0.190620758492055 0.252696470573773
0.394788884777008 -0.234282473760851
-0.239484202961376 -0.0164764096794111
0.24367599777599 0.180720729818733
0.293910806039007 0.239074051736523
0.0103361143346916 -0.221620159771399
-0.0829481737335164 -0.0326069009465511
0.0324611799922533 -0.12025189278436
-0.237311254630508 0.0929337586760964
-0.417226278429959 0.0670438864495431
0.167225043802332 -0.0256134191991811
-0.252738995585467 0.0348742475475961
0.254906189269115 -0.101698495629268
0.190955839725669 -0.0665118817161127
0.249750520693743 -0.163137509678718
0.00157102933090493 -0.176612872866425
-0.190073716226466 0.110002331308576
0.170233475284567 -0.0870579124656331
-0.219832786569764 -0.275329726374632
-0.290609989421898 -0.0976309614966374
0.109337735660869 -0.282263459922754
-0.398294840595323 0.141169563756616
