-0.513023242527272 0.568630643623657
-0.497565895936191 0.472866911470677
-0.0775219086665275 -0.108260592689655
-0.78164254488127 0.451264388473141
-0.200359854554137 -0.128858832669595
-0.385942365284086 0.511014323054913
-0.364659217080232 0.450676074999198
-0.686508806582019 0.389672571698184
-0.361828553578371 -0.310633633417385
-0.0110634724977515 0.0837112266993864
-0.214946888614506 0.496444048726162
0.0301014966174551 -0.511392631382444
-0.408355380447663 -0.23813740768889
-0.0582673712361057 -0.535221499058992
0.300480548058793 -0.562627718414299
0.292857200347244 0.676858438578
0.45563821147719 -0.583070360625987
0.670520546703716 -0.274620087704075
-0.377079996283796 -0.00493839426728142
0.38922820805716 0.379713474839216
0.0682753754951823 -0.100710529640762
0.691686080452927 -0.370343801686023
0.821214269932749 0.285144099281244
0.271029775875596 -0.0400797038241784
0.8020685711929 -0.0872565858786018
0.289880054946098 -0.167244643210807
0.757912120060709 0.0629982055574098
0.413872634912453 0.159015101256583
0.816796854505476 -0.0657660525103228
0.795286086695711 -0.121468191508385
0.806580941961658 -0.190381459387223
0.805577447008684 0.0749374664305067
0.965066696235542 -0.12597650167207
0.464791638060928 0.0724201562033031
0.982085997218061 0.269191890374894
0.724280800790307 0.249332605407027
0.748330791613753 0.0809358083928907
0.526879496062418 0.184072605211391
0.962489453935354 -0.0889359394690909
0.671358116540692 -0.291378595880123
0.852147914147277 0.0421042814728525
0.198457005117148 -0.404980771775316
0.528495566778127 -0.306705204402104
0.472438914739873 -0.212276690621621
0.498223242476822 -0.258612391626403
0.438157694306394 -0.182741217350946
0.138645865739426 0.278994036490835
0.35627676433515 -0.172814349141356
0.451269097614969 0.0540834361598819
0.135304692122984 -0.101159311500241
0.0538049671034987 -0.306880998346181
0.0521034267706024 -0.0587550794503647
0.135797019882227 0.232170206164107
0.00775729622803541 0.256558189341297
-0.0855613524805005 -0.0201939365910854
-0.0362304156284391 0.0394622813816344
-0.214303711046499 -0.279502798617157
-0.0399260614537872 -0.150768387880308
-0.257636121527495 -0.0575802527121935
-0.149978901243594 -0.315232318699169
0.19464354948305 -0.10008919558992
-0.472887778464065 -0.180049275253851
0.133220352393481 0.083864588352989
-0.494694885264716 0.134884596736052
-0.143117169211924 -0.135743590643061
-0.446645218772692 0.179648563765903
-0.0224671244378586 -0.394298527239458
0.020460399014434 -0.270518099480716
-0.219519324423876 0.320387149323056
0.164257919081122 -0.434706186882335
-0.220479183026761 -0.503540368414661
0.282449585392303 -0.398930148781487
0.634606283805338 -0.00363954911598878
0.392098450381599 -0.440178511567084
0.615854827331872 0.0702929288287164
0.432167676113788 -0.390864126562898
0.475198501280169 0.0421700832750199
0.233379786943984 -0.317821240216252
0.133896379085852 -0.242393107371472
-0.432749672450962 0.298178031472773
-0.42807385509065 0.297239259315234
-0.0594901476498229 0.459765599661256
-0.0381455855723288 0.479850561677396
0.357444350027791 0.225802808702343
-0.256521653166751 -0.177332862420382
-0.304858952094211 -0.129098868739362
-0.921481442902977 0.0446890444019109
0.49172537989597 -0.131681560699355
-0.409301539090773 0.389772342480871
-0.179179812276277 0.813540586710906
-0.84806117917193 -0.497592909395419
0.383327406380908 0.16676367093149
-0.013434975752203 0.856357773597687
0.368887143654115 0.120217577082518
-0.92172384601164 0.275034437887975
0.423350863929707 0.107286953423918
-0.581892328825379 -0.561325636071177
0.372814945840261 -0.0173789170629853
-0.00104935135404128 0.549412690820693
0.211859911286936 -0.0116171363758112
-0.0669427954765408 -0.300732153395563
0.491328010366262 -0.0848915425108755
-0.0329834358725969 -0.20379266886268
0.313087272317241 0.00719210111010609
0.234464515599057 0.548281265167848
0.161898185217636 -0.0170715851544506
0.936061069803857 -0.0280611441615587
-0.499859846744768 -0.32572012088369
0.104178369741706 0.786255918968379
-0.0104806040368889 0.809653145551096
0.283811616532446 -0.49808691478572
0.687880421121702 0.496778404272031
-0.908945934090807 0.822836703683551
-0.365641427662813 -0.98426391457744
-0.197546073296452 1.1021527103468
-0.870055507275959 -0.358395335716776
-1.16945790479351 -0.143465546121482
-0.320205103757872 1.20970214349139
0.221067646017258 0.535663393692916
-1.49017652415176 0.803079741625051
-1.0743769194784 -0.496618977375597
-1.20218915066587 -0.515522252126793
0.639413175747234 0.340154212882769
0.597146058811562 0.301478322192804
-1.27662055299755 -0.9592341713202
-0.428000231636025 0.979471305177244
-0.0526986153479928 1.12798859855446
-0.979004133958328 -1.02440482628091
0.367816220729128 0.0783363979352553
-0.783558199310222 0.872016503776213
-1.33574931715548 0.0419540927692996
-0.48275547062171 -0.756115650822033
-0.791387751600808 0.558773321428667
0.0227044957916142 -0.663897677995518
-0.526310060954643 -0.306934080483902
0.31070572976898 -0.0774556801353652
-0.162541758578426 0.536575933063084
-0.779125346947402 0.0377424538910878
0.0718902661621976 0.252950058087014
-0.354398829810978 -0.0948183316751814
0.27713691489552 -0.433018526512294
-0.402667855047348 0.068684620531243
0.0231894003706069 -0.463049633014398
0.171294319954904 0.408747788315285
-0.277823605929839 0.0970055025633192
0.298934446039025 0.455937991132075
-0.224775294901797 -0.0649018437137108
-0.376434211770643 0.126387203085887
-0.455658169890055 0.0577673287750643
0.510109255735155 0.624055772226838
0.195456510283207 -0.897527596980973
-0.418071287056612 0.00832412722437939
1.47527381813723 -0.0449621336261115
0.336134466118271 0.807144858905117
0.253555411185928 -0.754418245856905
0.355440307001994 0.834172916346415
0.614717588512495 0.427652984843863
0.257352683594539 -0.752891987766348
0.48866752534668 0.49343328228256
-0.12876541139457 -0.170249263414554
0.608703199692657 0.386537714696331
0.593761696332453 0.459015988889721
0.0589834157399046 -0.024806486428372
0.517085725672948 0.552051643203203
1.03733501498594 0.369067469331618
0.859607536184809 0.178483116794106
0.653687568775496 -0.582931581341259
1.03614454320353 -0.453111185839804
0.394365320338239 0.44830778056625
0.974991545484908 -0.314619881773166
0.68354828953523 0.784711104103245
0.96414030292981 0.189082921413032
-0.300256960557662 0.560180034401396
-0.379158859856024 -0.612960776239164
1.18636973912033 -0.172392840930034
-0.196250579295594 0.915242702389667
0.297071438550314 -0.657528475256956
0.446355286886323 -0.986910862183538
0.96777576806529 0.135917259398024
-0.284916025512053 -0.757137076357465
0.841519424437206 0.101418299570311
0.671069285631595 0.00533668725292411
0.13316040976965 -0.768185596485437
0.54186920656423 -0.0221119158245783
0.377815603985956 -0.182310645310401
-0.30827742720553 -0.506508298276027
-0.720697555368673 0.545424300045543
-0.33019726240567 -0.745156094684619
-0.275544926149754 -0.576259896148278
-0.106101767288057 0.815979896051062
-0.612200974240675 -0.307130945542648
-0.528355960509813 -0.63246460821466
-1.03541344664981 0.522520299087632
0.134067788960955 0.251819394751775
-0.822729214375352 -0.237496573442864
-0.0360388925942424 0.331895386606012
0.303366442392342 -0.257825705527838
-0.696651104894009 -0.877496122226395
-1.51113775601042 0.389616240862579
-0.307361203451174 1.0993907839973
0.617412487189262 -0.121983563489944
0.373274911710093 0.145328189659769
-0.518519503621077 -0.95842823951121
0.517039108974294 -1.16867580266415
-0.429986232887968 -1.0546292988266
0.151333524363906 -0.0486785418816585
0.205130407453076 -1.34422511592458
0.489125334829477 1.26744527079607
-0.307607438412992 -1.02009508528082
0.91512575743834 0.552370588994515
-1.04180176947216 0.314984819169816
0.63067624439338 0.422407502595011
0.789194371098265 -0.99226200805159
0.742391359297545 -0.872827241859713
-0.81434893516677 0.188957808461526
-0.714405573530066 0.282043587331034
-0.211163210512539 -0.995939034581991
0.0875276676941114 0.871829485479101
0.0659034530572723 0.798102156479634
-0.200119276537785 -0.939562099535929
-0.573962229654271 0.033851106925536
0.684640324126441 -0.706521620160551
0.17786779958017 0.606967535151615
-0.170351593139361 -0.796028329106322
-0.106740585677835 -0.744154019663622
-0.508855891369723 0.0388672651971735
0.955787792501733 -0.0417724802637527
-0.100079337029533 0.590299380530863
-0.526834300853468 0.033406515514083
0.447214331063197 0.669963879760509
-0.460467429061057 -0.0245508030281902
-0.132389354411418 0.511192257643401
-0.10990822476129 0.516779984711175
-0.129870600717298 -0.493526504414519
-0.0224375572510279 0.370854697638005
-0.481829949553103 -0.0176434726698697
-0.189873935216472 0.439861488558761
0.275291595708204 -0.363435415808564
0.337259966031769 -0.359332295553026
-0.29177750706222 -0.044090887107786
-0.544895776372192 0.0619976528965184
0.315038467154171 -0.202614730039447
-0.395089699430504 -0.00214444091894802
0.231477477731993 -0.261937002895603
-0.0951883370559849 -0.349826728367804
-0.281073950957197 0.0381040437078817
-0.0875936794149188 0.251414181161037
-0.255054855141239 0.125245696279008
-0.0987216468410938 -0.310705925626604
0.222581983399716 0.292495883126869
-0.175128024049102 0.248096482303511
-0.0994146514655224 -0.186986049176816
-0.350888834835554 -0.042751013021054
-0.189439079971632 -0.114338550817541
-0.336777276622854 0.0684166542374785
-0.182167153115211 -0.0989458051291631
-0.137132027192731 0.0426363078794383
-0.190766893916805 -0.0309370054066767
-0.166887805722458 0.134495311715285
-0.24772041846011 -0.0296617743970868
-0.251483314602201 -0.0965477866705103
-0.404478345748521 -0.108546552925303
-0.380954812117345 0.166904769580697
-0.321055875863149 -0.0941688273545215
-0.292375434119295 0.263917141580541
-0.449171020048799 0.271435913825575
-0.288428329046382 0.423127121692336
0.047118376753733 -0.00951803382548764
-0.00437382071776061 -0.024584035263994
-0.414393147775706 -0.208344207724936
-0.0658724683382812 -0.242297441201505
-0.112005356150342 0.176873052752471
-0.195940045066539 -0.066935980386264
-0.050146904762426 -0.115252302584497
-0.299002553747035 0.0584216372279633
-0.0204713604618266 0.224966799599679
0.0675103709161955 0.052969412441454
-0.195875343871884 0.0930145079217353
-0.0461089033325177 -0.105198064609009
-0.0125680207106424 -0.00224460339260534
0.0456528636627239 0.0520248208714893
-0.141871972667032 0.0382247600310268
0.00609118485006479 0.0366408453523317
0.046680134739845 -0.0125006952190001
0.102123230427328 -0.0166624819658145
0.0473561303264371 0.00939727437326596
-0.073098160583892 0.0138064440694696
-0.0124807688492519 -0.00148266762976099
0.0929901092897054 0.0322296288290256
0.0472983963505161 -0.0695874213763827
-0.0447404472467838 0.0910370786085347
0.0381144016730781 0.0730960496812517
-0.00124849495135169 -0.108222273929625
-0.0982280185665791 0.0787661689435228
0.0656811458488006 0.0351203532278691
-0.114926708751528 0.0733978591128781
-0.0766657846325678 0.0342279030548206
0.13440055797423 0.0684333026991968
-0.16194475944945 -0.0836838451777704
-0.144147195483601 -0.0282552505267451
0.0243349092790965 0.203619080551299
0.185449188985125 0.098045927277718
0.156934200772975 -0.218858481973718
-0.00983994989523546 0.140152053427539
-0.318360973789052 0.0708875109485858
0.247720931590736 0.441810532400773
-0.0410882433777484 -0.375995650324461
-0.00579362705189666 0.268886393980462
-0.309616153158827 0.324692477705604
0.0497557321435244 0.455323584906083
-0.286563984877999 0.277340910167732
-0.26666714083313 0.171786580114098
0.0407343510439442 -0.498934162824776
-0.047374559506277 -0.557008206803394
-0.354004276488375 0.124186053361567
0.223376230023181 0.305873615240107
-0.560228659789895 -0.276033156304265
0.17960437256144 -0.408915266902344
-0.315733723997481 0.72736728173259
0.0433530974492538 -0.715122176787
-0.309615315351718 -0.20835928059744
-0.172669379065625 -0.728662253301206
-0.982638801926332 0.044649730852405
0.71534453175229 -0.298202905567663
-1.00454650337997 0.0895185194527516
0.31950200005036 -0.440886377516018
-0.757725082465185 -0.141817151645608
0.0179461929587414 0.931616217512192
-0.520304688526317 0.981655173628237
-0.0764160766353732 -0.834054732151842
0.787595137387707 0.568662423067097
1.17044518221342 0.0326345004860439
-0.994874578850105 -0.490425539916451
0.386724676618733 1.17966962159761
0.891342168898242 -0.539034826688349
0.000542909451454361 -1.0737166919719
0.417542163962184 1.25740597422632
-0.996399846006886 -0.629140610341787
0.75629284940105 -0.366691888987674
-0.0648731012109225 -1.02430578291564
-0.0702333775284047 -0.99961347135532
-1.21465815177803 0.627324703062323
-0.858258540101708 1.01425232262117
0.214911584619069 -0.181435338635442
-1.16720130163537 0.341549543981427
0.341601760136152 -0.0925297857863926
