-0.0584952897895941 1.10686586684916
-0.510620495394354 -1.13511435634903
-0.342460497362309 -1.09639698891221
-1.20007623115275 -0.0971355313233847
-0.249505242543861 -1.03008567439196
-1.0529163947201 -0.0418589004535628
-1.10735355331956 -0.0766990249083131
0.121429470073754 1.09180155782337
0.0590696310284174 1.24512987645178
-1.15265553548187 -0.235855161257656
0.165273135100453 1.27868008613113
-0.0304696942207253 -1.13965155036762
-0.939550975115839 0.78649930663171
-0.0523131331694695 -1.35479581494142
-0.794540059101882 -0.111103915966649
0.984424084801946 -1.23485551848375
0.431139161001354 1.09552220469741
0.00704529137501354 -1.11763840280506
-0.701267428490314 0.16990083435447
-0.914468866355683 0.0523116640160635
0.0192656158789963 -1.04442234421888
0.174371716628938 -0.924792473428559
-0.574539270357404 0.79420278024006
0.232119459497534 1.04059908375468
-0.211682072766807 -1.09946698464708
0.182060891267824 -0.724811784553485
-0.029398083538856 -0.998834081847449
-0.248133080466504 -0.866930868222723
-0.745407979449966 -0.330839485922815
0.821724017435205 -0.419485530343876
0.0743744594130226 0.668011338344354
-0.278831333271986 -0.812245994114892
-0.955526147393281 -0.0195535532551117
-0.966119175733801 0.0226368430388498
-0.261629063559798 -0.941383733435766
0.323565487435209 0.684431263181308
-0.762124985392444 0.426990028302418
-1.0347530795988 -0.0150273028003389
-0.277743969144615 0.982432660902658
-1.02076312899065 0.520538851095765
-0.869277010469217 0.464456772462465
-0.941042675882948 0.52035200370696
0.977803194384426 -0.604722533190261
0.400856806796855 -1.03864722279686
0.632797037146723 1.03994273859118
-0.664255229327182 0.551642000555551
-0.861379410350216 0.640244884127792
-0.870562788279734 0.647391651844372
0.17867171476416 0.934515221735081
-0.79518485417665 -0.267745272426794
0.29502244971654 1.05277357573018
-0.695092823925574 -0.0718970489876013
-0.608502135566401 -0.0714116295579782
0.26446985748084 -0.970884529192944
-0.61134737923494 -0.14781872378019
0.514833563995103 0.928170455095785
0.582197603668722 0.811782515237867
-0.576970874902778 -0.143369149555956
-0.387075812343497 -0.0417647645303351
0.176264455888764 -0.982062537294969
0.473828830655792 0.77216372743594
-0.528120854325324 -0.0957677727573122
-0.47505449454298 0.119208343816028
-0.499139293142152 0.633801245736523
-0.629247337769874 -0.135372391209052
0.077340447414836 -0.75657698011527
0.573549923217443 0.782655085812483
-0.745370833135531 -0.165982151831422
0.785835145591648 -0.366257392284938
0.0246945122676052 0.833641137834016
-0.775139469647598 0.0754972013576352
-0.683208601005974 0.448136920651828
-0.165242037178561 -0.849939925847433
0.109178649611607 -0.572187985553364
-0.0601213426914299 0.75684478041078
-0.916940890154309 -0.0974329129933169
-0.25903058854492 -0.624854625005885
-0.959700385986968 -0.0693492082928981
0.528100590976734 -0.197215358327873
-0.323835320360236 -0.875703966371312
0.70185846490327 -0.350690955884268
-0.773177448562793 0.209652952870193
-0.884387401915569 0.234444924031603
-0.868225224463514 0.367696509767104
0.82421971194363 -0.265877769876794
-0.0403104878382163 -0.869268814976491
-0.696792675723008 -0.327178763881318
0.526609332778584 1.02488513135324
-0.865096323304408 0.557658374111491
-0.468396973421627 -0.302804308486512
-0.461931062202113 0.717928594053654
-0.864756039340202 0.0727221132316692
0.470678793414686 0.430355673523311
-0.439194679638635 0.178971399956
0.303231402476275 -0.821214974676502
-0.322204168827349 0.519118613113358
1.09322594307333 -0.238845764369565
-0.442445932193418 0.517863133522089
-0.369414081471872 0.420065206827081
-0.572125298086168 -0.0531872305652509
-0.510656380616343 0.464603265010211
0.761150517594217 -0.184508247026475
0.482565329605199 0.721657381862366
0.486777653322883 -0.584742793369184
0.162854456141688 0.542534863938906
0.351034331166991 -0.502598535350034
-0.132312071521355 -0.699019534170813
-0.719760861583004 -0.0713383357756797
-0.6501250713125 0.0438849725993408
0.527498070008534 -0.339084826047231
0.0178539636539635 -0.488455666412588
0.258929473930023 0.435010420269448
-0.295956737821706 0.669594733062787
-0.1650241644216 -0.404328766289903
-0.376413201468418 -0.592984096517854
-1.00095615405639 0.0763915837583608
0.461006098124789 -0.0217851550685878
-0.568311673862061 -0.248993585530906
0.480894588902167 -0.673671290250047
-0.883070724112653 -0.524884973281006
0.0483014872660447 0.750363014349234
-0.11379697737121 0.71988842097682
-0.812366819077545 -0.634201263318192
0.117602060493837 0.878308965690667
0.234234650060161 0.164603080017104
-0.305663921670365 0.499161329010855
0.0668430957572054 0.77139583359066
-0.01517176746447 0.637218673390113
0.929976627308358 0.0840358068487999
-0.240514560514736 -0.238760165139109
0.622126038041634 -0.131838143283762
-0.381075257290268 0.317965002605666
0.470878059839408 -0.343260520327647
-0.372306072741725 0.102007172760716
0.120244890964091 -0.00431722824759045
-0.123225597748929 -0.161898974939999
-0.136808181838789 -0.194109758321267
-0.241579742110286 -0.090419579693241
-0.126098469537557 0.240544874421453
0.46009172059884 -0.515708598403849
0.235351047416239 -0.591182919295723
-0.0331841588214214 -0.536498595783578
-0.136373185070433 -0.0106574901206756
0.150278976341294 0.512040707979872
0.474081759499321 -0.049593183985152
-0.414324823994049 -0.078470389421522
-0.705857629369706 -0.112695821001596
0.258265333240845 -0.0591672282236485
-0.296418671321162 -0.490206482673538
0.0287981217890086 -0.231121705512061
-0.690835016878678 0.283736814963291
-0.184983815366088 -0.337971261553143
0.184714786314501 -0.00478659377369526
-0.22753339888305 -0.389087730150857
-0.176204672838632 -0.560630428949859
-1.01999321243431 -0.201210941410757
-0.316260370714532 -0.336856494379348
-0.293405336712951 0.649189887539864
-0.281911293954945 -0.581964410438896
-0.402890755672436 -0.641746529779961
-0.131505155416555 -0.403074951165274
-0.55746748389401 -0.763343526579481
-0.152058557157853 0.638622902514552
0.669581165208057 0.0645508037336508
-0.0879039082981584 0.552996782781642
0.542534005490086 0.0807646127727172
-0.149997482903267 0.755154051086988
-0.0562618106297675 0.879560564645362
-0.0926464616098457 -0.329319368348957
0.232748338250289 0.594683514948804
0.266767727745547 0.61454251238483
0.774898304696588 -0.0062952198949993
0.227578797817337 0.524564455498404
0.694563862796371 -0.0560462151448582
0.942265269096057 0.00935685198335187
0.221810359885901 -0.27694874540142
0.430663257622995 -0.430763489812571
0.674140687070764 -0.0998689673349973
0.379636010311923 -0.530591056135627
0.263354740322362 0.426363164471498
0.364578132746677 -0.200755957861174
0.331894016567883 0.326731480004355
0.409559873438742 -0.265040344426482
-0.0781117129321866 0.305631810032318
0.0952371059823554 -0.294971169912332
0.18106045874489 0.371783914363722
0.223533166115333 -0.156446434987831
0.374186708550901 0.0566598093578186
0.0590871218797078 0.33428728749249
-0.0281740632633388 0.2672738973267
0.057407495451504 -0.31953749339186
-0.181263448419457 -0.261028513580711
-0.0894861583212447 0.243420146303007
-0.207261842630289 0.267253870261211
-0.140273006401041 0.348367494706113
-0.24228719015837 0.284157947873014
0.0148451061636718 -0.0653378673254352
-0.532027995501173 0.0861536750616929
-0.0354815033681567 -0.322095547934749
-0.0435056854896569 0.541954686844148
0.161094274134075 0.0558395456007489
0.326472126684152 0.0755595407317262
-0.319959168296665 0.355081524865868
-0.31560147550258 -0.68267463367235
0.335822648621134 -0.329085442760336
0.493474524231761 0.054105009567187
0.058847882974093 -0.382741674751956
0.109983526104214 -0.16010157887233
0.528915345817321 -0.154863312146851
0.508917145188112 -0.236109697464414
-0.151488430858595 0.0553331285241092
0.278323554244129 0.36196625594833
-0.0571943367107435 -0.578662634207079
0.420698383573983 -0.140380631415034
0.523507927394449 -0.0566383770443827
0.66284286881671 -0.110945308384954
0.347896265059311 -0.391440415732355
0.824139987771081 0.257032721605866
0.407292193330766 -0.247888194284312
0.643254878364225 -0.029211564464603
0.555477911634531 0.026830860280072
0.33940239229952 0.253434796645934
0.392178582280489 0.075631116168375
0.26324235121684 -0.12518764610696
0.221656845037547 -0.124534995331936
0.323255412008711 0.0700226245708046
0.291366864488654 0.0317860776131707
0.225164200307956 0.136212506833945
0.0698252581878001 -0.176841380672029
0.174929183638573 -0.0314993142662101
0.124505924537582 0.0295282978455894
0.198088136987109 -0.0722756319272199
-0.0790877322804689 0.0116230853597464
0.01471216993387 0.030613608003572
-0.0742755558828514 -0.193902658083598
-0.286666415301721 0.0197532064907354
-0.322179447104224 0.100987051188296
-0.278356728808708 -0.171280913815407
0.104784988300733 0.238442687950931
0.196753685430706 -0.199395004733647
-0.0464574335255597 0.320850930999886
0.0496653602125882 0.452504755682103
0.0504646044451265 -0.365661226992202
0.436062244815304 -0.11494795264878
-0.276199982019071 0.0426671841124654
0.598234399135076 -0.209898182378753
-0.291489942439384 -0.0630778509989036
0.195936922622437 0.3300229104519
-0.0740586470592376 0.0299176100940741
0.329097565018831 0.292363224149606
0.314823470531792 -0.392104269387474
0.291928459479804 0.208473281970544
0.0959715494572484 -0.0574748054153705
0.144561481931689 0.10548822226522
0.415648294486787 0.201232156371267
0.417219966736526 -0.227340486401801
0.770676718160086 -0.0371277675897079
0.31462155287297 0.16911858044163
0.455651528838424 -0.344904286934723
0.839317675048247 -0.107484932294026
0.372850143195392 0.00977727324393404
0.662800544081608 0.185348020921613
0.542539559411282 0.112111626547727
0.323849923989614 0.039319848155693
0.498921617406731 0.00063874433775064
0.477145461515051 -0.0190684677343736
0.37865870419213 0.0532349467180824
0.577068245168827 0.114237037529341
0.360420532696145 0.00927786975953246
0.182406146868459 -0.0103052965674744
0.326362146485088 -0.176445298246908
0.154877864930582 -0.136197391437444
0.194923214252686 0.0471933622805516
0.0521153665784613 -0.0115386251775445
0.178422875720706 0.172486736519836
0.13040586449915 -0.2326116564577
0.0841851846514838 -0.0940612644713008
0.0841047149754424 0.0358244690969176
-0.0942064593373984 -0.0770944101877474
-0.0614804150009364 0.156355580788135
0.0966384057394912 -0.00482718875443477
-0.195819521596606 -0.142987338239907
-0.133954593456029 -0.156448081534122
-0.0624875868735712 -0.276401859120842
0.187731800465697 -0.00268458642735501
0.0516727943645512 0.393860308638068
0.0748798179791591 -0.0468643984607296
0.092542362802137 0.38791354086857
0.305752991199776 -0.124807254433178
0.195069136711017 -0.483137011930017
0.289818174850588 0.482801086490528
0.317365926876686 -0.226755405648666
-0.289711616391447 0.00128586785419249
0.106862168976047 -0.478739635736866
0.340807290155402 -0.132700027710549
0.353728674931923 -0.142412881091819
0.5289981025781 0.0333072192281558
0.0405629818146904 0.12058726599442
0.457070807442012 -0.109181918125107
0.148843584848387 -0.19439375149904
0.0271422184414773 -0.519936967929216
0.265055481056232 -0.119481330085596
0.023394189404798 0.0274608012089089
0.0964715727790894 0.0851736253776218
0.324807962676901 0.189743032874874
0.348071067461906 0.093274136859211
0.614946748630105 0.111300814900705
0.607902110814029 -0.0017235707029489
0.441646506087933 -0.257479809508438
0.357987397878229 -0.157140551765917
0.187940348275828 0.0611251035140839
0.425915937436906 0.211673420051538
0.373301573333956 -0.0215737849556633
0.0632885749701379 0.0804163132742579
0.0784926656084372 0.0255498763267629
0.196803985093883 -0.160792370794931
0.30015257246893 -0.171314745954739
0.0834631334480206 -0.200696656757179
0.0980663950756646 0.0209668525718064
0.00270059588288422 -0.27556507908584
0.320134119883869 0.0493193966984432
0.247157768734808 -0.00434846399176442
-0.173804588244669 -0.38240301673003
0.120596958946712 -0.0264441388750873
-0.118704956684265 0.297232150908952
0.261326975615208 -0.00989639398718711
0.3307622278041 -0.00524883401224625
-0.00077622275136011 0.378977661183568
-0.109939048865317 0.443079697384071
-0.116545840352447 0.389631218038751
-0.340081985314852 -0.576845769335606
0.71421201971347 -0.0311050581355779
-0.151728988383676 -0.514436174402851
0.451193349211156 0.561751917080543
0.0483421547300973 -0.191485398096823
0.448154783564374 0.160604518407824
0.0701845803845037 0.372270134975161
0.761848914700565 0.326840594309465
0.714031718444941 0.055400742620551
0.66758815174789 -0.173488720853599
0.504802825913495 0.296420707346577
0.265507521505969 -0.646389141373903
0.80325668691804 -0.172578419066013
0.337500664716486 0.367310241773355
0.601527969092937 -0.464276363065841
0.760057818542183 -0.513124019811285
0.83354864256568 -0.242994024701703
0.435482882303956 0.396588159040927
0.446362633968897 -0.552122531145076
0.833448090005543 0.569174945852581
0.442938139764234 -0.349254861765871
0.163672012806019 0.107552419647794
0.168721309150897 -0.143061256215988
0.321860286031661 0.315376830597428
0.396064066823859 -0.291871026501876
0.753856283488953 0.00244984992551212
0.112065993109727 0.241275523900811
0.0752126220592146 0.0523826000305458
0.278210103646223 -0.369101509113594
-0.068561190132423 0.125910716226148
0.261143495618632 0.407910409948995
-0.190789362049734 -0.0585860944856143
-0.12562047821514 0.233942199600152
0.179737575882697 0.264817608522432
0.141055418321931 0.400857292478561
-0.117615426326826 0.155680767525518
-0.435388103724069 -0.0362369373266266
-0.352584826276897 0.0702590574970843
0.367671392094034 -0.276854055437372
-0.332497894824206 -0.581882534134662
-0.124563552031391 0.324219166589554
-0.633921514758136 0.0638363050104734
-0.197433666085273 -0.483126181350089
-0.312044410908694 -0.726045030505285
-0.410945235346536 0.468418572650913
0.573601753461623 -0.145803700960874
-0.151881770479523 -0.6218814457978
-0.692656305903197 0.0746646617425359
-0.183107732358615 0.216159130688558
-0.377608652501866 -0.245968383668417
-0.265953190332305 0.25659613319013
0.55877311376805 -0.134566048226096
-0.565396527773107 0.0346490100365642
-0.620853890678078 0.0191444879517219
-0.171678896435849 0.509846117439905
-0.0926852410997854 -0.63117348379667
-0.0986744481342283 0.368840492849629
0.284931801245931 0.635558541452083
0.281294202353849 0.71935464001466
0.731278971583046 0.432148118913698
0.851099097974375 -0.290429134202842
-0.247569367499402 0.551407962771346
0.370318057743118 0.597170809712833
1.2858896225991 0.0634417346448012
0.94063532503511 -0.274543570093382
0.339019007444182 0.681936226049353
-0.291624023467294 -0.068194186281286
0.492531841102028 0.485624916560551
0.206060844226612 -0.547758994499784
-0.320899373888504 -0.0535910248279354
1.2441403822156 0.100314921449847
-0.100218285663809 0.173252073688004
-0.357303026997344 -0.315935940871762
1.12499315624568 0.0955143241751888
-0.356698559007079 0.163950482258983
0.532158992326126 -0.80220676759121
0.562260041093749 -0.317978605261978
0.191254985606164 -0.203322066207409
-0.0330077006615287 0.402326329135386
-0.251588424184754 0.146640087903033
-0.18826342259149 -0.183116248640927
0.168960971935306 0.188197319889037
0.343810342358786 0.50068764116405
0.0292310337443734 0.215447682873054
-0.436176411838917 0.302291807139707
-0.1579144072234 0.299529693663412
-0.304292325071748 0.32832749357156
0.100901857819598 -0.684335713505933
0.32013398829158 0.43104090983576
-0.0430715196266751 -0.59124660255213
-0.377824991733987 0.350050395435876
0.0246688315579902 0.583230968052248
0.0711693877706994 -0.570745683730607
-0.56862515448894 0.0941267184362622
-0.746705870065061 -0.0582838058201586
0.7498425029536 -0.373280857851276
0.170468432754523 0.654869444074749
-0.610996955497748 0.454525383293943
0.525846198068474 -0.739339073915149
0.0454590981690758 -0.840336067326549
0.197895971371766 0.799717649173507
0.95426377533228 -0.333078685373704
-0.714999761919137 0.529846274481068
-0.621358434953738 -0.182593841838907
0.205383505585038 -0.932475801009167
-0.397831708096474 -0.0419549399328692
-0.493281781866387 -0.101965504488751
-0.778072236241771 0.582169529463949
-0.722061080741676 -0.444817546139161
0.138930966819676 0.91588376967316
-0.0615095838679973 -0.751301697662485
-0.0696498497634795 1.01604058555417
-0.503420392915211 0.647027999470875
0.482269189336128 0.440544356309562
0.382562525612276 0.410402477475698
-0.950931350433152 0.0992580303849769
-0.00214320614568052 0.995703534069849
-0.311635344019319 -0.936818140746487
-0.348678467260013 -0.441121036231006
0.337425364614777 0.799583836159835
-0.0219597449181213 0.651794189444769
0.335478517825831 0.203877638371793
-0.855847917960748 -0.0892491701274397
0.194370315987229 -0.656050444345736
-0.699116645267148 0.101824219545374
0.174062208504766 -0.392935738919612
-0.668317610790786 -0.397393915848989
-0.54211757216486 0.0165945078274695
0.0143303144524047 -0.396218062101356
-0.638999964594582 -0.246211447169461
0.645235338136487 -0.320438457591987
0.273181904751011 0.49979156590033
-0.519088517885908 0.165839569180039
-0.555358424332644 0.303603768909362
-0.86771417793405 -0.174343308130568
0.549783035845093 -0.288949456035349
-0.573775727072922 0.305813134422718
-0.115022530669883 0.898458330005548
0.234613259979307 0.760608007542696
-0.088456415294898 0.947247619216381
0.905753640696703 0.113539485768987
0.379329498954465 -0.891216145369038
-0.0819591119859616 -0.825026515783958
-0.183768637297197 -0.908246112745789
-0.981913450484938 -0.260093666171979
-1.04383906994679 -0.14739517206906
0.0466269605013446 0.981328181320485
-0.866512987376486 -0.0343121324994924
0.738948754220653 -0.336606444862064
-0.777374962669802 0.299230153978763
-0.938524944096071 0.597311910938769
0.151620935228585 -0.540915455822012
-0.596260887228594 -0.127642711491763
-0.326963328745916 1.04543385080234
-0.592637322146727 0.239904330435287
-0.292068777470599 0.891101606748532
-0.648329711166732 -0.354731237399187
-0.211733737194776 0.876259028458269
-1.21060630406047 -0.232734724528003
-0.982424365919842 0.147440111424358
-0.138847797648188 0.676010676750171
-0.100296775164967 0.0272732833155946
-0.121506978937339 -0.937755255914486
-0.736394587273042 -0.529452181403084
-1.2181651201608 0.29884593400159
0.302267325776847 -0.513689498096223
0.172589539989905 -1.15487192530296
0.536879611985822 -0.455967596713719
0.904072563665269 0.482203877933026
-2.03038846306241 -0.198267014791295
1.02510087428932 0.467862016680368
-0.822948412537729 -1.82893363769956
0.976792463111641 0.344250839327316
-0.927776808872901 -1.13945128182851
