-0.325527896910118 0.20889174604666
-0.29621123560412 -0.14318166584807
-0.609971324163357 -0.0196952519466248
-0.321114927340487 -0.188181797932754
-0.346663731650977 0.0944673735941227
-0.306907463404045 -0.00994133676048873
-0.158671461619934 0.241122253142348
-0.339887740217943 0.132649649302193
-0.101157128027644 -0.190304065179385
-0.532740063318822 -0.0381669984360744
-0.0905778913828957 -0.192686968201405
-0.182856782463604 0.0663752806259518
-0.409629758428751 -0.0867929486606615
-0.251637499545771 0.236273178795728
-0.437528621868071 -0.0972275557933172
0.141797755145875 -0.447219982909981
-0.249375533660061 -0.0298534763317844
-0.5385708166455 0.039259681836469
-0.461438114320734 -0.00698515035404896
0.0747647362731589 0.4717398590885
0.39890056406615 -0.301021075535435
-0.343858001627468 -0.062460211786645
0.202087475345889 -0.467798577022674
-0.17050846401396 0.0619771485849637
-0.124863016752714 0.125799391605126
-0.190298786709205 -0.263225250912644
-0.133774462455336 0.246646973137607
-0.246905884991311 -0.000921927975986371
-0.113986845273376 -0.0648257713915095
0.0409541545985915 0.0208572197693778
0.131326060401921 -0.00180324395065714
-0.286050171860379 -0.0857151612614379
0.0106006468314327 -0.0652687472456108
0.0649500986154027 -0.174799733709807
-0.404857054339911 -0.00506016370886133
-0.369562907066594 0.0180230973025773
-0.437347941194178 0.0089023441296546
-0.337290195657715 -0.0687431943371485
-0.085779318787105 0.32966048583991
-0.303195631146654 0.0159398534008284
-0.292676241220073 -0.0985667135288079
0.0369321758952703 -0.54635779106829
-0.216948881205444 -0.0483577278389751
-0.172962498191346 -0.149759641773809
0.235503039939193 0.279353811591287
-0.0319845513324029 -0.317875319770939
0.158386404527084 -0.21323833539426
0.117525103023945 -0.0893781233958479
0.199266213315634 -0.0572058130202103
-0.400430675043944 0.0447905391048612
-0.179564635380607 0.137695877676584
0.126594307434346 -0.00963338184895294
-0.165382938143312 -0.308804026805035
-0.0391869196322024 -0.341562065388657
-0.344640217655872 0.22378550505886
0.24015941411154 0.000465011824957965
-9.91033722274187e-05 -0.346616843922479
-0.315165037982879 0.152814076418264
0.00753806840888302 -0.211705481308343
-0.0646135944002321 -0.17164066740017
0.375235057605496 0.0368286507104299
-0.112196852889798 -0.285122179306673
0.254517151554615 -0.0268337501834116
0.30360057438337 0.119564710884555
0.125239819768111 -0.171124544840088
0.189764513755316 0.335428894567812
0.295131585226403 0.0907307258446811
0.287600362913351 0.166453192562747
0.383149810509625 0.145766440227773
0.0665141458547043 -0.187795761263692
0.17901824759364 -0.040249257677412
0.307549182132058 -0.202284679654946
0.356394652574284 -0.108944608907836
0.154260741508903 0.000781980482335916
0.271296387566748 -0.238245634880819
0.294606770065118 -0.0506501883545919
0.242036158040897 0.107197247643441
0.180678510716159 0.249841664123577
0.16848553050035 0.165595373326213
0.362184691828912 0.340408796666154
0.17414016967354 -0.324826156526094
0.0607551066804893 0.32669383246622
-0.117806014299024 -0.0974105960763166
-0.0511242620817855 -0.152561059272853
-0.049568026188023 -0.0192503545637301
0.184498369032513 0.604970774189282
-0.0190298456216631 -0.501287458331353
-0.378469643971362 0.128338932513446
0.485734304725621 0.341969228114064
0.195021716491129 0.473053673193038
0.0156575864052389 -0.252051982837456
0.131677895421703 -0.53413194998918
-0.443727784628924 0.229652643563471
-0.103788835172264 -0.41544795873583
0.0745536382371832 -0.424485683093044
-0.325282064341911 0.421602490004598
-0.126766465802759 -0.526362755016766
-0.0455496776960372 -0.504366916320051
-0.435346125076157 0.450965976067545
0.138596432970798 0.0674504951154695
0.0979961506408668 0.067089608679165
-0.0988227723231397 0.271377116782876
0.0911965222586631 -0.197399899124351
0.14886166271396 0.217907248427007
0.0862738935095748 -0.329327390310803
-0.0568970799597575 -8.18619435866588e-05
0.477838007884662 -0.0059633241271358
-0.132807634145747 0.15813432415334
-0.0730338035502219 -0.103589872060743
0.157676681661503 0.0273939251233927
-0.156715155569367 0.0948315012172031
-0.0872351607327068 -0.120791079465042
0.0943652827913963 -0.110547765065813
-0.0756283366059112 -0.173255206988339
-0.0986556761474871 -0.105405150348553
0.117095460546504 -0.123865933666846
-0.0567619277434063 0.0704427090566096
-0.246315948512124 -0.0929315560643226
0.282377045537247 -0.156370757728816
0.150199400913226 0.106389414508863
-0.0340916564365561 -0.0417959554417256
-0.0648737156816882 0.0356640140085724
0.118165384035517 0.266024898431194
0.309781124734234 0.0960516179190249
0.2431787584906 0.216028151535383
0.488280170159547 0.294378929008792
0.127273381952666 0.195247752106055
0.296195168378087 0.0515129497041818
0.244392229187835 0.299542679568574
0.231994989847893 0.0729240385967704
0.519025982288199 0.00283128512533788
0.105331585985427 -0.177152908722236
0.219228699406136 -0.0169618108125102
0.22776143320922 0.00480109632029349
0.394053677978474 0.0598261629093155
0.389326832002871 -0.0844990295735011
0.300402041108204 0.0278678819203857
0.370830136772622 -0.0432873283790092
0.304527179019439 -0.10351512116472
0.217236683521493 -0.0733057605841034
0.387996179840405 0.136753785416513
0.392855077265639 0.117922529879597
0.507614888752095 0.0682039447049318
0.283380104726206 0.147791232588711
0.37658380615061 0.11654756298155
0.168603320676449 -0.0744549700342186
0.0922842698317742 -0.00222576765310778
0.0915587026385163 0.0247723573090328
0.0666337433428558 -0.0327170156422899
0.127784609568655 -0.0167258630487751
0.0203008085918416 0.0484952312702132
0.0375973647986246 -0.0927322694632774
0.027981958256634 -0.00311714702156817
0.0251369916933906 -0.102733616367254
-0.0196498609199421 0.121807025122522
0.0678546730007312 0.169108829785675
0.402587431090333 0.00105063610711125
0.0759516324031387 -0.274872461984851
0.133378137589712 -0.217439903623805
0.152135448254465 0.303115959150859
0.397450849637214 0.0544343612187295
0.390871469846974 -0.0252709098961041
0.192041157566576 -0.0661568964578472
0.096654420061722 0.148706563944282
0.2771171983701 0.00365945933607488
0.161873225966743 -0.054223295176322
-0.0152394131508542 0.0960264045763014
0.0467626943352277 -0.13816103908939
0.0487350365179456 0.170522033534433
-0.134942543144714 0.00985210816776954
0.226613955437636 -0.0214473951472026
0.202134211831678 -0.00444997529937396
0.588608688135882 0.0655643208682575
-0.0321103618088801 -0.0842978899404813
0.146841613655967 -0.102777307613877
0.483837398160467 -0.0414839513879779
0.45082460509345 0.165160470521108
-0.188238430193842 0.073329065794704
0.0918587295032821 -0.468920121984812
0.113287731606517 0.0360930792947315
-0.211040272188434 -0.11883771340183
0.395330007881661 -0.172098896130242
-0.116360910022503 -0.0488927105868978
0.0119571827270284 0.0918515001124786
-0.0898137153875466 0.053228172280678
-0.0217892768137426 0.298423092503752
0.0501710166694181 -0.155829940034922
-0.283066247126624 0.0465337182863857
-0.0580799685277126 0.116582093920983
-0.00318859963477371 -0.00208243131405063
0.22969588808749 -0.00638209243597601
0.117406924613389 -0.0406602323166889
0.0267385819574277 0.020178400893634
0.0429099314188436 -0.066093944969305
0.126570666535189 -0.122698261902314
0.0213364250084638 0.271760977213968
0.219156478439233 0.0458394033420592
0.0335097809020827 -0.0891860225075075
0.603947868456394 -0.0600666705784266
0.389178136966956 0.226547724691744
-0.0910014906569252 0.14094249100346
0.00367207002640713 0.413531708627447
0.143191592664299 0.249314434395659
0.101228860289411 -0.382193634790664
0.228562309064322 0.14726196142535
-0.0039884857510941 0.0119660228051832
0.0876612273212386 0.0795227698295035
0.232367980449697 0.0371725428296654
0.324990796692641 0.0774313747212816
0.390907656487306 -0.0476151903240976
0.221570174447251 0.125332439484172
0.20813947555964 -0.14882219769644
0.0289455589924159 0.217936337088639
0.0474849396060074 0.0831192374012973
0.320485667432549 -0.0359757169562108
0.114268004023285 0.0519214689108106
0.275705036657737 0.0174273948262574
0.421064185528944 -0.0661613469430239
0.279053146678182 -0.160853571874212
-0.0818464080120146 0.00894334286862548
0.158366992308972 0.235579633044398
-0.0638708852779996 0.0250193140113187
-0.220701132392392 0.0034087593856159
-0.0340816660362723 -0.272991958535427
0.0585420797738552 0.0908374414575666
0.113461344931252 -0.214358108647359
0.0959711971280635 -0.166884242503574
0.0508938630101102 -0.248952267839684
-0.122073582268713 -0.203579117437664
0.0916298633604199 0.103578318959592
-0.033402018748172 0.0137088755342465
-0.160020084010748 0.352231308013358
-0.368933809853925 0.201261329216904
-0.168582683382628 -0.213981046609959
0.272822872146404 0.0713389285371187
-0.1745940065419 -0.33474587681585
0.098955137268602 -0.31090934331882
0.32477355785482 0.0146783034035409
0.260666347164013 0.0234918545414564
-0.141112436415829 0.320539945602981
-0.232650087734859 0.361665473610356
0.426916437696142 0.0263019212383423
-0.409967755520272 0.0021763656532807
0.18886896968708 -0.302375227300315
0.268984168084918 -0.285649252891924
0.344426289245138 0.517254421196469
0.672468860079718 0.00221370001784825
0.603143144659582 -0.116926176903392
0.611801807232907 0.165937823931777
0.707695545202608 0.231247666861197
-0.14042425633196 0.155698327665347
0.0919827878116984 -0.275531834461258
-0.0992616091553352 0.690174084222053
0.279598619538989 0.548252685311687
0.0137707840938175 0.541093074508314
0.582436627549645 -0.121211507685971
-0.35123279825133 -0.376170877343297
-0.182648324510414 0.538914435598876
0.448707426299423 -0.450714284290975
-0.59865830115494 0.0276430320884628
0.33505091931991 0.161544209254185
-0.0261432500920161 0.460192513094335
0.287357913316651 -0.130039400618065
0.147775763406381 0.570055389511056
0.133611207135554 0.588016380823287
0.158017949326359 -0.671631692793006
-0.183504925721306 -0.6153104024354
-0.19213018960177 -0.485502070544266
0.641065328586437 0.0579263765013431
-0.091187084577772 0.586130578059024
0.321905598936299 -0.530699059787053
0.154808512535215 -0.4665785082927
0.157482886978287 0.592912866020729
0.163393226105599 0.458469936645668
0.0227904324823778 0.322347429023883
-0.141015166685914 0.208648248708534
-0.404356838331314 -0.0220625733649566
-0.107809352393259 0.29061636656846
0.161533140972101 0.420495250165002
-0.194122579502301 0.0456903371611807
-0.0366157684121903 0.00573508973356442
0.132985286330012 0.333271093172436
0.0552279194601632 0.0232997380292329
0.453398637455067 0.445592198444629
0.352457132364541 0.436175592545583
0.46917942688216 -0.307872985581589
0.470182874532712 0.12093676163567
0.737079513539563 0.0412102921233298
0.441707616228134 0.250887192531298
0.0214788583382181 0.0640704823453865
0.23555182036389 -0.0993151987409206
0.198414549751943 -0.235506562766672
0.293557345119187 -0.14096979361777
0.224020800165584 -0.190270390184093
0.517953146468907 0.0509523787394341
0.20515692353433 -0.130717995356278
0.0451080421001946 0.394102308346288
0.281531658982484 0.276537433564744
0.383059424063813 -0.225686225187362
0.380156125259906 -0.277522176936607
0.363383708568171 -0.142169599104969
0.435525331873708 0.0829747023071698
0.402327858118176 -0.0485257717515411
0.277631527294065 0.0255799661753411
0.457190893308145 0.00476720841106144
0.522466040344299 0.00780232701333248
0.409459358628438 -0.0922302883947963
0.429627125069924 -0.0308238130910101
0.410286512333938 -0.173475115602982
0.378145740768976 -0.227612031157537
0.250042233044388 -0.0547482457676068
0.35482249792352 0.144822793504665
0.364144251270327 0.119111912096483
0.268211513542536 0.0773570626445499
0.412764324580782 0.224912957908601
0.451040263341493 0.0119184023111175
0.254266905787973 0.244351647722225
0.488662110201847 -0.153124276064787
0.55380253197513 -0.0904465763142093
0.423158200701624 0.0924808451690316
0.581554642385407 0.0782977877525784
0.39732470911287 -0.117046057745189
0.559917777502231 0.0213827699419444
0.420821502042459 0.0729601268072723
0.549367584029564 0.0801847113139618
0.432017347653537 -0.156220124541773
0.31741043982557 0.289132377751431
0.579989125843686 0.0388781810849555
0.335883329590414 -0.226038454849571
0.375777224742283 0.3014703911799
0.43250337764141 0.332947270726017
0.135959625795258 -0.257195151452546
0.717349354967642 -0.0421142080733388
0.524401252359944 -0.00533091652179001
0.443224820970696 -0.22868413867757
0.606316168350777 0.144452100296089
-0.0697948233112737 0.45645467369532
0.25136423959921 -0.352186474779536
0.66198472786732 0.0492292180204383
-0.446931229297939 0.314262968213178
0.114147288942131 -0.5451717756383
-0.0524214427853857 -0.509656079533018
0.0437005412412541 -0.440026213383735
0.600663761176299 0.0872568784050499
-0.444115666364693 0.668440043794567
0.37376916075688 0.041616311834589
-0.504935992718147 -0.806807044725367
-0.75899237837001 0.481228748018177
0.454759788627725 0.136466896136516
0.516773395980167 0.166798344256555
-0.17399476904137 -0.755555524410678
-0.275931772742661 -0.666540835164528
0.623527462429258 0.310373648085137
-0.266972825623901 -0.873645698833112
-0.221652694744644 -0.884160824123869
0.781739975948453 0.207472818338293
-0.928072412862807 -0.727643290490926
-0.685679621668752 -1.18206963057368
0.847724905961415 0.421999315840938
-0.542121830538909 1.36147741256236
-1.51919639707249 -0.0841022104458067
0.0523089423475502 0.00762678843990694
0.116140329921754 1.22761874813854
0.251878449503065 1.19167062157575
0.064305293545626 1.29433062333538
0.0366816995574726 1.09747532721256
0.353542812863045 -0.711836923450562
1.2046432088657 -0.862978561710982
0.0633540324679177 1.09743411591245
1.2373055105278 -0.791523165381707
0.88908766308935 0.915756756394627
0.797245550112537 -0.885213684422881
-0.832257962940157 -0.0941971149766662
-0.859296803541077 0.143759674078079
-0.385515753508742 0.742880386631637
-0.243191949856514 -0.976874161524634
-0.716274873418581 -0.0250204429408432
0.229798046795144 -0.826054998439663
-0.252329238227719 -0.689693277676797
0.430942314836541 -0.454836241541289
0.225671953566853 -0.392351847141758
-0.820945107750928 -0.20113694388752
-0.38484869277945 0.0330595556628799
-0.397949270772097 0.241955884174212
-0.762345566839079 0.105509312450745
-0.702469271015258 -0.0456251636336134
-0.341268389024346 -0.337296391617874
-0.284196497404215 0.274493818481548
-0.315697340500235 0.364984043212795
-0.238906176221358 -0.250138279367138
0.239786845275597 0.0463343621853742
-0.0858286180079563 -0.126855445514608
-0.232457330318331 0.183553877763198
-0.18858275278863 -0.151498014026862
-0.472771335927517 0.0133266966363132
-0.0220610290665728 -0.0741003906156435
0.170262456337586 0.0745965637068788
-0.0301770272899621 0.126884886240912
-0.06559033268785 0.32256240272595
-0.465764805189156 0.10403518938143
0.347341600115018 0.00708070906375413
0.426130715111785 0.0020248203051148
0.349942200914677 0.0129284158014779
-0.58373965501409 0.022923792282965
0.332464138500862 -0.00582824967063755
0.235679732233098 -0.00106053588516532
-0.629591302253241 -0.0475865984336717
-0.610458818814726 0.0840885498192997
-0.405993543756225 0.350417514511519
-0.787039467663308 -0.207404151939655
-0.213168464012698 0.514641825099237
-0.132507250248256 -0.184203279394176
-0.625553441284555 0.312313285064307
-0.912263936301541 -0.40447730480576
-0.441999130258479 0.501383955200771
-0.472391321955637 0.539801325568747
-0.49972890755921 0.582892192067252
-0.538230780951001 -0.519022202767388
-0.887702904090518 0.354182647791085
-0.468172239614842 0.449968839040569
-0.517982251165213 -0.386562773826824
-0.391999978817987 0.614613486098187
-0.294257077847604 -0.610094237679201
0.219365129961448 0.24615470685199
-0.111505381520773 0.721635150486298
-1.11604061896461 -0.0170766590980354
0.810901702708312 0.0223348247392008
-0.649967728100501 0.295346087635555
0.369063336011046 0.410799944027407
-0.781373515948738 0.058757412702469
0.470201218926484 0.853395066910921
1.01391318399396 0.0558276082702581
1.07847904613261 0.0876426116496217
0.414777955321804 -0.426448190750327
0.36417159058658 0.366924653970074
-0.0973415200619142 0.205726309206104
0.297721322444361 -0.619270256019363
-0.241836700544303 -0.00874434132173323
0.714765617055344 0.522320409963571
0.857451689131912 -0.135028615271238
0.395251094875168 -0.502639854662027
0.124402864081653 -0.0498857417612389
0.481732342013348 -0.422307518145293
0.920116375480661 -0.227429202666447
0.711366811422377 0.256529004725954
0.353407259067496 -0.305272200963896
0.169017937270475 0.400322057597809
0.774197548907723 0.0244900205254395
0.56371832445393 0.542058878069343
1.0342724127231 0.069808150296565
0.137786887587727 -0.658183738304666
0.99888817520395 0.083641943592562
-0.41225840044736 0.00744422357816021
-0.162248723177101 -0.533484119999715
0.960721789522151 0.27408720803231
0.214550410821122 -0.342779766079566
0.757798058648509 -0.71708780924061
0.8049854246739 -0.73193777569755
0.808379035153657 -0.686300766251266
0.713242993127774 -0.395130635191714
0.216211035112406 -0.207524647141312
0.488797723238808 -0.772853916291467
-0.374771464380414 -0.395211515545166
0.817184953074923 -0.378353837374746
0.0578015177068867 -0.0219534886895587
1.43794122007287 0.117501801735807
0.307543684854779 0.715250806200362
0.809952872437482 -0.645516955820594
0.866126627221172 -0.552765428846412
0.689267265956441 0.656039819073803
0.755510126433805 0.537973463012211
0.0861434396723293 -0.682322012842266
-0.270844377983101 0.00452322423062993
0.681372601371968 0.539618738600785
-0.283893614021082 -0.0719845528374004
-0.343154081436221 0.0106842842128696
-0.181725165326008 -0.0117060311615567
0.317591571550702 -0.414179803258876
-0.52868733878889 -0.0183696763745601
0.0088832160897485 -0.392421933083845
0.092759529659696 -0.34073228728942
0.124032134750983 0.606587616132685
0.0515946113163572 -0.278537045043654
-0.21335762320459 0.294495269916376
-0.386832035111885 -0.26803858677097
-0.182428965932029 -0.677768082818207
-0.472663005940046 -0.712690938145691
0.247093997765607 -0.170374890124246
0.0286567758382731 0.785978262379237
-0.84368790805098 0.469799514267952
-0.281395882134683 0.725372968012659
0.155821710569669 0.131399410306753
0.142731433009495 -0.185510245795312
-1.13724261121377 0.304752436376836
0.120958130549856 -0.201136004331308
-1.04838417139576 0.764320185275261
-0.502230253753908 0.658260025948643
-0.575957745667738 -0.45546923608151
-0.526747214203277 -0.358559437367458
-0.59698445445832 0.361314050472222
-0.113495495999762 0.171517422629386
-0.424552076640674 0.487196033359907
-0.814019766254296 0.54685253118945
-0.475918998345691 -0.450393162832341
-0.532027255588745 -0.468544277389143
-0.617130958333564 -0.314109907747477
-0.725262439157847 -0.158158812466458
-0.301929630149747 0.0863901759902605
-0.731340223024147 -0.223442433422977
-0.859902043803346 0.349275948515716
-0.32803863065987 0.000826863327921968
-0.490877774603457 0.00461614561289437
-0.75578962820507 0.299504393051993
-0.47747040478613 -0.0115723678492195
-0.743469836931128 -0.258463202611932
-0.790847292875809 0.240620501345238
-0.936367853051906 0.231867914963784
-0.88547984215898 -0.124767135451638
-1.06527450629876 -0.0190581745204455
-0.994319556799153 -0.217436719435557
-1.14710368572429 -0.250411400358428
-0.934094949891066 0.130880161443403
-1.21102558495184 -0.333883730589313
-1.31399094744132 -0.0119142830080871
-1.02786362784843 -0.172253299980866
-0.973816568993462 -0.0703913866275879
-1.19283890174517 -0.0651769831127237
-0.9825246324674 0.16212177968753
-1.03219384214947 -0.0585334225480665
-1.01972849510347 -0.105185470914522
-1.31973602690921 -0.033973295483261
-1.0944385015198 -0.176558788648239
-1.3292232645434 0.0155782985575079
-1.1132975355671 -0.207168580040229
-0.796930954010359 0.00384625698633962
-1.08134142246159 -0.294016914542721
-1.391622657127 -0.333715678444715
-1.047838636906 -0.188106330776099
-0.754193762298945 0.012283278290133
-1.03887159327128 0.397582590588236
-1.42225636387072 0.147727622574178
-0.690268352231715 -0.0446462687392454
-1.00488821659328 -0.478160750678025
-1.35233638526504 -0.55243523002507
-1.51826876441692 0.158491303706483
-0.408928684412978 0.16802206379197
-1.01723790027093 -0.487637970644377
-1.59585504460631 0.146109176938462
-0.879089790784932 -0.735220550253334
-1.42182556176633 0.169680241855236
-0.742190252933412 -0.692983446145418
-0.874523963507004 0.619119251995965
-0.856916702504645 0.610111035312249
-1.21855950504299 0.391164970965427
-0.922849693283363 0.556504438085079
-1.08517699285276 0.8603303692362
-0.931422816150109 -0.255539635769773
-1.32862202217794 0.0116392536535028
-0.34344965653998 -0.356876130042697
-0.17769553229673 0.617409105808213
-1.05039940537824 -0.058263842146573
-0.935983850596951 0.812212191600208
-1.34500114981106 -0.180414873688361
-0.983792263350805 0.414981392430181
-0.99152758045191 0.266894149362759
-0.927224701417444 0.785636830178
-1.29492870827774 -0.0416590774728483
-0.270350694996596 0.618510517432032
-0.896904057332083 0.322450134323515
-1.33514765755651 0.071734185434905
-0.75756085275367 -0.728616238312279
-0.412790236083881 -0.600459888522501
-0.280208103575806 0.78992871981599
-0.522348186569871 0.229738349466289
-0.899764591792393 -0.20855613649882
0.0335328821859696 -0.506584195654821
-0.755874555489912 -0.846002862123466
-0.873310067545334 -0.47935352436933
0.166118359267248 0.630917865203329
-0.536498513230762 -0.778689132260334
-0.842559831858748 0.200763295862
-0.415046458673517 0.927607879661615
-1.12102813719362 0.0984063667612637
-0.595658378847053 0.00230810102116482
-0.697332446308367 -1.1229808724343
-0.130768103928385 -0.78848368867386
0.159987398196524 -1.06557562174721
-1.1720578894024 0.257657329687932
-0.278459860405021 1.15977454320389
0.920513552087164 -0.44812881782559
0.720640735432774 -0.653939733215261
-1.15888399882982 0.0584433512672743
0.166052739254652 0.902563101529172
1.20107874043093 -0.440779060238779
-0.05117038431871 1.21141860047359
0.0635588837829879 1.22409227676522
-0.098443969085376 -1.2955631502211
-0.738990689285347 1.30258849312303
0.147488528438688 1.26749854961651
-0.312654979896926 -1.39240976887671
-0.177024977533531 -1.499279976604
-0.261172567869662 0.568920593864186
-0.278161032879446 -0.464125196678336
0.410739750114644 -1.15377291463221
0.568532662281801 -1.03072018016089
0.601175906594057 -1.07873982467987
1.35730981415239 -0.268920221644878
0.477563077169307 -0.883604386536868
0.556294720246691 -0.879561063412136
0.748900962989973 -1.05615076987519
1.14383568254097 -0.0452920938803176
1.27205605447763 -0.0137578665309214
0.0950105469462357 -0.83141319272149
0.221937335884403 -0.766262723324343
0.896681386039506 0.1478734669937
-0.814135542753356 0.76952357547575
0.703469470353014 0.129733191314288
0.762770456989406 0.0812775844895269
-0.897615315375581 0.574240253852327
0.63802901232705 -0.0245444442165756
0.590606678202879 0.0379113417073259
-0.155481093119738 -0.665654561811865
-0.161071197064092 0.708062223881727
0.397607284043694 0.0208594748798064
-0.555111519575611 -0.631840602348332
0.275732184401954 0.00442003718327983
-0.126824618631372 -0.392608943450766
-0.688820638730588 0.0107325795854292
0.377224463095666 0.0757840401456901
0.213280143429689 -0.0361591332050411
0.163345738863502 -0.0342164528927945
0.164893755578976 0.0413423284801042
-0.0750255696586291 0.458754804834327
-0.353428563194226 0.0853695541886453
0.414007994864371 0.00828523891442853
0.330976733956091 -0.502036705617194
-0.638950693542211 -0.0270937772833806
-0.365440734127738 0.25700998434375
-0.205092643217465 0.500286166995321
0.257098428016762 0.736425623955182
-0.633390489201462 -0.299978329511232
-0.995094310412419 -0.0145526680495178
-0.957752706697635 -0.00149369886437568
0.51457438434657 0.977865138847559
-0.395618818969944 -0.968024576324033
-1.04490494432848 -0.0402016420911197
-0.447437202585139 0.844358995606447
1.06536535023458 -0.524272768268184
-0.070452586789471 -1.05169001467112
-0.516163562383421 0.984102246834311
-0.929826211137338 -0.0152126195141755
-0.888584942740331 0.0093359808400943
1.17049756412411 -0.823928974503411
0.875970309828631 -1.26416981947148
-0.979557544616549 0.0970601237703593
-0.792469366609074 -0.0823340392864795
0.092825523339146 -1.35907140941668
-0.176471423601788 -1.28561827388615
0.301715576888524 1.2822186066898
-0.784799510730644 0.347417889037207
-0.0369374466295733 0.0153236733220487
0.0158067829000036 1.27783047903179
0.84094475095983 0.438185194920336
-0.226553241511168 0.404718044967224
0.329009947444264 -0.950035145452684
-0.109604700014804 -1.07224008781537
0.743904510063406 0.933724213741116
0.0295156468640075 -0.861741609711248
-0.10690450739551 -0.0787813752212691
-0.0848445532758879 -0.884891864513211
0.209148544166867 0.839125900583713
1.14788512797469 0.0420034724155663
1.18967534783488 0.152932244526046
0.908892907954545 -0.369497602660219
0.138833395440172 0.732339877223706
-0.213004505967481 -0.0656520589338022
0.231990399169464 0.494734613313934
-0.004838227222751 0.0021998605760762
0.321361422505815 0.482426508999075
0.817768112514367 -0.195476309211404
0.557196322055647 -0.590027713699107
0.0502267305675236 -0.389455177583264
0.338890358191148 0.61700513993297
0.507312484615901 0.610241223700122
0.545322199420244 0.0317589978678444
0.776414596800167 -0.201876080405169
-0.23808963133182 0.0372736791740574
0.616927684642434 0.00422744236677278
0.62917289384076 -0.1772499575989
0.790620220695536 0.0687061437620709
0.443810650055419 -0.284447263215604
0.515359032575498 0.430555975667875
0.192447438702055 -0.450787457030941
0.0462017908180626 0.219253845615493
0.55625566976537 0.410859579831651
0.740241052974595 -0.255340116264492
0.847873633510721 0.601502550639197
0.943282457582495 0.636524863943006
0.955266692152121 0.606566111071765
0.731554660754953 0.49556832281229
0.274785054008006 -0.0227498269311694
0.907607020836004 0.345072278341598
0.254434923270836 0.0110235781502374
0.865042532132391 0.543370286572656
0.123000205413693 -0.151989924123376
1.19428405983057 0.754124578651614
1.4900066934503 -0.113306018654504
1.38955911958751 0.515387021543606
1.30020541153335 0.405911083410671
0.81129772692168 0.829077610654819
1.45725719735443 -0.451203850452447
1.45801973316988 -0.264708166039358
0.403280061979792 -0.226672233824677
0.751044965424696 0.859427892355676
0.674300376081456 -0.899028325381914
-0.54765308294658 0.0118614058040679
0.344064385997645 -0.568631668976981
1.40413968821152 0.439543254027583
-0.706311158551808 -0.0108140489136697
0.578020713187791 0.859968899432124
1.09666857277396 0.190483746415443
