0.0919860631434765 0.935891588946921
1.15916540495591 0.187199989706581
0.771097788664208 0.0733049837328315
0.999899053554686 0.0463724726370232
0.255286118046356 -0.491662616769251
0.602565401999626 0.231555194974109
-0.00592173000880899 -0.0399127959425884
0.658937907840998 -0.227721598946956
0.137202845556659 0.0687314505681418
0.797008491558005 -0.264294997647014
0.507107436093769 0.279176472706082
0.642544603706247 0.525420742702147
0.729197472272124 0.0896709669959859
0.491034274917981 -0.41321919526016
0.655651781990247 -0.311107564046978
0.308705308388753 -0.0167884265852553
-0.127899790002779 -0.40519296682861
0.639218220431669 -0.655015797561597
1.14940713315971 -0.665469535841499
0.589819634832587 -0.70750877486041
0.817593701237768 -0.20944041388177
0.483964041189191 0.210816303432503
1.21669156527792 -0.812797617425324
0.392443354771525 -0.947928497844249
0.234499971013522 0.712390968910166
-0.441794969403954 0.0345427185558586
-0.481158131317351 -0.0497522166347338
0.705952631325789 0.81439540084092
0.273298202166495 -0.685581123234617
-0.277994245390071 0.782030717092614
0.67040939365926 0.0789792494492301
0.0674507973066415 -0.43866378780023
-0.0161127910061479 -0.523876016636458
-0.234398221717387 -0.308077049919731
-0.0254840368973847 -0.188143728105922
-0.278423242146193 -0.118378882245421
-0.101060020438107 -0.487282140834471
-0.469297292800785 0.288399828430942
-0.736056900060654 0.237029013118175
-0.565497938008334 -0.264680118189484
-0.56889417688305 0.547708696438244
-0.0974405930115712 -0.176126860535842
-0.685166788640588 0.558667279183105
-0.323119587972953 -0.642750133137217
-0.632521512872042 -0.555562497209187
0.317909343702197 0.0319049420902487
-0.32463137779627 -0.565366407250335
-0.546654520359396 -0.77517551283345
-0.616151368663871 0.512018043170563
-0.303516793875131 0.866516997358485
0.350133609206189 0.162168564657404
0.200585486138174 0.530016173165253
0.0623227093071258 -0.789678775104373
-0.263073360796012 0.00265141595722634
0.877648086867463 0.448614112426761
-0.889935189397584 -0.201250465777446
-0.587330457592072 -0.411630825952295
-0.0469060461214549 -0.14929660848327
-0.364395655300174 -0.095789995643778
-0.112736283701361 -0.0419542107504915
-0.285741932463779 -0.166616113426434
-0.787853104015852 -0.122010145113121
-0.494521281102488 -0.153525305565372
-0.440902137373593 0.213668294168901
-0.658429470012071 -0.304123321027759
-0.583874447757604 -0.337185452641147
-0.888579165069859 0.168748983711547
-0.847082198414505 -0.136261304910113
-0.603583911304426 -0.361783309390656
-0.76468789639492 0.158344773643002
-0.345740381707877 -0.261072879472534
-0.801101432297593 -0.176437733030834
-0.536217963525219 0.0602548535266435
-0.330833019001364 -0.0829022190049067
-0.849251652111418 -0.156387105939432
-0.0929249292994988 0.0750557116187137
-0.648283342734502 0.105946515770448
-0.59625997166138 0.308620155142042
-0.29650280248631 0.842701327189954
0.133042869344853 -0.281222412229584
-0.898188612686692 -0.0987746519699211
-0.295200102006853 -0.761537872124803
-0.20843384650443 -0.654983231914757
0.018498068266152 0.0931616104181292
-0.371972559022755 0.44088035530577
-0.383176626545487 0.567772482555927
-0.256480729101537 -0.791178858368145
0.216975195474673 -0.148822670734102
0.345191814309328 0.653029484872955
-0.152768843203625 0.631808087227708
0.183112609372933 -0.501929883342416
0.450155118006916 -0.409185062721184
1.30815220156851 0.17875848053602
0.295856087924814 0.696331299949905
-0.0958009297061923 0.0631017975020542
0.868451551371178 0.0448269415046384
0.572235584567596 0.44424769940695
0.0130639321507664 -0.345893773160203
-0.543039315422054 -0.124033975502021
-0.400698366676962 0.381864340933009
0.279528664961748 0.0745841620907313
0.312473277654149 -0.0844671924390609
0.137776880999912 0.3596021483513
-0.205634897846216 -0.0510283745483208
0.141209105627039 0.182528927842199
-0.138191052144033 -0.0913135789668795
-0.0721192906935761 -0.307291932992735
-0.313767745647135 0.0529674092547743
-0.0848560275228837 -0.188567443654668
-0.0359508645019648 -0.0236197267611164
-0.139882611126945 -0.168427294317474
-0.0815425540840587 -0.0420678715926128
0.00614855692473813 0.234740954210146
0.27677677546047 -0.0667675031078199
0.190879303884164 0.0259401395870936
0.189952151149757 -0.0779829819092435
-0.0146118169229063 0.391211868499582
-0.235947967604968 0.408345688200049
0.0687845423699915 0.425049999904415
-0.00106819286662683 0.239511803119379
0.177245753827149 -0.0238658681248789
-0.479806359330246 0.518125977797585
0.266559989278501 0.759302409361866
0.420636845144571 -0.507699836023488
0.609798078274904 -8.00920660551397e-05
0.378604916780512 0.485865016554065
0.202950630467733 -0.393238870392532
0.171136266438733 0.230013623391307
0.525004436214607 0.0692475735580145
0.338902605806254 0.0533712761264312
0.38354146220793 -0.0849018588360655
0.194254289824244 -0.178284354064944
-0.363382634249728 0.494639748248573
-0.0881161660583305 0.575562884576008
0.750940119375145 -0.0748671529227797
-0.319702848817732 0.501371402470293
0.39297478941843 -0.633946847524519
0.378611577588033 -0.632032294630053
1.10476259833449 -0.0670882209376501
0.466277420688123 -0.780960286342437
0.261343011100331 0.764887652116253
0.616720735932782 -0.523042509713177
0.74684249188563 0.159405819664411
-0.148507567939828 0.946907522150204
-1.44850651389118 -0.218229267340347
-0.160664631099577 0.853812394597318
0.539540153895346 0.560137227384242
-0.504682743504961 -1.04530207922237
-0.425071694823841 -1.20364969721299
-0.686911203025526 -0.284694009874609
-0.124925240601602 -1.22551071709234
-0.433026643419811 0.839279684282007
0.13180555653791 0.722424143127398
-1.13905709038372 0.0990518693426814
0.827778281910481 0.177254128829753
0.491818784646787 0.40219924705953
-0.267358491294967 0.617052433447749
0.270794618752927 0.0947036903566031
-0.695949429379124 -0.388326618639828
-0.060713395949357 0.781701990036077
0.175122854466617 0.000619599255881902
0.00604577787483377 -0.372860098427354
-0.118019752408378 -0.537951462340923
0.341152726559657 0.490974205170912
-0.431510048616477 0.493205528624346
0.197984518664102 -0.692983643170609
-0.78509898532346 -0.421970912280435
-0.52189472394058 0.711015840418835
0.525247637758015 -0.62977343944981
-0.631693567880975 -0.26434250550311
-0.424977446586514 0.690470650839384
-0.514375343768555 0.804324427005701
-0.414288570742973 0.866415260289104
1.13877365021091 0.14907856613707
-0.87172546130808 -0.296626216581887
0.0100582718865799 1.25328240410042
0.370854394397423 0.962221628637807
0.207593768602179 -0.90702182217171
-0.656167489267866 0.0598347028447967
1.14053192355313 0.142026612154303
0.0578989390819926 0.522875462490762
-0.360698369990385 -0.330261675855778
-0.262666900888358 0.0859314070225773
0.540389843059397 -0.273866022649868
0.0381867339699447 -0.193455725645003
-0.126041889413887 0.0255745050959121
0.196237943199684 -0.122636912229062
0.428869603135806 0.163114379165543
-0.632024222580887 0.637586987765693
-0.516851837849849 -0.847697352822542
-0.418930817128838 -0.606062457551638
0.210959484031947 0.000236405056632081
-0.0686241311127367 -0.912684941375225
-0.282523095695076 -0.83666454473146
0.43616327804452 -0.0363186894200752
0.163505035918877 0.116662107686197
-0.612919138310318 -0.823592294758767
-1.08089287407613 -0.120298040761118
-0.782359166820599 0.342660252525753
-0.494150219831137 -0.0233616143752661
-0.994378234096125 -0.194250538527702
-0.230589483212129 0.0728904966354031
-1.07665384651417 -0.649382451654676
-0.707751497217822 0.131361325751884
-1.04924438457233 -0.0885012728956611
-0.0683476228241222 -0.704535884141454
-0.865073972209256 0.188186319356903
0.728700750620165 -0.442320751484156
-0.707102583395258 0.903670951187307
0.546377835867127 0.457468534124448
-0.736489358975066 -0.138290154477315
0.191117407161259 0.0746636766977219
0.392111433852742 0.084589119732946
-0.417318988459304 0.0482081626510128
0.26407193789617 0.501607513513633
0.17205109987151 0.29715183625744
0.495574377758827 0.110884120490786
0.397602183184416 -0.243710396780321
0.0818823873469691 -0.0351921913758521
0.659990437886188 0.244267691615239
0.454082145228468 0.669339232288594
0.610805623075173 0.588715179441106
0.423303811902858 -0.19730256443926
0.668764123740355 -0.124754361785886
0.377759768129785 0.112181847419953
0.63564322459744 -0.0488663594920323
0.625313218985626 0.119865781103125
0.801406059814152 0.209507618230639
0.901738470533615 0.128872420290055
0.71352835848992 0.187350505007866
0.618045732606568 -0.0571635054840797
0.280393661666957 0.22666419340988
0.495562969329504 0.317930871470699
0.650189317972545 0.0125890958311541
-0.00626194702359263 0.267485098466559
0.323671040079477 -0.243132485150013
0.509542724083545 -0.651544249596247
1.03034029880864 -0.00254366709048558
0.0690801267579016 -0.492562839790014
0.71725565510461 0.770350427817908
0.50353904098306 0.657303290574749
0.933380801985177 -0.356991326165445
0.738129884266743 -0.0451738433256459
-0.138839945316892 -0.0247269443535553
0.427985567479633 -0.652708216156406
0.226506073994937 -0.52555734975373
-0.418439036683702 -0.0695477329823517
-0.439897032261485 -0.225775964793159
-0.0604779117397562 -0.435668399923772
-0.610756631199664 -0.169892135728021
-0.550963616803102 0.177446926166929
-0.438065922994717 -0.0644934028344223
-0.0452654458838567 -0.0954804510707869
-0.0175732447998282 -0.066227720227422
-0.0634041932795487 -0.0148591133975364
0.0629857278982938 -0.123144150056228
-0.0883074189212415 -0.0652544631624696
0.478803978063176 0.0236283749684642
0.167995503366505 0.00108062684899158
0.121356610535142 0.0143585847475738
0.360661142826206 -0.233317044287515
0.48203098790564 0.10226736154894
0.337533635593967 0.107040552873458
0.546720352633289 -0.210970392190747
0.470901473756811 0.350167404269974
-0.0619448388138717 0.020183517713027
0.300780648778398 -0.333423115222885
-0.0561367829222296 -0.116148836719193
-0.180726736759802 0.425083369167061
-0.150576098071454 -0.31667985994761
0.0913337668722571 -0.494335616400577
-0.000389410807435288 -0.208838228785951
-0.737013335232907 -0.118672086127756
-0.0914380332174295 -0.26386354916381
-0.340414238188491 0.28304113609502
-0.602251245413382 0.150893347536339
-0.166366416643356 0.494869875397769
0.239159667004392 -0.477143496740108
-1.17219262982038 -0.221435362642774
-0.634132350663205 -0.70670295035746
-0.420416643932121 -0.486584628795149
-0.369139914822484 0.284480675375621
-0.69609356262264 0.464693392779034
-0.666832670289824 0.58756723495454
-0.347113352954175 -0.946392724277967
-0.374242251241289 -0.906894349878304
-0.148750995904388 1.20912938305268
-0.131243637139009 0.47664810680922
0.0321549244516402 -0.408480811332859
0.235071405245695 -0.269020285553592
0.496140327739734 0.0254545985718159
-0.492858451652208 1.03096318499522
-1.40311091639279 0.666646303282543
0.616642613379664 0.138828598596916
-0.639320579354594 1.19752852759178
0.255060354226524 -0.0043293230918135
0.213796535549604 -0.0158977824917789
