-0.963544937196946 -0.193093294764952
-0.617294905420472 0.846796710666412
-0.96087391104636 -0.476205527486476
0.0526649134207431 -0.794917568762331
0.0553802855694241 0.852613031861334
-1.23664334687539 0.091889110458505
-0.700770120879049 -0.974010145886562
-1.07767499758629 -0.509047349055561
-0.760966341476009 -1.02502763047126
-0.42725777147553 0.866497435712888
-0.521324347378814 1.03273326310938
-0.532846039837949 1.08870766655171
0.282934957036166 0.830881306483533
-1.10315000863653 -0.42833586852862
-1.35485384503152 0.389122653355129
-0.567712052906034 -1.06680646644206
-0.317179338111386 -0.86567102002974
-0.992856647621449 0.13186704230772
-1.35948418932527 -0.636753904310764
-1.45485959306433 0.507431608201754
-0.561516854787743 -1.14794393200009
-0.526571372471644 -1.13879453380706
-1.34684332866624 0.515127721223135
0.739367978903058 0.505951957950584
-0.293652790486482 -0.786107266355004
-1.61990934288875 0.213714128231924
0.108205812437648 -1.21305180315785
-0.472138375561593 1.04566160154053
-0.588121803969351 -1.01719824004844
-0.544322592342831 -1.02014973662304
-1.07581614625926 0.279967467581709
0.591583001405349 0.543594995004822
-1.12344166404707 -0.0477662330057161
-0.461775194087317 -0.930595378507284
-0.526171415697364 -0.904719629404915
0.804080800232112 -0.1273604139945
0.317703469536889 0.794510654684482
0.249298396733955 0.963519961047455
0.733772994824802 0.5582670037259
-0.867646584829411 -0.587958709414509
0.256012432923726 -1.0778511693368
-1.00401901619902 0.195025253926597
1.0633546294557 -0.131089504525831
-0.393097738446208 -1.00036035630117
-0.421118008194298 -1.02982095810365
-0.419965038601442 -1.010743870144
-0.951782691249223 -0.503833039728261
0.359706396461822 1.17840386473012
-0.25451325144502 0.980864641975963
-0.679446770331941 -0.605567316700858
-1.06316419640646 -0.48943793658856
-1.10166353457411 0.286323024460623
-0.501558400884077 -1.07317821867142
0.31354553830377 1.16389319587275
0.283260953987009 -1.23696518914654
0.537937762256566 0.834124341304377
-1.40810136255763 0.0386821575558231
-1.38574607086286 0.0476784479193393
-0.382355450208765 -1.07231093385249
0.73879512762259 1.02110662518975
-1.38298817686333 -0.0614481327897489
-0.674900751464765 1.36556010937284
0.703146204491563 1.06805370881113
-1.33424976012781 -0.612393836501633
-1.36118118273678 -0.0689177125641696
0.209150071042157 1.31932591920424
-0.397902048138679 -0.489015632740422
0.693112119990521 0.341514054233049
-1.35407123512269 -0.636046187084763
-0.802197877079083 1.319850910711
-0.435635485694055 1.04978234559322
-0.366471165516711 -1.05804036761388
-1.77891694095004 0.271029075880567
-0.00605436094890375 1.2896000808064
-0.511978770067291 1.05736439492928
-0.0487488490452747 -1.18855143807833
-0.999364538270311 0.456814228280303
-1.32707836398295 -0.43916804505543
0.311525925247388 0.57254108227983
0.0279171798628089 -1.16276856333139
-0.97940644808157 0.328035105194442
-0.492913959053911 -0.940199483180955
-1.59526150645004 0.229149095573434
-0.753372984537834 -1.10071985347794
-1.01471324358349 -0.201951086938778
-1.23871717692218 -0.580481723867175
-1.21253325032285 -0.610705826539453
-0.43290316537037 -0.974515591010207
-0.548026474599497 -0.491914497895992
-0.380482413554224 -1.01418083644456
-0.767188587269505 -0.754366202817976
-0.901156056872859 0.262229388967455
-0.414136497783132 -0.917574734537395
-0.619622028944205 -1.12945341102095
-0.0439821068974699 -0.748789039949656
0.249667813837746 -1.05421290766791
-1.07763919862505 0.345417697067299
-0.95270655942466 -0.0891764712195535
-0.954854388335882 -0.12142524026513
-0.235455140284513 -1.04213656499095
-0.754637857566172 -0.729268351574914
-1.12421103234819 0.351423910401641
0.674353952388022 0.785105894759332
-0.179520041878027 -1.03956271243886
-1.24451075458632 0.178804326822012
-1.09646602267477 -0.737403840237378
-0.532570593203931 -1.21672966606949
-0.546940879979394 -1.22399177024042
-0.595283306593282 -1.23150552201629
-0.940057370232717 0.265045078987782
-0.851685954580128 -0.278577875555107
0.350335223099014 -1.29150477297633
-0.772947343316079 -0.837697018494377
-1.22458386545799 -0.0706765957055814
-0.529640017150042 0.0223348073629227
-0.688637766076815 -1.21082190058099
-0.269951769724817 -1.06292820750879
-0.294791800377541 1.02832144312066
-0.594247292104596 1.23219134733221
0.207923390753342 -1.20828561411651
-0.582725297121144 1.22899340001612
0.978613706208001 -0.125827685655257
0.219412447214112 -1.13643148655572
-0.900666329383318 0.546208018162675
-0.757792258193592 0.461914852922934
-1.2339775437414 -0.550552965319695
0.686201541046424 0.282049642138526
-0.306726709419723 0.0298540291407203
-0.37081025715438 0.906986244364438
-0.407585224574718 0.0462825485415312
-0.731167438831658 -0.425596655710972
-0.312616024695309 -0.890067447484021
-1.19954070481574 -0.00473264918870352
-0.796546687901968 -0.314364312304528
-0.258139084370987 0.910438687254905
-1.03615627408102 0.477941118650637
-0.836338943543755 0.307661788030657
-0.932915916678919 -0.308675758718715
-0.763664424177506 0.261677853392884
-0.56559257197584 0.0870487692383362
-0.534638093463602 -1.1167182386394
-1.02565995211269 0.469451132662304
0.581626773928079 -0.780976470451437
-0.956029233209263 -0.609923359524871
-0.230369269002681 1.00575936909253
0.963660447726644 0.361211725767514
-0.00833043745389212 -0.983520333957173
0.0744613883487037 0.859670994305059
0.248972961587699 -0.762034324800444
-1.07487380221071 -0.710815473321179
0.425565270418681 -1.2121816535814
-0.132168562291505 1.04134543124258
-1.09491125440481 -0.665538713211144
0.412978837680689 -1.15469559622531
0.400132770654374 1.11590139038439
1.10211931387963 -0.1248711067264
-0.348342772028434 0.0449068564529554
-0.28312048113263 -0.00393888590983647
-0.491598282248401 1.1479810348107
1.01002299129831 -0.130100552350518
0.629206026546294 0.433287074892002
0.575656837285996 -0.527472797825733
0.71082086709414 0.362137575491901
-0.0894142215478614 0.879251343779694
-0.501370239027582 -1.11083946691898
-0.132093747878415 -1.00484135651519
1.24578513899919 -0.171486105356938
0.444431797749011 -0.589011419296598
1.1080981446105 0.21572172989378
-0.487895125949228 1.32392372188487
0.01756997165789 1.11203697899018
-1.05821443040056 -0.279619573507297
0.357028618870375 1.16949590187752
-0.15099662193481 1.01369643521449
-0.211367439051287 1.03371671339839
0.84237081561966 0.887669022120456
0.313181433248368 -1.2516715946402
-0.258837168407823 -1.00206164725352
-1.07373364975172 0.645960526927311
-1.28558663908884 -0.139581630515918
0.33608813130152 -1.31016127464603
0.964627844806501 0.486600771817887
-0.916363620276376 0.76393608995726
-0.925907672356037 0.816224973325428
-0.990363652940019 0.844161387423923
1.02792916520962 0.668877073471438
-1.25151258955892 0.796059541669668
-1.4050538661991 -0.209610713364631
-1.40568288940772 -0.750030687002088
-0.8180935622229 0.52656174433023
-0.236512314776419 1.22400886809002
-0.669818947912432 1.36112457174365
0.252073707189046 1.28048273067152
0.757296813988214 1.07366593135084
0.113462502000008 -1.25088951215911
0.0289412279623688 0.644245796484614
-0.373875055581192 -1.01285102240561
-1.61665459463692 0.223826140850937
0.474688087230231 0.383258870597447
-0.850436727045602 0.538866223227309
0.0776866318943057 -0.334885697285541
-1.19720197927648 -0.214140165758103
-0.342924197488315 0.809979086763638
-0.313485660773573 0.830907071139623
-0.605128795878249 -0.49228693608188
-1.05283684959199 -0.463084478359764
-0.234626999391767 0.834276444072674
-0.192847869792377 0.814483847962014
-0.183211480958338 0.864594952957782
-1.22407760408071 0.208960863488251
-0.574507832853791 1.00232623574698
0.867036870744712 -0.091949163832898
-0.698737040467814 0.290442712479957
-0.201257336223666 0.812459100359409
-0.222802170926077 0.839348715376231
0.725180977309902 0.232350894543561
0.54746986472313 0.468547388871112
-0.749616025927847 -0.116677290717895
-0.7455998401825 -0.227091122063298
-0.503961225448867 0.995444661874766
0.33938776886207 0.964080583388612
0.000991617942557792 -0.616654661469534
-0.943412907588758 -0.508536261643721
0.931565894820668 -0.101420275265688
0.941147974344701 -0.0985956646429816
0.753035383879987 0.408505204715415
0.826700709852205 0.69935004787875
-1.05922814153899 0.0628993233507609
-0.377942858624783 1.03594692750226
-0.687672932517677 -0.692657549535732
-0.768570130567815 -0.629937938070805
-0.888299196078736 0.11427757742356
0.38695273694273 -0.966320084899406
-0.893845987769379 0.173191273408123
-0.0255708847671065 -0.815197671938414
-0.304331776781454 1.05626206273817
-0.748023023953591 -0.47432993056822
-0.861643240648565 0.275926097951758
-0.14953204883428 0.953684918936045
0.0797160246156483 -0.658457862449237
-0.174671985595452 0.857103419351643
-0.631324855798199 0.173797593942791
-0.162165992003037 0.953464034114133
-0.879466715940717 0.407497125424374
-0.3421028887217 -0.969570006390809
-0.57524390821053 -0.197198818988889
-0.351100162478376 0.0374890355683739
-0.338416989918729 0.0135550537198398
-0.407826408533448 -0.94413353759832
0.757081428556575 0.462207419197684
-0.0540384541387008 0.845501646242611
-0.110494774874185 -0.924327493525781
-1.14291009788894 0.164464335033434
-0.971965429715464 -0.0878400890127302
0.339037388877352 -1.01166311266591
0.817330654407607 0.614600600716659
0.0300457171897796 -0.835351449407225
0.839110826094931 0.672314469026161
1.05636510501557 -0.12312968923032
-0.147640969560445 0.0228602717084033
0.616006311527171 -0.507553370014121
0.303950746538718 0.431638124161229
-0.403049796168135 -0.390478202925442
-0.911858380700366 0.128973388917748
-0.888429127824015 0.103251684872797
0.420412859427205 -0.442359643028023
-0.164932586500022 0.0143179363139648
-0.582363118005214 -0.0310154083547232
-0.125613558072 0.834765041754273
0.867749499324693 0.388993116719108
-0.523780418618818 -0.029955516944445
-0.286121282399487 -0.508205318926172
0.150379018032808 -0.696681476143045
-0.184777194317372 0.0284129160242222
0.321870558219461 0.50669731825818
0.15407980815346 -0.630878373257973
0.307277123520549 -0.497968818393298
0.044261981397668 -0.00921876211964995
0.713607073706026 0.383745990381944
-0.529001112634168 -0.481996123756151
0.435551953188038 0.268358436515176
0.12354584367589 0.0136635711280308
0.394153943917413 -0.298543419410674
-0.230274572269665 0.400710486055345
0.620611026062168 0.0546871058687157
0.253560037035839 0.757164489598361
0.407616740608353 0.217454950969219
-0.805008447389231 -0.421060332508707
-0.741918309952699 -0.295630042684597
-0.303527687718651 -0.555392755703418
-0.389626436498055 0.474423738699907
-0.415837128568467 0.474997553358056
-0.331897972078394 0.676524208594437
0.353862712560937 0.186639564990671
-0.252188726456791 -0.737723336679836
-0.267538761134225 -0.619737521315648
-0.858562203885895 -0.256202061815985
0.397763550773475 0.0465202081280924
-0.324172387546119 0.401364667774291
0.312307545934523 0.204172572759884
-0.493883720840163 -0.773712471633693
0.770792417448148 -0.104844569690303
0.683059909811147 0.0452806425820221
-0.0261959143900078 0.741237194982072
-0.869372409907307 -0.478273949087959
-0.459151767505998 0.43153418815575
0.696745851641622 0.130507925828865
0.265182445244103 0.96399670757947
-0.814676116846792 -0.165270541094798
-0.118739677198419 -0.795559978580928
-0.0850107819299541 0.749555608098684
0.536761418636347 0.312904950593953
0.177194823852732 -0.406234588204635
-0.834212989579287 -0.101126715646697
-0.591195704899669 -0.17912584517668
-0.232159502404999 0.0490758678757425
0.524406984036652 0.250476283074332
-0.162352983070663 0.759643848660383
-0.714813160665556 0.344424540181416
0.219046705906928 -0.788936186804411
-0.149889820905283 0.667695938275587
-0.710479304404176 -0.438388435799728
-0.539388244182723 0.147487517577906
-0.151922324516538 0.626316530896942
-0.174552230773771 0.597264595001545
-0.229911729537165 -0.6000643780001
-0.971833912072135 0.11882722189215
-0.657892116087949 -0.069406951170397
-0.306581770789348 0.674841956211448
-0.525861544790432 -0.639334520233924
-0.635283523103792 -0.0730383172321028
-0.711360948348522 -0.122627767230018
-0.442392515556866 0.656020847279753
0.0977510944495309 0.476086650213745
-1.00329610886898 0.0523336795435856
-1.01982532251937 0.223642260493992
-1.09485685974806 0.195407712589129
-1.04190937644267 0.219821298105934
-0.306872088621363 -0.687615912746227
-0.91831514877296 -0.0881516288374086
-0.612606190116101 0.695310108714173
-0.480674448818639 0.667082816464639
-0.924007851821931 0.284283166006857
-0.947881135595287 0.311078001344006
-1.07858692097114 -0.260205989970658
-0.880787547488362 0.328969525260235
-0.290785093900835 0.302090371945505
-1.03015346252462 -0.0700684210274951
-0.705398347196357 0.255868697601508
-0.663132040247635 -0.206794128979938
-0.719875252086121 0.346963570065016
-0.3879383763706 0.358686253680659
-0.290563082945497 0.388683681023521
-0.481637400250331 0.225203449555445
-0.456932157763734 0.240209972709095
-0.316383796278152 0.324580165038701
-0.742544275338786 -0.267499581932849
-0.394285138510065 0.419002562466038
-0.849489197168326 -0.113645778697013
-0.468916929603245 0.42188293919826
-0.493241909783691 0.512621609224855
-0.599102311646277 0.505914795397994
-0.620841658204852 0.532235929175067
-1.19658198469417 -0.124058968330935
-0.600212706140443 -0.641859638522515
-0.0504878953776702 0.0410485474383405
-0.247054993869064 0.0494835046495785
-0.721847321589745 -0.601031376799993
-1.25501399946498 -0.459629395413868
-1.19008881990925 -0.494803371826737
-1.18082365058132 -0.506315014935509
-0.926802745880093 0.942429296254718
-1.33676579023113 -0.329156544211537
-0.584387000904053 -0.823814823089836
-0.333303244768604 -0.22443639907546
-1.28679176898176 -0.0484849919900813
-1.18405203124171 -0.370147524620078
-0.771193982557842 0.061628586719717
-0.83826927857635 0.329391846140608
-0.219920916478691 -0.17990364743525
-0.360723971733435 0.74384228460385
-0.350591418256467 0.682618309052783
0.330511848005871 0.231765487089685
-0.684697158468537 -0.253241974023245
-0.0115565160854389 -0.395791104336484
-0.603088872412257 0.220634288521103
0.469614623468497 0.31294675026746
-0.685691066494267 -0.143451566063791
-0.7376708149646 0.209151417691804
-0.30629870979691 0.708608311281264
-1.05927585911572 0.189535714527311
-0.143203218471312 0.614903300781973
0.324512623500437 -0.62952675449487
-0.767618215865389 -0.0332945660543523
0.773907481502646 -0.137516462801547
-0.721271461555271 -0.394004138887405
-0.381804385353847 -0.812217060741962
-0.0240677566881718 -0.53478499307712
-0.698377445734474 0.174036647826788
-0.775086299872522 -0.49190368076746
0.317055792956946 -0.874747912827517
0.300894305779646 -0.818985677436725
0.0162586688309722 -0.640640098689991
-0.623684060380428 -0.452446893100378
-0.873831810605255 0.125919820641408
0.96785724205731 -0.142319859939919
-0.57973081581741 0.174489046150594
0.907664089663943 0.420251926568384
-0.0207720396317795 -0.819880200842479
0.883150480918585 0.277537100870873
-0.705863337431398 -0.541942806788273
0.188622563297692 -0.579427585731387
0.492818910393835 0.817068760142106
-0.51848475793207 -0.355523688012284
-0.75394655894667 -0.51462944875316
0.945244933627641 -0.114819921030741
-0.181614506361978 0.821146493773068
-0.601359649207649 0.352182834147435
-0.00393170262588477 -0.741697203107438
0.672102246519063 0.228774264706507
0.374047880036502 -0.822475480089553
-0.391965216694474 0.406009928060337
-0.36442660309994 0.240782721776485
0.579078852189333 0.282133097738772
-0.577697216931701 -0.0820391470766534
-0.289840812348535 -0.815722246373266
0.512790746107668 -0.380054656890771
-0.392699268939931 -0.725790175744593
0.662294343184389 -0.074257702194789
-0.402245485334198 0.812405711110791
-0.0471883565345776 0.611888777576489
-0.39259728173084 0.315785719926049
-0.4155818512734 0.225739393154543
-0.333415586119897 -0.647733187074034
-0.349627586762049 0.716244359714731
-0.470220502628106 -0.1872519477467
0.695591691214192 -0.114711381233778
-0.637672565210624 -0.0350472409110922
-0.263610685809432 0.0412066569955103
0.537107888616614 0.184602967105797
-0.578610377397966 -0.00382408212791946
0.00737474763626899 0.615340364302972
-0.55678122695773 0.0119416600822023
-0.480815144701548 -0.358232033712968
-0.0674392523914113 -0.600547665164091
-0.0671099249354866 0.65021569423462
-0.120411026623397 0.628342455686339
-0.573431136572185 0.077828770497724
0.307246907945091 -0.51315853806478
-0.195697901126205 0.659710501583457
0.345528046779341 -0.684979467928251
-0.00417285146816629 -0.520752313176512
-0.131409838794631 -0.704361745963027
-0.458845496307859 0.0136322561369046
-0.386700910887968 0.0558465249120074
0.429482532505617 -0.74326094167579
-0.490618342025628 0.0316587440820035
0.613712399328793 0.580703260956753
0.10272641485729 -0.687347225177387
-0.502872025918745 0.056489623616198
0.682285611073074 0.561216477547217
0.203229388038302 -0.739009828052316
0.106145060817274 0.793495675300323
0.193444510258057 -0.770491746711512
0.276706522991708 -0.748262048285136
0.261687619373548 -0.768936485970442
0.696803925609637 -0.895976089158926
0.743264097538422 -0.814823810643433
0.896359970287398 0.616469186793732
0.448403575468174 -0.685851012339734
-0.178503097737394 0.0863834452733371
1.38694653726442 -0.168559100146446
-0.183651049634123 -0.0294623799880401
0.00806413251512118 0.00966487978815109
1.09637747880744 0.133171312405831
0.509103761818367 0.564990113070344
0.5988045211956 -0.526197108568832
0.547316005589461 0.570803546346034
-0.00344548426607788 -0.0659541833050944
1.45345020136728 -0.160699239100808
0.778288091370296 -0.44038562132683
0.00998294338190267 -0.161491650971081
0.481265136286617 0.804767064975777
0.33341666672912 0.89048384673047
0.67870710050923 -0.605190096642108
0.924746366816678 -0.979444600593745
0.668426666106868 -0.572647293876447
1.1888851315452 0.346112661271097
0.740657305073423 -0.536968035039583
0.0706635710222523 1.07166198817424
-0.104987182445102 -0.987848007367117
0.98720989865277 -0.721444549473706
0.767486602560157 -1.12236632574508
-0.68467143945498 -0.195244517005425
-0.405253836317575 -0.339475590772133
-0.0611351022884105 -1.20835348790276
0.986069827945983 1.13793056233804
1.03383476254729 -0.893269671926207
0.537837392111031 -0.952486225443406
1.40663803526046 0.291865795594708
0.139422131670744 1.09377220367571
-0.523774185462455 0.139026822297444
1.59693667595671 -0.146634838343397
-0.34481564997427 0.0492732620236477
0.874188936582307 -0.947704054596393
0.931279957064041 0.907180874882883
0.459669567189138 -0.743528339149758
-0.200878005152631 -0.937936349908165
-0.530064516372752 0.0882806490566861
0.0393390119573905 0.92133747893008
1.03711119020207 0.48217562969976
-0.399570495332516 -0.778150833284423
0.64145576149036 -0.886393005115225
0.0227625581342575 0.832524188098372
0.103230794933138 0.78555962485775
0.942180869165527 0.322095239601657
-0.0237931773270687 0.829746863305219
-0.374301744692214 -0.496523305849705
0.0454094304872839 0.702172816280701
-0.369012409374086 0.0536342378636706
0.425180031002533 -0.66209482439055
0.0777904818489789 -0.580547762158221
-0.380992835619179 -0.446367314679186
-0.241837961007936 -0.000485588103857866
-0.528780502487852 0.0670964782448673
0.930213459523571 -0.0757789521087453
0.0273953228895432 -0.585500120726564
-0.407116381795401 -0.44697275868616
0.21016005318921 -0.351648826519304
-0.650814662055827 0.110718457119221
0.19742064034027 -0.275741335772248
0.0397109770276088 0.568153506432786
0.301671278768764 -0.297320307945731
0.328868340211167 0.678203600668536
0.248726620110912 0.30786508826171
0.0743947191604123 -0.587660251276411
0.0446630777055266 -0.59325472022264
-0.520536474491592 -0.29597038169588
0.628395975616623 0.0362169789154546
0.00991672997625865 -0.610873947142538
-0.168168863739004 0.503968504778199
-0.0885702114398663 -0.59517007975721
-0.251740955477721 0.346715976042054
-0.718308460401956 -0.316221677951603
-0.539437112470669 0.491834511928751
0.413497748350847 0.0868925328142476
0.032344564461205 -0.599614235681889
-0.037069612287342 0.00910243668322125
-0.59206778219657 -0.0903096954866409
0.403559822861175 0.103990875550075
-0.527083390526456 -0.144661020067455
-0.00771774241560073 -0.516277481432396
0.305524247172423 -0.301464483540594
0.106771662717658 0.324012780951821
-0.26367695633464 0.131691915261123
0.469404384821158 0.142910366663484
-0.351047149053755 0.152981753460018
-0.356511890292042 0.142564618756548
-0.349405994756667 -0.355678368680967
0.111376409846543 -0.285006900601685
0.356547385781641 0.189665263617227
-0.11805539870986 -0.201975226638101
-0.395125836079934 0.143967047889474
0.384125935852132 -0.434087887002041
0.0127837074977542 -0.419003965073628
0.313803702008553 0.416503892831176
-0.0317804423106091 0.465699260002257
-0.0826561390886388 -0.333853878065371
-0.33598837885446 0.0131856654966705
-0.29571614312206 -0.00520043251795253
-0.278361321311306 0.0769373518110651
0.243960818588277 -0.452713244638076
-0.327128107776432 -0.00486281444053054
0.0974289388913949 0.587422157366413
0.238223250656137 -0.399874461130205
-0.226863705435736 -0.0405339538344462
-0.0647386488731289 -0.481876611813447
-0.225857356973749 0.11973583999772
-0.0840164889551544 0.0208637905816206
0.0498670943678954 -0.51558592971119
0.493008822136892 0.542750175147959
0.264279246016911 -0.254873075101103
-0.045129955237698 -0.526726274987297
0.796063450253399 -0.10159598335652
-0.339408358397895 -0.427521586327638
-0.116757361660466 0.226095265403099
0.315198517940939 0.513048282074745
0.323786623889977 -0.235223150753729
0.609139576528529 0.15297049297935
0.494059757755988 -0.252589571142316
0.0554556381986962 0.30479728762213
0.301347849129451 0.568833533775014
0.557226424523359 0.0159278901820193
0.136748325784298 0.410955987255062
0.101901052413899 0.462936334548243
-0.6683567248896 0.0763770985464277
0.479038391631448 -0.0664550400909339
0.0364566212073314 -0.510371080406448
0.111364718045993 0.489638681749188
-0.085248745411548 0.348584845667927
-0.25890410188095 -0.475347776285995
-0.120325381760479 -0.386311861107932
-0.337863789900259 -0.450879079692172
-0.250911354143125 -0.549934975467286
-0.2227675498279 -0.495571747386827
0.0231579817513461 -0.444341563607503
-0.447643205183822 -0.250562374234387
0.391210235409755 -0.242546180356959
0.0873488968127145 0.379156579087447
-0.329253192668232 0.278897787305917
-0.292423498042577 -0.302290767668552
0.583374764965974 -0.0595997658131532
-0.0408344609059253 -0.0307649330071239
0.120378943084558 0.21655166239559
0.0759190584983525 -0.434158936902996
-0.13071620686599 0.119920728834816
-0.288781736098475 -0.00392646000586491
-0.244044856771149 -0.0530112442660747
0.188141416176465 -0.403329770959543
0.349818464745569 -0.458867895684565
0.383475611405135 -0.440753280609488
-0.303938202039472 0.028211989214434
-0.140175687424249 0.0137207464327509
-0.189945415049529 0.0113383534180115
0.559947550376304 0.207648658392282
0.0918881782918567 -0.381867096932578
0.232465857185502 -0.386964073161685
0.271220053076408 -0.438270668171547
-0.251966362365326 0.0325436163002658
0.0197773874504409 -0.00507174055539405
0.336218122740341 0.38054923714231
0.0878260194556509 -0.00550938789757426
-0.203906649282285 -0.0588376215307483
0.229291976338521 -0.232254538600387
0.536774323131392 0.344746491555426
0.322984563470051 -0.194047830042709
0.199079786694559 0.173055475924615
0.175359162160565 -0.40649244760886
0.231966658817199 -0.406435908965897
0.0248780231049436 0.133404882168145
0.535558751809199 0.27932748795605
0.688306501573585 -0.0948167439186855
0.388182543796501 0.150057567236326
0.123905264156086 -0.421779971326296
0.0881129257316407 0.187032702971636
0.12136962782918 0.329577442277749
0.458894055908169 0.00556293509341491
-0.197865429666297 0.307731697786693
0.259024329578872 0.310803294883704
0.268940771129762 0.133635286838101
0.0222824081652891 0.0980856109555671
-0.210390239245206 -0.153155825907736
-0.110765135007242 0.121635391993546
0.121185605818633 0.262187239544278
0.488354006893551 -0.0150554691737456
-0.20424892474995 0.17744059518906
0.346811463213477 0.145800142017841
0.130714575125392 0.244264452046967
0.068431538770656 0.228106807809309
0.0819884112158423 0.29759958941521
0.0419171977876952 -0.107927296518174
-0.134455255914306 0.0163361497956184
-0.0627125423592532 -0.0250844592020299
0.297404240817112 0.228147528825146
-0.107796256865006 0.0806786548935488
0.276701928137851 -0.297685375016734
-0.0379849600450272 -0.118826508928799
-0.0173215216294465 0.0589018160884923
0.165057490653179 0.209075237823981
0.0718243868982107 0.239689453545969
0.178558191176103 0.153999639525191
-0.0739261173156894 0.0100100774356974
0.0102401632202838 -0.072492694163762
0.252761213627584 -0.0168112144215092
0.0400305704595016 -0.00916171879691385
0.179477390506273 -0.0588206276622156
0.0269453916754315 -0.129428282112981
-0.0922689740295683 -0.0420763120114485
-0.0752926044070554 0.0861021468002468
0.059728437203109 -0.035704306466813
-0.0935517829389115 0.168086638119301
-0.115881713233047 0.143381357470653
-0.0516348561131257 0.105777770203567
0.0366344484326053 -0.0325564807577172
-0.179741014332705 -0.0147619197179564
-0.123765302180908 0.00693054364318515
-0.0707419874834375 -0.0302966901248077
-0.302922407743825 0.030304377585744
-0.09491220716814 0.15671864584572
-0.134358949620475 -0.0381336748847053
-0.0907781649865729 0.0267300625192548
-0.0593255501989434 -0.0270286783236561
-0.26892774507653 0.0490095847083974
-0.167388822075762 0.0766787866654436
-0.295024921542492 -0.000835485607763172
-0.341962789811577 -0.000742907050505738
-0.348659286375016 0.0928972015493968
-0.438581159863453 0.013590562336575
-0.318640098198658 0.0394262584027272
-0.506216847796429 0.0323078134880385
-0.131955849077999 -0.0757737751713936
-0.619326413057807 0.0952535062981254
-0.0604634073122179 -0.0269562178448134
-0.213247942612162 0.165461210511398
-0.187222663189095 0.166148334023797
-0.145441942476226 0.195223160353365
-0.31954485184428 0.242115594775373
-0.3894358343985 -0.110614920467059
-0.459583228496054 -0.0726528432926647
-0.28836663528329 0.377417630550411
-0.345317817206121 0.356083911487607
-0.155268382968502 0.167164978605636
-0.333565550924647 0.0662157694159425
-0.211356804669845 0.301583971854915
-0.506672844312899 0.15177747606484
-0.338706608847252 0.28437030271884
-0.359091536665114 -0.0676280321491148
-0.366655011334113 -0.120252619223942
-0.336019677011151 -0.0719077707223274
-0.291774776075887 -0.110938485311784
-0.210171891791426 0.33411310017957
-0.317243150601988 0.0515796856879415
-0.346648977410971 0.0271407948102742
-0.26926196550248 -0.129002488798777
-0.312395625211187 -0.00241729317709731
-0.0607576886566661 0.356985952776568
-0.150164558848504 -0.144678871661862
0.163112326816013 0.223986674711183
-0.368542878463934 -0.108470617448908
-0.27179498928193 0.0409111841982215
0.0125896438098888 0.190277370124546
-0.186057505418638 -0.0753451496132722
-0.233716118340787 -0.117068534895002
-0.566863341828722 0.152798768079729
-0.748962982409337 -0.00825242739977022
-0.491289518437303 -0.261942453236362
-0.400196975331831 0.386390793628949
-0.415282202516403 0.421059080585666
-0.754482382832824 0.221777550946338
-0.516046338700305 -0.260894615357059
-0.390638520756744 -0.0940458905015263
-0.523195721981703 -0.3154173711191
-0.533125738220711 -0.252581389436173
-0.508933064686585 -0.12730357090817
-0.185491908187552 0.267393996693687
-0.141175289137313 -0.422872671423162
-0.218501898752527 0.343146862816698
-0.570101569154879 0.606544804271535
-0.538262929348987 0.673489706448137
-0.897824759597254 0.100104746822001
0.412172060270428 -0.0514445496525754
-1.07076070054408 0.144579544549182
-0.513318400472159 -0.686421320570753
-0.942315673220881 0.152347614866294
-1.02245082289304 0.122054802272083
-0.799525811103934 -0.406386167103377
-1.02778235960576 0.255033800714012
-0.879399466266941 0.179899143065991
-0.113067561105163 -0.674036886960687
-0.963858454892417 0.000310899951736219
-0.942700913103921 -0.0354958838156905
-0.634374603689103 0.203556888219543
-0.138729957968438 0.730488952537948
-0.36572859333426 0.0502616686077876
-0.533086384267013 -0.255046652969407
-0.69376086288548 -0.0684508424033524
-0.319875216211665 -0.513302621640135
-0.205937243415696 0.692023271944925
0.689972924103736 0.28491890449045
0.388847450782003 -0.655795509899321
0.0232749649148589 -0.388371674296767
0.108589107646459 -0.590336420964463
-0.0784968074217015 -0.531750431284525
-0.31030444257576 -0.0101243082422206
0.740874158609825 0.479579203720412
0.886286471651842 0.342106648087148
-0.201194926503095 0.0194555760224979
0.848657771619488 0.514061410900737
1.05815295870501 0.217680751887567
1.3700125119075 -0.173511361512631
0.0796364403829991 0.925916172939554
-0.54606138697426 0.0857792540060964
0.263797658270882 -0.851303794740909
0.797065680980572 -0.939122538482163
1.17374180398421 0.349920779672038
0.97177978770355 0.772696769498029
1.24613288252246 0.336874023646748
1.196774709559 0.299077282616351
-0.134406889477679 -1.05354556080783
-0.585077871197 -0.00396176067317821
1.55332262348336 -0.154931356635671
1.20942044257341 0.503229500986371
1.00237284719358 -0.821396015153901
0.672911031602816 -0.674147443810036
0.487457230341037 -0.874353752332762
-0.308196488141443 -0.050213727065684
0.529072327020451 -0.765836342537376
1.25269023339607 0.188599726359928
0.654346454299256 -0.720552372016145
1.00498656639811 -0.830597098557835
0.685599924983951 -0.548065654882492
0.568284409567944 0.696363043944922
0.512094902196121 0.738273616043567
0.175746760441807 -0.0199619380090258
0.645502406375539 -0.669977534306832
1.24973265580354 0.295578199133922
0.517882429147089 0.66945553702445
0.573518313643232 0.739459557905796
0.535245315415206 0.614521283513697
1.04968303110895 0.261017902272216
0.437835004167603 0.596546881174599
0.289633398159984 0.168828679436948
0.407769014716266 -0.0418293299298752
0.128882208532153 0.656695466258369
0.65409392816299 -0.0413141861105631
0.582441954863007 -0.214172371323817
0.535192907788955 -0.264862680812486
0.916754843319187 -0.10159856424573
0.466984254149115 -0.226251437385294
0.756728450549578 0.142787877615644
0.388340702546463 -0.34608390738765
0.0800495920976118 -0.0710480240318535
0.421545055700655 -0.23814929233733
0.338413631788794 0.295387085305291
0.739142284559615 0.15821479556233
0.188792520787969 0.0028172219426228
0.540633124655098 -0.240280824043533
0.532219311051876 -0.242009330750341
0.291925431493125 -0.0547687545225646
0.349229419317189 0.0128295521539659
0.696700532071617 -0.0071406927042974
0.58573865181188 -0.251146372744613
0.449334387674558 -0.161710793464481
0.344274974642001 0.171854659169315
0.402313517474095 -0.185502475335975
0.596929166394256 -0.349015747910933
0.614934581456942 0.0580940283563465
0.732991472063894 -0.078518712863853
0.486373798830556 -0.393075175297958
0.408291319276856 -0.382791359682542
0.76184360606823 -0.0673708440329115
0.499191239123281 0.162087792200922
0.428831531493161 0.364904007936678
0.493076791225402 0.249367033029818
-0.016140911119263 -0.382212216751285
0.62378647655806 -0.0302244569219901
-0.0663735022895293 0.538685524012759
0.551836648615624 -0.0340092314098685
0.551343202235308 -0.0281510016512711
0.510320552855994 -0.071424468513397
0.506748558241324 0.0039692852703066
-0.535258674194933 -0.266809900422047
-0.419911197435513 -0.42518349426456
-0.609175468145053 -0.247109285918308
-0.0772366854989403 0.458192325005419
0.386071963940453 -0.090211005960344
-0.584639519823322 -0.163960321714773
-0.05695875009068 0.268605043398113
-0.126996923479511 -0.413426155748539
-0.138165443457184 0.387681882249175
-0.387080654392753 -0.361773706483476
-0.214493297816111 0.029756210861656
-0.560311121832396 -0.0198743558179197
0.114400859879608 0.0924796164237898
-0.214252026411862 0.328791707171975
0.218591647351742 -0.0227283240302847
-0.312344703700134 -0.13168949732199
-0.282180443626294 -0.206898524765583
-0.402909017209316 0.0356683067160343
-0.3189710986855 -0.0426698440358756
0.0337860912578655 -0.0152598467288054
0.0350696121161902 0.0385437746420971
-0.306340538922711 0.230728717644292
-0.383312958596366 0.0132809383621041
-0.49210407035646 -0.0162004231898638
-0.124592159801221 0.0632495578574696
-0.338239156237984 -0.173771196018359
-0.101998122434044 0.00252491387943293
-0.285523754452174 0.111037404024449
-0.705510023823875 0.0982527501883764
-0.251084472166146 0.177357225238842
-0.437884984321528 0.396793826334694
-0.427256250940913 0.359281604862685
-0.0954658939717032 -0.43285679654406
-0.00932122766249217 0.251333765596774
-0.421966729318542 -0.174535345734187
0.153759727370447 0.129983565359198
0.0223015969195413 0.243620601349619
-0.195327328850153 0.0319585977214289
0.212269701682534 -0.294636087955171
0.166643330541982 -0.362494769405942
0.00434148148329287 0.250279745753342
-0.0455368909040659 0.356077115002618
-0.297818731541057 0.0897098325501857
-0.0334290634312345 -0.173331498534568
0.0603187398654245 -0.257598665194884
-0.238691321038085 0.0315327856872957
0.618173983858304 -0.0782809504604345
0.304966110245047 0.24410402473508
0.0202551287138983 0.400732228780288
0.46780708435497 0.310848822887033
0.353352705127868 -0.356904814621137
0.206384688213602 0.25567676850137
-0.541638799144863 0.0722488496256182
0.278575123764616 -0.140649725337308
0.653560978882728 -0.0861268871831388
0.580182059256208 0.057120089756502
0.601022321482327 0.287939391767268
0.68201142939366 0.0612442165992629
0.152086587433123 0.164554861838366
0.459398344648394 -0.186659676490419
0.121333254610361 0.532946858671923
0.316808677570642 -0.251309366488599
-0.0769883763588021 -0.370920304710188
0.802423662420228 -0.0962369578484163
0.471830009201092 -0.497983915657682
-0.154376813200402 -0.00327039115445782
0.563713962078411 0.297972157573961
-0.0625574623980873 0.0214772210836736
0.232842639653687 0.467997708478203
0.539436495928324 0.450858780089684
-0.198622379819498 -0.0461221484647345
0.605959779911713 0.177163147582708
0.0456904703443982 -0.258890810135926
0.0913888620229047 0.360390564583252
-0.113109878987444 -0.0620304746717714
0.0033248976625818 -0.0222225690876395
0.50833185410817 0.146437608082672
-0.152118963979065 0.000206332993775498
0.165782559048758 -0.26017582477677
0.205600101318841 0.269519176596525
0.20965153565863 0.309054921750455
0.133410971918546 -0.25737389279491
-0.0165729169430227 0.0219144994696502
0.330943132378567 0.193640472432652
0.230530525680134 -0.176191734755202
0.152155923407279 -0.30895219021299
0.518508024091347 0.21692583459092
0.302485722768758 -0.188153577628291
0.363107688900645 -0.342562562355241
0.0638180514018356 0.400413125777957
0.328739609565289 0.307855246676068
0.403905809811511 -0.147936548082367
0.168014373717733 0.119658102042505
-0.0139545818071301 -0.175356769275212
0.379174238218038 -0.04203492187021
0.256953654746038 -0.369439091433559
0.159280406690485 0.306259853793834
0.137671873723434 0.220827054441793
0.22278098785804 0.220360667606172
0.338201534388075 -0.0310725125958669
0.318824385580088 -0.0544738809868704
0.176770001383325 0.205498357427528
0.207358796474196 0.200454465440657
0.262797006692975 -0.0477862836522613
0.128423124736703 -0.264087488755306
-0.012425533556015 -0.135811821094683
-0.0169854964075664 0.227238765595011
0.297263028479942 0.0317734316823465
0.230451029983775 -0.116777325878918
0.164097103309891 -0.022722345991409
0.225604086088873 -0.0536449209006362
0.00235607803223159 0.0684330467667032
0.127163805881398 -0.16783923084826
0.0969098956679356 -0.0868520747262494
0.107121470592111 0.0141488308381178
0.138213384325371 -0.122878930396809
0.135050158291176 -0.0922986185664052
0.124455143204188 0.12813968945213
0.114936090467525 -0.100231502881627
0.172036412442074 0.0781126990525505
0.217215601930323 0.136900075396398
0.147798373740066 -0.136128222803624
0.196231853577468 0.154085944932264
0.168900578117942 0.087785115845259
0.106370826136319 -0.18089861318514
-0.034988979244032 -0.0879264014217784
0.0972604732368515 0.0742006921265374
0.214202349314782 0.00677821607237543
0.000903166082010166 -0.210768140276848
-0.192329850353517 -0.158073273434853
-0.106204899835861 -0.153264478180096
-0.14892307100786 0.2617060673479
0.301428426185354 -0.0291919058566151
0.117619665215764 -0.266824706111692
-0.00774060731137637 -0.224691803045675
0.243957392265697 0.0598653548577296
0.0706259731424721 0.255155283978237
0.198065876999942 0.233758133688807
0.444378754095606 0.0559496782370987
0.373450701160593 -0.163924414932566
0.324355458871185 0.114689941375468
0.0818625923903194 0.00600078491061784
0.0657044304725315 -0.0272403318993884
0.0979867461382996 -0.0196425577626308
0.19039696490751 -0.011508337401863
0.171077047947725 0.0054069529507209
0.0292409094843743 -0.0417081283021373
0.521505727948961 -0.0651169721407601
0.179572747796143 -0.140369153479893
0.335198208621979 0.112754749049771
0.120037206006529 -0.190850277543556
0.391180556284178 -0.107463802760294
0.448146659481965 -0.09706259482707
0.0648310190798355 -0.118512107479226
0.243585439103563 0.101858896007821
0.108063290047893 0.260977817562832
0.485294197207451 -0.0710624709943672
0.273766800613226 0.135846615041125
0.357030576700382 -0.0308848328373436
0.00421046950723399 0.367377260956642
0.410139693244508 -0.0682181716427521
0.475543543055398 -0.0542210835575521
0.131657976398313 0.143471343876496
0.373677961159499 -0.0337935089240795
0.188751515444885 0.139207736643763
0.256461533631941 0.0786477566982084
0.192012998286452 -0.225389872016321
0.034683769221316 0.193614447424337
0.198763438908598 -0.189970348556316
0.15146401285432 -0.133674250589799
0.265420973608503 0.106675037199167
0.218054306586414 -0.00777791587190045
0.274451298011874 0.0188340927584546
0.162326720467807 -0.0984756801412746
0.151386061344144 -0.0348621078782039
0.204473956992994 -0.0795602589941677
0.330943469858159 0.0208156852578643
0.215194547416136 -0.0202987781959607
0.155831927120305 0.001363485810343
0.272698392803804 -0.0516229791242323
0.197519374706819 -0.106372741357278
0.199619075741459 -0.0347379099975863
0.201752369296325 -0.103535761181188
0.288947763475875 0.13145438529711
0.37681065887027 -0.0292386152550568
0.353267218808996 0.0671116302830619
0.394508741030512 -0.125668674297938
0.332660463565563 -0.0440562922116959
0.207337919209861 0.00245617274881219
0.198915481620743 -0.0236811434706664
0.384582745224039 -0.0415108419637574
0.362699876832393 0.0135224932373782
0.252373831214199 0.116589377226184
0.348169540052421 0.0269230704512118
0.332554061755662 -0.143190099532211
0.347713687123959 -0.094524289822961
0.379777795953752 0.0690349157050037
0.329016903832587 -0.17922088919628
0.336867277938374 -0.0253180496666291
0.357086477253065 0.0847961156887535
0.284970350206808 -0.11207538819816
0.228684437142425 0.203120237238
0.254681391322399 -0.13364760368966
0.31187830103576 0.181080883276826
0.507430448553 0.0474508979010021
0.136415195907339 -0.138029946248059
0.420892254828402 0.0914665885586104
0.322252210564227 0.19636050536948
0.417533438295137 0.00362823646324887
0.0447712286002886 0.141140687402058
0.342535552680076 -0.24405740614221
0.117610013438344 0.00172747630276737
0.0670487691131976 0.0744711730949744
0.265037242009701 -0.0793334397197211
0.192785624015029 0.0908905726930307
0.323119325509298 -0.0201357181996295
0.200341311659863 -0.112842102824545
0.147327320528703 -0.122617197701485
0.161399165029372 -0.0107421416412452
0.28124898619339 -0.0143616447015702
0.213160488417895 -0.000749582223158463
0.19088372771527 -0.0597082064744532
0.25658977852009 -0.0334665162136745
0.323121504731226 -0.0244035482736037
0.264736731244595 -0.0166408523658719
0.231300627545388 -0.0442211886033971
0.26418257921099 -0.0786971392410549
0.361235693071991 -0.0283348570694909
0.350974086863086 0.00781109067615757
0.313249182977724 -0.0102765867881244
0.389911242364961 -0.0585658965482313
0.411521334710115 -0.0478640836550514
0.401640085029433 -0.0330088484586375
0.400730904375952 -0.0130511848537689
0.395263648676597 -0.0745117807858849
0.436144257139638 0.0453331623335786
0.176604930537199 -0.0279217217486281
0.150346931763435 -0.0101283830945006
0.427698948126467 0.0635608694041578
0.145304564759486 -0.00962859761211936
0.115682148716187 0.0148532243204187
0.0987816064690821 0.0110091217824513
0.261123098470993 -0.146209713512715
0.195348124090569 -0.125836775662431
0.0658373169982788 -0.0594412944853637
-0.00656715218063823 0.0295408834773022
0.439584918774685 0.101394224038215
0.17429764140726 0.303025521281406
0.11175269655702 0.254502560708372
0.0459701759400226 -0.184695240017803
0.153567838778756 0.179882073721912
0.297464265274892 0.06335247031787
0.17463481153516 0.145173298720553
0.0434406000634007 0.0530632768829385
0.172798114426069 -0.0238209986528099
0.196170696678089 -0.130795544741747
0.186183061004739 -0.172618926775139
0.179958600165463 0.104602485284434
0.339697234948974 -0.00955983958186512
0.162312869264385 0.0497891637051889
0.141527474118183 -0.104927103611965
0.293547734971988 0.0426834610832054
0.38513237352314 -0.0691922648009086
0.420941612765173 -0.0308556294775816
0.32695909592393 0.0491684837420882
0.46755913341668 -0.0954885202920221
0.404034687890171 0.0651522028709415
0.384098759480558 0.048884711801363
0.371114478498641 -0.159939038059941
0.438878691618903 -0.0492370541513655
0.481267174284571 0.0389038571296659
0.514143707090284 0.0560064606933111
0.483955650904255 0.000262555547939869
0.304277495963095 -0.101456023517649
0.520399453096315 0.0165911708724137
0.288745905519987 0.00426991009531834
0.288839038191195 -0.0669534610042104
0.28148607434414 0.014670882114278
0.379815796553575 -0.187193454168589
0.249948785931659 -0.099408874847476
0.695327349133856 -0.228845233808543
0.368737607664469 -0.11500396117542
0.559385988087002 0.0820533404615506
0.376430272779729 -0.00599819072694745
0.664191359453536 -0.0679953703364445
0.38734595230995 -0.0403868632886814
0.40850779978632 -0.0194560313315937
0.460685365663667 0.108397165366589
0.30630683486908 -0.107571216026364
0.415760803045839 -0.209720774434979
0.472453615357269 0.127018453100745
0.306421931313713 0.0252175504725783
0.029668330614132 -0.000265522618995492
0.364463487762814 -0.278341593051539
0.415731440713002 -0.121934495087907
0.36101268981052 -0.238926103571878
0.0807310219023975 0.167075955562344
0.409545342952095 -0.339996715225925
0.360967082487046 0.111912121616313
0.361618985057329 -0.0738405205508184
0.335727958843127 -0.361363777395051
0.00885123398677345 0.139464626024671
0.410004821230362 -0.171472054393488
0.0412286655121704 0.322395256074319
0.337692396907925 -0.107781363634007
-0.109896316710769 -0.0484390388195308
0.0987609092000945 -0.213560132039133
-0.0274376561061911 0.0540121876709905
0.10871061556058 -0.185142697520191
0.0624412035736379 -0.187483020517856
0.000793799686069796 -0.124589564735487
0.164509807022847 0.0326158020123634
0.125682069549715 -0.23229913851829
-0.0546799201869172 -0.119017063615895
0.283420429195572 -0.0735346270374596
-0.196984469977692 0.0450413812096037
0.373278992656454 -0.0379424144566622
0.233933305023409 0.1383222363028
0.463063096847052 -0.0181197743461292
0.231435885478279 -0.223788906223419
0.133647185989979 0.240251871879739
0.27504176799617 -0.249966916515059
0.285108168852432 -0.339499707795054
0.140683293838739 -0.155465225462253
0.510938113093905 -0.0717484456101021
0.0664678391413655 -0.176352210444881
0.486092869449654 0.102918770730117
0.0241979165139196 -0.00866542966659704
0.611190313134163 -0.133808724181997
0.17780361998198 -0.189492089448393
-0.0940878050760337 0.0166810961092615
0.636374267913854 -0.083308582859785
0.277510039705426 0.194407691442201
0.0695489595125718 -0.189724289994958
0.0429883200963137 0.312526302970516
0.297391914419456 0.235191903190875
0.250418263488759 0.29490998530486
0.45989611749285 -0.0836920627586104
0.24681146443912 -0.36207120685089
0.198731685079792 0.19089682707331
0.025793471148124 0.349733106906403
0.431328960530464 -0.0887940547272364
-0.0379252765323855 -0.262462979927756
-0.189609422564251 -0.19406444269324
-0.19426845582859 -0.144770039324333
0.20993187866164 0.250047501424146
0.408575227321101 0.00950091548273808
-0.257099472572434 -0.113230295907732
-0.153248236050557 -0.283787725683581
0.103263880700116 -0.33858941867031
-0.217303136386537 0.297279345072045
-0.0746363308720631 0.328918829689985
0.0646994927260168 -0.270865220978049
0.302445844781485 0.00448840750233144
-0.111865102169295 0.314783094725508
0.304799476724799 -0.0433381218966974
0.38562366002152 -0.0447130575456007
0.308974477868026 0.0115928423424698
-0.0186971293487474 0.340486071712392
0.401180042878781 -0.0208681303976175
0.228188025803152 0.26430207833096
0.227572509488836 0.0875934411213951
0.320186881874299 0.299625788229693
0.16878765366794 0.344327615230291
0.583405850265241 -0.0172549228277379
0.422419479392346 0.195377165733366
0.231882610495191 0.374127315769849
0.311322959750252 0.340545589435514
0.566518874714558 0.0878664202382857
0.0264362167843741 0.25751171749797
0.608606100249314 -0.0604069845294636
0.328740898195121 -0.474141205097306
0.414967912078672 0.299142661728919
0.318664683671591 -0.365631034050412
0.438177838782555 0.210119759151989
0.349572948737286 -0.457375881590608
0.601182344466359 -0.0900079799210272
0.58022292627503 -0.069190433775845
0.567220860958269 -0.0874878426872905
0.20454301499703 -0.397529968024595
0.282804021604239 0.44554942719212
0.379712021424472 0.28856626039473
0.233837898671951 0.406067455799085
0.46766426660944 -0.0400337674163933
0.536741235236266 -0.0576951296751427
0.140993131989933 0.305319427236863
0.222431156054615 0.315747122534193
0.109664036601545 -0.477283148287098
-0.339331719458467 -0.239879542866724
0.0643401872719624 -0.47121022801753
-0.277137377392815 -0.443412413683095
0.42562651643765 0.0192393451886938
0.0422117412767323 -0.392204935086661
0.311607983264694 -0.0259970096683633
0.345021446829055 -0.086149684152259
-0.643915970228913 0.0852689005500041
-0.0552143506029533 -0.454040558152072
-0.192774022061546 -0.369081242483856
-0.0459936534771329 -0.513970913370404
-0.369834836131784 0.385288131294882
0.13289022626814 -0.0384917553615523
0.15610076543329 0.0170970806976005
-0.277888344434188 0.293292998192876
-0.316232155043837 -0.19401561843276
-0.282745754286191 0.412763457245442
-0.327541106094208 -0.303747875865622
-0.0773441264532444 0.194609555538556
0.277690846973221 -0.0243390886624666
-0.0407242258728303 0.297522106220493
0.0155628460220515 0.309061748606744
0.343348167131467 -0.0102805070355895
0.0655626630110226 -0.400982580052076
-0.520975952270427 0.016948970018514
0.428186802320733 -0.139356955325341
0.475005161818933 -0.128565732320548
0.389065104912256 0.286885384231882
0.176220455838341 -0.425589034240921
-0.393138240258261 0.0536609292683435
0.369838711026042 0.177755889569817
0.51799928312876 -0.228492883416103
-0.269082114325604 -0.177792651192489
0.641733753950971 -0.225785513324896
0.491310030263324 0.229945790291204
-0.504261647487123 0.0566099900485268
0.462180567287814 -0.023407552716857
-0.145451942465512 0.605292360311022
0.463158091458429 0.246960274210856
0.683626318793414 -0.121619573303201
0.290659302683358 0.565392590740595
0.407910651883187 0.394664749365976
0.350280445276294 0.36490592612434
0.395238086366323 0.489758530247785
0.768475359144781 -0.0555103979506119
0.875163055455975 -0.0827931977197366
0.778309392333844 -0.195972254639551
0.262193708604904 -0.777479446131074
0.550392218422761 0.497383237383734
0.477261237083193 0.495641309256869
0.656907441985658 -0.0783832256674877
0.224886333785886 0.562913021090827
0.331986454668921 0.396478561572993
0.394687309059986 0.320802509194018
0.377044949718343 0.368997880849933
0.550417623949795 -0.11784283726182
0.106202895806679 -0.554074600541616
0.0999181325438648 -0.514472108740319
0.567536671839022 -0.0586676034061045
0.510944816820515 -0.0195641092617949
0.0958293388220014 -0.552305593471122
0.0790983001193877 0.570880128185061
-0.01739214767159 0.444075500031817
-0.359088140922042 -0.358208740886298
0.329548340796876 -0.0223146108118257
0.103523473623517 0.425598665152949
-0.410351044924407 -0.438658988271322
-0.420351689733331 -0.435296198734613
0.356547461225291 -0.0631612956112194
-0.367475112045452 0.564233498138092
-0.118941883078836 0.474782889101174
-0.676281155562696 -0.241709371488199
-0.389715343319656 0.652746168629653
-0.419257508193449 -0.60217883290226
-0.0206023586648573 0.535218052369434
-0.00691404200525541 -0.687019975796876
0.520479146874112 -0.180896810115884
0.262590093847702 0.525302009366373
0.129917916248692 -0.633707985647752
-0.534719989806203 -0.267499877173111
-0.288702231847263 0.581420224695041
0.32882689873948 0.379356919921139
-0.413910449590082 -0.310092815379989
0.228700698307288 -0.542083997557005
-0.226149278120575 0.469797384618589
0.629780414148491 -0.0370343868241516
-0.15127907985597 0.443987537407295
0.353342100477929 -0.554619606557028
0.540619187985772 0.121107996465627
0.625759089288853 -0.0253144584118143
-0.0613493335997357 -0.395313865338462
0.285550939256035 0.355428604244136
-0.429131607301716 0.0354921733549217
0.141165718704584 0.469486473028627
0.0121836461612971 -0.404762091756454
0.00114196675148269 -0.337954981935338
0.00839480716321872 -0.341686067700365
0.215005515021008 0.189853904891474
0.0918381064484177 -0.0397304878897597
0.0645444770591703 0.245735970746106
0.105507847407856 -0.10684721919947
-0.153020923870769 -0.0494035066201855
-0.108268201760844 0.28329376169437
-0.0665632411881798 0.178586754727669
-0.101866627664047 0.170385028183118
0.0414318366434333 0.0245136392569805
-0.341724434508019 0.0732850002391615
-0.242253206184142 0.0905510746503032
-0.197217252286094 0.0989249511109827
-0.254774843594172 0.128861636300955
-0.117158571328858 0.03991361840795
-0.454156944887569 -0.0345756148238564
-0.303724240642477 0.188134456224842
-0.257151208971388 0.109143276463168
-0.73851557631886 0.106231230339655
-0.540151451497655 -0.115662070550937
-0.447401384757867 0.289751767982742
-0.438672614909119 0.36003889892323
-0.299495421955607 0.240929828657241
-0.456918708464287 -0.270968886700275
-0.105287556809579 0.262798574695353
-0.209062693397385 0.227161114006009
-0.207650645089493 0.221280345610412
-0.17328375643873 0.336396740106925
-0.066759500325381 0.279217836445432
-0.421408399215007 0.344073711162824
0.148634535418773 -0.010711880462512
-0.144405056944035 -0.398682055353599
-0.750166507522837 0.0886223408737211
0.130416008843168 -0.0483853602709639
-0.460248062369846 -0.121537166570517
-0.0670621495492833 0.32329285106096
0.246130234518699 -0.03495120022639
-0.0767692064977826 -0.454687123942293
-0.287917529482369 0.540576161144686
-0.149099940292543 -0.382490901877059
0.362268459510275 -0.193443309501722
0.445991120078633 0.00416879964741325
0.140396612391961 0.53643512491143
0.413126284241108 0.37950047138953
0.418686692500339 0.377024038896183
0.234012821900459 0.318499887116752
-0.213409060032066 -0.57945379163306
0.617947635960114 0.0481434904988075
0.319972675796984 0.546253354901505
-0.356969757040938 -0.414484454787575
0.378100809286031 -0.657925813335943
0.121715149533673 -0.608055213968216
0.454147377710018 -0.652506851895065
0.676642279255343 0.3131085844724
0.111080137814123 -0.291680276611835
-0.25690169474838 -0.397611067477592
-0.109970939725564 0.0896327317816617
-0.128382346897932 -0.120523253325613
0.120737274082644 0.488788360677171
0.494748504458198 -0.317058174003746
-0.229341956811776 0.161441679403307
0.77402276147676 -0.102168303696094
0.0986197351560652 -0.499033088738352
-0.524548364403805 -0.057841155494231
-0.202845279642538 0.0226967688312103
-0.17833894892373 0.739222637444516
-0.567844790264914 -0.0538979059068114
-0.214411905443968 0.0263809479238507
-0.42118170133582 -0.12929039050466
0.119478096534697 -0.474515344833122
0.952135845028541 -0.0893251439562091
0.773065045233665 0.228270975918682
-0.671482682219697 0.0232269342629212
-0.455619175016933 0.0822292882940863
0.505651385981044 0.478873215633207
-0.377360440737021 0.0611731310242652
0.0510818931606526 0.481276731022961
-0.258861806246268 0.734010680388696
-0.674316355859626 0.282029690376326
-0.0141769689118774 0.494186784610213
-0.237323088374023 -0.370934387713853
0.0911615368673896 -0.432743275803933
0.0682163176393836 -0.37987264347532
-0.759068571737115 0.0227272384082906
-0.348731286913619 0.806614007648818
-0.119349715410483 0.747527682962025
-0.478864687025273 -0.286021696151507
-0.0619573519715697 0.767953847919261
-0.0937386287458737 0.703943958032627
-0.659546444983164 0.411285790731253
-0.43948287069151 0.258710100785226
0.5110734597291 0.195298004978786
-0.944645484212972 0.128092395111056
-0.418210602837755 -0.703367123213683
0.0759431461111456 0.0126059848415413
0.393944917159041 0.129878396359837
-0.150061004570245 -0.52536296166218
-0.1535664197396 -0.534162162757712
-0.346288164265997 -0.303004534512229
0.542826103950071 0.181412971356499
-0.854541692636696 0.112978911520266
-0.306266462108358 0.823265035091527
-0.162402175208809 -0.664037828403383
-0.0358706306969696 0.782020424367499
0.0157592824886259 0.738093000089041
-0.657865362880565 -0.0354257121127469
-0.408198057722668 -0.223123964749885
-0.524877913560425 0.269072766229194
-0.189658798356392 0.038011831597575
1.03684222955541 0.438915914538049
0.42761709908515 -0.817248367305598
-0.704695979970287 -0.0273793456837474
0.946653949992479 0.549077413164973
0.0180046566117179 -0.8420100559766
0.303001077784183 -0.742507819750951
0.0608586882669348 0.859177239243462
0.0702177311247393 0.757156915018192
-0.210665457232001 0.8645246886624
0.696525213016258 0.461705270111701
-0.275174934151294 -0.270290302063421
-0.0345022960107242 0.646392425297215
-0.0366339538240999 0.58633540026973
-0.278901360278616 -0.609548017517146
-0.568981389384828 -0.106926574743258
-0.548597626482032 -0.1060409718159
0.249793661788104 -0.160297301262905
-0.25462278454255 -0.2464436606715
0.0136211938766048 0.559562273735871
0.0105642680299364 0.543261044777047
0.353911676083555 -0.315286637167673
0.646624682943707 0.201345533943954
-0.521263922726935 -0.201556006728637
0.79240393957016 0.117751180613287
-0.663518572006503 -0.0967669186335787
0.10025609038455 -0.777369224830736
0.499001401538989 -0.628822746781017
-0.220473502946969 -0.377800419030623
0.149165215014171 0.00127967078333694
0.064042716776777 0.00177544845876057
0.592481813645502 -0.507435556668564
-0.679818489412849 0.51529201893731
0.0440952605835878 0.958854524525247
-1.1087930389462 0.143674664160463
0.0960924590586307 1.09517689899462
1.20434574083663 0.350642964500991
-0.300911510534585 1.33121593904028
0.699563407107941 -0.509965412694691
-0.985047603450905 -0.858378476634589
0.737879737810312 -0.449145541436004
-0.950930629174222 -0.734105711993301
0.124447974398532 -0.947973153547534
-0.812239192409485 -0.180654278524693
0.599962830899655 -1.07633681763154
0.624624441802117 -0.439808563515677
0.607107482570713 -1.02269516313706
0.208223841512222 0.825839522993518
0.746216411929556 0.85412257018165
-0.655298376841304 0.0942237973396517
-0.379094024393739 0.365807846872238
1.40463422128636 -0.172125632065041
1.41286829813488 -0.229691620362203
1.23358303956909 0.365099456089693
-0.0851555734244666 0.284907967115095
0.801399995246414 0.513349758928965
0.381818974123722 -0.980677976994413
0.633352467150896 0.853169709948107
-0.694524186407171 0.095089722026349
0.254257911172157 -1.14124493761997
0.312058185207911 -0.016933666042419
-0.44957531240669 0.564629628087272
0.953102328468309 -0.474406816067459
-0.025694576395142 0.607460841655193
0.922569143880874 -0.376536239794847
1.54812519124323 -0.169441992605233
0.458748190516585 -0.0454551754997257
1.20040930121231 0.621553827944298
1.15601109045355 0.563122546473526
-0.963988754367599 0.158613065941056
-0.851667459363279 -0.679995695398257
1.0564366837482 0.161253649112752
1.01365522991825 0.483138648905779
0.264489796837078 -0.911370677183299
-0.678071018652809 -0.215286721912561
-0.467604052680905 0.561568762280231
0.595977707247369 0.878433169174043
-0.445204138477227 -0.409028482945481
0.841070076203369 -0.443326296680176
0.951353720008094 0.0281784765060427
0.985053529657327 0.395690006113698
0.881155662702522 -0.404326547180896
0.219383513781484 -0.729370218767618
0.904036637360256 0.0286727637258161
-0.337268406910633 0.499518916113635
0.012808235911773 -0.517797580085404
1.04110812204199 -0.0967875434472321
0.985629654723363 -0.116886108292151
0.858028600386173 -0.286072956803668
0.334380599749663 -0.740767049965302
0.746226941533087 0.152991738461918
0.109687903589845 -0.609836976202886
0.96739756043787 0.41089943534922
-0.430942150315311 -0.514068517329181
-0.184002289984895 0.968762985301541
1.16595816005713 -0.152197671507896
0.523982621759695 0.951512237136428
0.301812374931586 0.828602010238537
0.304067857953787 -0.824322802796045
0.603237254240817 0.650537550468143
0.674656743185048 0.525671640529021
0.604787960453599 0.554634184861675
0.288173054760825 0.873771680733247
0.941402570216057 -0.158984232659548
0.257024986274223 0.8521851328448
0.906965395068987 0.651211177294313
0.249328064220457 0.858607554397986
0.80731389088296 -0.0976208266266983
0.845778895198088 -0.160385639381414
-0.400533808230039 1.06466188730657
0.243650790648391 -0.967319159136096
0.230030840472735 -1.01517212332146
0.823546984459246 -0.147199005412059
-0.561005629025193 -0.836361223131619
-0.430865897491887 1.12867589064398
0.871923072412455 -0.133461281716931
0.168104206525256 0.981720388964642
1.0381033757566 -0.0132189263559724
0.787347560198199 0.736460965495944
0.375292603513911 1.12534247281817
0.137337049851173 -1.06908409483446
1.00729953087152 -0.00246996860964816
0.819179781791423 -0.224730286630654
0.36852559421005 1.20162164577325
-1.39962309845908 0.19995922122451
0.545806186995138 -0.0738828796663717
-0.561347525670848 1.33096307134832
0.0667171508903317 -1.19838634266764
0.141914620732061 1.10969202693494
0.153171115933508 1.17905141067695
-0.605572529545292 1.36528076758752
0.674966194422785 0.930421280347131
-1.5265732763635 0.199347908436034
1.07312477869036 0.0377556040457111
-0.73371717176633 -1.33706049291119
-0.109616683875477 1.22358113689047
-0.0705783988121012 -1.2017619100934
-0.268946678515609 -0.942218392143071
-0.0639778986026776 1.17326328374232
-0.0377624669360461 1.05525795999895
0.35435305036407 1.29795868362574
-1.42501342530014 0.18032410114061
-1.1474366389892 -0.69507860253055
-0.412665224138316 1.17886049050725
0.565899218872785 -0.382209554040935
-0.470324663717118 -0.526196834224031
-0.00333975585910666 0.982723304245475
-0.0700462427600683 -0.94260541488373
0.478135588065 1.03032043549597
-0.403152162458265 -0.980900974936454
-0.213735110166048 -0.852892388058099
-0.0647129529251889 -0.813997945112562
0.687169985584415 0.588148827990463
0.395463373283205 0.937254913312306
-0.357337491520285 -0.973142688883087
1.03244049116049 -0.166104942191508
-0.774278041892025 -0.102041232761215
-0.0817277292730646 0.814397883964108
-0.0865477611569371 -0.85648566458146
0.287729336051671 -0.906457541014282
-0.423911070765856 0.38191557015926
-0.426192807730308 0.964535300151388
-0.336043476763413 0.430876186702273
-0.37961168199306 -0.813605461312048
-0.102251192358628 -0.719710303375861
-0.375363937229363 0.37996117255253
0.20406435829685 0.84959125578668
-0.172003754377059 -0.749687528222164
-0.642221671152367 -0.854911966737242
-0.602948831098735 -0.849560741464789
0.372254082136863 -0.193771945737762
0.549871734338552 0.0993884942559792
0.356567193784143 0.682113411152436
-0.167852942964629 0.679948525171652
-0.663788781143167 0.622436593002252
-0.615859245525851 0.557477945062742
-0.413130524245602 0.387943787178715
-1.01454239626496 0.152444144894072
-0.768248882469984 -0.258305589971164
0.40175839959028 -0.386542931867256
-0.138898137760551 0.636120042801286
-0.532203753485337 -0.680505245016213
-0.361008106629641 -0.551527732580821
-0.53596768959555 -0.051965058282984
0.100405628331824 0.608837098685434
-0.000476577371202668 0.373161028304819
-0.146855897095496 0.558166788321002
-0.158643871535137 0.564510756422208
-0.194353067200704 -0.327696719282646
0.506295284477948 -0.0860957330287917
0.317479130347178 -0.397184781951559
-0.10004059204813 0.540134481117144
-0.151874458409616 -0.359570166985535
0.524274165869524 -0.0461603034977411
-0.0487764054082672 -0.476342679499594
-0.220148786866655 0.630643697568493
-0.457975889938099 -0.0338158651529477
0.520322347688743 -0.0216123932321885
-0.198581477947982 0.0949211432575704
0.419028119290083 0.0374586585386416
0.205738495642669 -0.157790227424685
-0.271801995971733 -0.109181346514448
-0.024880301554223 0.0991446033107585
0.32221811533556 -0.255150318606114
-0.0654686381535594 -0.240409353281465
-0.203910749525258 0.00492323739303981
-0.0897123666504842 0.0294916012867536
0.092611966605732 -0.0681809116073942
0.292765081386994 -0.262264494867306
-0.0408591950864907 0.0562808062028421
-0.00147704441090355 -0.0300602601059869
0.0637841124861145 -0.115442334725254
0.184870710272427 0.11843130695157
0.191165951002119 -0.174665994826148
0.0033671542148571 -0.105063453054763
0.126354103240944 -0.207502851321355
0.112894821685946 0.0555902804404474
-0.0595877815980612 -0.20104326201563
0.0212803451118083 0.0768598655650775
-0.0512687666337671 0.136987258017419
-0.0904840572133052 0.186162229319056
-0.192683877042524 0.022203154413714
0.182332828117193 -0.0955746887076473
0.118208170591492 -0.0110832934946624
0.105529272718537 -0.296910899342374
0.192815577562387 -0.359953191631268
0.141633159235304 -0.294281712734207
0.226388357421679 -0.1161481970407
0.297484986792203 0.223588212198169
0.313971874829507 0.272119499960959
0.278127829099565 -0.178513589828336
0.210976182744332 -0.197406117914962
0.00452271392158317 0.000533562637702222
0.056052108101417 0.00231824784997744
0.0765001696064422 0.00374728971655847
-0.00767476725323951 -0.00951660897872049
0.469883839588448 0.163909889351249
0.218933630677463 -0.221707180093539
0.0885539248461298 0.321856684014792
-0.0682661940993409 0.0567568224077526
-0.205789425048972 -0.0284145611154945
0.586743694837659 0.133541338923336
-0.129658219008504 0.0455659179905759
0.447808656344922 -0.486628300923929
0.537733846065958 0.197108146610734
0.148564382042996 -0.439382948532727
0.137348190883012 0.4945860542714
0.0220533389081572 0.47663395941511
0.0469665325304965 -0.499795449744294
-0.266882364837301 -0.0396345700765022
0.123486937833719 -0.246219516669431
0.0624217419504366 0.421822090398968
-0.273905228757947 0.01759700416216
-0.033523296128338 -0.28476321827606
-0.317155676608955 0.0605188624413572
-0.347320431548899 0.0621951372560371
-0.170052142785017 -0.268076431993666
0.0787861601451339 -0.407262684066204
-0.0787589625980439 -0.302477023915941
0.653593677403294 -0.11546868523703
0.608047517369167 0.15394415223541
0.0675008657584682 -0.244834952516797
0.150560543378633 0.34842014404148
-0.161631849380931 -0.00943782551905472
0.170760946009622 -0.265863791880368
0.154483059349581 0.336326666140757
-0.162830016989939 -0.0779517881156934
-0.0455129449681394 0.141809668035915
0.226691225507672 -0.482044662919409
0.437198892360969 -0.21771075210836
0.0192456792403607 0.105913553275596
0.00122428121584044 -0.301892708614701
0.192529443595698 -0.144478073934793
-0.080615607674035 0.0122992304476408
0.396131918291688 0.148790456995632
-0.149360319943355 0.0154733937601885
0.389217176655628 0.107244808568566
0.0106209807109713 -0.168336408203454
0.19511427922047 0.202529611997359
0.168997740887083 0.316199438302208
-0.129299268601613 0.0384618811557231
0.441881674944337 0.0748990059980129
-0.227699863159059 -0.0723947404544006
0.215408975328995 0.244780356807174
0.064697745643079 0.37203201004384
-0.265552458295901 -0.221179247181963
0.0100520106400732 0.354752147321717
0.33539370097419 0.264660269450803
0.0529275715841915 -0.0772699329504897
0.0463529806911138 -0.128824944155869
-0.198576684115661 -0.0550127919240435
-0.187456519388304 -0.237366191978278
-0.0460502077342942 -0.22471708134952
0.143573186074486 0.217646540410718
-0.294544890566891 0.0937676750173344
-0.185695253485371 0.032626573780129
-0.031189678390538 -0.0997503602650042
-0.203433887797395 0.0259546226468312
-0.191281633399527 -0.0147314075774233
0.0248519847027589 0.274958093336934
0.141065150803947 0.132738316630568
-0.0723776677168515 0.0463291352609076
0.0413957440980785 -0.12162230205195
0.0750445834215637 -0.15520087702756
-0.0313202246578251 -0.0367194112846634
0.156734219803249 -0.164514101293315
0.349256137166718 0.128683025937865
0.223417454053409 -0.071562720533388
0.0989940246617198 -0.0756231821365063
0.367069775873558 -0.0354974066197878
-0.00760298677345387 0.0171263084825531
0.129281275106539 0.0822829001877495
0.140048814733525 -0.0963627887709387
0.122579152529681 0.0108464531268212
0.0975592441894722 0.141901331869049
0.0774642229840021 0.0259217030534765
-0.0223603546544482 -0.0336198260586776
0.0336910305891023 -0.0514044494604371
-0.173219821113129 0.025313729483606
0.0436291501642109 0.162955890728634
0.093765764473974 0.116877540593135
-0.0367469892664548 -0.134623398119485
-0.0680738789980974 -0.0496297353984316
-0.164995373456365 -6.52232006861082e-05
0.243788609190228 -0.00601927720064901
0.137419548711071 0.0508093505991455
0.00623468179251548 0.034529199022683
0.129790184151976 -0.081225185875818
0.140989465312131 -0.085114244434371
0.32214209317544 0.0414995039676401
0.108695562319207 0.00868314365936614
0.124242633966501 -0.0488342090891468
0.297332748588082 -0.110960008781865
0.322082042442598 -0.0779351215448807
0.329032982248218 0.0569187766788567
0.329195586418085 -0.070482444377702
0.367510129442681 0.139398392892801
0.360750899869549 -0.176501376440126
0.299651348517624 -0.0940455651994022
0.163563588830574 -0.0441588944982913
0.240528326384662 0.021040600478236
0.176283052680566 -0.0237629844063648
0.0921702453600725 0.00815935169156138
0.0684485209430115 0.114555843275995
0.0362907328290952 0.00995618672860952
0.0904498409060028 -0.0415376560577616
-0.142752240710956 -0.0280000053334924
0.0748354297180901 -0.0484985548994367
-0.0870149962677667 0.215607566814169
0.0259348357932925 -0.22277919463916
-0.0730272166728665 -0.0700305909132402
0.0954584789573375 0.0354661505672974
0.269990984864968 -0.0448460784488702
0.232292206780049 0.0840526026354217
0.154130080398756 -0.166181075026181
0.200293287056252 0.0578031092365889
0.088963565825742 0.0799560418866331
0.334618000173578 -0.0741689379334572
0.296872817050975 -0.0137739095742185
0.503744603283384 -0.091958995863786
0.292877889058516 0.16287841714191
0.532154581007531 -0.219957327083122
0.334601556029464 -0.282325909983389
0.165322930039189 0.238393218051134
0.196687389953761 -0.208897102767442
0.35253675329367 -0.11583664799638
0.379773142257082 0.0435533278259911
0.3617587342167 0.0512978536675495
-0.0441287204328894 -0.164050842868169
0.057163381169566 0.0730049808875343
0.191223168411581 -0.088480381201497
-0.0123031156899558 -0.146794755048952
0.134665730052127 0.201187502707023
0.0842005612642312 0.174749676763054
-0.0876241407947135 -0.184466006249299
0.36546544950285 -0.0746489695958936
0.050711335600039 -0.253065298463009
-0.213091572326441 0.176270568754511
-0.0161652804695907 0.242605313022478
-0.0235750886672589 -0.247886066015059
-0.0919641860551549 0.045317430200252
0.0312110151526513 0.187094041540786
-0.150786248680772 -0.224295195535161
-0.0666582060971421 0.302052881166524
0.0773802542578521 0.18328109810852
-0.222082865530364 0.171541881504577
-0.13241246908814 -0.350333236982268
-0.00751817905694999 0.359160420803614
-0.186711064360791 0.228884400085984
-0.143659690533497 0.212464487671936
-0.11830520911199 -0.396884547580998
-0.107156814260856 0.399855395800484
-0.165346628748865 -0.372188669210444
-0.321805329770857 0.249306531716412
0.246444981802287 0.0971010799693645
0.0145641012961515 -0.129758635444445
-0.271262546354174 -0.228603422903561
-0.320188418877622 -0.273795381456911
0.228929742892932 0.136588831960939
-0.261594001483994 -0.433070916360209
-0.679080093160634 -0.185474224370045
-0.710553392700716 -0.284837146860514
-0.210064214201474 0.518307178680379
0.0375369215597288 -0.258719801296601
-0.286525299894214 -0.522562882003864
-0.548256867766516 -0.711995444292167
-0.721601849985358 0.512363705824323
0.183125612298808 0.666317949111841
-0.76783312277705 0.569886222111942
-0.832897901276299 0.63537662612541
-0.790549047812179 0.625675015845195
-0.419186494757399 0.575091694700934
-0.303614696178285 -0.727426637393196
-0.146363639457331 0.0267094404802525
0.143971147421157 0.848000309122271
-1.15249229468063 0.185585389229473
-0.560050078197361 -0.410538034453109
0.128256904433968 -0.351438860519585
-0.487281376282371 -0.376987916347611
0.65719930298405 0.669465214626729
0.480856284214515 -0.519892096715069
-0.479325326550583 -0.862801404058278
-0.528136814593562 -0.854904185389821
-0.518823619541976 0.962304974744324
-0.390254562062628 -0.657909480406368
-0.754600818142975 0.300101780558058
-0.810099954855012 0.286080619804001
-0.00051160996153661 -0.933108770189023
0.213974653049559 0.90072720370996
-0.484871416046785 -0.795972391141132
