-1.64208701164186 0.446365127874076
-1.61712351192515 -0.286298125108154
-1.57417477755216 -0.184343282706881
-1.52221379611171 0.00910684044251522
-1.42124203040709 -0.225622020777752
-1.32518579528911 -0.258786466642791
-1.34154062610679 -0.00136315311603895
-1.25342114796031 0.228953259641572
-1.29388028409363 -0.0760275271509273
-1.25437594765348 0.0551675370264059
-1.28586103864888 0.023834923960947
-1.11665495161478 -0.133818490915433
-0.97583857241628 0.0431048859841198
-1.18982519621039 -0.22997329213496
-1.11521585296077 0.0508968488229222
-1.04449135932611 0.0348842731869143
-0.918736174248936 0.0352990234362243
-0.968384604777157 -0.0618523375735722
-0.957597718442735 -0.00539163939795978
-0.917161555731744 0.208592925319085
-0.958772333186664 0.151417278006823
-0.816241826487944 0.0156809134153415
-0.699941808240955 0.0681047651285971
-0.851928032333137 -0.240171051289027
-0.63228820012603 0.197372912931738
-0.64924995960907 0.231885042297762
-0.562283726207064 0.0300051398818858
-0.454005417692003 0.0231615331078607
-0.565244994675311 -0.0606053858270636
-0.473490292314306 0.0744210536940252
-0.503220668436628 0.0394587654395431
-0.293944422654868 0.0386464309635884
-0.328778986073677 -0.0533075484710188
-0.151453283213278 -0.0623973380551812
-0.334922259953318 0.246556251700191
-0.272624085516505 0.283995094685418
-0.246105055442331 -0.126284924341937
0.0584507283165295 0.062540738069794
-0.21851942173674 0.350432219255587
0.311723916324858 0.0696809498547569
-0.0453715722179248 -0.26742685313272
0.0526850122414528 -0.327680048708667
-0.12151490359619 -0.502667776835195
0.460149857742564 0.0759075449597645
0.232986084128043 -0.474844307020102
0.124794982165596 -0.304292374683109
0.227475087462758 0.468480570411197
0.149427063547724 0.394287193798236
0.174334659046426 0.336649440056087
-0.0567287686124531 -0.344201253134077
0.618958574712263 0.0975115248532473
0.370213843082931 -0.27644918223834
0.259956341014871 -0.0721458340568516
0.560499959235232 -0.361171432782569
0.469515378473626 0.335391697206802
0.68524903421806 0.0027528190356808
0.597850353579054 0.287588144721958
0.500458928080858 -0.0834895590060549
0.632337965686039 -0.176240935325421
0.756705830974219 0.178779971192235
0.608657944787911 0.329009065996818
0.52240114528854 -0.194697562723625
0.772609837234954 -0.030158548656473
0.826694483200362 -0.124366232744244
0.70753344845144 0.251028765324318
0.738074671009633 0.0274077178535815
0.421287194549636 0.0618543381317251
0.527614665975267 -0.0433363859883933
0.588843930070555 0.0528245451871081
0.544052661187003 0.196671715289935
0.62739541196142 -0.0272078996707787
0.518322088456889 -0.0610496354822726
0.336230287888613 0.249207463396952
0.403431677882415 -0.138146085560066
0.597310780835016 0.235722950776911
0.44108553221267 0.170954767486311
0.359346103554832 -0.0924961724415576
0.40080435973729 -0.0308828370275625
0.464256109754898 0.0316955409775864
0.609366468175847 -0.114028416970258
0.410029878793691 -0.0623983279468112
0.490830568108957 -0.121516058945335
0.383320018353004 0.0849473703438428
0.264980570102113 0.105060148661229
0.150647407235643 0.133466861602828
0.300159711273578 0.28712087700512
0.486654283925367 0.141132345789944
0.370263452775448 0.152353610253014
0.150284938715843 0.123912470422642
0.424917688268134 -0.232274162389044
0.420273861939288 -0.197682557460624
0.588370408553719 0.00427614178048138
0.171594192663016 0.256566261262703
0.725559298184926 -0.000511679118751532
0.538614502330765 0.356608276217674
0.468589032341071 0.32715012081498
0.185439278125626 0.317551136378505
0.699022347092073 0.0831028235392858
0.435438807458708 -0.380538849429236
0.758702994261732 -0.116755851300329
0.331198412120011 0.419267866571512
0.120251480088206 0.358431514439
0.10268213635509 -0.487493587599715
0.437871534886813 0.0159750771141019
-0.0355328117178839 0.393422339198987
0.189684100246057 -0.337562714647729
-0.149707350896722 0.44398652455915
0.505118517065788 -0.005478272818542
0.333086435648417 -0.390980371125628
-0.00423211570379158 0.393435403854271
0.134788721286489 -0.145579843390478
0.147517120417957 -0.255841860025536
0.647853066270902 -0.108714066839652
0.505894373075117 0.197571307779728
-0.00240301612983027 -0.0842848102861865
0.433639972964644 0.492083020588036
-0.0708237677112671 -0.11234642773015
0.705327103034252 -0.318801593042267
0.0769521485344051 -0.567772598496301
0.193384606355034 -0.377514206432271
0.264463230058156 -0.384941824933798
0.609405156875207 -0.361913276523864
-0.112771753077266 -0.117067195385056
0.262480412754426 -0.530813597179453
0.459339210691468 0.543084552978518
0.637974687852277 -0.250611306486353
-0.129877664849117 0.0952463616375406
0.695292382200866 -0.526425966347218
