-0.772928482924497 1.169797009369
-1.05742743823471 -0.82519571092686
0.101281320358827 -1.16966183226111
-0.931575757160867 -0.771040766486657
-0.661896976416017 0.978915501959739
-1.34608824305995 -0.132938751805526
0.217073920395816 -0.83026518018059
-1.19508442270815 -0.0970207804347103
-0.518339833111711 0.751224853773598
-0.538827510442763 0.785074904350278
-0.47834425039833 0.666226152683872
-0.867323431041493 0.131801525962231
-0.420565644590104 0.5129481402947
-0.394743919627006 -0.20066139532621
-0.36457034814594 -0.116465153793754
-0.745180010777229 0.0632079858380177
-0.351856988973011 -0.157154382849785
0.0491960245206838 0.0780966446494884
-0.270552879725183 0.0940515887525619
-0.187856970076869 -0.0820118259201014
-0.406065617057138 -0.171783505926576
-0.655564320644423 -0.143544932749939
-0.324042667869167 -0.0390801686408364
-0.427396866670442 0.173913188501871
-0.115841578124956 -0.0289222073909098
-0.177984147412048 -0.00639349672038982
-0.360292209785792 0.0551550367962554
-0.0446969381963681 -0.037628607130428
-0.599189790831664 -0.307993101814886
-0.256237159296359 -0.266772387076128
-0.0415329843440128 -0.0381726085215322
-0.461852126775116 0.229748219047564
-0.394818792770785 0.292014447806019
-0.466797714221924 0.385666873090011
-0.44817762299271 0.264286339958262
-0.500845988265723 0.430722055465116
0.110404224997959 0.00915029905967836
0.0586268173362403 -0.00247947613602344
-0.592927390074672 0.472903605530517
-0.170110242767208 0.321174894317881
-0.243667797470338 -0.500416408690642
-0.573283208823624 -0.139704273698528
-0.0758683864048755 0.250770093062617
-0.0160220422200482 0.297095203739626
-0.00170209162475075 0.506667666681965
-0.152872596140185 0.517165262352346
-0.0629622199394333 0.529710583790706
0.141064156187194 0.556130705963014
-0.36398446020585 0.28359074694882
0.0883201373848616 -0.473182176646089
-0.00503525228953558 -0.663878516135858
-0.451315883159708 0.517510849238612
-0.140087691523929 -0.630024105682323
-0.271340513973433 0.714339291640597
-0.984212458765231 -0.142470571617284
-0.97652409802572 0.480532812532165
-0.464885299814937 -0.69554130234889
0.011739271756854 0.74980602336423
-0.183258687780933 0.663049710471709
-0.687343300840442 -0.301323758744027
0.0526675293173216 0.373375156416051
-0.423708718303627 0.452481117091455
0.00578271873901741 0.184453271567419
-0.0928990946449237 -0.49828837054088
-0.588694370647016 0.0174655177951329
0.0470069589304777 -0.519252051691717
0.0653485887059331 0.334339256692319
-0.474005906002497 -0.137392844463984
-0.36418753801675 -0.345575287260686
-0.216183248189192 -0.446956813159864
0.490295608383041 0.00934665943267357
-0.202655618698132 0.503103619905546
0.270848424250225 0.537472581556849
-0.593197305577174 0.0304763194142234
-0.0921501835237225 0.697458172459076
0.0925408195800318 -0.631290164615023
-0.119345777584552 0.757132500033319
0.217761039212505 -0.304479425366072
0.511238426412522 -0.409839877231036
-0.220535009734831 -0.00526139271615591
0.0943806780321112 -0.272277680650941
0.40557393515445 0.136576488345361
-0.360816737223161 -0.456891925703584
-0.0332359490629901 0.608065126188061
0.217836605611282 0.176987283890226
-0.257101679500631 0.7718671808442
-1.33215288793993 0.00589585386760253
-0.188148780602818 0.00468179463093616
-0.111454223898639 0.0129270758558996
-0.625404798322663 0.772727254181862
-1.32079602091129 -0.423859622818269
-0.506620793586256 -0.866079408894521
0.164653901082988 0.000935349716605746
0.124012000144585 -0.00665318586930417
-1.77281873004801 0.0254255768456972
0.175406105895232 0.197408627332092
-0.026472935472753 0.214069430224946
-0.10676402854239 -0.144270649797952
-1.04003553285831 0.447407907200885
0.100508753467718 0.385154155972653
-1.80306765437705 0.0338211053863502
0.425205460078155 0.0605761512824665
-1.14220332835432 0.250903593208568
-0.931713013366342 -0.630073969146222
-0.600950465664971 -0.400070650913432
0.040385783448741 0.0174458246709009
-0.702595462965076 -0.366881179996328
-1.21393065365215 0.0900848243651978
-0.432558974450112 -0.504354949005679
-0.869234905246923 -0.4463907257063
-0.876873217981079 -0.21622067228367
-0.90217603047793 -0.307448244477807
-0.682288051917076 -0.185044405485897
-0.299047568909448 0.310424224139638
-0.915226961197191 0.0341181644725422
-0.928651698660958 0.23525014977729
-0.95834440121419 -0.582649464129122
-0.62759251188981 0.548457778465945
-0.505280589814432 -0.527240852033131
-0.793649161676616 0.632395978007294
-0.86566152218393 0.489119267234079
-0.47767989299831 -0.528614421007395
-0.479756224162576 -0.549063910411535
0.00620514518079258 0.00549538327213283
-0.350375880101725 -0.625460577787142
-0.44408914393129 0.525255053522177
-0.0915019311414971 0.00758621819703493
-0.6572581605987 0.290256992953883
-0.770235781115547 0.814591809245042
-0.354603034827673 0.689300108838383
0.128906689966073 -0.844132620561241
0.735041980426901 0.00169293251244225
-0.60285327553134 0.142673200254171
0.323355714130114 -0.813050786964153
-0.455208142745659 -0.209503008697598
-0.132773433644953 -0.750492161358024
0.00169241238065195 0.629443289262693
-0.482146101596372 0.133894591843448
-0.286694234022328 0.0350565454576473
0.189781479410352 -0.465090034338114
-0.269524411769016 -0.0410770164854596
-0.19110135684295 0.02391140045491
0.1760023383017 -0.157392777563277
0.195687392980721 -0.259278963573107
0.426625311546499 0.161595723087809
0.225064762732825 0.255965327558944
0.16501394730608 0.266664764963492
0.422177759098145 -0.187698743174585
0.0649289733125465 0.011575613379459
0.156796652683768 -0.106173150667271
0.17804294659822 -0.0718043923221149
0.273696035258998 0.0441291356523442
0.150905763054241 0.0190746078850637
0.148477904565118 0.0112697907099932
0.343087555811424 -0.0363049983346877
0.24408175655652 -0.141681489896536
0.45773011295218 -0.0230273473969331
0.0327484104815739 -0.0950851049322483
0.46009604765247 -0.0152764554025171
0.286622570427104 -0.304026560019666
0.342460542197343 0.317875151364965
-0.226391690924322 -0.21743076553347
0.263212166091636 0.408081514695653
0.247280551730919 0.524084457774075
0.73251448931174 0.0461528898617408
-0.0219939856394932 0.607797086511001
0.646609041104837 0.225702322536555
-0.000408874168455448 -0.280919996060355
0.284277636919222 -0.373503975765473
0.479736952018411 0.304850353142006
0.141698153321657 -0.0954174925550846
0.283041337853524 0.0814237650016988
0.305321908754697 -0.0828926896913608
0.256849724765903 -0.0300050820365673
0.468358314900702 -0.0545111447664451
0.728741652920374 0.0174216574806839
0.383947387444709 0.0362691714385799
0.48024632723167 0.22785610537848
0.252889219219589 -0.0367277710935154
0.491212447206968 -0.0615994556439368
0.272596215594948 -0.0438953420562188
0.549810862329645 -0.132127325299337
0.586833953460885 -0.0411660835078965
0.600519251677051 -0.0132541846352176
0.44174007797384 -0.357604657105778
0.22744300411273 -0.414619119569785
0.306099039919814 -0.487953314344724
0.679215197294662 -0.11514395240068
0.824808817176774 -0.189479434240371
0.28288080785599 0.693632941550006
0.0156211047211185 0.277003493394623
0.757059901067401 -0.257221945201947
1.02267938381601 0.443277193018035
0.118186483684215 0.192315970413875
0.166277822656404 -0.817769330763694
1.32715320391473 -0.0299108881202893
0.62648564845755 -0.503775180775376
0.335273684635673 0.0136164401033705
0.285829870584332 0.883165469701772
0.363513995517 0.909865708644434
0.779721140868565 0.476251999936558
0.339654050697495 1.02522743554461
1.1295011454626 0.750951854484174
-0.446840875368432 0.358902596979209
0.696315971644223 -0.479054661211821
1.01223708381435 0.594259749261209
0.396019257741502 -0.642866203153889
-0.425850292283694 -0.0833075694619012
1.1890649526329 -0.0282797799797251
0.14239318628175 0.675168709305256
0.573782658847295 -0.66587123287836
0.276006696887578 -0.439113468515463
-0.268500922254187 0.0279142009456762
-0.0297306357830023 -0.412265133638107
0.0191099264137423 -0.497035300969609
-0.482632599325141 -0.0453666208447862
-0.165233723741037 0.0616805673540469
-0.117473198195592 -0.393288725357969
-0.529711606382019 -0.0605341464372579
0.416846545456076 -0.40198990900298
-0.217429616711594 -0.0230588262610987
-0.131156639436156 0.59831791779181
0.260352793947399 -0.595995919108663
-0.38906798432038 0.0423584249923846
-0.510246858814907 0.114273931450591
-0.438208820287207 -0.281278424721693
-0.638633634589222 -0.0987623676957346
-0.0690679128280004 -0.842241105869227
-0.582147494739597 -0.147507181436842
-0.536064737630495 0.16565362182247
-0.280563333900879 -0.257783189483683
0.857676653692037 0.409865777469329
0.801253323585918 -0.463369470534118
1.03254587178099 0.00745408352480717
0.709717707536221 -0.384045527537646
0.0605383872967913 -0.0162479601206064
-0.0795888316529109 0.670946664576116
0.0322057659516779 -0.682343129199586
0.0795511854764161 0.0491870516632452
-0.742243779458906 -0.156596399228596
-0.213662644569945 -0.723493716360349
0.838129800624456 0.0438113804893336
0.75313096281743 0.0364109688853375
-0.312008034007026 -0.315322061728476
-0.470376047151977 -0.178992710812648
0.586591489786092 0.364499230465709
0.237204807427211 -0.190392325140157
-0.177899575080991 0.224232524176381
-0.16756599149944 -0.505012025787896
0.166100140842049 -0.165107894790165
0.457128657788912 -0.252907540653378
-0.00144876206058591 0.000668830448131302
0.0425854721899131 -0.332757382405661
0.0277101795914656 -0.0195658987876361
-0.0713271303033983 -0.265628161485074
0.191824167679192 0.156681006986181
0.00898480415244168 -0.226723682572038
-0.112694483508321 0.0515620784332292
0.191488522372174 0.0660784225350343
0.0975141423584513 0.13487615031014
-0.0186147546664746 0.193747808228539
0.0730631682797909 -0.195475533995069
0.0932107361176841 0.113160601277858
0.0373010754781283 0.0675716135348425
0.00310325689867118 -0.102328065824183
-0.0535137089017835 -0.0472194534171644
0.0307831545863195 -0.0444228789685648
0.00164274014079108 -0.0385611936012012
-0.0960557987929708 0.00386590690032027
-0.166856435606126 0.00653737567712569
0.00218769264953039 0.095000717446283
-0.0306939059522891 -0.0213332854157312
-0.10795049926922 0.0444400969185653
-0.136965019711576 -0.0101362750428311
0.0909417808899258 -0.0842808639077431
-0.0119860752171879 0.104103988061059
0.0277790337735205 -0.00528848041074032
-0.0281085810073241 0.189234099176784
-0.049205465809976 0.196381780542423
-0.117963840539594 -0.0666788039821997
-0.261614068357816 0.0168680529352009
-0.013670537893607 0.249216904237797
-0.00498399089875571 -0.0863082861496513
0.102256850810093 -0.283490209331163
0.26255198495956 0.133152110777279
0.302510972440735 0.247893959056479
-0.0984601961620121 -0.372772423047203
-0.109535820368239 0.389566708460274
-0.354263437001234 -0.0706441962318179
-0.00510852994012966 0.35437132524315
-0.0148047389526282 -0.258194354154232
-0.312278388840655 0.104010769622221
-0.59948435964051 -0.00706552066780472
-0.0627220046340207 0.522338244811253
-0.327422145434286 -0.208771974032286
-0.0377611333801958 -0.304295097248478
-0.567293735830994 0.174808956410656
-0.273705418438925 0.622170800996576
0.472847234843486 0.401709161069535
-0.0894755264048838 -0.539939946234829
0.287204126476034 -0.729847773510287
-0.128985785913914 0.68541354247502
-0.197483203088984 -0.765283221911312
-0.494194817729449 0.242519304058305
0.142459390497355 0.47048679947854
0.26820112093446 0.837621088682899
-0.499113361534004 -0.297677515975578
0.26216426160969 -0.431222189878891
-0.418128119555343 0.910244185878057
-0.14976511287542 0.829023996536595
0.327656948783851 0.943071530966327
0.323228488162798 -0.491182217419249
-1.06540565366062 0.00879343977788035
0.190917630683789 0.496365154799545
-0.81645623378813 -0.792014798937091
0.352257917576451 -0.527627144512911
-0.0472446163715945 -0.868874421460953
-0.129853232634564 -0.946808325131476
-0.936769675528647 -0.411116888748617
0.0763971422915442 -0.991341229882023
-0.156367998416858 1.10350237644559
0.307748177160735 0.71513705382118
-0.511047935491116 -0.683867950188205
0.0218722980889106 1.19310668713432
1.04022072237697 0.304438765284329
1.00778786954635 -0.515448504704695
0.580123509823625 0.607189755164632
0.489460099480358 1.22040037854975
0.0738724640034422 1.12926280442568
-0.810164175132764 -0.596436051040116
0.805491464042262 -0.306848310628185
-0.303654357469927 0.480333438772301
0.853687219298873 -0.158436147525648
-0.137239253294809 -0.681830359724542
1.0980438301102 0.327378826714649
-0.871302062127517 -0.323898960263373
-0.0484368793606449 0.741243680443267
0.545490453731962 0.000676518619512621
0.710530060260112 -1.08241773943651
0.610946301781682 -1.04421202835563
0.636968093192739 -1.06415487610435
0.176785506229498 -0.720428317207035
0.403861854891923 -0.849529919415634
0.869835836675511 0.716859024789729
0.881609820601254 0.193087299106118
0.378058886974776 -0.894207502633652
-0.2733794259764 -1.03483730283115
0.206906713036915 0.831481226178819
0.444702855594197 1.01005077822945
-0.219364348012074 -0.973405467926692
0.56406300011298 -0.920546783533783
1.1939713795228 -0.00493280875525303
0.860817250500333 0.668838588252292
0.876583905274413 0.643813078267083
0.957224805730565 0.627730513194367
0.672126278607065 0.520239618642032
0.0415231297270101 -0.591125475532737
0.579789711112813 0.713820585332983
1.0347367170798 0.0454405265483161
0.0403829373667641 -0.587479993974726
0.486102701269446 -0.608710664237181
0.418342280921027 0.546911049825336
0.0380456805115303 -0.558545384948417
-0.0991296873350117 0.520159293356525
0.437043944727129 -0.481353353392011
0.239198205460131 -0.451066549176288
0.308595675364371 0.46145319049733
0.58025052140279 -0.0107271141309013
0.292091690843987 -0.301412121552235
0.578098575007475 0.071233338380921
0.223715355764695 0.207685452905512
0.550455469157206 -0.0142517971369353
0.421983095467068 0.140119819002853
0.48883355548132 -0.25225631635356
0.714045619574915 0.00540183680690335
0.389985113452271 0.192659114491385
0.594711808771486 -0.253383124989798
0.902003626244234 0.00317214215811791
0.988641698107668 -0.0425928739188276
1.06112019056178 -0.00750568556185176
1.06276626062436 0.0106737574955677
0.90127873843305 -0.362232704251828
1.1496384414948 -0.0204210922076647
1.2433602567085 -0.109462698159209
1.0767594336564 0.211148207844772
0.949004022938919 0.339577161822599
0.999225122880961 -0.14511520528789
0.635093809399508 0.00659184521693138
1.22341325477067 -0.484351340321752
1.35284787062282 0.367504877319726
1.35981489709083 0.209750033226214
0.918735849986397 -0.372574553294014
1.57315027322147 -0.00449173373760274
0.0821728637629342 0.0252130134899352
0.363385516232888 0.0260433487588289
0.597792719193163 0.0542096235519643
0.781881913185658 -0.217380580043804
0.403022502412036 0.58253114400194
0.34385688536437 0.525582928662649
0.576736198238577 -0.165357475281937
0.72657118957997 -0.211993298677291
0.319604639622059 -0.167762003026801
0.0751693818372458 0.0614100097273418
0.501033317910046 0.107514583078235
0.422063078052149 -0.167378921172899
0.431374310783379 0.0215449754285482
-0.0342380874636905 0.0223947889023234
0.0916255918163807 -0.144218214517186
-0.0967593084368472 0.00848761229595483
0.174217658886275 0.0462755866983561
-0.304250694714629 0.0823812909365622
0.14670165151741 0.0120705752134061
-0.209551910679146 -0.00730947775843284
0.061685335945611 0.0589542160845361
-0.254336979511841 -0.24499410374335
-0.0537851365671505 -0.084271701318811
-0.403061342064381 0.214370951702348
-0.157167580321299 -0.0334544011462969
-0.484668738873978 0.0953568758633762
-0.633095467203726 0.295622159861916
-0.541820544731244 0.0845662490277099
-0.713552614263452 0.247423132785161
-0.755085905222082 -0.0417142208237938
-0.553263949169327 -0.00334070802288291
-0.688212755957355 -0.102480326686082
-0.657023148180935 -0.0260782287702292
-0.702531783878533 0.0133374640285809
-0.729624607065213 -0.0689611886904649
-0.723806528923062 0.11039311023489
-0.733578334376594 -0.00503850692823384
-0.513071656365563 0.0913687800549464
-0.750008613458986 -0.0408599386409372
-0.349485735127712 -0.165714759180248
-0.725619894205552 0.076956623619925
-0.589749834060354 -0.162671712494264
-0.344045287153344 -0.385940144851235
-0.502548454060084 -0.285597547078491
-0.329433041603747 0.24921349058273
0.0129611754818049 0.011032504550024
-0.25249600157541 -0.237498318749299
-0.24916492219106 0.229929258445189
-0.2232790425588 0.201257836894702
-0.482829566717523 -0.112159371878726
-0.115553707975027 -0.33123693301626
-0.0915331190508421 -0.359291905311005
-0.282809478723196 -0.436450499602794
-0.0140392958094082 0.506835004600424
0.0317635746309387 0.501798197162707
0.146080403060582 -0.657713389977458
0.230928511817093 0.486558909273685
0.384576618338436 0.69800287049186
0.516078447508987 0.183793683092665
-0.297957084012007 -0.663033392954561
-0.171399601944397 -0.900253063477576
0.730087018149871 -0.330594728726701
0.0225722207321037 -0.928966914532084
-0.572178922233959 0.766585035861764
-0.555706177144551 1.10024709677276
-0.647112624709401 -0.500489882837532
-0.168018460134474 1.03427414835746
-0.935681119657549 -0.807989918520942
