0.339791205956805 1.17904350093312
-1.12715209284336 0.389600193416753
0.0831026487950032 1.27387998421685
0.563913166354309 -0.981893813662468
0.67882387404946 -0.864424539112202
0.751492804446534 -1.07396253132302
-0.819944796548701 -0.341279527565331
-0.730595282643161 -0.369344473015655
-0.919398151506688 0.413949676493226
-0.901775559983193 0.192047268006333
0.759083502635509 -0.571290328845232
-1.14779433679703 -0.128702825260201
-0.935098401358157 -0.330791498901607
-0.383278171369864 0.565299981918545
-0.672842749351255 -0.274072708784797
-0.00572644477573206 0.0879382808291183
-0.107358585020238 0.513651752309847
0.100388262681079 0.100877334852021
-0.00619615017370603 0.0422977045995515
-0.895717076099698 -0.257488286646417
-0.0467133757837602 -0.0774566486760098
-0.38092715464984 0.0290554224871592
-0.497291651393515 -0.00760131154851945
-0.206498702187494 -0.401773897975921
0.0157419544822507 -0.453042640397458
-0.0355996453114515 0.0554185238945266
-0.12357615350016 -0.0183525449037115
-0.0976885721235747 -0.325244582843797
0.0432766272957769 0.255219446542538
-0.0959449336194563 0.239561518074037
-0.135315379285407 -0.223846806301197
-0.376840456879438 -0.0850872887255406
-0.269535259281553 -0.461039191357044
0.069135186911513 -0.262745783388451
-0.568357741907898 -0.215743753566353
-0.425577083898622 -0.219753451324257
-0.0387511003904151 -0.423333706947169
0.214466233058185 -0.490166142851871
-0.0271097257811802 -0.159592833249708
-0.490700104681839 -0.282274638443838
-0.485459042898867 -0.424335395453528
-0.36173818971586 -0.828191853318659
-0.137945556140318 -0.0873716545618577
-0.15219342309587 -0.0163643683423617
-0.325490208243056 -0.453786570833532
-0.621094587173151 -0.102829379903495
-0.512538711068254 -0.299224332484985
-0.428005033322813 -0.387537635532344
0.175639516708951 0.192456534496004
-0.764709707737906 -1.10697969996696
0.522751492515052 -0.73122047007768
0.699217763228688 0.149751836678633
-0.100557765861355 0.92342242974301
-1.10130795304622 -0.192555725497261
0.254153078691632 -0.004189793112879
-0.244500501662115 -1.09569383511996
0.688056069997296 -0.617537114017578
0.735213205062702 -0.56336591826302
0.376709010383005 0.556931528451697
-0.95641784688011 0.487015929406016
-0.989942928070676 0.227352247848009
-0.868826487607432 0.224137411522118
0.7180432629273 0.375647311358425
-0.168589565097458 0.998608281511386
1.02548841555161 -0.500343819668317
-0.646120000385373 -0.891537164224703
-0.902646543983493 -0.181296058491228
0.138252296669842 1.19655930557597
0.844121534484291 -0.433376823910661
0.566691530778089 0.571054604526973
0.936334875487628 0.594244288947197
0.69599240352484 0.474943662697595
-0.127755651948875 -0.959314514792255
-0.688925784125218 0.384605489329654
-0.724621232984553 0.619320997210169
0.86821315724862 -0.280708199563935
0.974926614737464 -0.163109959047574
0.551563203313184 -0.578573632703035
0.827338240210289 0.742876157465628
-0.806413821964126 0.992403500354762
1.13110201373961 -0.00582582324163554
-0.821007127305669 0.869426070780649
0.812775023808896 0.881709300122266
0.206820466486931 1.27213948416929
-0.856595290593781 0.758828391302386
1.20890484629036 -0.460702823132406
-0.957262766790218 0.703910997569297
0.820578158019802 0.921392485291247
1.06907349661763 -0.312205477927832
-0.935652831690813 0.690769442552716
0.165244112842297 1.11763782798544
0.908027741525989 -0.368182575315455
1.00153779298685 -0.240643190644432
-1.02349325861397 0.665581614775155
0.622779778066169 0.713511337876717
0.692657989198158 -0.754393659414116
-1.02451617089146 -0.0494637034506201
-1.15295555766078 -0.0529440777118125
0.514423021462573 0.532454745917218
0.753475637527177 -0.425219787858893
-0.720997515595663 0.299737225191499
0.503410587056633 0.511665820389398
0.362176146186413 0.507945548565154
-0.937250592704041 -0.0893854625336344
0.333987967178552 -0.989802882166353
-0.867016484206117 0.159398630113538
-0.675082974900052 0.202876900484269
-0.729838126753985 0.261761406587982
0.177369600071404 0.336717066445644
0.323629469864973 0.228694868512753
0.186776070290155 0.391864800372082
0.268074146184347 0.297116986048343
0.384334379955179 -0.472087647831403
0.265732345082249 0.15357530226988
0.372267239702925 -0.396880190109388
0.342721340286721 -0.382917840879295
0.119161906127917 -0.766182325405827
-0.390970148509574 0.0255057235324018
-0.163573851883274 -0.475882291418785
-0.419195059845724 -0.189766668957662
-0.0213428969354959 0.0217564577146087
0.0454417575793774 0.0851397000077331
0.232686424229701 -0.225776303715706
-0.103931686657928 -0.00767501126271395
0.0238801702416805 -0.0923049385801131
-0.119301670157519 -0.0982946204032863
-0.223438830908282 -0.102575646234047
-0.111156042337533 0.0831574453148542
-0.0393928443757302 -0.364583623324398
-0.142228244698409 -0.228126028146974
0.0370005835663502 -0.0900593725550679
-0.0662028484190205 -0.204143734608167
-0.0970218283767029 -0.137442795715635
-0.145325851515148 -0.14806923613853
0.0458309074016403 -0.0347538397749721
-0.077398193477244 -0.11983937157117
-0.0993293940917423 -0.0857893245236211
0.0849192196634918 0.0623132851752333
-0.220725791584973 -0.0673038262950068
-0.306041641644216 -0.081185577800965
-0.0375586685368031 0.155665254286373
-0.0405456257031285 0.094478628455023
-0.415856680798254 -0.569877294942976
-0.421327654668448 -0.0605578358512019
-0.373963097545756 0.0547004351792769
0.208516513523677 -0.430385201065358
-0.41781551563123 -0.246042089184096
-0.00706144717936366 0.487780433118025
-0.684972412899502 0.00479016838701623
-0.263400376498721 -0.778876142632387
0.130072824319613 0.286797156268485
0.220548668352397 0.394966961016489
-0.379822325342552 -0.695956131121531
-0.183445586783992 0.29661102922676
-0.696736948256833 -1.01289033519509
0.79368312696733 -0.414631449352984
-1.13713481853656 -0.033819256050288
-0.889864422679097 0.0706132803831148
0.0472163233682218 -0.78912155741257
0.963283999703355 -0.523855692016664
0.675852451039246 0.0859227293279227
-0.723938575783575 -0.626564031888239
-1.08580755645278 0.206826481531356
-0.473959916561668 -1.17714273776252
0.857193903937961 0.906634724840701
0.756355241336014 0.245078785933601
0.240282909833522 1.34587358034817
0.918178374779846 0.447436905408455
-1.01917608243502 0.748164585627401
-0.848125863279978 0.360350405865254
0.0020570930532872 0.103678435843033
-0.607338222480541 -0.89656067676411
0.578942455561412 -0.702366241188652
-0.312318623708925 0.693673484798263
-0.353858628081639 -0.103051025144945
-0.748222154824494 -0.321134696789846
0.332696285116449 0.691331625610709
-0.202756035637094 -0.566954798816582
0.261069847260569 -0.581995772089584
0.393097624686118 -0.600907391743315
0.272564588255175 -0.0192689200825012
-0.29700524752837 -0.188161968833973
-0.217614414411325 -0.479235206292317
-0.367924698487536 -0.355434182762627
-0.171418354573662 0.303282915926485
0.383610974797846 0.00700596209750396
0.0841174516262226 -0.374147847892336
-0.177780230334802 -0.40933344820774
-0.313953967278365 0.233586081017279
-0.146787711652188 -0.170140009149365
0.237076515391853 -0.155987674090832
-0.060063732679691 0.229001315229054
-0.175441165494121 0.0914397993449279
0.128824651354898 0.367175560195372
-0.00456895372326196 -0.159236082266264
-0.163382207010812 0.0578683452877429
-0.111968995219531 0.104456243944777
0.137782773256699 0.0175965410235154
-0.15422576171194 -0.0435393211640898
0.0514358552433608 -0.0301884333817576
0.0528547319246217 0.0823308264411284
0.052479845744763 -0.150068732252602
-0.048593822944977 0.0252121143829568
0.100281231558909 -0.0051430455363766
-0.0265918302448788 -0.131483655222457
-0.0430700657146833 -0.17448751539677
0.198331284815324 -0.0891544140070143
-0.0811528221918888 0.184075794364714
0.104164199455878 -0.0655197678244225
-0.155696017853923 -0.288429409503478
-0.246251178226289 0.0524295196095324
0.374667988850392 -0.102691264588192
-0.00102627114620645 -0.302609283819294
-0.258883870019937 0.152927392002762
-0.461579853880188 -0.0145001187957898
0.423770227874375 -0.309853698864205
-0.014421158950433 -0.563284622817246
-0.535535509390103 0.174026326602368
0.492343265102952 0.157114804503188
0.704852997904819 -0.236022213722375
0.00395405066697591 -0.388227787712287
-0.182262964195257 0.490527727417119
0.459710761932457 -0.0845144817923345
0.159906145733807 -0.314635619386469
-0.207225476938098 -0.0697258315767691
0.574137479717276 0.00102980253881483
-0.302373215028094 0.34120020976058
0.104684748799094 0.236100189887402
0.274739726275439 0.104005630366272
0.234819566186584 0.0872243749373086
-0.0099691430906505 -0.0875510105431773
0.0451056191141411 -0.0589182372933169
0.0850375422893213 0.0748575373557599
-0.00899297492841346 0.109401437249629
-0.09212519676119 0.0947985588555935
0.117270088976667 0.0134494607775427
0.0872532437319393 0.1092424871574
0.115273458803249 0.141559611094389
0.0835056478101759 0.0520733716519538
0.111671311154304 0.0669864477597791
-0.0349217970163402 0.084411045257612
-0.129584561481329 0.0845754033066666
0.213467646550793 0.120051176666722
0.206799989421692 0.0300654329801797
0.290009321666055 -0.0510060552665409
0.0963484276855076 0.28155143172196
0.144181950508437 0.106233867728472
-0.218957885159908 0.204551212811306
-0.204326202249857 0.262051749710876
0.181964639758737 0.335516828629583
0.410849236771112 -0.121045782982633
0.458764639407313 -0.134208229980984
0.365479218068305 0.214765003316444
0.0985164733756871 0.48294949633784
-0.00691544279415596 0.290448843211028
0.632760820683522 0.227145552921704
0.785839884854503 -0.0975716505833382
-0.0650310444299264 -0.663260383758021
0.450867366486977 -0.569542177501165
-0.427042368315346 -0.639182458784231
0.665887672871895 -0.299900748079175
0.224114268582189 -0.717194249356969
-0.233818324534551 -0.729000651928317
0.977991527305477 -0.252202311931387
0.175540781307063 0.295172332395358
0.89715254349088 -0.492198200551968
0.897079839378547 -0.395912684203008
0.312599382252032 1.1459934689686
0.548119898128002 1.0288246937674
-0.31281943485745 -1.09687250740357
0.557028371631136 -0.557626098969517
-0.136653990344289 0.775714875247437
-0.32218365158822 -1.15237845009076
-0.370527022703127 -1.14542305835808
0.375616205850845 0.3280947506088
0.799066160622524 -0.417580603544508
0.166877395181651 0.197392392504275
-0.925354996476086 -0.173597992256439
0.56252246323065 -0.429788540380965
0.452578264180249 -0.458336715542111
0.227411950909772 0.198457036429515
-0.817743010401808 -0.137140622814514
-0.683681280074592 -0.0331937492742686
-0.140382975827999 0.592191733614206
0.450706823687698 -0.386049565728252
0.176472613684797 0.224644671917205
-0.308878137098786 -0.531124790752118
-0.412927375331261 0.15758830637182
-0.160588969216206 -0.559446717026483
-0.429589353424086 -0.0667932082352322
0.266128995488297 -0.263443264229676
0.268727400137659 -0.205847224479383
0.0597323689371474 0.0442991419991396
0.286303415306302 0.140204006927727
0.0217900966717562 0.258700783138753
0.141855713489441 -0.176482734588493
0.0225630439589261 -0.0116147205537374
0.232519542051873 0.038793190327377
-0.0229504530965285 -0.091827882347098
0.0638016020731059 0.104946754329878
-0.153362561733217 0.0275769576207962
-0.208630580724656 0.195488430162921
-0.0616366720430577 -0.139454893337725
0.188710980627272 -0.102654160366017
0.278142787882991 -0.118792514361194
0.214809875399273 -0.0583178070066288
-0.26501358513247 -0.00791160934326328
0.186874598288122 -0.205221723874784
-0.255739278969864 0.143103359183151
0.143586307767528 0.284121011063029
0.207339146003565 0.206442494735705
-0.0955075443461899 -0.464458431424057
0.0489532635603482 0.419986590164379
-0.366507427338816 0.221877899245079
-0.529516540841532 0.0676264594953902
0.0425455368252866 0.532236501592798
0.339251485126903 0.275118192947445
0.301573814265909 0.355406611255151
0.046587808765744 0.624746494237282
0.169681445754507 0.348838141652617
-0.532127978373926 0.407072751998232
0.394371339158349 0.574759389587097
0.0308997322737349 0.60600421987117
0.390327419855877 -0.65408196601923
-0.619698915394774 0.427299092186555
0.250361376522818 0.888457727529744
0.500386757410655 0.400974254735427
0.815223296905051 -0.310038043265199
0.38341035515453 0.877635588022781
0.74678379020039 1.02575834841195
0.329116002826203 0.847171624751619
0.237756428125351 0.815568697900481
0.176629613915551 0.952375083347633
0.641452394043051 0.734446897255746
-0.432003546471316 0.609753436452274
-0.657785980893815 0.307709147811622
0.667702510129656 0.650223946088832
0.582947720477929 0.687430507817006
-0.558958462263945 0.396700320520224
0.56212086034335 0.580408105798787
0.617203842163326 -0.264930598927292
0.374994450432763 0.541468496925287
-0.605876272020104 0.3991383197912
-0.551905769513872 0.43184269981898
-0.0762063414983856 0.735226193950796
-0.766154907551939 0.160567912079202
0.845050627788214 -0.249608454438112
0.0191025827708794 0.570277833880794
0.481234585855655 0.29380419487579
0.38391208382853 -0.336508708657727
0.406159594262966 -0.364651433445821
0.138939077526116 -0.737501530562815
0.0686943034827652 0.90889069461798
-0.767046547377944 0.130617567410588
-0.215047784953784 -0.889933598036014
0.858826551664402 -0.358480560822491
0.874760635578821 0.107064971427027
-0.7547077195052 0.128138489078642
-0.428989082258763 -0.470549585747747
-0.377568168507977 -0.582696830324862
0.479556156125147 -0.130712630559315
-0.016037662505172 -0.70618421793313
-0.132666964103368 -0.657106014492687
-0.664217032655938 0.473011869086011
0.649050549464396 -0.772168358313757
-0.257030178217184 -0.963723942845721
