0.396958894601567 0.307256646762062
-0.113238345901661 0.028381687169553
0.609130802824081 0.394825276947714
0.25933485909728 -0.126850201946447
0.185915669504876 0.370206952817309
0.310170415172025 -0.410759311961759
0.590317963436627 -0.309909090333659
-0.00527933496115617 0.0552059136912467
0.111661680172686 0.318232338991534
0.332405091428282 -0.238612136757094
0.250282931235212 -0.320511443259656
-0.105249011844258 0.0912535933335645
0.342922419242293 -0.12440717028168
0.172125017091367 -0.298127024812763
-0.313267330302155 -0.251997424981855
-0.242943963999381 0.0781820332858549
0.0136334837578448 0.369787443533042
-0.356228645452291 0.206254520602212
-0.00202971832362568 -0.351376367805691
0.19930815382357 0.0529853000183279
-0.12321014938007 -0.298171324488523
0.168462892597937 0.161749696483091
-0.575313193782604 0.52952492479357
0.142386858794369 0.104106052991031
0.317104103342704 0.196705644569901
-1.27622539212257 0.0209484088206128
0.192760908462955 -0.267079433092922
-0.1370662183197 0.850392350678647
0.14714526051628 -0.0312890617030655
-0.79389881401223 -1.06108964176379
0.304837692999666 1.06627116591274
-1.25817572842878 -0.00162748503439812
-0.488772673376666 -1.07033562451763
0.537481145035271 1.07608169953052
-0.502400266044836 0.769534541158386
1.39147895463036 0.0192312829201874
0.723791203148248 -1.01350773958979
1.02856507589171 0.154551875035596
0.0165581268416712 1.0456560904654
-0.44282564534198 -0.75669750903179
1.31541412451401 -0.2208531748109
0.856710163556881 -0.0265303679137045
0.715311841280079 0.758340361478923
1.11186845946765 -0.721420298488377
0.371220704226047 -0.868164142824061
1.0387011999755 0.228572275177206
0.0351446636081856 -0.013283194042221
0.873704924177577 0.5439670551606
0.965403802382541 -0.451224288123606
1.00659455295002 0.29604125680607
1.03592762324678 0.351291007960725
0.521507213343544 0.0440924275091972
1.21358465457198 -0.189045286695562
1.14734056985673 -0.293984559210801
1.2636711261047 -0.0399702024800643
0.774589698199139 0.154481444254568
0.721472394318217 0.193605164297144
0.786433043740429 -0.136421729770244
0.729690406023284 0.254940047024752
0.693980979816704 -0.0631618429843735
0.721984737618192 0.0155244613493821
0.551122070493592 -0.0417880324153817
0.47584803927464 0.116709983708594
0.51270036990288 0.0228711072657013
0.426557855452689 0.0600362234559281
0.670406237322307 0.0114098704804735
0.524411464781861 -0.131640655984403
0.240691178060571 -0.210485271531814
0.276407021303001 0.173098749984467
0.31683542578996 0.154423445173335
-0.0243816474710887 -0.0139485426815854
0.132475458775125 -0.345852790984591
0.0723141683298868 -0.270345845712048
-0.196714372529272 0.0212659137843362
0.314093869484566 0.399671907733777
0.158296775724333 0.335331830150764
-0.389565062706937 0.0132075243638763
-0.41790979564797 -0.0166219182994851
-0.204501812791249 -0.45459475466959
-0.321689559881781 -0.342878223258669
-0.683730778143688 0.0406578241090174
-0.288144820165259 0.309102607235581
-0.821090287377753 0.014959155770371
-0.853216384409479 -0.0236605649426974
-0.534422010355857 -0.566890282810112
-0.619433368442828 -0.589851586919808
-1.14572466044626 -0.0131546594360884
-0.750834023476263 0.624969868958341
-0.518807191940845 0.903304917317055
-0.647347591698664 0.817383357673695
0.241726133540257 -0.97360018294738
-0.548993880425926 -0.979991738785182
0.424075984434778 -1.13537889306277
-0.5998854548781 1.17687905827932
-1.02623802992871 0.017138506346534
-1.66221067269749 0.0740558322040414
-1.43459738481931 -0.364009964800854
-0.666927580863099 -1.08137459070349
-1.57883839587067 0.378714761832269
0.287364405954665 0.722822522234722
-1.36826756481302 -0.330149674698915
-0.818601799167968 1.12471158778578
-0.912609275683434 -0.896423258697352
-1.42675759071254 -0.155057012000508
-0.348691198032952 -0.479392839121612
-1.74502487343442 0.238959075304816
-0.936527166587986 0.440867357540039
-1.5269266947928 0.325081728136555
-1.39626568109264 -0.737698691676148
-0.69496939487959 0.5124331793612
-1.37336447343227 -0.590255410282014
-1.1433587242793 -0.250735551326384
-1.56967824911786 0.0648115331829287
-1.4712116554251 0.0690027723804023
-1.34676942827636 -0.221643467939364
-1.03541548858935 0.0523544526664972
-1.11891137257024 0.0194358490799718
-1.23029156323334 0.0365745705445521
-1.14403741266955 0.11771786650486
-1.26801844247099 -0.0109817351110168
-0.9370529919416 0.293295374806136
-1.0733942891369 0.0761650839355309
-1.15522018087281 0.263620822782417
-1.13748892820436 0.3094691272349
-1.087171431528 0.232277874495066
-0.878995950227187 0.415076995471138
-0.841740795916023 -0.358108840254198
-0.876671146457963 -0.248253780045308
-1.14402513912837 0.589996012433885
-0.769166019780315 -0.426326694263584
-0.744523829064145 -0.339712931730859
-1.03230728390675 -0.649440314533259
-1.10268823915575 -0.565601739838494
-0.0995142350210889 -0.187584211729201
-0.361404175644592 -0.743723170106475
-0.426765874843466 -0.0040870137016594
-0.471227129422224 0.921307982816157
-0.844912453954323 0.563272875868112
-0.245473156639368 0.666612198617397
-0.796065053859186 0.978963920844018
-0.0530616856990637 -1.00763520535889
-0.518253875148316 -0.782271465335222
0.0173169006608246 -0.918248207003146
-0.472392085075231 0.87346156501491
-1.18873887713576 0.034127897047984
-0.872851059608948 -0.00631900403526568
-0.750934179190945 0.00134927889813514
-1.11669169994761 0.0401225361551665
-0.267051338015823 0.444836349279472
-0.829344726517604 0.121536982084641
-0.697047847216735 -0.161147717503181
-0.468642009443348 0.501029183995418
-0.165831585708679 0.517263277058902
-0.3004625511181 0.080987513941374
0.256914733325606 0.623383107852127
0.288020620016429 -0.57648382310019
0.357221243992453 -0.388687231590337
-0.156612639118761 -0.0952200118006886
-0.115675727534983 -0.0817828247418802
0.00799268849046417 -0.468787063081739
0.378864136870118 0.242241576435894
0.0821727885580842 -0.0704938218606452
0.460491435858276 -0.0830587817226978
0.0295112674761651 -0.0341302825802347
0.381961858561407 0.136568813971188
0.392024694843785 0.043153263072465
0.213399708433678 -0.0312724685801403
0.307325599509125 0.0236537219467552
0.249334416898281 -0.00615351520500965
0.209269481021215 -0.0592232610948007
0.192617336420414 0.0160286319836318
0.0426553992012184 -0.174398380986745
0.21955703707306 -0.00861732525929293
-0.220282651080993 0.141381363404794
0.17010591582092 0.133111024453976
0.00795492769013764 -0.409236308845915
0.03960763812748 -0.0369552464750197
-0.00600653981090812 -0.328040764614908
0.377893242554917 0.0558080971551586
0.318770671701693 -0.545777888993297
0.703688220907052 -0.0756805149429405
0.244211070344348 0.544764060525637
0.815173560788418 -0.0748238054925732
0.218101694048574 -0.567289011979419
-0.133650551149116 0.267727536233424
0.249242359644663 -0.296270742995741
0.384646953451112 0.558572531931734
0.63502465758055 0.210326642803141
0.8205241069425 -0.168177513841144
0.753943233786386 -0.130582675896624
0.0477772423824483 0.158835805334392
-0.201044808389461 -0.00169340973236309
-0.234806993851126 0.0828576932027789
0.308837632310725 0.555921551298915
0.76438741292177 -0.0403358373241484
0.403747750528359 -0.435502480202003
0.511585504012511 -0.599532014688855
0.505849107269165 -0.3633935723203
0.0140920666707774 0.377317394026978
0.22607664624346 0.448524282713745
0.488223750406862 0.0214369074674065
0.0108841318458845 -0.421775557275211
0.353252178743663 0.318935227158452
0.109148770229101 -0.433643263209508
0.460393660921094 -0.166953749698679
0.359535868978209 0.242260713031341
0.586249555903748 0.233544553042601
0.68447431667912 -0.0991424325939003
0.167413797093381 0.00371047224155523
0.141611036552316 -0.00915500050555555
0.208513657191681 0.105397833819484
0.222014347570269 0.152616930736907
0.266628855704518 -0.0416781634537742
0.254991235143273 -0.246400068640778
0.0692530086777429 -0.202096518228195
0.389753876476509 0.00972731181386789
-0.321496317158798 0.316106044507903
0.144147253667622 0.401955532604772
0.298629614371341 -0.10436696017855
0.0310595215598774 -0.110412958633391
0.123908647504751 -0.200726868144436
0.291906033870125 0.0348933524226991
-0.00204401643632982 0.0237197529838923
0.413916673458843 0.00422395319359836
0.268506769298697 -0.0591167867868328
0.114331772749862 0.116193521211449
0.119283249126995 0.00212913561365818
0.101203500507513 -0.0658297765044432
0.209495789646716 -0.0530661130208653
0.408747059838286 -0.00308747486768583
0.264234084959632 0.218134640683067
0.442797435394031 -0.18769671770289
-0.00722620973191732 0.115956584911913
0.625871889384438 0.0389741508812959
-0.171826986559272 -0.0117585696843018
0.572196066689099 -0.223431177413527
0.222779306432236 0.266441801726587
0.362770421413478 0.415648427074476
0.251066708509697 0.305569232391142
0.343851607594849 0.341058028874351
0.611273156506807 0.308441570615415
-0.0262011317799255 -0.513502665811203
0.104507781110997 -0.567476483245506
0.716305131424664 -0.33156096718963
0.452952787412136 0.2436978907809
0.417953819844694 -0.579967213240665
0.643622896321343 -0.179402026695436
-0.496001587400686 -0.0168811603895938
0.12014900948282 -0.278524806424518
-0.385854237065832 -0.00960578602573411
-0.206106366523477 0.0143836125133177
0.268451965114656 0.258737812739569
-0.292679834208531 0.120030884598322
-0.0523177037981127 -0.1684267826943
0.262749628970073 0.143109312562654
-0.123635760314569 0.00898974641105432
0.13411630015914 -0.0132568927307091
0.165670285556746 0.0411994269157133
0.07590797334395 -0.00864960747859676
0.117773711271628 0.0146674414451011
0.102791625708291 0.035927002903106
0.326895683772788 -0.110045979470601
0.327894365158702 -0.0585805853721491
0.201285446357587 -0.285268744010528
0.725461519399535 -0.0383031590324233
0.453183873222751 -0.0255109048561049
0.727393760566269 -0.0720984480751249
-0.27952818653963 0.0255973961425195
0.407043292916551 -0.297606707814355
0.625260407918994 0.0337200191542823
0.682989643697887 0.00065773995770567
0.390681137987028 -0.331056196440668
-0.20505421494954 0.335899862332439
0.224792098228625 -0.434606475164102
0.313938380541513 0.549237738298004
-0.239447797679509 -0.340985139908645
-0.171426065423263 -0.572128028462627
0.548500449787032 0.117860788305654
0.143058274656957 -0.550764650210295
0.0846760458656896 0.455089029885942
-0.0388867307580585 -0.34143420890929
-0.0916446503801472 -0.460993103631921
0.145061843536394 -0.0155950597361413
0.248050186266648 -0.0818483923142159
0.149452772071416 0.453825610207607
0.404611506405911 -0.496510129710923
0.0963650155324213 -0.229816169882288
0.399737398880478 0.474840444081165
0.407552031766634 0.44208258822969
0.0955674481601492 -0.608259290061805
-0.0314839455636049 0.131672210444434
0.555333017878113 0.202977812146578
0.00407399089894779 0.0846508847666725
0.47452918014448 -0.122051962946331
0.161489568573189 0.302882157610266
0.117553388637615 0.298805276904184
0.167449802258854 0.347746870932026
0.0608435038069248 -0.255232522771171
0.100452170722157 -0.345699224666772
0.062711838445036 -0.154589764738445
-0.324137797135212 0.153800743368171
-0.0220696597587242 0.291329456923703
-0.20034790782668 -0.167873126166162
-0.0859181973988893 -0.00648566632628878
-0.0200538843390925 0.226318728344521
0.307015442779423 0.021117860000946
0.412426260351297 -0.00355252261891903
0.219806395039963 0.243247384538012
0.290841362714736 0.267119494088107
0.0265949615331668 -0.362133674339581
0.437432515303232 0.29404196243889
0.0985663268191327 -0.434303708045469
0.0833468171517051 0.229563738936697
0.368755805080294 0.21082427462231
0.311510350993024 0.296553814606283
0.26580078142564 -0.10157857055936
0.116393369387989 -0.0418793297534765
0.388525196770748 -0.0206110094434104
0.122814983819609 0.0176326429307037
-0.00881190142777147 0.0368146034891444
0.0419738150273087 0.0500745297545069
0.0326961416899518 0.033118975385383
0.0447985695180617 0.119089802221217
-0.0964583178975062 -0.0651782211880534
0.0999676184796862 -0.0119053693608879
-0.0478632284642297 0.134402592683966
0.13357666307037 0.0823321112032687
-0.0495696264102973 -0.131142933515683
0.0666210204683615 -0.0828193658937669
0.00697560834892327 -0.264113565802622
-0.272709208792226 0.0834539025811722
0.0435092046226689 0.277246381788396
-0.106420855809804 0.22451061190539
0.498623120367793 0.149642478431191
-0.181479861106551 0.236622358716457
-0.110722251297379 0.47837918298182
0.0625211283848953 -0.334023653128556
0.615802047237369 -0.105267927673841
0.436845607175683 -0.361135085471658
0.250298110492287 0.51020273950867
-0.0498461140568241 0.488358709325085
0.275336609927635 0.425060423228903
0.712737224720353 0.00613464434954122
