0.217961985249445 -0.564101559819972
0.531700927645127 -0.612581766993512
-0.508117683828387 0.304935849944795
0.232222189738963 -0.422115177948459
0.494499559450248 0.0314256511225377
0.526557634411487 0.194998642179987
-0.468804528254703 0.0692247765415465
0.161544350317324 0.0314850373268477
-0.15687377525449 -0.299859069308968
-0.248673914912567 0.126411270976313
-0.24121130696889 0.0807116067136771
-0.177859913207041 -0.175858028663648
-0.230504927377278 0.0279570725895514
-0.258110064751703 -0.0659129426477717
-0.231724562606374 -0.109629654228284
-0.219281135767827 -0.0731994449021633
-0.298916588326576 -0.0931366860212877
-0.259305484593184 -0.0926985035107448
-0.252693495110857 -0.0521484762347975
-0.159757205136764 -0.0956509261829147
-0.198020505387058 -0.0970110185729105
-0.315780933605651 -0.0424485228775537
-0.300219140139051 -0.0600684328043426
-0.12359380032193 0.0315675847475479
-0.178673617691005 -0.0616780900135234
-0.166055816591644 0.0663058237169585
-0.224620518988838 -0.109585132671614
-0.249897947953651 -0.037246192718275
-0.297531131161505 -0.180847144477069
-0.190251284127007 -0.0823904735984935
-0.0797816619798462 -0.0316071548871297
-0.40395178739366 -0.0136368720038617
-0.0361282703190822 -0.0483060297942041
-0.223973748498348 -0.151986337229715
-0.323617226687365 0.313742539395727
0.109119387107156 -0.0830084410542528
0.0381441094914462 -0.468918721580927
-0.142603433303424 -0.439122686178046
-0.016183174635452 -0.497544430983361
-0.0968645619137494 -0.0651866770363935
0.26340438325184 -0.0508562638326375
-0.247014803850445 -0.721861799101677
-0.295318743727952 -0.737020683582386
-1.12597809621983 0.324399211735868
0.191556538730687 0.0789005678496782
-0.611525256912875 0.771263607493601
0.240246270659476 0.217595452580403
-0.555170667645568 0.878422846504501
-0.793299798295068 -1.31485032904198
-0.872354429799329 0.620927419063892
-1.49821520753617 0.248079173892798
-0.674703919890771 -1.38226789630601
-0.72540148726719 0.866697120448782
0.222130371014291 0.72283579298671
-0.942839771958417 -0.443044997713115
-1.29092172942621 0.0258941608640014
-0.21110959487511 0.943460962573947
-0.470726149724783 0.56687798902334
-0.415412240170151 -0.946897920645342
-0.376538890205968 -0.895088963439176
-0.890128353517822 -0.223265860452269
-0.793268800728882 0.181403614257801
-0.0634369866168139 0.600308201884987
-0.709260674520312 0.166377398380651
-0.547111170313339 0.171537896127548
-0.536035529358444 -0.178829426945052
0.35009884597869 -0.498656909777947
-0.737983331515409 -0.249092190655618
0.623259093587079 -0.422354045220983
0.867058061317586 -0.287068542548205
-0.485790211441366 -0.278219194313111
0.34062061386115 0.93945672355553
-0.534644894004781 -0.0937604106158732
-0.0534617629264384 0.769410427849773
-0.565312245489801 -0.172116555498248
-0.426005051558343 -0.230615391648819
0.326197165243099 -0.885246927460649
-0.337768543828098 -0.34270559410714
0.229896233949966 0.609717228659631
0.357844299234597 0.573589029845766
0.627757519445338 0.739174044379064
0.97327041926147 -0.334673250820698
0.531344357561493 -0.238827647311826
0.477764403894339 -0.162792116382224
0.46799654242253 -0.487776103361138
0.386271293793829 -0.390954106293889
-0.0431666347933973 0.772479818254473
-0.214674568527512 0.380917577090688
0.0978497997817897 -0.467728333246253
-0.0663100672810319 0.477325628237103
-0.0960603794828773 0.403496825941852
0.339730103937646 -0.247063625765249
0.171633783675697 -0.421525206956291
-0.347828525778921 0.288694952599388
0.35150114473829 0.137702189520012
-0.040939494594691 0.516773625828341
0.394085623902506 0.114874918173998
-0.0380881748789475 -0.62392577921896
0.285702809646383 -0.526015009279533
-0.325810559430586 0.584058363265327
-0.324717690326316 0.602617473297511
-0.309970752540825 -0.586969913002826
0.770655053904081 0.168966917724897
0.232670115620507 0.829980670046814
-0.235535928431938 -0.465421964653821
-0.179217189518548 0.680385056887772
0.572104631785539 0.420905132917401
0.903283020218058 0.0280550280946983
0.855822448522181 -0.145814716301212
0.338588707451053 0.373501598444345
0.350340865148143 -0.457223397078509
-0.208704438886603 0.129359566989935
0.582940059793852 -0.111038717876079
-0.266026509626241 0.391626129048275
0.427583063367814 -0.266266656287264
0.170811468874502 -0.459898795696173
0.432730490109339 -0.22379445341063
-0.341435566132576 -0.161246964325382
-0.00707535863000604 0.233800748423376
0.00414938051442924 -0.188497928955395
0.383452241084775 -0.0877581338225942
0.258007772262998 0.187103517662129
-0.0131270189251455 -0.00947389371948772
-0.0289813246695932 0.0793928274511016
0.251126103444923 0.0576431436996035
0.0907833632544626 0.0656769594788883
0.032718825526703 -0.0507186136131385
0.357697891015778 0.115785106345329
-0.045854325342742 0.138629483591786
0.0468311647177026 0.190395626740705
-0.032273555576882 -0.12664426308825
0.0721109146047736 -0.0818190522996785
-0.122241074812267 -0.0251404582037535
0.163452366379303 0.116665559385678
-0.0345451303417809 -0.0438351801069501
0.0843390000294914 0.0733320225343197
-0.0203485006455845 0.114654802087004
-0.0372168996213051 -0.0126165617477824
-0.0237374998453831 0.0360374861851305
0.0734107832996554 0.0271752366927942
-0.00533801066350988 -0.0161659142760068
-0.0602440341388032 0.0075481637091996
0.0292889166384158 0.0182038371580125
0.0597680189404479 0.000988668646649482
0.168544555411394 0.0416242541226582
0.352268022306153 0.0304003025442922
0.131275584962244 0.182696285525584
0.530647238519943 0.110923746641985
0.0959973212071819 0.316702203906001
0.432462557759433 0.395186193997927
0.654870544448394 -0.035186899335614
0.640917779590006 -0.297059269684562
0.532068376688739 0.430307995272432
0.599184318719385 0.481388100193945
-0.314569918326746 0.181660608276405
0.206710784574995 -0.735270255764859
0.763358454258429 0.546414887324035
-0.687439760566704 -0.183923912753201
1.16889005501112 0.363863454357422
1.05852067680373 0.139652574088799
0.649947431842883 -0.693195590143878
0.646848096811237 -0.751672806673499
0.928180740437481 -0.898734882917158
-0.853098902986781 0.523752300352716
0.935997751051443 -0.437364477500616
1.17256187882549 0.321418512325719
1.2288546546569 0.457403125097151
-0.619978335148098 0.76034362768318
0.99601637025325 0.309871743881203
0.523495072272651 -0.857596665924816
0.0825852805557348 0.919763618475094
-0.417556487058094 0.826920805827853
0.723871813960137 -0.468449513720392
0.0469552062073691 0.805234695908653
-0.665308821435417 0.0586536495905914
0.321600451758172 -0.247116569296606
0.445596690707448 0.455018895096652
0.795795289374189 0.0776305660330838
0.827854603123791 0.0789464480211494
-0.403977847042032 0.359602680851485
0.333316691551233 0.291199259383737
-0.0821103078249884 0.418780685867921
0.607603157853006 -0.0926600394686556
0.591640919840297 -0.0311211315815153
0.0727040290499004 0.155963183583256
0.60276770992826 0.0986446037890435
0.379371001561968 -0.195948390551139
0.584091095830119 0.193578780840608
0.268665485496292 0.109134844401069
0.46961032156284 0.10475406013178
0.385655993918814 -0.0488920983538656
0.0691025941248703 0.17108384783916
0.417540497827091 0.120937672515695
0.174845427377127 -0.249610509433769
0.0987934443221946 0.397226052127179
0.35858414123642 -0.298354856193858
0.0839393494897553 -0.497040055111822
0.459894822683576 0.0715297911013774
0.278487963800121 -0.152127244222333
0.456253587722042 0.0837023302255651
-0.460111011205874 -0.167131195965398
0.214262268772071 -0.346759454789029
0.190065021466675 -0.319346859730475
0.319609872143285 -0.379682162671376
0.329699811209178 0.219817677075845
0.42027339094547 -0.64381912698402
-0.0123127449872246 -0.59296547591696
-0.105311283114356 -0.902039166489404
0.0942835586193882 -0.753586990293901
-0.392230894086782 0.485031949122141
0.625698689466041 0.537558808416194
0.495011850780577 0.37789201223328
-0.243552129657126 0.530437852988644
0.023599611313842 -0.763468092991364
-0.319177849336948 -0.908305421146119
0.677914270288743 0.122625958257424
-0.117914960540025 -0.379214637867652
-0.433114109227791 -0.678698166641211
0.302161599902005 -0.725687475131622
-0.169585055734613 0.514204616228346
-0.148984944437143 0.461367259751395
0.478591237111659 0.226867024792112
0.251196646709303 -0.292325955799123
-0.302600803480116 -0.602723196462998
0.234669697122792 -0.188972992343511
0.265443242710454 -0.249503333448335
0.416178806918318 0.137022849702878
-0.303416272347922 0.357251508414603
0.46174057228338 0.129547388203185
-0.127572964557232 0.383588786228667
-0.221510791150112 0.187877822124871
0.545811903318561 0.245973224658071
0.1216064664766 -0.492087604222295
0.528658580380749 0.0479087746113278
0.373807876346439 -0.485766816740945
0.758877864645074 0.189299729191036
0.813957620460835 0.116937961489842
-0.00382057156634338 0.831211026522956
0.887890189525185 0.0421300211658106
0.979280215797863 -0.376000202103739
0.755573457638654 -0.862357813112649
-0.042566388551786 -1.06157245548002
-0.693252779303938 0.0110495053303039
0.188885176895148 0.967656750296074
0.152897977531421 0.99189926484911
-0.0463449141962797 0.667496372565707
-0.0492247365925683 0.587676507350008
-0.320783293531825 -0.433573380013009
0.37648644487055 0.397961796714046
0.211875107561316 -0.276411447416793
-0.0524191953665405 -0.359719945072659
0.0714210299283078 -0.23605590322689
-0.321275277937412 -0.00368784404000731
0.264506126983601 0.00540144857485971
0.190766058149523 0.0874090257264967
-0.212770616924595 0.00946563364057345
-0.047735529669686 -0.214966811904904
-0.467091424326077 -0.117862846418425
0.0184177815559734 -0.144607738739813
0.00859973230707027 -0.408763907929357
-0.100692967927254 0.172834642009711
-0.181547703656042 0.213392347049093
-0.466965518701557 -0.0791741294316534
0.12175817225972 -0.255550784534105
-0.00944504468057919 0.330813339292425
-0.412525636975571 -0.123455151315812
-0.282098297048594 0.323921958650398
-0.252842428471577 0.164823528983368
0.149311781224278 -0.308185511050825
0.204472767210756 -0.0552843705736344
-0.18898787006908 0.31973550188186
0.0087391173441416 -0.317658198826555
-0.229580492743294 -0.0896427719305014
0.189207175667339 0.0409256443122116
-0.0642768984081765 0.0304533475008357
-0.150910889400008 -0.316556268627861
0.0106505565137027 -0.16591380942149
0.0780513316527725 -0.152901604864997
-0.244254296553647 -0.0874033444424046
-0.167868321377913 -0.0342224289810285
-0.315675996487801 -0.0576661414679926
-0.0328590281976938 -0.107945300589533
-0.172001340866429 0.0533404754575853
-0.274976289074494 -0.126328927512791
-0.410496396138238 -0.0106145648644749
-0.363353621065536 -0.0824904138435331
-0.284931674988132 0.10016083043691
-0.326065847206862 -0.191807664467983
0.0975835390501638 -0.0233556744843514
-0.512406095821632 0.172346607697134
-0.43120589855094 0.130613932781981
-0.555692051911271 -0.363821140401911
-0.376437381625388 -0.377266090496175
-0.54284663527417 -0.186572315360773
-0.240037098227549 -0.115647910297846
-0.55453277600422 -0.346092356913325
-0.458851627925769 -0.0287951645874396
-0.438544031200417 -0.0897481883542671
-0.372257595816545 -0.113354774388359
-0.255113728249405 -0.112655238440113
-0.428057497189725 -0.0324000331180188
-0.496292983156068 -0.217452504099199
-0.424620543651851 -0.01102010041061
-0.503276943428432 -0.170623843261606
-0.458471569487656 0.108402997693777
-0.623994226077301 -0.255631436530692
-0.628814771872816 -0.156001250544559
-0.589587252322252 -0.184422517681288
-0.520556307289202 -0.186333731992783
-0.281559888009471 -0.45044655490956
-0.618468438799054 -0.178267396001443
-0.546022652915648 -0.228936420471774
-0.358785350786935 0.0983975873460947
-0.60530145420917 -0.122987615017513
-0.596937672920523 -0.192640014971524
-0.317412583879097 -0.283407165280599
-0.32644514540422 0.0313179786604969
-0.47663851461505 -0.123063018203493
-0.178039722657214 -0.122751522933676
-0.352997113760568 -0.159301571500578
-0.39147572693014 -0.180105437903014
-0.383717912210478 0.0301745527905585
-0.295163953670359 0.118677092945814
-0.160200112989105 0.0281660997470018
-0.132566096101312 -0.0419425526047208
-0.386555680782784 -0.163445297790375
-0.400209986135448 -0.243487654246736
-0.256749717372171 -0.12805015966527
-0.0811087861956262 -0.393210833276953
-0.367357981637217 -0.216753852990433
-0.222747862500577 0.0707998956135436
-0.104915843268584 -0.466545245480525
0.233745438830571 -0.0635557147773745
-0.10628688132389 -0.292060032576879
0.0086283958774865 -0.473373584046031
0.498457023538035 -0.261371885206011
-0.479212411557608 0.282879524283309
-0.103333295903793 0.480223359199221
-0.156334568908639 -0.28833363644365
-0.13038627996578 -0.255495607542021
0.7412309485412 0.01349184175015
0.029937939693112 0.631504286995778
0.891491362192563 0.061758229367057
0.454261747618566 0.376355599406467
0.451176943962182 0.341220636941047
0.151993890211717 -0.905687241186915
0.126455115182244 -0.241868603331475
0.598939573906572 0.665129056343745
0.290151756320715 0.134025801900429
-0.519428814139406 -0.183479140493454
0.077765680747657 -0.410887363399821
0.532982034391189 0.593280997661026
1.0702278115167 0.153915552125764
-0.286609713137847 0.193422956955011
0.646991734483473 0.62489444338385
0.448446263131546 -0.355759451627839
0.156011041837804 0.555763435705061
0.482376461640074 0.564779671015794
-0.039187636374986 -0.109693489331713
0.111782696021307 0.188472342541829
-0.0468320954759959 -0.105852374156148
0.456545170114832 0.167991229653625
0.192366892759984 0.106790620482986
0.161878603979758 -0.0556571201939916
0.108627868239537 -0.0939065802859907
0.0560308710451821 0.0241309043650929
0.270925948349027 0.129058732660039
0.124831855802998 0.13893527916504
0.242995752949833 0.0208849951267202
0.174047243229422 0.120211995612472
0.0845776965476155 0.0120808657140424
0.229921939865227 0.183476215255073
0.252104064562878 0.138365324843338
0.0719735483748102 0.11661251565183
0.0973055199550785 0.106666293831916
0.203040298704729 -0.173862175557306
0.430882847595079 0.0559607752862109
0.229437314373717 -0.0352417931435158
0.0506344222544042 -0.145016724305523
0.370182968046497 -0.237607472256217
0.0654274627635235 0.256202762121073
0.133637477103368 0.309207204355204
0.510167698361579 0.246872261258428
0.385755226349327 -0.176585786372974
0.0456215156892791 -0.389076316547019
0.421561667420141 -0.0821720740341889
0.35638157854226 -0.134528379398789
0.571185901186905 0.144085043307134
-0.194299957846014 0.426792901685376
0.574806834310061 0.172188043958349
-0.323201393384081 0.346874472368325
-0.434071834809838 0.267909039927807
0.638623309513217 0.142498453941614
-0.10246809236198 -0.63251895653599
0.683603895032348 0.196034795420713
0.390243421812125 -0.570495348300264
0.581097233490402 0.236637589712284
0.695860658330179 0.181271652055955
0.121955935181712 0.768797378937356
0.597436436148102 0.336846421032137
0.527331904249424 -0.37053270008122
0.353706407357369 -0.703131507367073
-0.223725272371858 -0.710980404932207
-0.746874984693194 0.449241864473437
-0.12875802629344 0.674367836626221
-0.102827160954501 0.803058206022673
0.0628763480182515 0.905871149986854
0.0822696354351295 0.893999069669068
-0.0609854659044228 -1.09678732760039
0.923074954327761 0.0550829005510837
0.881631820488506 0.503196151328573
0.427948437560569 -0.870384062758734
0.469866965508525 -0.925392686546388
-1.07282084673906 0.396469346243002
0.768434006558928 0.418147694894415
0.993817301675999 0.130271154705235
-0.95834182087913 0.0969417196939165
0.426820417338601 -0.880541110237712
-1.28180165291242 -0.397973669149713
0.749122848765729 0.488132629928751
0.856127103691409 -0.434300136209289
0.902219074550847 0.211604757507019
0.917693465522101 0.104455718793183
-0.114133717211659 1.01616316755396
0.715873653441118 -0.557027804685363
0.637911318255248 0.165116050382506
-0.142681461531968 0.983405596182684
0.646012006596537 0.190898527227192
-0.248758023874572 0.958111023801697
0.0875863945580778 -0.996137125737134
0.619031175828678 0.126728893110618
-0.304147057646628 0.950553818465255
0.24892545494918 -0.891757464767952
0.0558686350328931 -0.932987782965856
0.609754678576227 0.22817434188107
0.685252159652485 0.14569386515803
0.133789785147091 -1.10312415637993
0.707464640287815 0.303073625549355
0.642471013090306 0.338017483034067
0.818226262504969 0.285303117570245
0.668936879105739 0.210615013303946
-0.346144647414516 1.22122220427551
0.630553770666107 0.360336169834328
-1.36443449985318 0.618031027325608
-1.58833528322729 -0.00730461705597671
0.188573980622735 -1.28130037451552
-1.65445152343128 -0.572881147878216
-0.575077809055931 1.05377816987556
-1.60747322305001 0.00729699029199125
0.207154982322981 0.0582270119162493
0.687112705013044 -0.00767925410836597
-0.147929888724915 -1.14041662914924
-0.429471655401572 1.05152739265469
0.463651526133188 0.347786611047041
0.632755831150108 0.189045415146413
-0.503298248858652 -1.05283193954974
-0.569130665062735 1.03589568364877
-0.204039711022642 -1.20193252777501
-0.353440855428154 -1.15789129790667
-1.41661307327974 0.504989234791994
0.406642619051535 0.117999163113801
-1.6200685118175 0.642126665811757
-0.671998161046836 1.07229183763208
-0.773719288073258 0.934063500761092
-1.97958755688962 -0.630296829377963
-0.737038665622719 1.06429624326396
-1.80656949931393 -0.111379394535036
-0.824222286951015 -0.885274252476308
-1.76367178065663 -0.0982542753340322
0.269396411576808 0.11430205724004
-0.831935832273532 -1.08539648005075
-0.901040547645259 0.933122107853452
-0.555269138372541 -1.17979585631002
0.291013004454764 0.216723597737033
-0.965739593146149 1.01530191940853
-0.984279022712373 0.857565443284011
-0.210616538890253 -1.43760021984567
0.29512728205874 0.351931929101927
-1.05588672350216 0.901982840485648
0.622147850457497 0.209137650513994
0.0452143674961432 -0.0402335167723739
-1.09309751843153 -0.922368241690227
-0.960062927844789 1.04143067522527
