0.29591953588161 -0.115437899251273
0.0631401818294147 -0.297145456022055
0.115965297044136 0.296154411521588
0.18835070610785 0.191738324868686
0.0431486057437606 0.393984676751568
-0.312838745847089 0.102244376879129
-0.0544932011355451 0.449198458412149
0.0344789677322585 -0.451453112871379
-0.506969622426463 0.0170282199185627
-0.382058342944539 0.145417258552462
1.0109638109652 0.0330702124198017
0.177334003148186 -0.671581219572629
0.0946529164719218 0.725324398328265
0.0942258901204249 0.767763786702311
-0.113584664809881 -0.145396552432014
0.570919835729304 0.443580865727667
-0.0332489660357537 0.219794738987486
0.28619516086377 0.742641824125567
1.36541099525963 0.0571541573138531
-0.059836424922417 0.195531472738513
0.589798124863414 0.62767802607876
0.295384229009672 -0.166719393642067
1.14731268067838 0.425781484104071
1.02952083910351 -0.444618268022894
1.14119322274214 0.368100274856951
0.340501629117366 -0.218107367542523
0.784087025633599 -0.313251902040108
0.475419913019146 0.114530197091643
0.924567984327854 0.148000428469106
0.645173838052683 -0.248172416589761
0.673320758417948 0.119731717460965
0.82257141991973 -0.145007357670449
0.942581106005818 0.0493894077048216
0.904336495228575 0.0543136260457962
0.74623024292576 0.0712834015773399
0.623191816229482 0.0156453084192178
0.643668775325118 -0.0514424959763171
0.548505927063702 0.0406352753743447
0.624375391707238 -0.104890741822835
0.419736783665075 -0.00598506644741001
0.389583665191476 0.0235560094659933
0.33367765006006 -0.0280123217109754
0.258192114225366 0.081078706347396
0.55061445297866 0.104047155317299
0.460739986335757 -0.204033050351904
0.127469701733746 0.119851752907269
0.308185905265645 0.305708745628705
0.348023030281597 0.275798461953851
0.459856058581682 -0.0777498211666676
0.360723485924557 -0.191985129795684
0.302471764621496 0.0354326863709711
0.416527439928648 -0.184099205419934
0.457755341617935 -0.100512373454261
0.429982326730459 -0.0529301373151497
0.49097344619045 0.0560706289549586
0.308738463351504 -0.0973466892715223
0.288711569267967 -0.0465058075073642
0.106248845911228 -0.1867267046453
0.0448327909611811 0.153683967960525
0.0584552482011893 -0.155965941335786
0.120801444089731 -0.049472157286448
-0.131289106975772 0.0218896413063651
0.441351019406837 -0.0397504846306171
0.203673135269039 0.103256356228356
0.37905009988404 -0.0548642896462454
0.27958560384092 -0.187634832072686
0.110154085195491 -0.0356199408796406
0.242766218752086 -0.197662753275963
0.325894379464392 0.126409670797897
0.405596286108152 0.221521340755404
0.48791222620057 0.224775973215894
0.117811718224919 0.000484032951183822
0.256120655664476 -0.230295544218839
0.562217517584259 -0.0995719037411992
0.196825617481057 -0.0092810559511775
0.204970830251547 0.0976453833497063
0.512166259926739 0.211910188708825
0.251324787071302 0.0621641243846916
0.442419194244416 0.0720309782591716
0.297483805470183 0.0236638765619321
0.232011665599844 0.0466124205656477
0.346281886302014 0.0518008585649928
0.262771499948512 -0.00737993001558435
0.309781025064315 0.0757906023135802
0.398415402981906 0.0972991334934399
0.261959259185548 -0.0302746994810324
0.170261423226687 0.0119616515156185
0.261772914304172 0.0501319606298116
0.203082538593572 -0.0172825429466085
0.228444923980916 0.0534506687801356
0.262739020985917 -0.00799785998600252
0.138197864292553 0.0988682519924953
0.160899960114402 -0.0195963738395537
0.214223636984524 -0.00254509201374692
0.129266185518615 -0.0161335278679965
0.101144062607602 0.0489182265410384
0.171202648381507 -0.00374403712729172
0.0524379722676372 -0.0364744613810543
0.122636322463614 0.109681180025976
0.125372203037068 -0.117989463900631
0.167398452461549 -0.145831653077674
0.16709011763702 -0.170504970168783
-0.00371898882246992 5.66459870977036e-05
0.00968041333924123 0.0132401154073341
-0.121331519982115 0.0646204167505041
-0.18989281723694 0.0784530623458052
0.239715286418667 0.221708098544356
-0.12311880304647 0.18262620803039
0.104121211808404 0.456896834719817
0.183603427919369 0.330472497587092
0.175528066726059 -0.55770350016076
0.735077034273564 -0.491247697834657
0.0137574996044264 0.207197739687679
-0.13112589973976 0.0980156801600671
-0.179371280301175 -0.00154926010910598
0.99577814824994 -0.178931881524672
0.442242345100028 0.49222111205282
0.614575908253239 0.283744291746216
0.628609853242949 0.447457372550602
0.634010324509672 0.429097360661475
0.971488004740213 -0.119509690939819
0.288767147577865 0.0506138821438567
0.713670972992124 0.191097981885415
0.711046981301352 0.149856999675994
0.619018220597803 0.255161363881539
0.7548609433114 -0.10405948414892
0.686023752771925 0.0605861083604569
0.505743618596448 0.249532113515919
0.52294333948638 0.255616543444777
0.572199319438963 0.0272479661221283
0.281080486003943 0.189645551446915
0.276402555963792 0.217461901812728
0.461587332384698 -0.0405969837966211
0.408982768691412 0.205952734087591
0.415496068856541 0.294602001772283
0.546328196951656 0.0604567832704187
0.122768153378041 -0.21204230683286
0.392530507032873 -0.0721451375517408
0.304455365862696 -0.113110642158969
0.529293245210003 0.0322701346453481
0.467654253685899 -0.0484273591867076
0.358241773990506 0.306868100568161
0.555978948313364 0.00206642323040425
0.269660474339664 -0.127787493983536
-0.122411011750944 0.011335007526682
0.300996058346286 -0.000324782639785506
0.39968805308038 -0.239512560585857
0.0356529259016214 0.205437952020111
0.208011398513007 0.314151371819298
0.0913031492632316 -0.0818284028089276
0.3453589850584 0.445412385307749
-0.0216809109113736 -0.35413180298556
0.195971044558317 -0.32770805747664
0.507489080262391 -0.264303470733935
0.205787071541784 0.44671413446411
0.34129388115623 -0.201495723596823
0.148276447315341 0.135764077498525
0.324142740580882 0.232619596059749
0.0226012000627304 -0.533516325425489
0.245931682308786 0.495827528826927
0.0355578556669282 -0.000822649912625021
0.329617386233168 -0.542113066681574
-0.370126947132098 0.0587249324337721
0.116173181399915 0.715886882572779
0.133843784735336 0.745298608063695
0.617753173708761 0.41050485402011
0.390406060595901 0.664062235035838
-0.188675806250629 0.332436382085242
1.2518459470099 0.0731373508962724
0.522928888501542 0.557022172574791
0.129617124792738 0.910017450893508
0.0362051291201365 0.85857154730385
-0.015021834824908 -0.909866700581816
0.00899861487732668 0.947748780429714
0.605044529174013 -0.987520498040869
-0.849718605341361 -0.532565807436989
0.54041585833579 -1.11980320088648
0.4721751847989 1.2361280442771
-1.37890632354469 -0.0517671305644049
0.0371283711729114 -1.12489395942957
0.682454963539303 -0.491995018181486
0.761897187871206 0.397984240789869
-0.277003815007761 -1.20763612059328
-0.217468797804904 1.17054974300965
0.435901596167569 0.84652737085565
0.334702763448401 0.855432046909398
0.125199011547704 -0.912508551325731
-0.897683228977936 0.0278574760340954
-0.195420100471813 -1.07595839202734
0.0935399387347837 0.886434547528081
-0.701262819646135 -0.150336103557651
-0.65396372674196 0.197201929453105
-0.321190480182694 1.03425544623953
-0.000990055343417296 0.821059919627637
0.582835559826285 -1.00065885437866
0.413457173821365 1.04004063441432
-0.669718998280792 0.00332247211789551
-0.577558913014965 -1.0312141219624
-0.859061305044102 0.366127910261138
0.248517805862159 -1.0896182277852
0.989077754485382 0.062272636852733
-1.24886343188545 0.297879513715082
0.0709324982332028 -0.608096879351544
-0.359869522069912 -0.998246767724295
-0.290036082231058 0.99171238314001
0.819065963620684 0.048754745317539
0.743359999608436 0.0679800850200291
-0.402473874183179 -0.825119219423131
0.0891890330223135 0.272815120183539
-1.01207536334084 -0.477169236671516
-0.758603912916688 -0.843706470103896
-1.30207621275753 -0.0119616210476136
-0.671923242706594 -0.360690545663199
-0.41480760478337 -0.726643684851858
0.0215540528477446 0.93424558918698
0.332985397353565 -0.541290690366393
0.407480994255637 -0.54142940811052
-0.774890880978482 0.172979601916824
-0.373269045899096 0.792174555405697
-0.39539377035016 0.839094306950996
-0.325576263432676 -0.835171417128973
0.405574663912235 0.895607663037047
-0.30420560290763 -0.881592593984422
0.458466766813374 -0.837889114064721
-1.08219439549427 -0.00856402927320017
-0.438800952243998 0.846796641085127
-0.928106703028677 0.124772306366789
0.327852127328616 -0.634432046952667
-0.732621810082949 0.859960202192185
-0.776487727221266 -0.020607144736355
-0.311508987664743 -0.597675604173875
-0.0991163517807095 -0.88462276732432
-1.41783174626389 -0.0175942095018868
-0.972817513646023 -0.191790178137554
-0.00843275937277527 -0.411710443524572
-1.09277322975553 0.698867017481759
-0.0261277018380538 0.438679923807142
-0.599889944563705 0.021643068335364
-1.30333793502915 0.2585591542573
-0.430351349719983 0.00851556761456779
-0.325114164995523 0.95693663090682
0.162653736205756 0.336371732766508
-1.32166967354825 0.471730674893706
-1.66287067705759 -0.0287604494813384
0.386022758160222 -0.240823013518446
-1.03706656173182 0.885880713763967
-0.339228513930948 0.941252378591123
-0.573580052666513 0.679512804746667
-0.887373492933679 0.957081744453191
-0.0191523312407983 0.0221301871314741
-0.469130720099688 0.580433762940822
0.257179842537763 1.06926017376952
0.939051096228866 0.0592611642798038
-0.885413446013863 0.203353639201894
0.126625664792681 0.473941916292108
-0.0904979707948155 0.79124388574597
0.95755922497785 0.0144470437553215
1.03095106020523 0.0403778799410187
0.668318460672737 -0.576880459715637
0.533765718644764 0.897348134549003
0.636206240817371 -0.798404336717361
-0.114294234087992 0.841165946912135
0.0989592376648703 0.763075404704031
0.00808358370229015 -0.811554124356065
-0.474580229182979 0.0103994920260933
-0.413535443089346 -0.0297089074574948
-0.406344286874462 -0.037823617808452
-0.400265390297724 -0.061701710921021
0.23848002862731 0.883784012486766
1.5139162649759 0.0519413726442242
-0.148442984869314 -0.0336775329247914
-0.37907505070701 0.0112011659380036
-0.0430012484135489 -0.0228862704798326
1.19215986637505 -0.511817594450958
0.139110029132497 0.0129041312162938
-0.182042619072709 -0.274408453369737
0.0690340960837566 -0.21823608072482
0.24459230038847 -0.948480610462211
0.439913881889806 0.90574561038649
1.17032918588567 -0.686607043759609
1.23496626956839 -0.595982359875198
0.755728257155221 0.657745568836869
0.46989710760393 -0.743535495798825
1.19763837318016 -0.412897196266055
0.0483962259781421 -0.00354683711289336
0.325510402757643 -0.245123244200512
0.702979054996213 0.541878107237033
0.713547533133987 0.497476648063867
0.946410776835791 0.027207652190747
1.16542870484415 -0.1211287242293
0.0567813397070056 0.00769990831003737
0.875356276221354 0.548059395137175
0.962143989314491 -0.338927822054263
1.00832089642226 -0.274504024973077
1.24727658864964 0.0956928764680743
0.896393537141532 -0.237728440344751
0.630117946440623 0.246923396900112
1.18019260474043 0.119774910999714
0.672887270932343 -0.222137624212248
0.877376314091597 -0.348707323642519
1.34582554523136 0.00119038684853581
0.80548757495036 0.0593452524713044
0.811896145956278 -0.0235457397350448
1.25051457963315 -0.0505762183899331
1.06161669743611 0.157964658114556
0.990678845969345 0.240308933906777
1.2813250357409 -0.0961144628636534
0.730139924675417 -0.057159294291297
0.834243761178895 -0.0496759388525402
0.677687432130317 -0.137415259474603
1.12009660717008 0.18794092766176
0.435122302513791 0.00967615550929785
0.585124201821646 -0.262478895250864
0.791910448966752 -0.166576352345601
0.208662710652727 0.00260101890868101
1.20068960976276 0.11703438985793
1.09713650034153 0.0427463005094648
1.03600454069476 -0.202533953257685
1.17874511210887 -0.0276014554648827
1.15324865963504 0.0304274981388137
0.769361850014699 0.564321796739809
0.804407596369044 -0.363752684930545
1.16431214043952 0.105255437943002
0.906679040596761 -0.520218570759587
0.163922549830609 0.559482305516281
0.655598480708005 -0.494218907964261
0.0565364617890385 0.563825130079535
1.10448820341486 -0.211836880692624
0.679239983250558 -0.714870092821821
0.629079098995444 0.778685302529957
1.21140486416894 0.408730044875422
0.273912289670987 -0.382901875623249
1.56504647161294 0.0496262083421616
1.58139304297958 0.0614363432309977
1.11222562440334 -0.764210614124992
-0.264545881587713 0.257587664678053
1.60734053555341 0.0253929640484253
-0.0356960364064092 -0.113791006329791
-0.215716867872936 0.197479331746717
1.1638084051671 0.752005772630763
0.56643684462591 0.76657925212387
0.57870906767117 0.812154822362352
0.376909696357715 -0.897260053128468
1.07615611286814 0.820493439238223
-0.354115904260494 0.049158763543391
0.987436756731151 0.780301436577739
-0.40926915170106 0.0871319806270767
-0.385229340353825 -0.0189724214775803
0.26706300091173 0.87306485427053
0.867448100181672 -0.692676111188248
0.0466076976845375 0.8447564443681
0.0297180153688733 -0.758832801286918
-0.546312126784924 0.0282374316071256
-0.585111098196093 -0.0361150709158715
-0.713715882553295 0.0255313938293954
0.0622973692232799 0.746939288308581
0.160964937343477 0.675848888984502
0.522408032808601 0.920295423542824
-0.195857070573875 -0.907955108856998
0.544990503262835 -0.829707920285659
1.0386202861812 0.0745281205985149
0.53240140710196 -0.848084626380296
-0.344519871516836 -0.294290914412429
0.343403966666656 -0.386273176549429
-0.000938917475953586 -0.776375220494549
-1.01533348470248 0.0244915629373349
0.384872094708192 0.205506267491198
0.533124251238415 -0.119429350281933
-0.738729457117924 -0.515090877999721
0.0770462365393905 0.825388356061903
-0.0800078390279124 -0.00410675135219581
0.0639563515219048 0.802113709337008
-0.237147254666592 -0.639560654043149
-0.329452407143871 -0.61208168829832
-0.0539717287978818 -0.469593326094727
-0.346834327945183 -0.66554498923633
0.281566598922487 0.555611803510766
0.337269393557231 -0.509083794763193
0.192636954269709 -0.783017107613465
-0.489639055520047 0.667463240072351
0.443794385060695 -0.572360538720905
0.882634937835704 0.0262003173155348
0.352620596244581 -0.754249252491096
0.413607654957069 -0.655107874995392
0.473504452102161 -0.71156845313914
-0.148462210796166 0.679258392173089
0.544945736710692 -0.763234577432013
-0.240364431093019 0.780206114504195
-0.378791202148754 -0.84898224673523
-0.823622010290564 0.0928913534936885
0.338348797048833 -0.776443252005237
0.0538004193792852 -0.519805987663289
-0.530501610217277 -0.272814404368383
-0.812039897573915 -0.447039461627551
0.640993876144936 -0.264903633348664
-0.404939068705918 0.527198295236507
0.372275433531845 0.25814787952738
0.385046110585806 -0.302178288518677
0.0377258497013755 0.803197436096166
-0.456677141027291 0.85149027023078
0.953431732078572 0.0299729713313899
0.613061177828846 0.142934224991771
0.292891996040736 -0.689462355947195
0.261622088806222 -0.793297612677873
0.0985427962176127 -0.588309844471655
0.10925550357455 0.614898662176771
0.160843671807638 0.618825442274731
-0.149846160667587 0.749977164692698
0.926295022709089 -0.0328959159673683
0.59397598299818 -0.612733162537877
0.472111585071429 -0.525039220526329
0.401006023320646 -0.473052204272672
0.583934821455671 -0.396141329805986
0.994902819759388 -0.000882231479916933
-0.102910134192887 0.24664149474027
-0.251913337954688 0.00691269771982161
0.137051050154163 -0.534377329982743
-0.0579311936191586 0.0952145529344631
0.673779799128093 0.424569058939064
0.369023162390979 0.348660235683098
0.240333785725502 -0.359263672268194
0.555775574403112 0.404926536840608
0.183543161559163 -0.312336780004453
0.199057559381626 0.286637729240766
0.0702882641834557 -0.402805880561613
0.167536365246665 0.351634064555575
-0.217828883715589 0.0873293187273412
0.565241574136637 0.304941301287588
0.311355771859569 0.485672545621863
0.123989045189923 0.453025778441237
-0.258646355925558 0.237181642523984
0.37437806662907 -0.501967862169419
-0.0109886017316368 -0.295171819760512
-0.138784563289875 0.516417714828356
0.0478380168883128 -0.298985329976286
0.454145204117405 -0.00195494096132282
-0.146464828344154 0.297162272527454
0.326599276198279 -0.00612784398867567
-0.132918919175382 -0.243377794667203
0.316721324252094 0.0172172956734753
0.29300810785208 -0.00637751714572019
0.361528241228432 0.00449296460144852
-0.175120380578742 0.0218053751597864
0.23960307628745 -0.22299466384659
-0.0244406776529796 -0.148670699190863
0.193978994162049 0.00247615694022297
0.570810267940243 -0.00568890475849461
0.237526172391548 -0.288272713989197
0.40547634088999 -0.189806453899604
0.0914420141321096 0.299779682290385
0.209059973162595 -0.345173140314172
0.344887172426573 0.0915758523023569
0.565767316906184 0.240256552908129
0.222985897504865 0.37225458810482
0.213528857179181 -0.375413415296463
0.230664488689679 0.450469890298141
0.247169254808035 0.024982833963036
0.667276615417442 -0.0665775113129348
-0.0931094573999858 -0.330923245719599
0.281799370824691 0.389442091902591
0.24570988628701 -0.291715911329698
0.340849643335949 -0.226666462836492
0.222617563244764 0.361102893729883
0.527240038459929 0.0715837775507417
0.336337353294315 -0.208132182362141
0.0418164176785921 0.242400058539938
0.417998426100929 0.445477249223548
0.143470942446915 0.253734135758744
0.301067608986278 0.264562106031164
0.371201342272053 -0.153077665325716
0.474895100387105 -0.156073771640313
0.503867051597198 -0.160716995176378
0.190490571907303 -0.227227620030904
0.3833505838096 -0.11291926231012
0.116239030997346 0.152023802244364
0.161704129503692 -0.21493183402879
0.152225761441896 -0.2931257392792
0.437755736034256 0.104097754311984
0.433034468272315 -0.139999536783554
0.494921202224698 0.452485625440966
0.405202485610803 -0.0900222311383913
0.217435851097171 -0.115817531104255
0.152573658469285 -0.151210526499179
0.341979937786997 -0.223092085134692
0.297221229518751 0.409379048863303
-0.0416663696759299 0.417595685133121
-0.377742122154159 0.0263137198937813
-0.0919898657031592 -0.504017859743372
0.30707772698545 -0.337781483539159
0.323862988105662 -0.304391072615309
0.281554742584472 -0.34146548573179
0.30038842358588 -0.381527864482843
0.274404595553843 0.473000034208304
0.336324272923986 -0.302082290162654
0.616083477470326 0.00256486347909812
0.301228453927347 -0.471800876593775
0.595576376089225 0.0584319393568609
-0.178257686312084 -0.434366378458844
0.223322312047974 0.55649207496852
0.595091628797558 0.00300293114843721
0.293085166384818 0.52510961584658
0.436902899609433 0.0291239903660201
0.12313087217501 -0.301842830983467
0.381988482310659 0.551457445047384
-0.068740014195377 0.427780321415183
0.534066293206441 -0.0151261713237921
-0.0163959348628295 0.379472489762641
-0.0600793009593779 0.226304502908645
0.413927850589317 -0.000394681275071429
0.408752391825058 0.068076977342948
-0.117149121984728 -0.317800564764464
0.271679603299276 0.0440894670398966
0.169086182401231 -0.280313385569826
0.0684439129160549 -0.328736494462343
0.0916177613866377 -0.24945969347137
-0.142561758274916 -0.403586955897391
0.17066256059797 -0.221952319115738
0.355647329710062 0.0351446119502088
0.16783769296146 -0.356618907688727
0.146132694305271 -0.365502542472558
0.443239073012419 0.0413997995062212
0.462686576908479 0.0196805132868924
0.129511893333941 0.526093302842804
0.128892135105143 -0.372760314963615
0.0414741794168878 -0.3931331166716
0.478387674425095 0.0284918464691047
-0.341249875939419 -0.474009288345158
0.485605209965017 0.109973210534755
-0.342900496883112 -0.630038277063815
-0.310786389556197 0.328555032577376
-0.581362296865086 -0.00395745658641022
-0.573399535950971 -0.00275172626401978
0.502746246430192 -0.000635994648202182
-0.463448764703594 0.0133580315149068
0.435314117984068 -0.00369239749236604
-0.218679031620413 0.182315400257536
0.0226770104418268 -0.119665590877407
0.197866553682736 0.277647852377407
0.066632321110248 -0.00237809966422193
0.0134515498296694 -0.0384025341027756
0.0655093792643473 0.120906026280279
0.281313645317324 -0.037569589285652
0.10189883736121 -0.082308631664597
0.139641995682245 -0.0183901423128514
0.109885831880362 0.123656696302237
-0.0428773241733655 0.0155020408358132
0.0451142188071761 -0.123202794331379
0.184498642288501 0.0714275388567715
0.190609750621981 -0.0281089006930303
-0.037620034967239 -0.00544297732772264
0.240498850929138 -0.0313177348839424
0.20064982842136 -0.0461991824721743
0.384441902112126 0.00800188673854361
0.175012789569979 -0.115212295875826
-0.0226635687002374 0.0138824455177456
0.346081730820887 -0.109255904580833
0.295921259104104 0.184265147651906
0.223138208284578 -0.163199386977942
0.0544733619499013 0.0566960243759002
0.18846334600683 0.0841394600201858
0.232319682517306 0.0792652070293996
0.0923975706937984 -0.27472309354351
0.317414886657939 -0.0332102841609077
0.190028265698232 0.102705153975275
0.0651267541230371 0.160535282306026
0.0201383088581333 -0.0935394544736118
0.246010197369814 0.0973187297277373
0.145578515432664 -0.148792396985504
0.127124345206581 -0.0139545817350182
-0.194295652819644 0.0869825065890514
-0.312075120453956 -0.00096505104851218
0.166837581621078 0.0152597974107879
-0.374032702862092 -0.0244418949434403
-0.0376408468811919 -0.172005595242451
0.147956335046117 0.0378702227944583
0.283112215686582 0.0208534567912777
0.0059863558049089 0.42038120659798
-0.040563872368881 -0.317015448837822
-0.648504015666377 -0.0206388604752263
0.00913016912471915 0.41082477752232
0.0397687449748864 0.391144116467022
-0.393026359326674 0.31882066966814
-0.408658202455859 0.310555604983331
0.0112232735000147 -0.27491347852612
0.457806162361895 -0.0958048022075445
0.108390778950946 -0.398209832125095
0.476877529807354 0.260223905412196
0.148576895559513 0.464488298752567
0.397788865010251 -0.366985811038988
0.231737931395556 0.234164423119702
0.594802217024534 -0.185976629006587
0.093783465316802 -0.383863740252782
0.175911281837546 0.327237084198463
0.319025140211785 0.198095240594198
0.298977683218463 0.324860311474935
-0.000494976786564974 0.0109696780209633
0.247691737018468 0.276689798936944
0.2946319425724 -0.317905724746427
0.0761377548608815 -0.0145215358693093
0.139555340526137 0.0253665110213538
0.86668983921142 0.0609187994452793
0.462030627303502 -0.30497036244064
0.520209585938848 0.20250856119561
0.567450920246604 0.177048801424556
0.116423378284504 0.0987852455837683
0.419948602082852 0.44081207962661
0.00108956649738675 -0.100517705765353
0.666552847719334 0.402952606410692
1.28679639932276 0.0326468340060433
0.0612754845171623 -0.0359320937360803
0.514269722113857 0.557441867592732
-0.145827956691284 0.101107532493376
0.890259979396147 0.781731849352749
1.10110027394536 -0.513054063915194
0.861671558265454 0.800881441093351
-0.239805610526978 0.0675654291331657
0.250026146981129 -0.788635775549428
-0.33466196192031 0.0177302346995413
0.301695926461356 0.754093975119264
0.142080226119911 -0.850790052431635
0.201964305897448 0.790913363612973
0.857199128454771 -0.677175747385519
1.28113205264616 0.0420882799487273
1.31722260427598 0.0442779703844925
0.479853089085045 0.50022771737336
-0.269804882317088 0.351284607481923
0.208600151819897 -0.812893963279215
-0.564179028057439 0.265100063979935
-0.0772851550988594 -0.978343772820276
0.234862530258942 0.00197452398523341
-0.150339288377851 -0.350572474716833
0.329162694915654 0.0253626485207627
-0.505934496594495 0.430180585446576
0.491081789934235 -0.66332948154543
0.2926188915467 -0.849165461236285
-0.49860223407433 0.493831257061962
-0.197678862443073 1.02355127728524
0.378828959911774 0.903788102192439
0.50137496886872 -0.781610719912811
0.312886336848755 -0.82815203321503
0.777600496290167 0.025597898101466
0.343922356906468 -0.810950444606304
0.297359441132342 -0.883619697405984
0.758808776953085 0.0105481149162072
0.750396682218244 0.0457628240505009
0.0671829421369328 -0.831567464874913
-0.018592481854192 -0.856770711544781
-0.715020442159167 -0.853190813653896
-0.881304089047669 0.775140763359615
-0.767532897837724 -0.876230503829584
-0.300197769712745 -0.771739337665262
-1.44639477833144 0.0155108606303419
0.561447799575749 -0.0621435821290318
-0.272603940236621 -0.784028564099615
0.621580890680036 -0.174941347668081
-0.1548963633142 -0.95083002982876
-0.493652791368017 -0.585045893964956
-0.110319857335048 -1.0024401606055
0.542903676586454 0.304901812387759
0.35742786399456 1.15283851133535
0.840984468060386 0.437079611848647
-0.939762429357824 0.527680981129476
0.564277485053404 -0.486759054875904
0.647623556134919 -1.12713181222859
0.140272708609479 0.0401013139819603
-0.290384047304345 0.590915693116423
1.00582344943617 0.675644050259801
-0.850335242522096 0.254567790234158
0.531148987079905 0.678890794397965
-0.789822139545392 0.24560373061146
-0.47347241597198 0.311068366479371
0.139455715705392 1.01138839911874
-0.40193339444873 0.0304854515862411
-0.00931262050461746 1.13346512973705
0.860615378996196 0.920497546348849
-0.0315173297110325 -0.988482878874767
-0.758173651977571 0.0027212569608869
-0.026434856066095 0.889043299883307
-0.681077580805082 0.00388897322009289
-0.751687757622839 0.0200131097313918
1.05589171339962 0.0426886172206775
0.416443079904832 0.876058787432096
0.427199852994718 -0.727501322656937
-0.682685789523916 0.000509864118860072
-0.315714307678705 -0.731197129553485
-0.312921341327733 -0.814593136870018
-0.672693503385808 -0.0384022106142711
0.38209600426723 0.613485818415673
-0.3407560714692 -0.792349260644616
-0.387392583206724 0.831772592409802
-0.489896039356756 0.823373362134424
-0.405048955337882 0.889017894281851
-0.297158396657695 0.783029667936148
-0.896680376881366 0.0152040975885205
0.510957432358457 -0.891725890460022
0.6026739884771 -0.879511917288595
-1.0099657941378 -0.0265962140647227
-0.259305587789351 -1.02024971555139
-0.202326333645425 -1.00234455346518
-0.190430736207903 1.04900033276683
-0.157335451783523 0.972711358217155
-0.0351202374805555 0.873865475086975
-0.449732059874213 -1.10361862802379
0.580263879625879 -1.09582521338689
1.18968118723212 0.0624018825408742
-0.831207502239444 -0.242716980094435
0.837016499847756 -0.570020951113934
-0.111818627664449 1.07691005000816
-0.0892516473743432 -1.04787273151817
-0.0670556453160182 -1.05702756759136
-0.576401592764652 -0.240764181411133
0.851976499326378 -1.03045414374151
-0.788576728981164 0.222651794784624
0.218583042498567 0.982238465679614
1.04604324622829 -0.44564958449396
0.641599697118692 0.391232705170021
-0.758862064952691 0.430009331859954
0.0739071898093139 -0.962392434864534
0.0495338040191615 -0.961310655981148
-0.864094174476292 0.523277451704776
0.860030799884049 -0.209646736746965
0.755294316503782 -0.188741790332739
0.525779733355666 0.166281097408706
-0.568192289584977 -1.01956006782463
-0.491021392489458 -1.02067963818296
-0.109656490186095 0.677998785277762
0.785226044610548 0.349241544345746
0.276154604309736 0.761449775634492
0.655761856217937 0.26709434104699
-0.525849711399924 -0.522467926855925
-0.0461617523792056 0.514630582181883
-0.109056842411839 -1.01056131488307
-0.449455942442634 0.461074729987306
0.612780035523755 -0.733763089754634
1.3971533490869 0.0365838959676245
0.60609967590934 0.0199429326233306
-0.296594607519014 1.0886859725499
0.800230335245407 -1.01030060544603
0.401439674974473 -0.961050044144835
1.01994697800789 0.134040917422586
-0.253165296793596 -1.09166146441496
0.686658474543017 1.03444048714947
0.558944447782047 0.94600442533962
-0.0369071596724675 1.03518277066764
0.716718187450517 -0.785396683872563
0.594667006075631 0.796035225548773
0.825540818159007 -0.647059284459174
0.777232235769229 -0.659105801020317
0.636541709264649 0.82555716059526
0.738305818012519 -0.617203259718585
1.29679797300702 0.063482550018413
0.60754364191874 0.77282757278264
0.828257333453573 0.0434490166827302
0.465363542956152 -0.413271480654089
0.43672009275257 -0.399234805006984
1.02989009014404 -0.604102795581968
0.748577825744838 -0.552714296303078
1.18360510922491 0.313291773166583
-0.0492778153787385 -0.00730213575325957
1.01779448326567 -0.452101225889943
0.825590815572491 -0.124487919154082
0.860729488496568 0.101479223993898
0.73489006931859 0.417942554342945
0.768246563545925 0.254137983523088
0.293221521957165 0.0648541128335347
0.69097692689398 -0.448442344938342
0.259484797103231 0.0181009401151403
0.130510139471836 0.0222781409379257
0.090458665581463 0.0354379154719087
0.611355479729808 0.546103822290808
0.964957686020968 0.587914721451756
1.02462820841497 -0.296049573817395
-0.0878059641704328 -0.152593707924637
-0.201637930023383 0.129717883103377
0.283235781369081 -0.567845530381886
0.292006100160678 -0.519949387533617
0.33234474210848 0.337364985838291
-0.339597975177828 -0.0394261378275991
-0.168728874851978 -0.0928040297876499
0.15799711556754 -0.442266050950576
0.165919701115829 -0.397975589065921
0.467919200970812 0.417088896271489
-0.141683831803443 0.0112243548989953
0.436079419849833 -0.14083206991107
-0.0160645850620151 -0.00724878100924611
-0.00677366010738401 0.0861267136802911
0.493808833951096 0.0216270369215359
-0.0323390128140352 -0.0546843138333707
0.277740925694859 0.161244493058588
-0.0158877169785435 0.000944695031633457
0.0824542082965422 -0.00586021463016194
0.202600364271239 0.0721130095729949
0.267711429057145 0.108202761280659
0.224647537307714 0.156562241480286
0.263370390880584 0.0740314150131488
0.250710887663762 0.00756433018615572
0.229478785790533 0.0110412202504592
0.392726301254261 0.0821244562355852
0.517508178145952 -0.0547168955845433
0.457097833289152 -0.106078049512019
0.405408659526904 0.0485044058416268
0.369780353186336 -0.000765157003855566
0.517503180726779 -0.112695479067162
0.615591047725 0.0625907506533993
0.489313855983974 0.0799733073674632
0.662972555670614 0.097412991179707
0.72460508845453 0.120598061659574
0.790967671389749 0.381068478911409
0.657400652049817 -0.263867825379972
0.678073969907645 -0.277794224022547
0.716595760880879 -0.105068526735022
0.882646389612528 -0.0777058030433535
0.731328706305353 -0.232000320232758
0.886370202606739 0.101133911130545
1.09130497831443 0.0584784819810243
0.656775539500619 -0.507430792029303
0.111617566411346 -0.653082365827021
0.601429534235377 -0.437434520180054
0.934719406255423 0.0226981151929979
-0.383313359419938 0.0110011328543436
0.0962248693624168 -0.715446501715343
1.0502456425265 -0.0140933261742722
0.815824086724173 0.0135602657641379
0.0996338521666619 0.418214315412514
0.908336762195174 -0.455149139648047
1.01549888393918 0.113653773045718
0.85997907017268 0.577510139415293
-0.0245792860817643 -0.00821114867258117
0.703802322360852 -0.187324157044674
0.133534384162175 -0.0164412537020302
1.08299168216017 0.0869138008418849
0.812453364468033 0.367159547651058
0.870691183298808 -0.177755070384719
1.10832606421397 0.0279888214405571
0.797912023578995 -0.0875854771184668
1.07589166192776 -0.0142874418195721
0.859756210607603 -0.095512557802233
0.86198378110759 -0.11861244299355
0.986549489611773 -0.0417909173934705
0.836814605536515 0.0181183679968852
0.895579410795467 0.029799119727723
0.809839524721362 -0.00424398206319077
0.897444346966544 0.0253900948482032
0.905141795640995 0.076161700099801
1.06029487465332 0.0110763922313673
0.950418104741831 0.17046036866071
0.997741832683506 0.052058575475942
1.02705574798244 0.0439298807160222
1.09737480217678 0.107738136129966
0.847355218871363 0.254243509591928
0.822127043764218 -0.0831453272218909
0.59402607091598 0.209784812288843
1.33728722905852 -0.10760577655727
0.972744254001716 0.162570413850886
1.21695732254789 -0.270551503934347
1.22141438711748 -0.318312713578835
0.647910442731454 -0.577901702161349
0.603017058386866 -0.638912266012419
0.139377852515452 0.187281671268137
0.434251005348067 0.0233059506662415
1.4222667761442 0.080912488034855
-0.174285295356251 0.029307802493036
1.33798025986929 0.0698542502703461
0.772995807994159 0.299958448685532
1.28300471611863 0.0991181459042806
0.0589464456444539 -0.742169754679818
0.771076280011516 -0.62084024756007
-0.1456447867654 -0.504566210806827
-0.166320407138771 0.392842553386111
0.412560565881968 -0.46530368511787
0.412524369774874 -0.46416939181028
0.454560695340615 0.744117569864306
-0.0859215864688475 -0.620348644365049
0.600520516902515 -0.493980539212728
-0.51281421823613 0.0288215518109999
-0.00538103721667288 -0.66096023866221
0.0825689803730424 0.651823404644459
0.14551378935137 0.659157873180245
0.854120989986981 0.040854879518975
0.942491406324312 -0.122138336202482
-0.290288948685482 -0.0313924571273985
0.566784253297567 0.583397531274849
0.317714700581917 -0.209628472073951
0.592718479949843 0.232036592160793
0.87820723607674 -0.0563117146298498
0.792700912060649 -0.445434500800648
0.269454307175313 0.561366926633226
0.947489247428957 -0.216394949150552
0.25353965430054 -0.606107589026382
-0.0406746169176286 -0.0465559760028701
0.494024143963493 0.472052597730411
0.49058434666272 0.389743863216869
0.464354528412094 -0.481124669779853
0.0493763500342609 0.033010021052686
0.550855422255459 0.356226863365404
0.821656502001417 -0.323018759928664
0.159554061895766 0.0505219405511886
0.939037733054992 0.379874848560703
0.730256869410354 0.240094327375712
0.97347919672391 0.316579993695978
0.380526211644494 -0.0184937305267179
1.24311178887224 0.0495517271613445
0.951647875761005 0.366233522796912
0.733853131944484 0.226945438606211
1.24164962149373 0.0663868617545198
0.466382170459456 0.0759990743114315
0.370519510895982 0.00714129275521783
0.785100848750893 0.247282741286794
0.580466101406377 -0.152385515607065
0.465854296503365 0.0265358904581037
0.686148310899954 -0.169207774317443
0.762138766705401 0.126922561706191
0.623484589566835 0.00278161600034547
0.967229162105323 0.0178893537448952
0.769080347960794 0.012830127437101
0.799123820077213 -0.0050422721944
0.782875254459458 0.0601996420919007
0.975976824683354 0.0390532978245999
0.88173423360109 -0.0247620952956337
0.860372734530049 0.245822716181941
0.961712829787097 -0.0417520295779653
0.938819354462716 -0.104433535274569
0.940297850237274 0.0541125052141363
0.979703896925214 0.0434031416906515
0.768334951915308 -0.221528492674294
0.584203483751476 0.324994938766139
1.15836480845121 0.030259685991375
0.873304710263655 -0.279095826937424
0.495851586592094 0.420012165408329
1.20953178433649 0.192211336355578
0.771884734312205 0.552281689434578
0.699188011638168 0.551613101461146
1.03445678026425 -0.0925225013495763
0.772604052000126 0.686339626816967
0.572095378347935 -0.382642520456402
0.671261266800839 0.701245439027666
0.476730532738881 -0.435444560713572
-0.0193259358609145 0.5939894715542
0.61317019112532 -0.45957422751065
0.971198282013608 0.00535531908983402
0.823754178446694 0.122837450676113
0.457392066261977 -0.633654078898644
-0.349275768295908 0.562786136695096
-0.40887709506957 -0.602596241420079
-0.885587623194719 -0.000295172951160857
0.616695839621743 0.12995405543004
0.535950611001192 0.171679280298756
0.303761175681564 0.829194017522383
-0.403829663703664 -0.776679636648443
0.232526101534054 -0.723574811265693
0.750811476856093 0.04981942588921
0.158955446242156 -0.716971933897233
-0.410262827256146 -0.395178285182922
0.258028964880634 -0.263672407633128
-0.185651966884109 -0.711792969075715
-1.15916663161042 -0.0170991804900892
0.113576563111018 0.376120048698594
0.487704469697976 -0.387645134086549
-0.885880214048092 -0.317300629898764
0.229472230342921 0.887196122691692
-0.478673597103496 0.0523727302935584
0.267288457921441 0.977760043745743
-0.397448719645734 -0.797577946929986
-0.440183415300263 -0.790184491350401
-0.252968828556273 -0.632447802936262
-0.518798287503723 -0.769528112226196
0.20603542588303 0.65240110725518
0.115132018037113 -0.490470140000367
-0.188009458201531 -0.837397417487683
-0.968407183068787 0.696814226627939
-0.0671243376445953 -0.418884646668155
0.243705014929507 0.0249563548166112
-0.321554770591919 -0.570799690876031
-0.327562858836211 -0.530171246854866
-0.293503592946182 -0.359180366041054
-0.909500483562452 0.313054339827957
-0.326160967776866 -0.363115236501619
-0.883085683184863 0.348634097985935
-0.747727210411655 -0.426089063309947
-1.15746303045195 -0.0112783469295314
-0.536541480789631 -0.347108211610413
-0.913699508729666 -0.453246164570936
-1.2636442467449 -0.0347484727983175
-1.3040545131175 -0.153520314266057
-0.419481909748921 -0.318601852043511
-1.19669540417499 0.159538139881171
-0.679025372757487 0.299578320172082
-0.635275845939608 -0.39816190803686
-0.827150117083803 0.562908737956585
-1.17169448168851 0.380198379932203
-0.0189569473601795 0.0267237455370562
-0.470207687258242 0.144595674352699
-0.866421777732022 -0.309079920753536
-0.920741040101132 -0.253476543078018
-0.88362199957349 -0.216287969161557
-0.858269189039685 0.414013016237116
-0.800024586206079 0.410774070863681
-1.17091857444739 0.242533171511779
-0.454816728244592 -0.00608235792554387
-0.808110701768165 -0.186348824169158
-0.843022985507417 -0.132263489351505
-0.876152236103821 -0.103805602485815
-0.903849055398151 -0.148115492686612
-0.725413613849539 -0.00763702150187352
-0.878975829655997 0.154986290725845
-0.9948886358454 -0.000484337070526527
-0.843417353404525 -0.114384597314003
-0.745194342211246 0.129585614959465
-0.500866862104112 -0.105325312467701
-0.594955852652674 -0.133446849729364
-0.498266927416557 -0.0217689861569652
-0.493355918547247 0.0904227161388594
-0.563478439000206 -0.0814407765223866
-0.457199831593239 0.0654120236403237
-0.411376834010972 -0.0270087713684432
-0.471048608841949 0.0290283581875645
-0.550526141790574 -0.00661036774451567
-0.514919722921008 0.0566090682138739
-0.450546254539339 -0.016185303180832
-0.498891928803776 0.0398046146391905
-0.524205126231901 0.00858762340753561
-0.567531505602132 0.0318451110922939
-0.399094933126201 -0.0463403531677021
-0.56741868676803 0.0358732019762676
-0.480347448070232 -0.0590103851036019
-0.554395396469812 0.0572027049547137
-0.564330462066322 0.0211403852430428
-0.406958590221303 0.180906439280463
-0.561835235267525 -0.0951541658145569
-0.44633543299576 0.000696671222162841
-0.631316915062908 -0.0816069044402585
-0.670699222274278 0.0605183258129833
-0.638249755027843 -0.00818620190433087
-0.665483087799521 0.0468043873417498
-0.540822294313799 0.0285282580451861
-0.598132828126421 0.0299545288270515
-0.740553491333024 -0.00426980169775531
-0.540886688268226 0.11173982475182
-0.592386267325068 0.10302767633795
-0.39503124139276 -0.143749981301442
-0.455678926446123 0.203154940666315
-0.493716534325544 -0.10421174345254
-0.619199560090677 -0.136128687717605
-0.488948097562078 -0.222765119338403
-0.496356770626415 0.178622111462558
-0.473745155718235 -0.163994846143073
-0.497843768652881 0.00550462278440853
-0.737677155298722 0.0513547087265695
-0.384638680550612 0.0549074294223886
-0.571893788150431 -0.0516181669865713
-0.59867349881946 0.173892874126567
-0.570534065783117 -0.101201131661798
-0.807273033257229 -0.132320089626208
-0.652497962504478 0.203512868666048
-0.752138821053531 -0.111311014837186
-0.726614022960512 -0.0545188102132028
-0.60529892002525 -0.0442592026164036
-0.570762035874311 -0.0192085408704893
-0.791800832136246 -0.242370329679026
-0.710936030697598 0.048901789631655
-0.66440143804548 0.209444880683482
-0.614942289376034 0.179545396995483
-0.467981057695601 0.214707093539837
-0.569209856723376 0.129924874486015
-0.34358148691687 -0.175083771794767
-0.2780601150629 0.228331681324829
-0.342712926987624 0.311153607640631
-0.630501584379924 -0.0636939382286894
-0.539702599174581 0.10276348718006
-0.427454395276918 -0.256856817191572
-0.340350964183168 0.0799062497361236
-0.260423062526635 0.0245657111831547
-0.152150762091062 0.0253794322008738
-0.333490869055709 0.0153349737859436
-0.312137617902455 -0.146827061156967
-0.150781901746785 -0.0975765482915184
0.0338346282248674 -0.00257410215157976
-0.0860166669590615 0.180595847386072
-0.315411891078075 0.195130996301077
-0.235072106569428 0.169265670389824
-0.310603344164048 0.161669432305737
-0.351280404732225 0.17595071839849
-0.272453748719304 -0.332709206561815
-0.237948825652732 0.245724255695646
-0.570721066754518 0.0341141684349167
-0.246231607350348 0.355302487693133
-0.634806703248167 0.0364440007021505
0.0416446036843869 0.478817157748374
-0.316581139194316 -0.390710304455198
-0.664336667859406 0.0524578422430961
-0.339860728837793 -0.410371318529126
-0.707887374033183 0.00293859668918944
-0.377455791691332 0.292315425788999
-0.240429554449559 -0.268928387817009
-0.100208204765075 -0.212411611023912
-0.561231388648928 -0.0850769819720961
-0.0601307254691524 -0.117839138679788
-0.147829991318321 -0.267808115007281
-0.872703369526517 -0.0128028332204979
-0.671461466878221 -0.187625832655644
-0.0485115254349936 0.531733433862803
-0.576704784632238 -0.126303664158567
-0.514607497038349 0.496979742261535
-0.262405714374514 0.411340810422905
-0.306190248918709 0.311161548006986
0.0226206843801268 0.553395547417084
-0.390848789052162 0.375456496158746
-0.492334666322667 -0.0442581706412694
-0.19680902563244 0.182674568114761
-0.203260665123185 0.390592018182824
-0.300119710816334 0.176546197926216
-0.35758605494879 0.109709425768532
-0.152377365552642 -0.354085724335971
-0.209732980300306 0.319722564135553
-0.266496116871406 0.258714553395678
-0.498088860984128 0.0147471228400598
-0.0464669823197852 0.32648748095195
-0.438851776504621 0.0487630747939274
0.126253500306746 0.296860564425454
-0.115583350154537 -0.222403491048451
0.142483670452334 0.0217182007129907
0.182870798533284 0.0282309709045963
-0.277910926818342 0.00511578695469481
0.064485678884725 0.00553967920212933
-0.17320037713423 0.0114660283738021
-0.262349093451687 -0.24985387889161
-0.581719132866063 0.26587004609851
-0.202732122880426 -0.108241135257472
-0.799236659154434 -0.0397756975028851
-0.602455714029024 0.308970892516686
-0.204116982369903 -0.139321513548785
-0.682886657480124 -0.0542009430595054
-0.618604242306949 0.202441449457061
-0.889377605935052 0.0254691676415467
-0.579100610687486 -0.36635636746592
-0.00833738429229414 -0.00950346016160326
-0.298365436996051 0.454343639239155
-0.988063382140547 -0.101357391349535
-0.656760998077103 0.420151386840672
0.0890185593027733 0.0533304525798237
-0.922780115691028 0.368601102489165
-0.979342655209261 0.457247385073768
-0.70927306189581 0.0256446419009349
-1.07020886484046 0.365554165498875
-0.0535504113203941 0.0110419927403024
-1.08266958334271 0.466639991546838
-0.618055126621317 -0.530905982550762
-0.586854800908193 0.630394700373443
0.00191200959267518 -0.129435479398694
-0.794765514965485 -0.322935083323576
-0.878745164415935 -0.281129335020032
-0.187007859337307 0.889097578163772
-1.15927128002032 0.278534273091884
-0.93044108572674 -0.159799300885227
-0.140749812463498 -0.870793570064099
-0.377368061456815 0.434623824447187
-0.99632349483853 -0.184289878344236
-0.886086350964837 0.822698199178383
-0.767787893862445 0.690150446708036
0.223795979711899 -0.704932392389648
0.733274414363361 0.0415415411181064
-1.015618635441 -0.0379951394373749
0.770173710548969 0.0333977733414617
-0.446193301807461 0.747238458412833
-0.946219229696822 -0.0269857900591055
-0.874361129830783 0.0457350746288266
-0.302013615247083 -0.813741702536229
-0.388758769125315 0.812575372359324
0.903406832716714 0.0156475315089601
-0.246941049214058 -0.794272902240235
-0.19549221266197 -0.771284039837957
0.606755739097405 -0.432331817504985
0.556112281300175 -0.464394900840024
-0.394619290643949 0.748402759377914
-1.04391022171089 0.344397931610597
-0.233065438356549 0.8617372538908
-0.979019470546726 -0.538352464494159
-0.328627312054095 -0.877606679943977
-0.99415687305477 0.880662469973339
-0.67207929716682 -0.675651528283344
-1.24425134801579 0.376530281833663
-0.501401968156838 0.872269680311145
-0.632108593035446 -0.702492626902892
-0.923039829536712 -0.384901786525197
-0.697279752674728 -0.689307918089824
-0.072746470165646 -0.159250262385063
-0.642500028222333 -0.69738278123741
-0.789233288263246 0.738569207097909
0.076776455384649 0.0137402176208117
-0.243937965217221 -0.24399476010052
-1.67526114502203 0.0266501973031887
-0.880627312019156 0.58824347370914
-0.631711035526427 -0.604772917691666
-0.632888602218804 -0.619488511797661
-0.824584129027491 0.402673784856139
-1.27403267769436 -0.0829372489952246
-0.850650847260383 -0.51763968278465
-0.602840570915398 -0.430175022085803
-1.32918376165401 0.0305640143112501
-0.63260444079332 -0.420306522594532
-0.964714244863866 -0.589705310350488
-1.16075859902285 0.399941940138184
-1.23939076503273 0.170041988980343
-0.73165814809811 0.273002747000827
-1.22210528438097 0.24006568177924
-0.600700315930411 0.756520551762697
-1.05357691328411 -0.124288635672431
-0.612135398281997 -0.694479897949278
-1.412555601706 0.227673835055221
-0.0793738871388418 0.447119800500831
-0.0569076228218767 -0.325305707078531
-0.344507052811498 0.264704029797604
-0.531270301460979 0.0173472599119838
-0.573546625840055 0.0369414607021224
-1.2788394860504 0.233167074113927
-1.07523767923435 -0.644301888677801
-0.844646530563343 -0.255723610878494
-0.737672302481336 -0.455263953732796
-0.228832213323576 0.0112816565165987
-1.60106553030191 -0.0096547161977314
-1.23481595012318 0.512096981724452
-1.6173367802813 -0.00862969983548136
-0.672723365784037 -0.585189371674421
-0.567790197668631 0.776598874135176
-0.585483439946427 -0.663849244125774
-0.48432890354807 -0.739939944234829
0.165605060878152 -0.0473208094411683
-0.516259477144693 -0.681506200664406
-0.42115810179142 0.723615148229848
-0.620407125233106 -0.431655105725167
-1.32878841550853 -0.0421979759833616
-0.166918467669076 0.18405131899698
-0.178911188004817 0.199556940867492
-0.907602581463829 -0.341181120067537
-0.4968974258895 0.370074811283348
-0.727955442346288 0.507671486915419
-0.675572432326028 0.5272071849211
0.221344417120285 0.23940477068049
-0.013065932699136 -0.688071734393664
0.30205104944025 0.35797626418463
-0.634693999835539 0.73677693164499
0.701280583133688 0.0213127555938289
-0.53263116304281 -0.419611077063499
-0.166231840341407 0.821718064752102
-0.450779281210671 -0.550353383740683
-0.272965215041808 -0.761824495386646
-0.935980038020375 0.80438299597762
-0.301012852215805 -0.863671369945014
-1.05681638057263 0.700179667379539
0.38580239810752 -0.0137168434532091
-0.263424859129997 0.875450479461349
-0.466398925062071 -0.771803098359346
-0.983957472935392 -0.833333947732648
0.28019251277844 -0.0208266198751239
-1.618385226656 -0.0164875572379446
-1.10860973164566 -0.749651348742085
-0.28025091389897 0.985378175517189
-0.805896122093646 -0.464651761822069
-1.0921471806924 0.759589934591448
-0.843512132745823 -0.431880645768148
-1.17086722943888 -0.5309924615084
-0.50906545811153 0.713694180394639
-1.45861987170132 -0.0164707003228168
-0.190890359619825 0.143787996942522
-0.355636674866481 0.789218034294175
-0.64938028639648 -0.57861762321559
-0.263459178568597 -0.00341368682460779
-0.579591630786087 0.606233320306164
-1.45103079213532 -0.034769965893665
-1.03767401424784 -0.511912621962478
-0.128779600646362 -0.0144596485078423
-0.164438152507239 0.00344089153872564
-0.10025608359023 -0.0321708999080349
-1.09189966214558 -0.0438429798213816
-0.452368672980296 -0.291773022613757
-0.431591445211013 -0.292029467261948
-1.0430432184135 0.0206996085122219
-0.328703552517819 0.450836621601048
-0.45136778094195 -0.297571543424661
-0.465103911015607 -0.1025168127192
-0.507000024036953 0.115213173200484
-0.501886218311474 -0.02038171566896
-0.612439237560072 0.286851127529965
-0.822639297352153 0.00602057339094153
-0.218464133461274 -0.28760828681587
-0.16023549432519 -0.333758437607367
-0.781534194027632 0.0489510271294172
-0.462039521442249 -0.533880334643399
-0.315910331281837 -0.558552426088486
-0.331119151819334 0.524049937837954
-0.322412638579895 0.50711474232218
-0.178117723711664 0.447202630349199
-0.25231148042697 -0.584570833957333
0.280577377268004 -0.466555933506508
0.641054482574364 0.0373335641746057
-0.473400962746652 0.0222275972708036
0.312142110235208 -0.343099823071261
-0.000643269896262242 0.349688915381513
-0.0596460779545814 -0.414022558189276
-0.0316852267899745 -0.339307835404995
-0.254029989258606 -0.00527684633837705
0.453930626820921 -0.272929884962441
-0.221770978399556 0.0162107732605236
0.171487369678476 0.407472118764066
0.650857921083181 -0.339432694464496
0.239948851614499 0.4379185245104
-0.295466059762119 0.0625520246745466
0.141890769346822 -0.602302173622337
0.0895883120904765 -0.671733734491736
-0.359105994465475 0.0266941992122236
0.761999958779331 -0.569269537022018
0.718266589225837 -0.591265111433465
-0.0132435017001511 0.73464082433022
0.133640948283627 -0.624946989684972
0.0885284191148404 -0.541745876252141
-0.562869949761362 -0.212651567320141
0.402369262901687 0.804136541101173
-0.0785023051640534 0.72975521363133
-0.38607248104572 0.668230443681609
-0.522671702984448 0.214829844436384
-0.639562503127618 -0.289942230952724
-0.0219986607809713 -0.363195073823005
-0.578274808931058 -0.164290044487292
-0.284301842682314 0.602685227398541
0.383540067737076 0.0369948894698599
-0.894548356705553 -0.00726304590873058
-0.145099160559061 0.167126808361666
0.0841665214438806 -0.154956428470164
-0.336526934079463 -0.356712727946328
-0.523432106484234 0.411031822745104
-0.253003067665837 -0.318276784561199
-0.025603772392253 0.315968111020812
-0.547043355775708 -0.010941269526889
-0.361719359294848 0.199027262424977
-0.479339461017004 -0.374519788742182
-0.855301260973051 -0.186508162214544
-0.525479836008278 0.34436573829384
-0.743084908909267 0.0192789049026745
-0.221609862978236 0.332517093829651
-0.586692803411872 -0.327975970917173
-0.903066614732537 -0.00094898844589842
-0.617427641464278 0.152334869733587
-0.144537965607103 0.048351125437302
-0.436023760348803 -0.161997716563371
-0.494317951983303 -0.185494717628551
-1.07956108573448 0.0363949769852292
-0.866884744900539 0.386748799848938
-0.892384911335255 -0.544603213792297
-0.993708313992962 -0.0200415598442599
-1.3542167897963 0.121305294106365
-0.835753126190062 -0.519822785637226
-0.834746097531273 -0.56806755122913
-1.00052200034046 -0.118153219090919
-0.861818183564416 -0.567649461646576
-0.444727825246489 0.198064376334664
-0.623705649830989 0.711876318307968
-0.399106119598094 0.0985962935210731
-0.41538829036303 -0.0905068080393074
-0.297017681853385 0.00286506539052901
-0.883114881100659 -0.262163877426482
-1.07626610778353 -0.359678277886114
-1.05827455270877 0.121783448218256
-0.362498128903403 0.0933709734028411
-0.375110243354521 -0.0219735159531054
-0.622241912686728 0.253318073023929
-0.595763979014667 0.238746707685988
-0.589889276496545 -0.0902106855606478
-0.349327707140096 -0.0205457753057462
-0.418862883981127 -0.0300980561909014
-0.516965753412549 0.201653701749904
-0.625479339929873 0.136642015367148
-0.709772856485765 -0.108043139495975
-0.476872400667101 0.167193848105345
-0.597342982567546 0.273725038964548
-0.244030464886964 -0.13723067848318
-0.249720495085225 0.259953939382993
-0.726752912764686 0.003925463558509
-0.47026296759294 -0.281557644746272
-0.644883780552322 -0.00594406569119094
-0.250362180697772 -0.110066195083043
-0.0785450199011893 -0.0292810532917261
-0.6195029136057 0.0121436536394752
-0.37752257643867 -0.182441846555855
-0.380452266890011 -0.170883072341947
-0.490431189319333 0.237583753543848
-0.194423714077596 0.0349212446948512
-0.245860785841679 0.0116085583454498
-0.519565621280844 -0.189015626769804
-0.482479188246827 0.123621400450634
-0.819829051363354 -0.0377271712933126
-0.640902335353243 -0.267492306497106
-0.767390066894778 0.0137593237406827
-0.650135868904784 0.170658580400579
-0.619923972716416 -0.186325472592635
-0.414109508101046 0.144030605269335
-0.457596672616007 -0.159123449654231
-0.51053942724404 -0.118281967057347
-0.710354247192991 -0.123070438388607
-0.573917998263357 0.18678054469451
-0.594118147358216 0.153536708232154
-0.562325936824982 -0.0427790626579829
-0.608949480422245 0.193763763088733
-0.540135751903994 0.00634489311556666
-0.514753866668967 -0.084010709997904
-0.796502988401332 0.00105488267689241
-0.480078920565959 0.263921485538707
-0.341826700646651 0.22020330308244
-0.291647814240731 0.0151166987253733
-0.689219004366858 0.150094222500918
-0.0704320565649191 0.00626972120622514
-0.187927943057205 0.0881743066672938
-0.438672472463996 -0.122468118969742
-0.798064741952106 0.027160304717014
-0.27102549865545 -0.218555301023534
-0.18499534929111 0.0919485728396924
-0.481277719571161 0.116022537776647
-0.0847966138088254 -0.0651613665897898
0.0780449049227132 0.00968431566836729
-0.415112235027451 0.139748900583686
0.0498156456877024 0.0308482155967339
-0.275327161242193 0.287187421006393
-0.0357637194233165 -0.073116874117785
-0.398477960914036 0.260742627308165
-0.595625510373908 0.00399320892558633
0.0275020882736977 0.0497427048277072
-0.515705040617897 0.243886181896621
-0.162395871436915 0.392765883086175
-0.0243086793630898 0.366449484887806
-0.435503010106221 0.181987421377456
0.303181493996465 0.00166414303321139
0.0611114156203427 0.429837015835072
-0.168331940255896 0.330266642061624
0.17780312670869 0.0109886075465439
-0.38770430844663 0.463617319411052
0.337636716273904 -0.0784385845605091
-0.00236565727783063 0.44366292064105
0.0831092765801804 0.0242173257165566
0.0971742051561743 0.0293806368336226
0.377975498947256 0.129808682318529
-0.128887600386463 0.429418618379864
-0.135787979739879 -0.318643064936022
-0.57892054486691 0.391259636460295
0.744270507015836 -0.170814024579555
0.229812072303591 -0.669674025491674
0.478286046700175 -0.884873446002633
0.34610304591677 -0.950478003341198
-0.49290806911969 -0.99176291554734
-0.583919074309541 -1.04046354951862
-0.908441575213881 0.640896944654577
0.414499730969171 -0.0164445587899942
0.820362055513756 0.0456957481362678
-1.25172685601208 -0.0441537653265018
0.718118886949539 0.0181176580976283
0.669850909831961 0.0733124315022415
0.684643902007549 0.0462288421533014
-0.463418592691095 -0.734658316058422
0.198658404345738 -0.740683395215243
-0.607533221250067 -0.551653906788053
-0.647905728043935 0.442247448410708
-0.243984961475371 -0.39663026708512
-0.371660880144307 -0.464377803613864
-0.145576539803818 0.666906278089437
-0.733808627152071 -0.490204724831951
-0.474081039195711 -0.428165273261386
-1.15352574678137 -0.0227096767469433
-0.702910691068994 -0.617023729880671
-0.73757715760886 0.351706063133622
-0.781183213432095 0.300784624659789
0.0824697356762192 0.0122931792468642
0.00741760695138805 0.0224534573386883
-1.00307570077703 0.0134873637401037
-0.372535781366606 0.413821356406036
-0.380472529272137 -0.288336168412724
-0.410974520628794 -0.180010305943018
-0.060733663096109 -0.0176025373213969
-0.387811110043305 -0.388295270540181
-0.739872126502431 0.396251849854286
-0.00388149144930569 -0.101938252410962
-0.609166536330756 -0.467670480640518
-0.738132706391281 -0.198468528472224
-0.276702225354459 0.128445555994174
-0.550193428261471 0.308496767822404
-0.506370738112877 -0.38065383377003
-0.559883000410399 -0.0313446094277828
-0.408262597622236 0.321274517299036
-0.011927892457941 -0.177347212029171
-0.480404029950199 -0.0941787624348119
-0.0981852201999223 0.360506272073257
-0.378150686724657 0.306574113982852
-0.0768235039552376 0.406451307169343
-0.531761067436178 0.00132657789719895
0.172429179197891 -0.0219589716326034
-0.0199592594717354 0.372167700537222
-0.316435932022888 0.264975237792196
0.243464151229314 -0.00501614655567142
-0.440443203007942 0.0312205317614754
-0.493129779573141 0.0298375411845747
-0.161629458056146 0.309807834870896
-0.401872127794501 -0.110894895536744
-0.416465736695869 -0.00655561290270109
-0.113944787027882 -0.337049677941675
-0.174246840296236 0.297535764036126
-0.423694999299483 0.028910937006566
-0.0569758258903339 0.233917670012577
0.219589660791109 -0.232828920148243
-0.0966214695651997 0.219133326529445
0.275177355191243 -0.198913016158385
-0.282963545188354 0.0374570811356165
-0.0579081519752792 0.253682946863699
-0.00664452533129309 -0.393282971658814
-0.316997638748649 -0.0169618724343279
0.0977305615939302 0.325081049653046
-0.503390903996628 -0.00699273675696992
-0.48168357573146 0.041442511232929
-0.166544541095712 0.541785991149987
0.366507080610961 -0.191308845860406
-0.598749049117764 -0.0356676409964384
0.138291542001222 0.254799040988921
0.393105944176627 -0.178565308263702
-0.505674395167944 -0.179510078221753
-0.100086511571418 -0.467365900705831
-0.118076951797408 -0.490565309778908
-0.324170962013129 0.328392158668563
-0.364797544936817 -0.583041608437202
-0.0185030092071175 0.283807328329056
-0.418618640664479 -0.698656636219799
0.174292821988952 0.270110718592227
0.272469643399699 -0.156491781782609
-0.33939825051105 -0.227278876968977
-0.750745608801294 0.164407530549456
-0.497643835770578 -0.201599747490715
-0.29778528661482 0.427099321909125
0.19345020081057 -0.244012299664021
0.201439763196192 0.343857103859582
0.329912868292896 0.027514131332063
-0.445561295119705 -0.101849936570381
-0.397677153095048 -0.0801095615412748
-0.323502753311041 -0.409087443564805
-0.00627994821615983 0.436506315872021
-0.372946666713092 0.332536662971864
-0.604868192767927 -0.0224650778197367
-0.272869633158488 0.333016665348325
0.00758567231115045 0.154560237615555
-0.253134778578976 0.271163834031559
-0.10112503262524 0.287971684705841
0.427682795466591 -0.0141880592586935
-0.243271241224287 -0.104627268010208
-0.498909430162597 0.221073887232984
0.347205610181581 0.210224495267067
-0.389537773230211 -0.511860265887263
0.0235571306926596 0.0445989487366424
-0.366914156705335 -0.494790167797662
-0.138477926213478 0.462741411712594
-0.138047450160349 0.447363337814918
-0.282450570665344 0.314271364716416
-0.201395010639619 0.449656101786135
-0.618570250920919 -0.390774519243925
-0.652173748783306 0.298362212239294
-0.606555741454953 0.39668971418138
-0.207720258080927 -0.471196472712081
-0.734216973641542 0.343597271053357
-1.08351389428872 0.0244717693105569
-0.770961802711486 0.435701301275644
-0.797181132267126 0.303067043314196
-0.876631506760482 0.371459439910381
-0.485864717983514 -0.326001778297978
-0.922273604935797 0.356497559972895
-0.515200142421555 -0.41406153625401
-0.43086357698546 0.64877202694098
0.00249530129435041 -0.0143245225231686
-0.95794692722696 0.550022358922564
-0.501559563829541 0.621996014223975
0.0512623031003494 0.0618823215217028
0.212528678215043 0.10580131491819
-1.18395079593401 0.448213323280194
0.189184414086087 -0.119959704639175
-0.544452452509834 -0.64737586103397
-0.411314008938249 0.734596571702233
-0.319497621940352 -0.794410738032326
-0.103291089418305 -0.928620728670815
-1.32916946056529 -0.0535132967856799
-0.335147166879236 -0.573021622817447
-0.0661486152192542 -0.694896297027548
-0.05647843031067 -0.7587782430838
0.440946707267151 0.180232881112689
0.427060500799344 -0.279117724988803
0.411564284686291 -0.264818323129543
0.361994747666462 -0.758878484457487
-0.523275977477601 0.212887919198038
-0.272278866222919 0.648165465083631
0.0624883298475538 0.531165228668731
0.0996464204265237 0.542883769454603
-0.13642428110272 0.516346810685784
-0.545451646492945 0.0198045440367124
0.454003329808728 -0.244184985525367
0.554439094935128 0.0267703346891926
0.223270872942341 0.403394197079134
0.272337263209912 -0.110083808167009
-0.270903698920239 -0.0997196810503513
-0.0415158329013139 0.0642223955449204
-0.0255232942450672 0.199131849316022
-0.165668302486328 -0.234840023595887
0.0792660279221557 0.224562589485701
-0.0790014220799374 -0.101803388898099
-0.0689519245489944 0.0386079020591827
-0.0248642359178358 0.0578827106378386
-0.0248498809719118 0.0607079411257759
0.0382962133725635 -4.24487065230571e-06
-0.0478891079044794 0.130317360977255
0.000976622429508347 0.176773237715734
-0.197622802031844 0.114334049069647
-0.11523636901537 -0.046608967654119
-0.0499397530891049 -0.122846213057979
-0.295245555055791 0.175136494674325
-0.165898840838063 -0.116645268651477
0.022871133875476 0.0639175321140077
-0.349746133053196 0.106309753838532
-0.0531888052054592 -0.0680874315746987
-0.285816779913647 -0.174319744985111
-0.0601489570380484 0.0547036516204546
-0.0621448379745596 0.0735331199168572
0.0263353451250168 -0.0480835398819075
-0.291066244963616 0.00797727357868812
-0.141780521712183 -0.118670245912637
-0.231110273420158 0.0264821507772102
-0.11614168982101 -0.00726487970674608
0.0537674594613748 0.00849706571776427
-0.0747550312008141 -0.117900400014749
0.0741514348190145 -0.0340464861051174
0.00354551983383097 0.0464705782944124
-0.0150382783238265 -0.0960185964732429
-0.0782827818521099 0.068085658080214
-0.0301358610879508 0.144299558361388
-0.0378561315456947 -0.0180751540307889
0.00211964356586326 -0.0991611820067206
0.0151466584723535 -0.0199859512006292
-0.207182004062088 0.0103090737553772
-0.00588370234034402 -0.132346890967757
0.0294774995303422 0.157895738610886
0.0857081480412417 -0.0702677719467638
0.0774015267106423 -0.0783045871872661
0.000958096063492274 0.187615315832099
0.27895755614361 -0.00537058932625702
-0.0520818584651259 -0.154822979403203
0.0730538584353501 0.272762231220307
0.324820709951255 0.0241657268921444
-0.0641210091752653 -0.239143489626182
0.185059703379056 -0.204832527421261
0.26015393807114 -0.0808831346148099
0.0873147282597092 0.30132494544499
0.0825270666977973 -0.159925813532991
0.124092915884044 -0.217321637677974
0.351209970351283 0.0466461323652588
0.24395406865344 0.0246495026762383
0.224103446893326 0.0393050899957789
0.206790869836659 -0.0209825598007885
-0.0509974213357424 0.221972770364386
-0.0176350736695743 -0.100949959825707
0.0934946744001745 0.313880359419757
-0.246694247846426 -0.194212715180186
-0.0372988589699834 -0.127760443289153
0.192264173967589 -0.0670804382668247
0.204869886363125 -0.0236879878200922
-0.0880326309662165 -0.195960207617218
-0.0498118583514768 0.0198645357760947
-0.146255483576333 -0.0351458464661893
-0.1326604904163 0.0520260454237872
-0.174977982686357 0.0454684419919973
0.0829680581180821 -0.102974453132579
-0.027402477205964 0.133868901584664
-0.17910715048027 0.0399182524310885
-0.289349183955554 0.0273032684250513
-0.097443229622751 0.133262051917313
-0.0406838139894065 0.109464792285355
0.112884648482299 -0.0544651672006556
-0.0033652399379172 -0.172666970432626
-0.0785308353342312 0.0222355218183234
-0.389589843445363 -0.123070928058147
-0.0641772083091756 0.269630359311164
-0.000118546681712989 0.019056250734963
-0.081257374029243 0.324171397791917
-0.0107481234862672 0.0171581634369145
-0.242428165381177 -0.165627320876409
-0.11767476365037 0.335883576588578
-0.331039358588107 0.269060522187151
0.159377378116796 -0.0234843610944048
-0.444004964057164 0.281661385104154
-0.458625373652379 0.310574858841539
0.0829541470054665 0.00987463114918796
0.178846733087108 -0.034801648511659
-0.442983422304151 -0.396216385852352
0.280148958511823 0.013838146432208
-0.139493205757528 -0.209085216449399
-0.0148544087997453 -0.201322768960995
0.00454896135890478 -0.262279011944028
-0.224960955497796 -0.255575923340161
-0.0751241556219435 -0.115762285346089
0.230320639866314 -0.0587472638141806
0.0518967641578132 -0.211746112172759
0.0476874505829265 0.0986381657649022
0.261916046523341 0.182994533804593
0.244281119409594 0.123796253575756
0.0440160380216588 0.289251418733183
0.0455221809181807 0.103564990998247
-0.171135159256111 -0.110037064065786
0.144875973661473 0.0710424010763714
-0.311525192061879 -0.205829875773158
0.21612210334796 0.183331705745198
-0.227524268255659 -0.403876512364034
-0.425421394403437 0.208512257220387
-0.57850392996191 -0.0109580299620715
-0.582808177343756 -0.0121708692811357
0.504290868285106 0.0492673850197762
-0.701854181218273 -0.00361819750553704
0.568412307712817 -0.034353761663545
-0.55419375138117 0.291607774580226
-0.24612796944675 -0.265233322524072
0.109602896651019 0.607097804684376
0.174463955420404 0.0684898173460612
-0.257791923319559 -0.243911091051852
-0.483409728405174 0.6228239509383
0.41366610781148 -0.112921517737213
-0.0398231333944659 -0.518713577054206
0.269099567411895 0.00750507756955838
0.00919233631035025 0.521818533993934
-0.703690333119846 -0.0344576581042889
-0.345829519137252 -0.381426233621117
0.311434415730577 -0.0129476530137448
0.0329104995508217 -0.207329308928342
-0.416130726282644 -0.00351155326125658
0.0949750123975483 -0.193655177476107
0.158714069661472 -0.154251187187689
0.145008079586589 0.0285474351320271
0.112380553443646 -0.087638016600277
-0.267297806971853 -0.0446427719820878
0.058120174122769 -0.0842601502587182
0.0747332935928044 0.136993945011058
0.116158054686031 -0.121325943388995
-0.0736607567299201 0.194626020402459
0.280100839762153 0.00473996864524198
0.296931905426297 0.0064839531992096
-0.133769075736083 -0.268169924926829
0.346352305300908 0.0753459721347789
0.371504075873677 -0.0299317107292981
-0.178573153870124 0.166480457936601
0.248767856961825 -0.247813644115979
0.501349283904934 -0.0604710306427399
0.0431170177199118 -0.059197375154379
0.0845562380221236 -0.38687441999245
-0.0749625348694253 0.37871219678541
-0.356731206923731 -0.00291529627017472
0.683193793023565 0.0267897737417927
-0.451203950506998 0.00978822173095511
0.143679532400471 -0.405899205324348
0.399190936699142 0.0559641489436285
0.612428969487422 0.152508651306747
0.173570104034991 0.443716204549469
0.135042169912746 -0.257555816261326
-0.52933522790568 -0.00402427753660855
0.0962254049691277 0.430980187767788
0.107178607785295 0.431256637176357
-0.308184916019427 0.270601790253043
-0.204131758085828 0.256265533928185
0.074713823604404 -0.249278275205227
0.34225760458441 0.0468765726919991
0.0612689302533503 -0.33855854734174
0.374241165777657 -0.107422629682283
0.104936755703376 0.563425103379138
-0.0965578123682335 -0.278559157661707
0.0659575603561545 -0.525374245197464
