-2.07662278430535 1.87858085097577
-1.3319402531933 -1.37688688524556
0.0042051198384888 -1.8584259087438
-0.70041100991026 -1.87024828245125
0.760225683321107 -0.685358358485222
0.301792433008152 -0.524815138950871
-2.04482103918877 0.979362045490356
0.786769742934718 0.0154441015804321
-0.791852081671985 1.05582453356552
0.600368886255658 0.610878886244246
-1.03636034401321 0.805508008942845
-0.523683748756944 -1.67278787622466
1.10999019011162 0.873730251286532
-0.287370755659252 -1.63646687859923
0.700183680127658 -0.544836185415472
0.290967721712443 -1.14661148749924
0.211422598652195 0.979450501942596
-0.691237728374699 0.939740314315732
-1.2480431336877 -0.0661324353758472
-0.402955439044339 1.19516455805925
-0.020946947455993 -0.93523863355178
-0.930595454885799 0.0394508734357819
-0.715028671694595 0.00826425404322121
-0.651889537432196 -0.0394814524462654
-0.597886369560532 -0.0321182093233464
-0.522890311482901 0.072496749606695
0.618109866090837 0.881915044166823
0.0846158441307942 0.661441086856654
-0.139565925428656 0.0118835291683302
0.280045313532106 -0.356043218618096
-0.037786978608393 0.111322045639319
0.507817233161204 0.425682701791593
0.504728925847006 -0.206212036854709
0.0597233662688659 -0.00245428170947937
-0.0837678529645481 0.173440082747612
0.0769457895655235 0.534042208566203
0.558393585218234 0.178820304950217
0.198728898523376 0.318475666039764
0.119126870153391 -0.132743172545452
0.216787783720443 0.2798833152715
0.0496836880981968 -0.0470702077977653
0.0579093537932082 0.0516010567706542
-0.0665416824644957 0.370233970337684
0.226673268131507 0.0679640768889932
-0.0934860705892498 0.0110410946628625
-0.0863700919859931 0.0623772060297643
-0.343151974250551 0.390428021782792
0.255349934692677 0.144459052418432
0.126198797224229 0.142611427862687
-0.337404300244589 0.353934711461224
0.143323807845115 -0.0163552701852949
-0.190569311431533 -0.0705088867117008
-0.133681432290988 0.0536745840734812
-0.327720385169517 0.184893465516648
-0.35263913717191 -0.163790248530634
-0.55913307260995 -0.0245899861311114
-0.395823604371477 -0.115489726571348
-0.0743993582072551 -0.00704942111739317
-0.325254403618527 0.010853967894623
-0.208948656642315 0.00793137670056828
-0.289002675275697 0.0339212196074633
-0.346544979980468 -0.0109643711999887
-0.616922118040031 0.00744768002767406
-0.105492230973263 0.0587554065991399
-0.164185272412275 0.20512822002802
-0.132131004812732 0.212593521339171
-0.210957177089972 0.100708417244665
-0.3146318691115 0.244439600762634
-0.443801559725747 0.258585384560251
-0.560626194970675 0.00840841908103387
-0.424719989288183 0.123987678041635
-0.593802200070285 -0.016727962320562
-0.377366234608909 -0.0674610323605034
-0.506802932176963 -0.156561964917715
-0.419668502965974 0.00124579238985949
-0.568821097878928 0.0135063519105467
-0.704398839632726 0.209046590849803
-0.293025065305634 0.0278839447426282
-0.444387125476485 0.19821905724751
-0.835574954320931 -0.00521094674227681
-0.563119430959599 0.439450046442795
-0.102629710225366 -0.311890608156753
-0.204943383743785 -0.313628398483031
-0.527695440758252 -0.133665879807012
-0.213444235853393 -0.386136009267069
-0.486272692893572 -0.32627335893431
-0.586686086085891 -0.214374308124554
-0.333818211972143 -0.320995877066062
-0.530840039519394 0.119310617194131
0.229007810243668 0.101698155488793
0.462750087537034 0.129069610617321
-0.0914818870215823 0.424603979812989
-0.280106427883503 -0.425828424608751
-0.225869051586435 0.401590069125682
-0.0801075574124158 0.282483915048264
0.138773709707245 0.446431182837027
0.40913577896644 0.325666210070045
-0.134073126283867 0.436095290910424
0.177907364964082 -0.291807417643701
0.173917835258372 -0.443199667491884
-0.158495086504363 0.539247805869512
-0.249783216598693 0.239506361294165
0.824416772287063 0.14931698624291
0.120030544056095 0.644592980138033
0.917233510858459 -0.167030233323497
0.0873768214302599 -0.813288712278872
-0.775931016094078 -0.558312431480379
0.00260804627762949 -0.590437110165708
-0.139318661445592 0.810265994433924
-0.193705210574779 1.0039059437622
-0.00219140991223643 0.721887189665191
0.622836840370196 0.0306951024563648
-0.740743666648147 0.023863658704143
0.800075228135162 0.240999631680568
0.539204539081569 -0.536029740243086
0.652356676447893 0.142968367486947
0.145892420646494 -0.460856259137109
-0.016487223370921 -0.527933770888598
0.387402807768272 -0.192433036617077
0.282141526040873 0.294913095393058
0.759298901704628 0.292046516285535
0.473248498277669 -0.227585548455357
0.62099046049692 0.515732766919001
0.804866519796087 0.201551403289266
0.649706375324904 0.154014890710596
0.682007945519341 0.0278902431706567
0.601432322700417 0.341036991350542
0.420135469573581 0.166819702017916
0.768997820817424 -0.0782985654931219
0.276537702096505 0.0221350913922582
0.265611359001085 0.233531686827331
0.425418936227476 -0.319461301632518
0.468915838153996 -0.0902335849391683
0.640972109293001 -0.121391203784166
0.546043760288498 0.495447758579995
0.512388461073101 -0.369311224221172
0.425211573514713 -0.157259096290297
0.267152114580969 -0.174633560105025
0.314785283227435 -0.324589478658724
0.302730810303058 -0.444383438498722
0.325344274988933 -0.29695242350075
0.675419034104708 -0.180691856898936
0.0628186619762474 -0.379064247925535
-0.147598184663126 0.445220534376447
0.397601772894746 -0.538544585470085
0.0188914110621691 -0.326796821832271
-0.0217403785202853 -0.303836783570945
-0.306014494551722 0.0830554141334326
-0.335842339530959 -0.0183219903137672
-0.0200906427863632 0.585702051639248
0.10313692954154 0.357697529255681
-0.340944149386392 -0.0753546683856047
0.207078032601173 -0.256306693211346
-0.0189027559267071 0.629729927752349
0.190694992559337 0.234150638110571
0.233852897131303 -0.0805356780509036
0.347351084869802 0.136347550402467
-0.0702132127956974 -0.130518998805616
0.19902525492479 -0.0659334045301606
0.497418512838522 -0.302868738679339
0.0284318729096707 0.50086387643182
0.309309700826564 0.206444343170554
0.526242317855689 -0.264288990247571
0.111855057185871 0.0209152584607113
0.0727637851316814 -0.550657901650242
-0.242020004839013 -0.069138014285035
-0.161373066079371 -0.0950885292495825
-0.373132451412005 -0.0610280634219827
-0.175532893962128 0.17798753843943
1.48754055168883 0.341950709074676
0.892018596523932 -0.562112028123918
0.326167888565715 0.046812730622939
0.353765341494009 0.0224252284167414
1.09867151292551 0.21420805405421
0.821472176462839 -0.340611959667207
0.556607873278825 0.201376162401474
0.776487555811862 0.133036920395892
0.508639128259032 0.1342395372754
0.643008387630506 -0.0389717242180033
0.787230599792833 0.252043853311522
0.781433191930685 -0.0624520374209742
0.414352316682191 0.0234111002421109
0.680575016559032 -0.163203069562233
0.511147911106749 0.19243512875758
0.370940863485792 0.114472746953954
0.389758397138633 0.143676063396821
0.331422080299387 0.0840335777177981
0.377239884293219 0.195799000498659
0.188080717494918 -0.0159676122260099
0.336577699190618 0.0286765527425976
0.226951526546162 0.0505728441866543
0.186643825760929 -0.000852553083846295
0.00611554794797773 0.0336733438295586
0.267159094084581 0.120428127497544
0.0343846831785205 -0.00679090135430571
0.162138335760726 0.0690014428871448
0.0842623482509539 0.0886386709713575
0.10004030015081 0.0608581954247074
-0.129614194112813 0.107801202118774
-0.367200946762052 0.160150318747233
-0.133561670406486 -0.308463702553507
-0.155054368597377 0.0385017582447486
-0.00354976570680968 -0.0157109073741058
-0.262825516785911 -0.404763098261196
-0.683510609307418 -0.245245450497502
-0.883390485183203 -0.198542399031126
-0.636792478238365 0.229117928829495
-0.508925192490388 -0.421902373808669
-0.573982506261666 -0.447807128906615
-0.506535807641494 -0.427901525938187
-0.595020658217925 -0.609813440573264
-0.528453610013302 -0.621283625025492
-1.17617711955029 -0.224413771997284
-0.685783716740991 -0.55348888907855
-0.69251004340146 -0.67477301635522
