-0.116654020658531 -0.383970060810603
-0.129602573732894 -0.354193923386848
-0.222755882711808 -0.292322434958116
0.109256289853065 0.391306600879024
-0.102146227903914 0.0963414512675843
0.193619118390119 0.0904003330551474
-0.139549977483252 0.348303506571802
-0.0739446376678967 -0.389148479629896
-0.334268093390277 -0.20010151824268
0.0275099095916539 -0.345237635007031
0.253917039440546 -0.126523054759925
-0.195952940915392 0.606950485576419
0.460324561101019 -0.149128777468827
-0.157336267451562 -0.526282638454761
-0.305113889295095 0.6637347688461
0.199835752531618 0.585167613011003
-0.872280931614612 0.373729846124386
0.137324421519823 0.721184710484179
0.428718025460989 -0.228399516562912
-0.846148416349778 -0.457861432785254
0.470687357071108 -0.147335502424221
-0.916809026319546 0.158220262997869
-0.23734421539507 -0.772018709189958
-0.428161098585484 0.909735961472161
-0.402091685391905 1.04321277935905
-0.259106265047093 -0.853023897668874
0.0669053248981708 0.928150453990749
-0.136111555982327 0.779156816377712
-1.02028703773572 -0.336417660070103
-0.516038887113529 -0.442516536079028
-0.597689240834225 -0.390754940330365
0.610805246586807 -0.231282771200673
-0.535421069774101 0.363390161898593
0.40023404958985 0.293303870038806
0.0827984403948779 0.448317767767691
-0.581156997886655 -0.220157019628225
-0.648435403965403 0.445641597905658
0.239227991771835 -0.0909472966345355
-0.614024890597243 0.270490168568047
-0.462078495552597 0.00878136029218667
-0.184341727392938 0.204448289798275
-0.420705159477077 0.192336804432853
-0.199564026847769 0.334364143706599
-0.571458563328388 0.145161712040634
-0.458030318002226 0.105407094634442
-0.409234505254089 0.245982964615939
-0.374225891610214 0.115536618695704
-0.452037018957967 0.175330069658082
-0.415156442100681 0.151033236890849
-0.497357217850428 0.181026414288289
-0.534344867532361 0.129296103169785
-0.399067900312537 0.178343431353864
-0.346556527074017 0.212277506185731
-0.315626970734895 0.198774554926076
-0.36240625020674 0.227614225788493
-0.355882375683024 0.170810726804195
-0.312207958924474 0.194164680866059
-0.391686297014402 0.220437905630718
-0.252146304172477 -0.0771785676970579
-0.359977028921777 0.179760045423266
-0.19423788296979 0.0771777782577639
-0.413389672985603 -0.112708061146129
-0.299727399025798 -0.0961964622714157
-0.329351283912314 -0.121858798626281
-0.394857369045678 -0.120751814546924
-0.152575427469417 0.440962010022969
0.185233419785993 0.191781439916344
-0.00329877215780242 0.465029336795485
-0.442234368423286 0.19672138651745
-0.0324135234743978 0.564644272390851
0.0334204477370759 0.53620323917377
0.393762578774382 0.30244301304882
-0.378825320929076 0.127589395848434
0.443579695030104 0.302969367954512
0.0519770376509913 -0.354187066594909
-0.931080447883262 0.0887477665435849
0.645196395324406 0.378096360977309
0.726489501220699 -0.296551203663252
-0.0753663842277733 0.057277296622754
-0.514871582900955 0.0169208990782534
0.284731041738511 0.616886965302339
-0.505633014654158 -0.0568985919172751
0.573643251130271 0.051679567183568
0.251915983756549 0.498636468979147
0.283138168267947 0.239937086058959
-0.163365891785683 -0.363464784275918
-0.353166589725769 -0.298933915258718
-0.0576379883781771 -0.421175793567637
0.208061007025191 0.214986617654296
-0.0855907447723074 -0.350536973930194
0.141509478202773 -0.40742966114122
-0.311337868160823 0.042216326314
-0.173193010719371 0.0946542792558703
0.222459662388269 0.0832698216429331
-0.0175038089655228 -0.271272683022824
-0.0798996495496255 -0.134052887506925
-0.0509740412826923 -0.0132825150735606
-0.0631132859840435 0.00819996260328342
-0.151722861206697 0.0516639563122827
-0.0826614787097534 -0.121417404687018
-0.154692478586659 -0.11651366996629
-0.0782427286628569 0.0489977273784339
-0.0393756608377681 0.0255121686133535
0.00315063194418029 0.0780110503231163
-0.0202875161822365 0.0254691748984129
0.118953917779773 0.0115248894315062
0.135781884881866 -0.0144593227612206
0.0446336761663911 0.0011460338052087
0.165696655829773 0.0239983297832772
0.14444096236916 0.0509170191557715
-0.039789683344384 0.0279643955207506
0.118375410552237 -0.0868839886140784
0.0796986951149131 -0.19241348048326
0.198452595358202 -0.32473765654884
-0.127143630091409 0.0426136446291128
0.281556538941681 -0.0924158528827648
0.255055915761172 0.149064289825361
0.296204962243183 -0.337634719037627
0.248350334333548 0.137194814780869
0.227695215696981 0.288614315025839
0.337334281837806 0.156458083118515
0.103287195626756 0.460439229238668
0.35620004673311 -0.342831750045204
0.548440943899303 -0.0276575539615278
0.0784013900377934 -0.428923129153928
-0.179996931891715 0.340784753167444
-0.018058087998644 -0.505812372498443
0.234964568583179 -0.077450506354617
-0.0697745536028406 0.249356306874991
0.706336869332371 0.284160326273676
0.390202465049017 0.597067054393517
-0.536984956752957 -0.192034004244811
0.44861692839124 -0.429079842451309
-0.140038081706619 -0.772455310794171
0.228402516832222 0.78198080434031
-0.224477556618481 0.381373795368129
0.439259211818457 0.143187849459924
-0.310092815478925 0.533618558690001
0.431716411033625 -0.381044952647952
0.521687986513684 -0.140975410446796
-0.12997292863947 -0.611893688660742
-0.141806489024147 -0.481056530797023
-0.465382992990112 -0.161915474918046
0.280933257504631 0.591845710326128
0.0771580554143308 0.566155185324247
-0.267010113280293 0.716571403574412
0.258930859329271 -0.069238515621254
-0.14196923700243 0.612311100677788
-0.572434946379168 -0.0986133341243727
-0.0742708376168725 0.46714788147104
0.143185414201084 0.0774626097662245
-0.557805643230826 0.257899514092549
0.226914266965281 -0.0228635245219292
-0.0793109452854596 0.143353174260678
0.186671248302701 -0.0849949715678082
0.101697887224439 0.278311317383923
0.185308281476536 -0.080421850454031
0.132809641865116 -0.0494449998479371
0.278931577561437 -0.0754706318272774
-0.221798430303286 -0.0303585642067143
0.133869249274896 0.119073585046302
0.106670304450424 0.124986060632603
0.198945446073369 -0.0347026691094132
0.12585550793948 -0.22441343842567
0.295516520524568 -0.0864645252571653
0.044133230886395 0.070127437854467
0.0148606260034993 -0.0429736144690309
0.169075401539636 -0.0572538078108426
0.0855310388669792 -0.0786747336624702
0.264786607524166 -0.0566329028078528
0.220189822588157 -0.152003948191079
0.296202562614795 -0.0230306827439238
0.259601401373567 -0.0591325301043557
0.353340060567149 -0.0758497573331179
0.280429311832161 -0.177767196061414
0.220175683437394 -0.172764022884265
0.228631804122142 -0.181843705757628
0.136782843474118 -0.0459668008675948
0.217076281450296 -0.0679439496451455
0.313442464805206 -0.103098276342298
0.341934714380081 -0.110176765479067
0.170219258025248 -0.0287083347304597
0.260541935737965 0.0262013884177925
0.425273947738527 -0.00959680302009183
0.36809209110141 -0.139132233730325
0.171889018520737 -0.0342933419170571
0.13792108719793 -0.13537412027735
-0.013449186982013 0.0144767453003701
0.0609724963386655 0.0186410459669719
0.264389687538691 0.0828095859768324
0.270712838703166 0.0652150973077732
-0.0501987232228539 -0.000691005892357821
0.444630696735067 -0.0391221045775115
-0.167750814673576 0.0521695706489479
0.293239241727694 0.169569263848678
0.183552436762121 0.283983447895893
0.336858717987791 0.100348014565316
-0.215424271490553 0.0200643807592367
0.0351193126040671 0.344534074257664
0.116576425173081 0.447331337098827
0.473668262285966 0.162793880606297
-0.217266934992595 -0.173833011529555
-0.000303844987230094 0.478950506249174
-0.350356215660026 -0.161961242930875
-0.464814914339701 0.142096375491409
-0.400662710754204 -0.339409376871117
-0.0494807756028731 -0.592266703837647
0.189268906011202 0.44143901853459
-0.169127586973829 0.547516192923574
-0.174901171683378 0.601544382840274
-0.442122860134606 -0.336806749837144
-0.181881972995318 -0.0578741954144852
0.254853700425252 0.375518858617881
-0.470272405588714 0.0989801163795685
-0.528243023745979 0.206600868263755
-0.290897180980532 0.271552494827405
-0.1096104638316 -0.459882195167779
-0.329748593693084 0.0675766880352881
0.735565783379909 -0.246346446228837
0.0965632326995994 -0.347986297330383
0.0205136651814401 -0.375009828137838
0.61182988194494 -0.226859666708969
-0.295200360442298 0.183088412752468
-0.00360387381138592 0.0112323134979758
0.0608386403320861 -0.228430215805791
0.343885848682063 0.0217180888119069
0.0760080367630814 0.150340965767725
0.366819173217958 0.0911783184192058
0.156343558007136 0.0157022333629913
0.32864107790798 -0.030778589124363
0.161305612091244 -0.325452750547786
0.359083714312883 -0.146552619669798
0.0810762612377172 -0.214943177775554
0.264308918414486 0.120967011443815
0.422424958420671 -0.112292558961918
0.286858468949201 -0.0347623974538613
0.15334092588877 -0.200229858172476
0.109064250166285 0.181122107618401
0.359438394585762 -0.178442935434385
0.272108217187332 -0.121561758571817
0.482859506866933 0.00535747939530667
0.142967493368824 -0.300124063276786
0.30758989166947 -0.0571514016449894
0.336921477694146 0.0495758883694084
0.38213937536225 0.130274177599167
0.143791780385582 -0.00729914191716024
0.217378575384716 -0.194246705197092
0.202665015172613 -0.300582404161012
-0.0333527122923458 0.0907136043365159
0.245539643601033 0.237219876387331
0.469846153441389 -0.189133674771495
-0.0433920071732873 0.030944419415085
0.0955641218834881 -0.107836523472184
0.106896353949217 -0.0508613657200598
0.0232425114200444 -0.0260434905321468
0.10125770724672 0.0119450841318661
0.070342834945016 -0.0695799812954629
0.180122168459343 -0.00825006167001043
0.00310101355348053 -0.0871874412858216
0.0675319091218412 0.112498162360544
-0.0849566059604631 -0.106926021426524
0.119254519782521 -0.0521454451193111
-0.122652512944873 -0.10357373059545
0.112604169718138 0.193148955662199
0.201321490749708 -0.0524266988270066
-0.0588716494729325 0.169757331395221
-0.190598980358141 -0.105915979712494
0.105122710882686 -0.244826340749755
0.0373049075920245 0.0374541965212016
0.0286085944708149 0.0104593734173654
-0.00467704466289169 0.274808343929501
-0.0382488126741047 0.284835624941056
-0.156951988774341 0.222382301357642
-0.235607753914013 0.207289747069394
-0.239175440651924 -0.148058085113836
0.39359101216619 0.0565831316956408
-0.0765383125504301 -0.469776725773519
0.0193744859164118 -0.201162312615692
0.402605123288094 -0.130935433770969
-0.298341309094406 -0.364465063320137
0.541278384069039 -0.195556349663321
-0.0729025918183655 0.624922552958446
0.518957831509918 -0.190117391939228
0.612726344671837 -0.217060688131421
-0.705694117449625 -0.00859090530984387
0.627858836761474 -0.243544432887445
0.434142852657528 0.607470148246789
-0.181666780356879 0.80422614178943
0.0396124947720283 -0.817315899354979
-0.60115508497502 -0.534255463849358
0.0108440898722347 -0.765870279391638
-0.0582253331441291 -0.85628693887554
0.707132455566478 -0.286556520328443
-0.685527309172864 -0.59718608846231
0.685980745607597 0.543695892040796
-1.06369211551817 0.446419388143218
0.886673381595964 -0.287705926702903
-1.13672758069342 0.0349251374847731
0.83632021301158 -0.314199700448319
0.88848098870893 -0.234676172444088
0.903844285730433 0.559985867478983
-1.15186605888883 0.455425809939674
1.01835626637242 -0.322375596290627
-0.896012117915519 -0.786357316303628
1.07899207558564 -0.289858515670252
-0.907008676749385 -0.744443578627452
0.983518286330558 0.76048145245458
-1.05393593991271 -0.845916323816379
1.16931080348196 -0.443401830155304
0.886490552286383 -0.93851055768259
1.11655981596475 0.790176121679883
-1.27610680687122 -0.847203100895406
1.18147972934058 -0.426594225706998
-0.489885636077809 1.567995546887
1.28836524810006 -0.431300650758534
0.454757187751316 1.50012480706478
-0.252054893060328 -1.54307678295544
-0.235686784339226 -1.60142243176458
-0.623093746854835 1.92785880259948
-0.667918473472543 1.92623517327097
0.917814057692665 1.45209036847798
-0.327973845740749 -1.79708916260794
1.33054518905949 -0.38812137634244
-2.43843035842443 1.08815063288252
1.22859351013789 -0.177524265210933
0.86713211604867 -0.328141930401018
1.10704457780796 -0.501762511468617
-0.621550794123511 -1.93985036591052
0.967718897781264 -0.72409545695775
-2.16047114644774 -1.50470887020873
-2.70111161724381 0.426070908695038
-0.699375449452918 -2.03070997830543
-2.33840855088444 -1.61472762875387
-0.296210406567218 1.95124726190043
