-0.258371648250105 -0.149492011308186
-1.21029911655999 0.080405638829981
-0.533301068935585 0.0896849638174954
-0.742878133875359 -0.493470614164331
-1.12008779706012 -0.266226557328944
-0.875451199295831 0.108622583139433
-1.08959071750936 -0.0391631914500514
-0.938556509410171 0.319889582788983
-1.22201496314505 -0.0451285622103309
-0.152718379311512 -0.432987151778721
-1.03819296172893 0.120368068516967
-0.47873435600575 0.298519427840969
-1.21692389685458 -0.00316646891675319
-0.571930692927144 -0.740747033451275
-0.498338342957168 0.613723301958952
-0.502467119656804 0.705430593647269
0.226325653740019 -0.38547830742256
-1.16624361929112 0.266215988479137
-1.23162766698747 0.270133854803001
-0.492702590648721 -0.736805965424693
-1.23239369889712 0.325626527746261
-1.26202681080622 0.604338191470016
0.141494162785256 -0.0283588961074666
-1.38770612211955 0.530610865015988
-1.78112637937157 -0.109749751482528
-0.683005070880441 0.903659078346717
-1.44818864344349 0.433766350824534
-1.48911747981979 0.324575526470253
-0.69206019449047 0.876674827643589
-1.01157402793588 -0.453668205583896
-1.00839145694086 -0.355513172400571
-1.3146209236159 0.407339520519657
-0.0442212603639474 0.282940008917269
-0.0341076775280053 -0.26643314285153
-0.482843494160468 -0.735681130660673
-0.615820961839879 0.612892077878291
-0.680712340431971 -0.61583921863414
-1.05139459973505 0.434283251568254
-0.569748679204013 -0.651770177949237
-0.120257482163047 -0.205676110484174
-0.435632180577506 -0.619670011697029
0.0425771528477369 -0.285087537959104
-0.600807123736367 -0.0542839866578417
0.198052947339227 -0.00725922408374953
-0.428767604451897 -0.587417895442736
-0.0684948626881556 0.6270871457614
-0.264627634437846 -0.333492064287191
-0.371148495679804 -0.56788964164121
-0.596948413607995 0.261875668974712
0.130186015306462 -0.292033745211198
-0.597302006367578 0.321783889199673
-0.30017096044078 -0.429233940286298
-0.39337570729386 0.217394691159596
-0.479986021554913 -0.0906577437454551
-0.585357253229752 -0.0276215550553482
-0.111789880191922 -0.139668340980713
-0.390311941114906 -0.134644670679227
-0.390205594357076 -0.0927198406137674
-0.378226351118578 -0.0899429051482979
-0.372782779804155 -0.180161341309597
-0.390836976924952 -0.129471057256273
-0.340316446817453 0.18718592545453
-0.114406623400024 -0.0746019247642718
-0.144485365328665 -0.0291425480176236
-0.443507705985163 -0.157890135755389
-0.266522153908521 -0.234715825605487
-0.417564458166752 0.0680288562246482
-0.0460946081997524 -0.0131408337802336
-0.155855989067972 -0.0313788849964366
-0.0680328436080293 -0.278669212727565
-0.133124826288015 0.26512694387916
-0.0376012476491898 -0.332597919576568
-0.0842887814513676 -0.257635356855013
-0.238597868805935 0.0899356800172977
-0.112918963122622 0.179603828987143
0.0398991748013268 -0.305536774365474
0.117135475550378 -0.227272203458612
-0.214554549453768 0.173711102044838
-0.150993814138258 -0.267665466719259
0.460151526848631 -0.133307024049284
0.448063958518062 0.0924432985432216
0.371290907644171 0.0839305249130936
0.331748378124095 -0.38128010769933
-0.0798587105589477 0.0996276809174286
0.514955059295805 -0.218021067980221
0.320111084335673 0.0462863088463438
-0.135377169833793 -0.086490881619921
0.238108510190108 0.183862291129283
0.526026147563871 -0.249813511009236
0.291050453692391 0.0516819905587066
0.524978353478403 -0.436002272056444
-0.193588010191403 0.0389994314902982
0.0778794814579199 0.281743192646233
-0.11655082670139 0.096506035856672
-0.173498426277153 0.0689848103917494
0.549381169830761 -0.12284996007772
-0.148122818291153 0.654909032089055
0.415877744569976 -0.0895206091926512
0.430722390733475 0.434436873022473
0.248842441454298 0.697372032162282
0.128310585355627 0.755213173719792
0.311776965228874 -0.664523447407065
0.619884893917763 -0.653361023790923
0.156371804771858 -0.0351877072628595
-0.507724849610749 0.157732396452066
0.160630755870441 0.474694313990885
-0.601326234570486 -0.0637327404991551
-0.180121623261613 -0.684487328858313
-0.454590467158695 -0.547360273883471
-0.476661239610387 0.240026582834663
0.207089705664449 0.479365413445507
0.0252965709866579 -0.47632648708939
0.684400237818459 -0.0695304814392088
0.451775442432933 -0.103084240899375
0.216179251875416 -0.588971301800126
0.43036036995118 -0.0987659266555341
0.144388049924849 -0.454034524482229
-0.284881798641362 0.336519113419584
0.57469782866637 -0.0259554747004311
-0.198346880629513 0.291084947978579
0.0722525260318488 -0.281775856822936
0.069442999698113 0.525280790834349
0.369105484465212 -0.401785040220464
0.351696921504991 -0.415986690374392
0.163422768495135 0.167454942599167
0.530684343136003 0.130609662111543
0.851025056876347 -0.397597284161407
0.621837791094622 0.0893381937768781
0.496740928415217 0.28476142766041
0.378936474365594 0.289560679303298
0.482450978269568 0.299455369114865
0.514297943032416 0.17576326100217
0.728483961046188 -0.246363642823404
0.361780984529454 -0.398776009070276
0.105204363848017 -0.0615027794695385
0.8820526830637 0.0148163170628798
0.0827942435556224 0.00418916200984009
0.425218842477574 0.180382150122671
0.608921058899224 -0.096648893236167
0.296786535333155 0.171776016266456
0.1040211900297 -0.0878709026525002
0.388572083821667 0.150257143319726
-0.0431381316798339 0.0117979102725313
0.192574543553669 -0.481089211372593
-0.079780855980757 -0.0450852104791256
0.265400316390966 0.274360073344624
0.308466448351134 0.26118106899932
0.247203314524035 -0.471259129593277
-0.129396829712551 0.0924782703028832
0.272051200636931 0.510990395672637
0.690222660737172 0.41321396202272
-0.460631383679246 0.0387622379924804
0.45765447985476 -0.508400530752441
-0.253409437135862 0.102850248648016
0.296726589092113 0.628466966388456
-0.395495800319056 0.073901293910554
0.823499467639343 0.403512765568777
-0.496806545524905 -0.391759878031039
0.447031539539625 0.600598612077094
0.258244246185284 0.710027200923486
-0.513213624276748 0.0758639931116395
0.623820000351506 0.356558673055728
0.10939627082987 -0.0717531209069161
-0.201495266847611 0.0405585084022538
0.195888875262863 0.0157699331511134
-0.0776201172554503 -0.109941209840237
0.0885080974695878 -0.0768666341619579
0.340788869847068 -0.561042402295732
-0.00132174764258347 0.0483228284752881
-0.215600281556655 0.0137346524345674
1.2103733543433 -0.0377537694581653
0.553679999775459 0.329919398740551
-0.0300563403238437 -0.00311665616257718
0.764767205113156 0.480077716712051
0.865142949034313 0.511437729000963
0.391395472459517 -0.454192773998506
0.318924339355709 -0.610087417861012
0.866420563246883 0.334028735543004
0.859568458494748 0.334776948438373
0.064163733743914 0.104792259748394
0.204098396260235 -0.0823023382947657
-0.058569347380569 -0.161703461188649
0.409697256494823 0.218221172501625
-0.13922961841866 -0.0600729314072266
0.191198851492893 -0.534400980438087
0.245622980459496 0.440256147276662
0.146642920487443 0.44471368725421
0.566849052228242 -0.507263554661426
-0.408262184924734 -0.285664454471311
0.19791214265136 0.360808960233486
-0.37755579891715 0.100024785616511
-0.346651661936434 0.038222124025151
-0.380475541671777 0.1063990501648
0.512862908646394 -0.63334785947215
0.0815888436509012 -0.0620392661321401
-0.582439517705009 0.234145108296816
0.140425786317801 0.714792127630362
0.468568264805564 0.225386111428543
0.0503540471972943 -0.581802469942509
0.154342297771563 -0.855353229543686
-0.00439366076351722 -0.809289082979484
-0.74775098607993 0.131850346680955
-0.374868306103262 -0.272169244927678
0.404725352403411 -0.653228858026232
-0.318363609665295 0.17449379074088
-0.151959404884896 -0.677196063363727
-0.121433739060166 0.695382464192245
0.919737279904498 -0.0499450109772211
0.141461583970647 -0.59535143978016
-0.773804054214961 -0.0819898535248931
-0.662141868184622 0.0186441943272672
0.648300394030627 -0.70799481974179
0.0567521019204638 0.726784004020402
0.297609990611869 0.432780587318372
0.133377857332279 -0.674445639684065
-0.554091198977095 0.0305859524472523
-0.370828374549381 -0.156716813356639
-0.280469926956953 -0.163027754685618
0.172263312930459 0.597464280582576
0.0992823432287843 -0.823976201363032
0.506953381777826 0.557545553354838
-0.26116808749422 -0.102557383115575
0.286732588045284 0.567637860550933
0.94217583785515 -0.506517455055697
-0.292490508138259 -0.0697455201183808
-0.258755210196008 -0.0560141699811051
1.16421308509756 -0.0313751809936509
0.250760363177487 0.621932109733598
-0.210690351796312 -0.00618221116037187
0.442605584215967 0.550590236211214
0.357894170886971 0.359196667687144
-0.24061975688946 -0.117190043151464
0.0574671488938896 0.454218887806515
0.721987205636461 -0.28866567272005
-0.301973924911846 -0.0452789884667049
0.00952007691349993 -0.543990654417642
-0.412939292123355 -0.107914477423325
-0.19746622763728 0.465479812211001
0.0986442732631496 0.336888216626502
-0.233976784131673 -0.119293215271102
-0.0887729422147511 0.18091057681319
-0.127453933183173 0.174644755183542
-0.105325315481626 -0.467365297274037
-0.053979400460872 0.341776893684184
-0.125052788151733 -0.069489461991108
-0.56116975240247 0.127346387120595
-0.292623730745947 0.212428802238164
-0.392100828740794 0.313079924863994
-0.0926953348294885 0.536710217338915
0.164397374364575 0.661146307487312
0.299935043888035 -0.115828916697093
-0.100832693319816 0.411119957237288
-0.484869985246066 0.205707317427905
0.0652974655875539 0.377879508427033
-0.106142518588206 -0.36994986825023
-0.382472196965006 -0.671266086194564
-0.120818830447425 0.540610214954126
-0.0960913903009566 0.596832443688959
-0.806527279650789 0.210768913540896
-0.0356385112885357 0.579706166038898
-0.787495928910384 0.0899092481231628
-0.190361194034273 -0.575283104489397
-0.700637092389114 0.0718334952143549
-0.435646137851072 0.0999547762001665
0.0352583349041905 -0.456283339723696
-0.439121535525442 -0.158543177384334
-0.823506860322758 -0.043094650249689
-0.392886047244467 0.416677529727879
-0.0462985293416639 0.523700548995431
-0.428912559598309 0.101006152667079
-0.265547826672501 0.47832662265527
0.366522474806834 -0.780828626567067
-0.100739602835942 -0.68909818802097
-0.554403007989852 -0.0194249841645595
-0.0373494195784547 0.569605812914398
-0.476443600526149 -0.071968753928645
0.067708950957108 0.566757543920155
-0.546967622996623 -0.0291692688082988
-0.598683157025709 -0.111371062094096
0.0621419728280045 0.672553399204508
0.620309664064388 0.63740946404524
0.020482537714543 -0.702572416179957
-0.531941941951099 -0.132240552643166
0.0602516538259524 0.748856355077219
0.183661854763319 0.676844427360262
0.110743963202644 0.712974911238637
0.0095446041349928 0.618553941053399
0.185598069676301 0.664942745284395
-0.489894558993177 0.0181314514214186
0.137960162299789 -0.747355665398853
-0.367777721819441 -0.221247462829845
0.307474506993509 0.529559787693914
0.0604267567724111 -0.54324333254622
-0.0472582241309891 -0.67984201393013
-0.0407962663838751 -0.531636411534177
-0.365029395883096 -0.0556475987123705
-0.322275788301467 -0.0122227896878653
-0.0583911485785504 -0.436501824748341
-0.282322920959165 0.0170120841872243
0.105860055455481 0.187810869933617
-0.230011164778923 0.0436813065491081
-0.328368598812438 -0.0194430461681386
-0.257798812765337 0.076399689108435
-0.224714835076449 -0.128936735072178
-0.222225812150279 0.0835556593885126
-0.250938723021304 8.99145736164661e-05
-0.409020862665818 -0.124625199363692
-0.373767105258545 -0.111518834753443
-0.462840944291301 -0.0207727684771293
-0.479751566664579 -0.00461874403396657
-0.293585965500495 -0.157246742087899
-0.535083566579664 -0.0631995571125437
-0.53482551993659 -0.0704387462141392
-0.536928002615019 0.0138358949863951
-0.265612167838507 -0.278094002969603
-0.157973102746411 -0.159934298248317
-0.509667246136576 -0.038884873668513
0.12466142181179 -0.0487812290653022
-0.206741852549033 0.0378163698254082
-0.310392050342263 -0.358102492804008
-0.0486774856326022 -0.336416650965365
0.0877907049146727 0.212948081807546
0.161679071231746 -0.206520176792127
-0.471292931349269 0.0212806185080585
-0.649854349338414 -0.0591555774484552
0.456353865765232 -0.0509975102424003
-0.298180907890593 0.332507465673582
-0.335679291873354 0.312330308276298
-0.589235993771457 -0.0816722435118621
0.12960528694538 0.451779235348103
-0.236544433268259 0.397896980553883
-0.434324827381385 -0.0881816943398979
-0.20120485758184 -0.510088105512657
-0.706393313704906 -0.0852861730942019
-0.667264440072111 -0.0539098548662657
0.0779417224880041 0.528880987915193
0.123271218348951 -0.583543797087538
-0.672678419458132 -0.0225603426989716
-0.454558628229415 0.309834470648922
0.0102679298497368 0.264582314338178
-0.607923143377343 0.0942381934236038
0.00605076408563569 0.36724306304232
-0.599125158306537 -0.566017774417637
-0.441237727392423 0.299176050355343
-0.917663525525696 0.0897241713790801
-0.951701207590147 0.0430430759929045
-0.632009870790591 -0.24553593398793
-0.355719967725379 -0.587772769731006
-0.00579849174413522 -0.727119929905161
-0.712217662237154 -0.160590293442557
-0.666009281420342 0.450960210616724
-0.286198661762873 -0.681913816173516
-0.715757485486414 0.0423439587721494
-0.434339357723261 0.579779535303487
-0.800359216265216 -0.058269452837467
-0.478742016231828 0.564612802204001
-0.762682569452716 -0.112978870243611
0.360788014468885 -0.71054248709792
-0.658886006675305 -0.0713480068936487
-0.28526758783052 0.478076342452037
-0.60375546849276 -0.0681832790592233
-0.251437833198005 -0.706587127908121
-0.13241869099004 0.459950631022477
0.0133937195750306 0.331469414973597
0.383077349368386 -0.525757174875403
-0.301994514579768 -0.116000364974896
-0.331342345091885 -0.0943593183221218
-0.111062847160454 -0.432064133512656
-0.301385911915636 -0.0753387292979554
-0.0729404986826356 0.158165280620564
0.231584221155118 -0.189327449185561
-0.233886394702881 -0.040670801728507
-0.29647604355779 -0.0492830123263054
0.00271754186285534 0.212196629167436
-0.236629815975797 0.219959101449544
-0.190459166093464 0.0724137356035004
-0.0116584805837071 0.205967993894124
-0.00267798392568249 -0.321764524270173
-0.164716050109306 -0.243789991139389
-0.463716620834199 0.153348399917663
0.120312563065159 -0.136963337812991
0.0287716480816131 0.0334933080542792
-0.318013091367162 -0.162543709809901
-0.244688493893113 0.168608703815327
-0.297484673953944 -0.0227019091181498
-0.485465080590128 0.00829922066813278
-0.226792112323081 -0.103963424983205
-0.115381945344337 -0.0572315855733098
-0.283958884459702 -0.0965222935754645
-0.083381412893434 0.0288646129687672
0.146157417121261 -0.0225877386861642
-0.305809551030729 -0.0460679740372438
-0.106301509845385 0.139313089790666
-0.366508613773569 -0.163029322196542
-0.0643349932340152 0.151724029834837
-0.18949841780998 0.189432665074336
-0.100211091172722 -0.26724210376962
-0.293840493438286 0.151034883584442
-0.457296917263132 -0.0474875367087191
0.0512346811268147 0.317202652830443
-0.196890258109048 -0.175046326776666
0.0195558848437356 -0.164946299580585
-0.193555638169461 0.21139649938875
-0.396291935086079 0.310981352179389
0.150602806243998 -0.276031677219905
0.139699978972634 -0.335903397330767
0.424791640160865 -0.017132345340335
-0.147305135607479 0.380228350225569
-0.0928018232240626 0.424326617276906
0.114300113672405 0.222832947044549
-0.0721076039777104 0.198085504380745
0.3424411097319 -0.285370918502346
0.408095060713048 -0.220520144578487
0.0633217621488277 0.132171101824201
-0.113978325087191 -0.0454519941945593
0.187718065431741 0.0011403972317949
0.103058315244802 -0.0561809547698013
0.161048076573453 -0.178888630666355
0.168032818360169 0.103015953600096
0.152179078549692 -0.150693084234666
0.204318471357267 -0.197745808461917
0.0702215176221671 0.152710979838681
0.110805253716638 0.0194753923527272
0.344733752309605 -0.127768109444959
0.294797240227392 -0.0893540614599934
0.176384922780254 0.00991675367477594
0.101529793249784 -0.103873472212468
0.198485875481026 0.0117848069351046
0.243854967950496 -0.0784658542217396
0.206477287065427 -0.0369376752167308
0.113293716221672 -0.0254547632134531
0.136059249252512 0.0905019589500613
0.0690835872111821 0.081003740100802
0.208023287253858 -0.0777709698809893
0.15457334208768 0.0441104698560371
0.0486954893036044 -0.157927306883256
-0.111620000200272 -0.0226905499460892
0.113126030102356 -0.0174679903837777
-0.0492716200657852 0.0932123573451285
0.148201207297999 -0.0430079137761112
0.162214697935304 -0.173498209169501
0.267218370811175 -0.0890577414533981
0.115962567672417 -0.0180085387261378
-0.0707929793450685 -0.175394114968511
0.0139178106598073 -0.29415792890208
0.155988581108306 0.000174464570859323
-0.187772409712755 -0.312591467448001
-0.0471484100348574 -0.367084245881717
-0.124930927842296 -0.37128135479433
-0.122532044199063 0.253382017059546
-0.396130069377734 0.416253667463099
-0.0157716093479041 -0.0602196042690502
0.426435833009881 -0.26217909808047
0.0350665863171061 -0.411221496729572
0.457909791961069 -0.0172575381042722
0.357583497786232 0.308279990623426
0.340653693316978 0.239988780484963
0.36136487377801 -0.305447457342663
0.146346950581751 -0.349593347829989
0.257400796764869 0.138120646174931
0.0733478476318726 -0.138152168891663
0.0143176764056342 -0.218168042461899
0.444010702693801 0.0470642601587774
-0.418921645040218 -0.0374824518168034
0.34725166796713 0.0447149324981721
0.460564687050358 -0.116724682896476
-0.27555125126913 0.0989446381421245
0.146040664687384 -0.357356427771736
-0.118500825286258 0.232771664832598
0.495097795460356 -0.0658710018941632
0.313493066284165 -0.173092038351051
0.18861228125637 -0.267107862498519
-0.027961340256519 -0.326936193413695
0.0105873537367985 0.062532468557178
0.304055247215926 0.0550296320348383
0.156381625274748 0.104571987695039
0.28067116282574 -0.232547835469952
0.473939952981738 -0.144420859171712
0.555507337234177 -0.170723268701615
0.331600983972038 0.166739048426564
0.467232763196291 -0.0282427734731642
0.440062735344729 -0.137360275881981
0.493584857894114 -0.252803642702505
0.575799083358236 -0.077907053193573
0.317370649800563 0.215936076870873
0.517893715428121 0.343734553862035
0.714562504187304 -0.0032435940395133
0.107464705340707 0.147464848568927
0.621942300462256 -0.251124094120212
0.693142723164331 -0.107847884642432
0.385748766792678 0.101047766720878
0.372712136493381 -0.0146357734910392
0.432657044826631 -0.0849809178553481
0.140589608786344 -0.0836827835355161
0.227949937556619 -0.00246041977259661
0.150397358543323 -0.0304893475588842
0.379485830742896 -0.142757908283739
0.244156022721064 -0.117133185462521
0.0530022874487783 -0.100472765122121
0.434107433301121 -0.155734119445051
0.23179261278588 0.0730407458877622
0.426533255758744 -0.0607750408279022
0.226387469115878 -0.20690580684301
0.536189176747901 -0.110252580813535
0.102987986510223 -0.304844736057708
0.507539426643298 -0.0199635463887997
0.145930956901772 -0.189088025546877
0.140821480079983 -0.184006609287085
0.277428959403435 -0.0670807939271912
0.342510734098211 -0.19820471376163
0.584918454751384 -0.0718529578011928
0.325334525544205 0.0315244891895412
0.595532425940382 -0.0371286645763928
0.519143140421421 -0.191866545720082
0.793136839051695 -0.0459884973597689
0.255024566532815 0.384793748107995
0.723303122191651 0.304607327451125
0.449948643812604 0.226467557583348
-0.417656621464005 -0.0271754370171375
0.149087175199701 -0.73806882856921
0.802200389316564 -0.409475363768458
0.214843857322945 -0.7281228699501
0.181207151702302 -0.768188224891252
-0.285964327378556 -0.0797575076721683
0.282349749218604 0.433990554586813
-0.256453459820592 0.0384945866849853
-0.324170482006047 -0.0651732038075761
0.0236859565215296 -0.579700769057991
-0.542262083160849 -0.0517502798527742
0.347020509049774 0.519138875758375
-0.534407302772218 0.0934678096480631
-0.386720643527654 0.482595776838347
-0.280213804206975 -0.348009253055626
-0.124007816012967 0.62949131559475
-0.299131285220153 0.565735701060131
-0.54060883324602 -0.319393142244477
-0.573991612228178 -0.852819556150159
-0.309073317053455 0.725281633274208
-0.835590545611146 0.692044381685558
-0.791511781707 0.59813878915348
-0.908068082917114 0.62534107921828
-0.905651243229714 -0.231785881402873
0.775233079155163 -0.0592549945339033
-0.840537745081688 0.885861553453977
-0.530855127794703 0.837662675038903
0.282854254131927 -0.555059630660524
-0.621252277901106 -0.898333474686592
-1.12651667319627 -0.126743029992258
-1.07107441220466 -0.0723166309350488
-1.2381007414557 0.693283709072643
-0.266622722260973 -1.03797958423956
-1.21700308067402 -0.227316240526592
-0.218259401220174 1.0357096795903
-1.19877657588461 0.21313676968682
-0.970858991814912 0.729370454250281
-1.08459945644638 -0.137800764298348
-0.105451714183937 0.681440054290163
-1.53827142140627 -0.0641069288138389
-1.20805002518439 0.533846048385514
-1.16431311993667 -0.282453424335857
-0.821028748439937 0.813806269501459
0.033177279434513 -0.503507034501345
0.138127758725897 0.507094675816119
-1.33271203053882 0.81471873277469
-0.388942298702337 -1.086708558775
-0.442591352968893 -1.19072895781341
-0.592827545559543 0.963002843758033
-0.993909274946172 -0.419071277698218
-0.531569852530588 -1.05396296542032
-0.050256520712775 -1.23554610717355
0.555113968829647 -0.525049875459498
-0.916552674233742 -0.282998753415031
0.166014724017842 1.08892542564432
-0.748628580051942 0.834591447311614
-0.464871161157883 -0.0986516238061362
0.566303012855225 -0.485814430152219
0.16394343006858 -0.914706879946371
-0.351186688915777 -0.78576022063327
-0.271769568228408 0.726804689517523
-0.706893820626218 0.518320903915067
0.5013662706669 -0.353721823000955
-0.629659283953142 -0.106069124111444
-0.498163520267636 0.573199032189627
-0.422892409764214 0.416072343474919
-0.335094772145243 -0.742652140885019
-0.754968701189722 0.00544997637147622
-0.333998027936832 0.582317170888424
0.339187247726599 -0.610730711662878
-0.161147204305353 -0.711913301621376
-0.207156413110695 -0.723448396379994
-0.240593663877566 0.569552164807575
-0.200787365292801 0.457159187641798
0.950279705032259 -0.0155378361343075
-0.187877911334512 0.556152831446481
0.585143949181973 0.628992404233971
-0.471734271154179 -0.0193853795565499
-0.0772901575428692 0.607751967919394
-0.39979546111813 0.0872994952419612
0.281337853181886 0.211241552604837
-0.099991020585871 0.569279693666999
-0.465407197386715 0.585195742659477
-0.0600427194247468 0.657792190024859
-0.163539695869772 -0.653309801038843
-0.568396388003677 -0.592648090981753
-0.0513021366148828 0.669661262716405
-0.165534375622362 0.724717715292348
-0.704421745996431 0.645382767201359
-0.254212103014667 0.609344065064439
-0.808834131227936 0.649820669229013
-0.0641901560586207 -0.710165653086691
-0.790063264058483 0.684489329822588
-0.11083016956096 -0.83706981378337
0.589133647975523 0.202885835660209
0.305386766629367 -0.88161179201076
-1.21654664057284 -0.091766527410956
-0.191023113092448 -0.903073753378052
-0.17375351255032 0.821678405271052
0.154753554913531 0.871119983067008
-0.149195503841385 -0.819671550378814
-0.623408558337921 -0.294808335571343
-0.768749477493932 0.348223911728288
-0.556756542323203 0.64104718534118
-0.156177925216924 0.702278736885464
0.386942576005633 -0.823354940682574
-0.0637353646896868 0.87246333000147
0.485926611948357 -0.784873542067841
0.392353630639511 0.819470334755117
-0.775654725208665 0.084511538872545
0.0381665617446717 -0.682018101429306
0.0374553091899962 0.611651561800776
-0.253849528439948 0.870346357030595
0.778627736284101 -0.464767102143218
-0.626924068801417 -0.0501609314103993
0.738499024441057 -0.439473126470395
0.0768893937566577 0.651225515986617
0.0372412480633871 0.564182865097213
0.512622137664038 -0.651157533860288
0.142247590466398 0.353757343193403
0.287462713800797 0.698941516030274
-0.0110785505404894 0.552014159576655
-0.060964555891395 -0.327597908175873
0.42015497969167 0.0910573208499903
0.0255947602152069 -0.346426742551817
0.0365098923452184 0.34561097463853
-0.478239314806304 0.312834162673976
-0.178883508497117 -0.3700888593118
0.00164492206038266 0.508317244759837
0.349758117213003 -0.141495471788855
-0.125224554069422 -0.60971244766396
-1.05120019352973 -0.0640356982553107
-0.792745516615863 0.424964838044085
-0.576487928688572 -0.71892355461554
-0.0326593064568375 0.611936789842523
0.383840344144649 -0.0198752573894078
-0.0679633314074792 -0.651933531759439
0.471566244768472 -0.0997098300822207
-0.485879447020069 0.391761915195255
0.614767555936523 -0.060698329596371
0.14404801571922 -0.622787298817646
-0.570190195366771 0.528702042027165
-0.848092108613691 -0.0824447420161567
-0.608248485628611 0.52476864232714
0.0506074073768827 -0.563900839891804
0.685109023253116 -0.0219476908614157
-0.532627225358267 0.632059465612785
0.283769967572126 -0.0212528088765204
0.788037299816763 -0.162356466543504
-0.596413354426057 -0.603804771008036
-0.286447139003276 -0.43652738464855
0.507726044220425 -0.364006667713933
0.50822656047593 0.200462729320071
0.338726537723665 0.859884788684244
-0.89134362690098 -0.0992631854124524
0.14341725153762 0.00086092295182753
-0.843399697956256 0.237431558827331
-0.775271522999357 0.250510666689729
-0.302023232566092 -0.987055477790108
0.386248486351849 -0.611080098444158
-0.750837642541788 0.135483022338157
-0.843944018474506 -0.11669189814527
0.414068430776542 0.474659676486976
0.633271294726604 -0.655995963052345
0.503993942567192 0.761191848470751
-0.246958291045588 0.366750335161152
-0.197675159124395 -0.264680516064666
-0.255435367608904 0.627188137098518
0.126432982038567 0.472908823170006
0.302638566040559 -0.273752359790423
0.262075616796047 0.446851437756979
0.379773432638713 -0.167770122479255
-0.237767262551033 -0.368357180283727
0.00917342498794936 0.348847324762468
-0.324431938079469 0.279422105344651
-0.263981006631125 0.259196817761083
0.0337132454373354 -0.249063836019165
-0.00364738404346723 -0.464348649024301
0.000565928986920379 -0.468091784619904
-0.0882923373172153 -0.262747825626042
-0.244236851218851 0.362746033467172
0.0517194626304347 -0.438715712152035
0.016016065283166 0.257740257098384
0.220652939409792 0.418404928687782
-0.376920946877294 0.323942913257822
-0.270032848112587 0.334800496254426
-0.103985121433579 0.243396370620328
0.545003605659525 -0.0138231186687298
0.224000382230606 0.490053832939015
0.632543794861948 -0.0626476604449313
-0.326912701580486 0.533339654294175
0.184123412319486 -0.448232188808152
0.160829599730147 0.468662824226625
0.218747760620639 0.571279996451962
0.6052188841394 0.0777559076481425
-0.35319727050154 0.623222293897372
-0.226799624959493 0.637051991729856
0.420365949830038 -0.525060600422658
-0.315328545460239 0.689402114816524
-0.438615920059652 0.255323180466292
0.711963627242784 0.138710083305116
-0.230774304398697 0.767377522905407
-0.836667931316673 -0.047785485251878
0.310211561179947 0.748423948679289
-0.504917518039263 0.270958598434032
-0.537817667978186 0.360335532533053
0.287009085812739 0.872785948659246
-0.152830197731243 -0.43637994198112
0.688685451952504 0.333130600371141
-0.120664249720822 0.830030200148715
0.910291386259928 0.382730668625705
1.07718872340856 -0.301980112453712
0.818525768578317 -0.786885841084654
0.257884363876791 0.702499561386736
0.149628935198665 -0.837306987160538
-0.185911320535991 0.753954526959376
0.170881719837565 -0.65413000145658
0.669945834608448 -0.15724557446246
0.486357298647468 -0.404253140288502
0.580539465824134 -0.202391252186915
0.195220274630491 -0.0176921945604886
0.573166527270222 -0.0731076033744774
0.112774939317559 -0.299936570461226
0.388948955950581 0.213474727410704
0.298577233766009 -0.25964214302219
0.200855660821459 -0.1864970475987
0.260189884984166 0.057422769783325
0.319879000325853 -0.0145840683518546
0.271985291256273 -0.0466695738374598
0.255198330432765 -0.0976621804253675
0.364059393904909 -0.0743844149264931
0.326540670305344 -0.0788516487972611
0.356038431578536 -0.0313833578981589
0.369063739845138 0.00980663776762665
0.272217277211723 -0.0820154654742078
0.289947847170713 -0.0720210953654206
0.237644183233781 -0.0351956832943399
0.341264711061884 -0.0962632768086922
0.337863180156552 -0.0557655011379008
0.285644737711073 0.129937109131746
0.545623107432951 -0.016302883530142
0.46912892386458 -0.057581237129049
0.19805503371071 -0.0722998663288904
0.266507494536133 -0.301257167277213
0.15333338600641 0.172931761096298
0.518348954191338 -0.053282510789754
0.503777731186176 -0.0627022002613302
0.128168673556886 -0.202664856814719
0.282164821043864 0.302019148273255
0.381414952916918 -0.299547054327251
0.25098857646368 -0.304909506397045
-0.0271149613916927 0.444894845990527
-0.068295482334008 0.136907751803914
0.28388572697754 -0.266144752692657
0.551124417433365 -0.488066269436944
-0.166324956093353 0.210071827097176
-0.0647194279207732 -0.440088313030656
0.844452031489145 -0.140522130632225
0.759314368863484 0.0413371389393954
0.74158128163625 -0.0411471051824061
0.426320729456632 -0.402409342778008
0.364467002363608 0.314933305718523
0.703179678619958 -0.0640206417490891
0.626246633850286 -0.0237502529869046
-0.235183412555946 -0.000852899375082768
0.420562772599745 -0.387929882971417
0.408054108804577 -0.318829083336044
0.455829621672484 0.315959477009391
0.488614028499778 0.0337380845396992
0.561396729376108 -0.231754808401536
0.723001835276491 -0.1125194367781
0.581065917563162 -0.305977240631742
0.522023112587971 -0.326240964550358
0.421948282275007 0.34003894014192
0.803215766199334 -0.126120916503001
-0.0464855066998059 -0.0395071524927076
0.270351621412345 -0.395551470835002
0.622391511271156 -0.194678328054866
0.658670170241446 -0.136181156299639
0.438491048308981 -0.2265950760933
0.601146768291209 -0.0155006590892434
-0.417911360814551 -0.0493588522738752
0.500256435177253 -0.535630884993817
0.415446018324513 -0.42222428519231
0.791885614734325 -0.0672225309878902
0.890444388720616 -0.103093949346867
0.403670292227308 0.630968406068886
0.385851591187742 -0.533312784502598
0.504948223815441 -0.451638589864722
-0.146994466496387 0.483875077109336
0.695213640441864 -0.632429599890111
-0.0666995660146406 -0.741132679232562
0.846866429669213 -0.137250510661121
-0.478739624679596 -0.111288870040819
0.946907793339167 -0.0962685314491633
0.604286309640053 0.14742354835639
0.137830511437914 0.622647046183248
-0.0978224664628292 -0.240127382514261
-0.276166698275991 0.0196797367412441
0.435918007640647 0.178586171969293
0.132716608151041 -0.484549540800798
0.129339799057507 -0.409893509530436
-0.203883225141392 -0.144683440569822
0.0686383081950592 0.212262128019747
0.367882397491305 -0.143201891098695
0.107190761282377 0.0983155424513924
0.165243376097039 -0.0107053874246594
0.193395398689858 0.0284295304988327
0.166590384750439 0.0269940701028059
0.143438157606666 0.0602735945286468
0.260811531839609 -0.0377145725452679
0.246020110858368 -0.0570266803951447
0.321726753385938 -0.113962271932067
0.109348840371368 -0.0296831111191147
0.132463211824375 0.185535008465996
0.107893291999053 0.165368328444607
0.361410018103392 0.0352381314997822
-0.212496621101454 0.107304025934056
0.194239791212727 -0.365135003859539
0.425369091957598 -0.0161121796739533
-0.0528424363083042 0.167401716431515
0.209660804229456 -0.172751448401972
0.355604353888535 -0.220117828014855
-0.0159283079406382 0.116795533705399
0.22915498042106 0.174139684597508
0.0331128885846747 -0.216055219809241
0.0497317458963045 -0.187200253682597
0.0774525073364421 -0.120026384249054
0.174580756990468 0.0791447310964862
0.0614378016888901 -0.00712159539241917
0.0647088803108937 -0.163668304895954
-0.0685958429911259 -0.0093183145433826
0.0320830299549173 0.0697274217157872
-0.0749297921062998 0.0271428577741852
0.250120041868299 0.114896863658145
-0.212294598909247 -0.115472472252567
-0.101749349055815 0.0916046578500137
-0.0728097631972545 -0.0119895455348998
-0.143099576016773 -0.085671088289832
-0.10091951476308 0.0117385020176415
-0.170764363143746 -0.093974488744393
-0.134759627599644 -0.0425462794818377
0.00336902843347769 -0.0573277543985445
-0.0676517390055905 -0.0956294627741735
0.106355539752635 -0.0482525228456253
0.266587318348105 -0.33230881062042
-0.0501153819014376 -0.0409377417015043
-0.063646061398123 -0.029310023221816
0.693542998386327 0.0039967740186696
0.256690636697402 0.234505081304679
-0.0291373063612961 0.00699265997962773
0.634509980208417 0.295353939195154
0.593086374916338 0.330609370726106
0.426154888655606 -0.227783482431431
0.372763156085807 -0.43684530257543
0.750993278366527 0.240075311007952
0.814780859157988 0.269118770521638
0.23753470771976 0.0795442360144039
0.331600421508715 -0.0534982951425954
0.0448432224639084 -0.215541418781636
0.564252339569522 0.0796668278438777
0.0681258728702216 -0.0815321292990255
0.345484598231059 -0.516985471275712
0.530246526525461 0.287247717183355
0.568936668392517 0.26386980482628
0.712489760549985 -0.359126492880706
-0.123594306207052 0.073141498553932
0.248589287191628 0.223337540003781
-0.164439898504667 -0.119587751526736
-0.223565057168292 -0.067323164418949
-0.260251381390442 -0.0529834006284833
0.181208924208832 -0.218025142590284
-0.344152810643068 -0.0293853037092751
-0.37950781454963 -0.0498460094920554
-0.264724272006557 0.147484182385073
-0.245486218852099 0.21777623164068
-0.269523500411363 0.193850850111739
-0.183243762096766 -0.472827026737902
-0.16338065244709 -0.446120801726522
-0.543436930877566 0.0671318680729096
-0.253808399250644 -0.100344600366701
0.251283861360733 -0.37037347166588
-0.377856256090684 -0.0616814672133267
-0.0462043088992007 -0.438583409773074
0.0556880587859201 0.263825905304067
0.568838483481691 -0.0413784825017134
0.0823495475625826 -0.443912376493484
-0.381868218625489 -0.047232399301738
-0.213792152914732 -0.024674895047156
0.390410384234437 -0.440217843785158
0.210758807402887 0.231541920336828
0.231333685647991 0.279533199760088
0.20069332160991 -0.470505806655411
-0.176042296317088 -0.0600468050959353
-0.0397592988758473 -0.0312199199965105
-0.0824211248591278 -0.0711932774647959
0.368625340144335 0.353086616768336
0.284826148284088 -0.535978067246252
0.419300588365038 0.336964102825334
-0.0946753158914246 -0.113584784216866
0.495748756880317 0.261044293319613
0.781225833831284 -0.312673951776382
0.0584252881373707 0.00640846977588106
0.013821928001414 -0.0248057360318927
1.01347288482286 -0.0154410315691515
0.414518807770753 0.430817307101383
-0.103289135013013 0.030547978205458
0.294880531709542 0.478142021242905
0.45325885299392 0.426482622357982
-0.25680076462654 -0.0912895524177826
-0.0220408524757211 0.397470947799135
0.63846153360972 -0.210720038108227
-0.305055102368434 -0.0752816670437218
-0.041388389002358 -0.456515056917836
-0.395452708765959 0.0896996886192355
-0.0621970128703416 0.306347635891164
-0.180431478879548 0.272469781772653
-0.550362382368769 -0.0326029564622791
-0.250422261178429 0.320018639176471
-0.346592746619861 0.320699142507643
-0.245300624073107 -0.37853870919905
-0.248742797645328 -0.144670115784162
-0.47705119217365 -0.0693511309079125
-0.453966006138132 -0.0583118531435921
-0.384322144061984 -0.163285221625956
-0.0615524429897664 0.264241758763172
-0.131475939279837 0.294808433676205
0.253259334993247 0.416725150343061
0.221804044235124 -0.434809262636726
-0.229090147499067 0.235409797637923
-0.59654789636009 -0.0648287723857187
-0.353682652271517 0.344031396858309
-0.316995549682349 0.357445761126674
-0.296441516538105 -0.580821305517431
-0.134635434544484 0.314814208712391
-0.0761128560616584 0.350574477292088
-0.503267881334991 -0.0134516014308549
0.285246360719128 0.565281754113035
-0.559204985683257 -0.0721097509985659
-0.0314654016408182 -0.556199682490538
-0.399154570449189 -0.0582691297087305
0.0277678794132626 0.473120033945389
0.0454864398949489 -0.640995146132237
-0.273134393910108 -0.103236324175054
-0.472638190998137 -0.065514455104845
0.0474692479830249 0.462123125851899
0.20229740067903 0.569524164385773
-0.287449135620386 0.0461649807285346
0.323253708569877 0.365475663914712
0.621746601968319 -0.412517176562387
0.178371327944488 -0.624587722502562
-0.420877066899888 0.0456415922249483
0.257554881487704 0.660342437298331
-0.240460039429371 -0.297560812264828
0.304803460946238 0.657452736600489
-0.245689992384466 -0.18892626964979
-0.263986619475001 0.12021733651687
0.0640584713478766 0.906008473359912
0.857241489584162 0.665343058601402
0.216718170457181 -0.908020573459538
-0.447117689533541 -0.127731445393654
0.459119143859578 0.758511535509632
0.522985963011282 0.665168593279164
0.293212668074087 0.817328895167533
0.485005868110718 0.754966572951625
0.631847211167825 0.748547494719106
-0.531532290866367 0.062904617565209
0.255041209697953 -1.03616572041113
-0.582237613340517 -0.277172563775109
0.565212942198906 0.869870575124694
0.151150220490327 -1.11369193251079
-0.106771143741953 -1.24269605350084
0.071849794683251 -1.10878824605356
-0.769323908789373 -0.392652055197901
-0.573686456423847 -0.245737071222981
0.0170541433850979 -1.17575245937417
-0.775522865694462 -0.539637953310042
0.687907854314566 1.28228228756251
0.000606977894209531 1.1943947932968
-0.172624937991763 -0.0647562863461867
0.811018639830142 0.588284946078338
0.47318640063295 -1.01242272290721
1.24119873006395 0.873979538608756
0.823500514325293 1.478214013866
0.0482079100393682 -1.40080654568382
-0.206689638939268 -1.60042681136877
-0.570072007104774 -0.386376173657015
-1.39676881539512 -0.117820322510371
1.61793293069451 -0.716473777732714
-0.673843664412397 -0.433797918467771
-0.108845788097882 -0.00549667913415228
-0.771292057552796 -0.482536858057298
1.73380225102242 -0.773316382427254
1.49609773981371 -1.50012955349953
-0.769014349873043 -0.46067226971858
2.44555541836721 -0.0624076155670408
-0.183840628204641 1.81717011566748
0.713862833349357 -1.21664799059811
1.91078281939847 -0.793688345984764
1.21982622487286 1.83268196346487
1.799204065512 -1.37233280993599
-1.14086809966558 -0.728000347878571
-0.206415235476123 -0.0258936813144164
2.6802598104094 -0.0323429214243829
1.30224301079929 0.76730190595648
1.14286589320798 1.06541234647063
-0.664230967989916 0.771979074539112
1.32898016564012 2.05630435938516
1.00634506244379 1.25734275307312
-0.195198629792567 -0.0167416113920511
0.354224670591441 -1.9411579115478
-1.37952434887761 0.373287579254763
-1.14759817319971 -0.747970099158748
1.99843081847289 1.444397241262
2.32873940195657 -0.891486651915059
-0.888057975001752 -0.540830390521482
1.83421203845048 0.877454301349442
1.64790137986103 2.35900671342254
-1.08996670029024 -0.874567100491024
1.81483258355509 2.39217803064531
1.30425536431607 -1.58891880223529
2.15695426249922 0.34587430282905
-0.236913424266981 -0.860002323250723
-0.38192213243792 -0.894123158832159
-0.889285314700748 0.546637129566235
0.95518732881663 -1.86499572537244
