-0.212162517362845 -1.51932456382157
1.3489903855844 -0.71396916645579
-0.773502890082786 0.576366474384096
-1.31505859970342 1.11681755691019
0.61987957134494 1.50367398824304
1.15458027809302 0.758146493332517
0.624139754278312 -0.831635438744618
-1.23352772976816 1.11727884716573
0.818583463568451 -0.673832133054758
1.32290943025813 0.529183784958861
0.305669692498184 -1.3743685108487
-1.20057664435323 0.613328169206385
0.605964616855635 1.24070258595884
0.640061942593381 1.30960021509948
0.676328502217435 1.2357525956253
1.17992417834562 -0.0124570334860934
0.601738092826384 -1.28360978535
1.62427977552595 0.138403989208804
1.47972867876679 -0.0452423268696436
1.10323153675367 -1.09480876490575
0.849308548162347 1.34382501772858
-0.685337743231213 1.06577504650218
1.70896959156206 0.106758459980006
-0.0439025516142713 -1.35168410985906
1.71945083665885 -0.00408911398484107
0.648259632677796 0.848303105082004
1.10113535264573 -0.831171943181081
1.37931984111389 0.0188195931166533
0.355306747193925 0.938599458684747
0.723634201647329 0.897616129696875
0.312456582062397 0.836745890529301
0.749266990506107 -0.847290833371129
-0.480651877099614 0.406094392387013
0.77036411132435 -0.227854644393736
0.610536472737662 -0.909552963621084
0.0879572311107985 -0.84864111402182
1.05005425568392 0.0761147113544993
0.157914358245279 0.908852893851377
0.0115633307687227 -0.593438041678078
0.695607783411712 -0.44534375703366
-0.548635534384869 0.317178009532959
0.561883589242712 -0.839487005964993
-0.842550844938387 0.228436211721392
0.486250844144894 0.194682264630856
0.493072321782396 0.280651683502226
-0.956589752061232 -0.0539776749711172
0.546788614104717 0.813724262447704
-0.438298653055137 0.296671202453639
0.0598176233854547 -0.727467913287657
0.0795164057457292 -0.631200868521911
-0.28972282514885 0.728146076079367
-0.297918483939936 0.526214650464924
0.549664564598162 -0.402125098922123
0.193950346507704 0.449772825560675
0.562004521287973 -0.337579948118277
-0.0846463957073874 0.326726197021191
-0.524555590680297 0.323504186818142
-0.434200386582396 -0.138948205398569
-0.41230082951738 0.268169779305804
-0.385042255217251 -0.240236358236895
0.0647412423822732 -0.280794429314448
0.158706999670224 -0.519657123425912
0.129370895142501 -0.308728646090109
-0.0920571923645769 -0.229545914665821
-0.359350784138118 -0.645555920955304
0.192259962328711 0.186597280381034
0.685380146318608 -0.0469240421040234
0.316059994099431 -0.415176696988858
0.569426289960097 -0.106600085773396
0.20538729024184 0.299627235395204
0.0767718427908352 0.0668127384661349
-0.319145430790562 0.519553713038036
0.345590945514478 -0.160191120012868
-0.240823086837741 0.0112993026923589
-0.0546530682728161 -0.0833264694503482
0.127592566266026 -0.241245822225787
-0.084344057208955 -0.0332641361847381
0.0665055193261486 0.0182328787937393
0.102294065528683 -0.136305625255708
0.0155578030788926 0.0604981761917862
-0.126251370567049 0.0715316325504857
-0.176337968074861 -0.0278925001679668
-0.132569669507541 -0.0408362122134571
-0.244090592371307 -0.0155566343465565
-0.148344492170873 0.0558494555857916
-0.254167326299598 -0.0712183806960821
-0.106972235803794 0.000541197168577342
-0.295771297372161 0.0867142433690482
-0.124010770639971 0.0831458307446893
-0.417100977825574 -0.0811951531657198
-0.121053132431668 0.289908793900665
-0.204941776814642 -0.101649245052763
-0.25610261717811 0.00716881289822594
-0.507034343010593 0.111862818576111
-0.440591306138794 -0.0459139305633279
-0.265103139983034 -0.211164918942355
-0.0866735457042984 0.174103029339364
0.0603115057935229 -0.00817179876231775
-0.480205501604485 0.0987464064936141
-0.688234864969724 -0.0761820255027341
-0.279013029290266 -0.0753396003445181
-0.450065278327756 0.197234316172261
-0.418853803115012 -0.424070907232639
-0.828676441640288 -0.0315563653854304
-0.467310701650069 -0.553805146531615
-0.388943510522092 0.375946032389332
-0.44518788099271 -0.571310773707708
0.162098865214601 -0.467676812584259
-0.705848185390594 0.364294304419868
-0.0166062714009828 0.609839675117851
-0.176985010134791 0.503971517521557
-0.37915399428077 -0.426024626965545
0.12734821954744 -0.213966800797708
0.138145884549815 0.447853981122963
-0.174515047346881 -0.443747699052764
-0.128796505722677 0.360088840877738
-0.0868888766934279 0.477254703407832
-0.035530277481973 -0.567552097741995
-0.734537295527209 -0.0613284410040386
-0.0172784958666887 -0.673441594527213
-0.589822678525461 -0.130923949479022
-0.203542628952864 -0.591438736856649
-0.300238713985465 0.45060087981425
0.810970482095617 0.0103810625734352
-0.398675017225094 0.570415737845966
-0.41981271010192 0.494684493805125
-0.244206097484663 -0.605213016260182
0.0665224287035027 0.528184814817304
0.24063312990136 -0.459341455489249
-0.310890369759266 0.270045452517184
0.277947474388062 -0.329049299042504
0.196880234231768 0.410616514796408
-0.201466202930533 -0.443383085917957
-0.165831261211474 -0.342557439919445
0.129260612447483 -0.0959962307646049
-0.600900786000468 0.268879097505758
0.0276331670532948 -0.408983957900037
-0.334621405495661 0.0923440898506164
0.0907377471295995 -0.329259175635443
-0.220178356508268 0.113412215468785
-0.0965003382903327 0.104240111963778
-0.0679886383522284 0.239535648205021
-0.143418266918746 0.315296518264949
-0.141366257653951 0.194746505582022
-0.0390871579147033 0.206992574784876
-0.0794263228803333 -0.209730404544785
-0.188878479003259 -0.0237974193860164
-0.103892732341538 -0.0112789689787274
-0.0892358091748573 0.0355455604822046
-0.0440859444159243 0.0310472207396815
0.013263202879801 0.0354168297012323
0.0389674309089796 0.201056077011069
-0.112585036805205 -0.113309062005617
0.145581338412406 -0.0222686959241923
0.0892802351664312 0.0526441474415023
0.168318923367245 -0.0710139543623858
0.31284611226514 -0.0400906981091949
0.200093938560434 -0.165004700067588
0.31048130626392 -0.0410100945959476
0.381128962653684 -0.0572452639454699
0.386191250654247 -0.0154112044870054
0.281184451174728 0.230772962532799
0.064763028670956 0.0789591273563927
0.158178099257806 0.00343175833653074
0.385397491338612 0.195195968240993
0.297497069742979 -0.19062251903472
0.118007110041543 0.180206373290785
-0.168346894166686 0.0972220955516247
0.017048544551663 0.0749598077337544
0.0614791580967589 0.00421598222060707
-0.216085900536617 -0.0175364559897163
-0.17437953273289 -0.00400884287733504
0.0893761219266438 -0.0954513717007921
0.051225937288838 -0.102819118486716
0.00909618283684761 -0.149135327131384
-0.0344455729318808 -0.0154292899968815
0.163225123625824 -0.167681891121689
0.179453311936661 -0.0600016024687332
0.0242231738048824 -0.0565190721124396
0.114823997187071 -0.0636402497417307
0.279495689553502 0.00386330901068134
0.204830402362876 0.0431847255417306
0.323473549844012 0.0305140284174673
0.199525276874148 0.00497813094769017
0.253447800413651 -0.0135455793029096
-0.103796508721841 -0.155432173729273
0.185720171505533 -0.104066477733137
-0.237796136352382 -0.153853783266495
-0.159420567100151 -0.201274788196337
-0.140682498271757 -0.0486439972535717
-0.0506509726299206 -0.283740621824206
-0.0403732070293667 -0.371981895314065
0.175255624791739 -0.246130915678533
0.150742604819118 -0.309802863953027
-0.071685705620556 0.331810711560413
-0.109815374295394 -0.0667912558725681
0.181197632874036 -0.537626656684775
-0.186655473608382 -0.0714664975282142
-0.079571613916415 -0.117244572643059
0.0635481684905475 0.647096068331934
-0.0777449914066924 -0.0783584827342354
0.880836603821651 -0.0330811945211546
0.282624341318714 -0.532648202320408
0.817999045146129 0.0389394096288641
0.0438262691387803 -0.0299448069637523
-0.110243757713283 -0.148847560491556
0.40942809934053 0.0982909268976057
-0.134634597019113 0.111367635521714
-0.309108671636718 0.384262091347265
0.266931269214336 0.419217324622589
0.0269863983626054 0.464328147719563
0.510202188705374 0.0320311069526465
0.13606771482486 -0.042279401410843
0.284144035325608 -0.289009973215816
0.252269788282643 0.145397444913745
0.193904990808417 -0.210532400145839
0.247915826196328 -0.0487280889502983
-0.410386995454251 -0.698284646524884
-0.653424566630774 0.406509340387364
-0.235274101817169 -0.637251077366983
-0.240590094194826 0.502264460640071
-0.143162865954692 -0.693004878148532
0.605699695149783 -0.572565127289008
-0.310314102105794 0.0166655287856613
0.223845452511112 0.581175800232237
1.1870509455924 0.00385701658051087
0.87673908701826 -0.400916293344254
0.769066892672576 0.567473463132617
-0.148233787398047 0.608186579017828
-0.0897462140526322 -0.628187696353781
0.303285446039021 0.264603024388781
-0.0785650215903934 0.357490944205422
0.224551817051566 0.226411046239642
-0.103860570720501 -0.0560725177504885
0.310771021384968 -0.215717570915213
-0.292423675837686 -0.00473156398242551
0.110073949163031 0.318551957910062
0.459381263717468 0.0187609213262843
-0.381883389706632 -0.455226552192451
-0.3761860208434 0.13840400083429
-0.355084524006119 0.35483797299784
0.367126004567627 0.0629436391545418
0.448419111488059 -0.0522018604910664
-0.160725029755659 0.221063137134731
0.378215519816365 -0.0345930060435118
-0.221868564780284 0.243515063470665
-0.2779805967752 0.185337324802337
0.122985651677889 0.407393223005775
-0.0476936216919736 -0.349447402941315
0.209121031961499 -0.252573224648739
0.156569959297036 0.351105492909159
0.114901553629637 -0.215164371500543
-0.193720469604144 -0.317390281813425
0.129397141442609 -0.0156264738877922
0.050638383247104 0.192211394523785
-0.0994533703554705 -0.388193543481239
0.112953330370592 0.462617051058863
0.531985254830405 -0.243695320689004
-0.147946896841233 -0.00635253094629943
0.471418048251602 -0.120280734754016
-0.0891596677049695 -0.39338631022155
0.266877362412011 -0.258433344484022
-0.165732426087417 -0.0945381314759841
-0.28043641414987 -0.062463284576958
-0.274711298752093 -0.030023615608311
0.00420584182494674 -0.054150948868425
-0.339043408561734 0.12374333614814
-0.037675677714863 -0.307137954470126
-0.0956490231577091 -0.0694040780810846
-0.402864660475569 -0.205708717895305
-0.11900122943084 0.280469394755226
0.0102905248007751 -0.326615391171628
0.0424050901125035 -0.418495167405403
-0.0171321089465665 -0.287765580028785
0.0889582392567931 -0.233347335233494
-0.24272475926089 -0.369370122701783
0.234458365060484 -0.043769335594428
0.383183101167804 0.00309970918828026
-0.0835124189126631 0.38411237987597
0.217636382711229 0.248599228889305
-0.288152528173451 -0.00627582893004094
0.0512721584520653 -0.557187446548953
-0.378895971674217 -0.0570809332895147
0.691232286645493 -0.0283493061401081
-0.293969575361259 0.320673174339722
0.065982698708776 0.368682088113328
0.0439955210230785 0.354783805464006
-0.0569289686167343 -0.138656703580636
0.00239824607278826 -0.197117783912873
-0.141601518049837 -0.164213112415157
-0.263764028411651 0.0766733774404475
-0.379863028668095 -0.0100922887740039
-0.494101640598133 -0.0696876650519004
-0.284518635375062 -0.239208679959641
-0.336945967174264 0.227572290675418
0.244799767395799 -0.0286639576844183
-0.410127237200043 -0.364076086740383
-0.751766901039727 -0.354357582527226
-0.533198143362936 -0.476300492439039
-0.593124301951251 0.495066401856475
-0.67942521287888 -0.769983804849121
0.0197650560906318 0.809892997982902
0.0211504501031669 -0.417773930831508
-0.473645525179406 -0.532400813079524
-0.784698290559647 0.271387953780063
0.252331204150031 -0.638112098719812
-0.403307548415242 -0.227800856193428
-0.542944321973486 -0.183352655600115
-0.382892349784432 0.320653951732372
0.127225497273051 0.399688973192976
-0.166777130301068 0.423606796930195
-0.390663593995076 -0.648956177208659
-0.108488789310245 -0.633875819777722
-0.324568117027271 -0.711920589797753
0.303116551715829 0.50916412172896
0.263719802467057 0.417079191336159
-0.493944113724212 -0.0521199233574534
0.0659778713507578 0.336644226050659
-0.442164914313577 -0.0860209391383283
-0.432605285528966 -0.0142253145475159
-0.281078046315807 -0.207919339364202
-0.351192550211893 -0.207683531014287
-0.528313401863832 -0.0451879530543075
-0.459625630601417 0.0183219308101549
-0.14135064234494 -0.0855180846533756
-0.0879335173052893 -0.0308782804902736
-0.224866017062567 -0.0648558156761685
-0.0329148896655812 -0.0518876903585696
-0.113319912104707 0.298740660511354
0.0387809700790276 0.02403101948686
-0.000564370336589112 0.256293045743913
-0.339500501512805 -0.408783720785786
-0.601099507678107 0.247319591025732
-0.453432683934387 -0.444942303063887
0.170602973920731 0.0151954688187657
0.303403053504323 -0.0262395625244529
0.153243494705801 -0.351519436203301
-0.127809830031766 0.386843142211038
0.0229849282375878 -0.0321243069301384
-0.394268640041833 0.00224026633068842
-0.00841749351183368 0.340208508662508
-0.182753734875646 -0.42032310697436
0.194047598446808 0.142326046638301
0.341998986740437 -0.292537135119493
0.0815549742591678 0.0972320949223453
0.0853022366255788 0.178650023253721
-0.268143076149182 0.195070359869069
-0.192482586820372 -0.0303906403886473
0.0355716477725964 -0.263337409209612
-0.117263361045107 0.00266052355061092
-0.18415620813841 0.213668401169425
-0.263791526877616 -0.0207072356509295
-0.110197639580396 0.135110807700398
-0.0838081715989792 0.125667346062623
-0.251627140086975 0.172631495015246
0.109549447945159 -0.0431716595786367
0.25794138520487 0.116867011454515
0.306199400386379 0.0587882592614263
-0.102362425010291 -0.573204873465298
0.112176950942836 -0.515286310503799
0.451377252852209 0.00566227750208952
-0.373572746100233 0.718674162994114
-0.0503193368106856 0.719704551334942
-1.15539300023643 -0.0167533353754594
0.378349430377978 -0.146318429752606
-0.953334039704674 0.750824857136382
0.433664851194942 0.0206856560790234
0.432517923829302 -0.13341343818208
0.544050147629304 -0.0201898570830838
-1.04697357334029 -0.609076127002649
-0.124905192466887 1.26767736672548
-1.06806034706242 -0.730537344452644
0.469597902716416 -0.028622571674295
-0.300317503988327 1.45083477621888
-1.37652737860619 -0.713548698708586
0.721534866493432 0.023484490413038
-0.22799991414595 1.69781466106895
0.715066498142018 -0.155274789001445
0.811927496494719 -0.0503067351157065
-1.48210388602729 -1.21702334221719
-0.158352196793988 -1.92339804647232
0.798258083634405 0.0710673711384586
0.868712349300346 -0.056723747386106
-0.363576555382847 2.03677401133018
0.82358898197038 -0.017333771740306
-2.62334779348367 1.19387373075921
0.776962139912428 -0.0820008516924603
-2.17637398092166 -2.11551338488485
-0.435774851919003 2.23930935720782
