-0.426828601377749 -0.145028881183223
-0.574338203825729 0.0270080880325821
-0.545339934462967 0.0263225527799202
-0.522879441364587 0.0802936415536425
-0.409766870933827 -0.0511388167625053
-0.604996564758018 -0.177123355786395
-0.553243807322192 0.142300489215849
-0.866979048482651 0.00691704512071277
-0.446136382451924 -0.0219441107614756
-0.729008046092514 -0.0828792751988284
-0.639254151293715 -0.156368112708554
-0.561206600968969 -0.0759771445929566
-0.568322257757332 -0.162227798711476
-0.642491404856071 -0.0232811032404777
-0.526244331198551 0.0377544196203153
-0.50959404252958 -0.269878902236713
-0.66414049595254 0.0291099302072585
-0.620683562815795 0.0922766413193332
-0.482291884332968 0.204087054650463
-0.773349254012337 -0.160949652148825
-0.773527144183603 0.162300025705768
-0.412327394893677 0.171533190079535
-0.373258391011723 -0.343489340654568
-0.575975336767659 0.466840371719658
-0.955524072940913 -0.0244445774282234
-0.268561814312069 0.486369307623339
-0.69319641938525 0.29561780963691
-0.798241084372109 0.323691859358049
-0.908666869060792 0.0705435653249164
-0.640492170048227 0.331795781444718
-0.759345756389369 0.15524033058064
-0.125882007501371 0.268976953909969
-0.702321878698551 -0.0275532462043902
-0.716669947740987 0.00444767247563894
-0.84760115292139 0.0777723080935268
-0.579632109466317 -0.209752973066869
-0.709445089029531 -0.325580533516526
-0.59914090683628 0.16104755419536
-0.171421290936854 0.176061616694254
-0.398878726784819 0.260253001672148
-0.680688473562615 0.0935203998901588
-0.581611654532241 -0.0938320830301998
-0.487047954019312 -0.126255714721907
-0.371387544557012 0.244776004082921
-0.108861649496703 0.0802069787274529
-0.461234264295898 0.241121005005875
-0.189200209911723 0.278312129613646
-0.368898719092786 -0.203194214183793
-0.481712233452096 -0.36094324612274
-0.179396928588697 0.36827696731471
-0.270078473476908 0.330860759289405
-0.109741906498501 0.366488076256755
-0.229822939399305 -0.294940464232081
0.208035370605233 -0.0623294804188976
-0.485054096660196 -0.448945458016106
-0.0177975162298267 0.485730553213795
-0.144243960106179 -0.420230971186476
-0.581344574253662 0.34350047979491
-0.57452388609798 0.433926861333362
-0.18355570645024 -0.578254563214367
0.31327335636324 -0.134929396577368
-0.142550542994603 0.493002139994167
-0.223992997490857 0.55878617093547
-0.197760419895394 0.561293995214145
-0.153843157681831 0.49706624185724
-0.291449408363433 -0.398938933529473
-0.364963036483057 -0.460737370021213
-0.278403239098706 0.597160343977107
-0.726587906336709 0.2869921422848
-0.378682677478511 -0.281363223508155
0.0818822337982167 -0.155551424504658
-0.32328198134797 0.527203601234431
-0.396369200343756 -0.352638846359481
-0.617367323298057 0.431353989312837
-0.379524651225857 -0.410020311316113
-0.243838420729843 0.540551492296731
-0.210292404995605 -0.0147894942554081
-0.784221977757253 0.155615857294021
-0.644746343974337 -0.168257580870001
-0.948941082963586 0.0165656556779364
-0.444364965082537 0.0819485947813145
-0.327222237546996 -0.0227313497872414
-0.374600709686483 0.481846154617826
-0.423082037904836 -0.377924591627723
-0.526639821536591 0.348922256388735
-0.555155214969872 -0.049623265499191
-0.319536246113612 0.349573836491822
-0.741019069642687 0.0626247722235054
-0.146474060381184 -0.408855418477235
-0.333031498376109 0.359501644158173
-0.0839037835572009 0.599080361092152
-0.805277182006095 0.016201531913459
-0.377817103116275 0.384233475842228
-0.42269874998045 0.38709878608591
-0.354146166637165 -0.552994655852003
0.0227213253456949 -0.607882146718163
-0.544532301142843 0.448176414920762
-0.73402554123274 -0.0739740651657666
-0.44520404782604 0.421647118823475
-0.671945620942755 -0.00720429704935445
-0.325684773667003 0.336396857406534
-0.252981096971254 -0.450051303354024
-0.329338186387491 -0.381046085089048
-0.207621978758155 -0.385437871781465
-0.538179100859867 0.042253724886997
-0.481338992298179 -0.017628717913515
0.0778337075302997 0.422005777129486
-0.485595445976447 -0.0206399578135057
-0.253302844466557 0.0663951613347885
-0.262556473701163 0.319975729813801
-0.559227202650248 0.0547944268357013
-0.0807437472816795 0.134171410752499
-0.0587027627502022 -0.518513510633427
-0.784948408961173 0.00915802767889476
0.0323609082807329 0.253862244409939
-0.593673750423198 -0.254238040727876
-0.167974799318169 -0.392425775858395
-0.760555674153486 0.289964852541545
-0.24794320336903 -0.479644901672949
0.257950116249866 0.199771509822623
-0.0407602195554891 0.599969210636951
-0.593925895294217 -0.656524549360136
-0.474446955595451 0.589348940470835
0.302736897270921 -0.0798357672668784
-0.0637169459726706 0.633641792601702
-0.83252496893398 0.300812698657318
0.278154954438415 0.129250195536693
-0.347416079440828 -0.473642897429281
-0.244058225034548 0.566394177310015
-0.243926789590112 -0.653689847597277
-0.329465999872058 -0.546888695002506
-0.150363523324326 -0.42804987081408
0.0726247007133443 0.648204121063974
-0.471988112926918 -0.638763422760068
0.282267229041731 -0.01351604181032
0.488266748382908 0.00987266367721275
0.340826808980973 0.0396965231413676
-0.0451951941107486 -0.429496917094512
0.221690955238916 -0.533805101425423
-0.248699301177762 -0.216874770645386
-0.330762793638328 0.499071258043577
-0.0533642669159907 0.395590854937679
-0.397018286016556 -0.500417233055966
-0.105160440115175 -0.307457819189096
-0.230816708772878 -0.161826692926497
-0.582546873242087 0.0385244458671299
-0.0333247629733246 -0.201930196426006
-0.0150840955900641 0.370535189710672
-0.138710786240127 0.0304578078654403
0.0965450389337937 -0.0391373556256559
-0.0998842245487522 -0.196398570352483
-0.588407661290863 0.0835446791172644
-0.156055414792197 0.182686639827352
-0.268951346705327 -0.133772362657303
-0.511567868799591 -0.0111157384930938
-0.127566518637033 -0.0260893966019993
-0.292743562297468 0.0778730708942496
-0.0455859402691608 -0.0464234562469809
-0.132062312085485 -0.165221812348888
-0.304051181512666 0.0708215735742439
-0.303035735252593 0.100217868265524
-0.314435683237305 -0.069101760693645
-0.0476572022225107 -0.0297402428445232
-0.0766161733998394 -0.104502732538373
-0.496876896069595 0.172052881049869
-0.0155508501415567 -0.16096437942424
-0.249551478503225 -0.132186014566206
-0.197785015143265 -0.145118723001499
-0.345442466596997 0.155089737683273
-0.355511617193022 0.161272875189018
-0.381588495999657 -0.242742334618786
-0.308008581867534 0.122430694952443
-0.0977621222284274 -0.0440903759357772
-0.338326696828382 0.151373200092141
0.20926199665503 0.0541400536011341
-0.291728309226141 0.174617494448101
-0.0706307088643993 -0.0701569225123144
0.128764765302923 -0.0115313585632598
0.0302168840534033 -0.217747941051501
0.0124050778298653 -0.0651063768029749
0.188311895357185 -0.173932464697492
0.0904472857858861 -0.248774387702817
0.125799267586409 0.149226950504423
0.144568706899721 -0.015087357048408
0.236083193184801 -0.0237888559690506
0.368488024863231 -0.017800310746437
0.242381465457017 -0.0905059777951374
0.0385263448987408 0.0126090154491172
0.27227209397439 -0.189087017716537
0.300030907901026 0.15353636441191
0.287734057052352 -0.0988842465115047
0.247637910665741 0.0650491386187992
0.473354227735832 -0.139767462132532
0.349540407973362 0.0464598226847039
0.370133996746499 0.0336225486162065
0.272763274860466 -0.0258159859644418
0.417298527019246 -0.194816924067082
0.388297531955664 0.0299823231527572
0.409470199129842 -0.187962971869984
0.514594994757917 0.0455208408810159
0.550770675924614 0.0605316212426819
0.431270284445094 -0.123055712630653
0.493750468175457 -0.0391518031449132
0.525839612809647 -0.142543768217314
0.297027139295931 0.0505787576686953
0.715014536539326 -0.084265982188244
0.545503376528973 -0.0651455972933602
0.797481728608249 0.0042678258607816
0.843016737309414 -0.0291609416632254
0.681706359515253 -0.223721799710459
0.546677204310737 -0.387304563212262
0.871118856956325 -0.487000153459593
1.08356595605512 0.165157422037243
0.484749195497888 0.293324428934354
0.555504542141332 0.368303838902135
0.267441244068519 0.269471280188236
0.164547823552376 -0.587042143707394
0.471973961974888 -0.516506156363274
0.475255780744588 0.39897492373395
0.454508838585482 0.390749223858355
0.739429154455271 -0.0933101498452312
-0.130217675074691 0.0441931002242033
0.594525755510118 0.0960422834652034
0.996301168587815 -0.0415823400650933
0.768534641023318 0.236273946387832
0.736903721008631 -0.145371625054197
0.629568431603499 -0.282517499244722
0.511248868602807 -0.261087784359938
0.456302907026303 -0.0224446218270619
0.533591122007739 -0.0390525670844993
0.525883315593159 -0.0948552877665769
0.518527874393329 0.0506104271506909
0.738724453601361 -0.0290366243221173
0.82066838259312 -0.195547600423837
0.636716814073662 0.00785555544645169
0.598362472559583 -0.0127210367656294
0.412575882966881 -0.0238325231143465
0.604249081885084 0.124838315943122
0.572354715899046 -0.267025823274168
0.58413101822793 -0.359366772012567
0.246247664088282 -0.00575388355843427
0.262387563578098 -0.178612312819512
0.92615384301526 -0.217088592148717
0.676964140974401 0.253142672638052
0.779080536823764 0.0432954228303844
0.506592369416649 -0.137602825573889
0.783138710087906 -0.0191297232009673
0.753553976745444 -0.0645817200983426
0.752252061678065 -0.0570857464576576
0.607223828425122 -0.308757486267514
0.791492932308422 -0.0343743743530093
0.572982715155331 -0.332037115962926
0.175415188350308 0.223158838705337
0.452072690886567 -0.241030982522429
0.216369902543669 0.109687909362968
0.45516324233042 -0.244013861347694
0.4065421250216 0.296655680856623
0.176725046061041 0.164915674097805
0.308775468258992 -0.182498989711552
0.286323400441106 0.283363428730934
0.332070225111395 -0.0828949144522648
0.310566592823053 -0.193685454353158
0.42106445862309 -0.17887428193398
0.514541572568358 -0.171041008831118
0.62268840126972 0.095701009798237
0.38803078763734 0.19806735040072
0.446753870624468 -0.127127424232677
0.208472192656742 -0.0380821955308156
0.358637561079286 -0.11864561850632
0.189274436378674 -0.10074650418206
0.300745102870799 -0.0253566895215712
0.281889142433069 -0.00204272192517597
0.135192153004475 0.0954799898481256
0.286544938220792 -0.106966377031267
0.138256668720474 -0.0190885399764776
0.138470832876083 -0.100655796774997
0.119628288743626 0.000749343482506002
0.351190042198055 -0.0708031082544085
0.170882785165545 -0.0214766846368225
0.3087295562546 -0.135342159459655
0.452898198842781 0.154279881497212
0.436066075648123 0.200569212684669
0.443009751256483 0.0730848313835067
0.291689005287043 -0.0503995806159355
0.32951547630156 -0.223639883991408
0.413373277316119 -0.0282797099684243
0.466511964320205 0.0216139415861777
0.378573506959498 -0.017660818047331
0.486456443989068 0.032793849145291
0.383695626087151 -0.134821040088399
0.456836541307777 -0.0862854812896054
0.533520969778353 0.0194057156290618
0.574646272745568 -0.125862329807017
0.509886788981057 -0.0494772521006341
0.508741698992532 -0.0893484635632093
0.474220635307199 -0.0125990792137632
0.469836725790357 0.0436080095359201
0.44697778333273 -0.0421701575847067
0.374629240596424 -0.0758126943046773
0.354310965831001 -0.0236724804774325
0.383366001730124 -0.00620411180378777
0.327362623250172 -0.042955690355769
0.382828244873989 -0.0172379442099855
0.310915674937742 -0.120334326164066
0.374901247992827 0.0264783813091161
0.264771857372595 -0.0562350609355826
0.273102256847026 -0.076917738740375
0.178819439133109 0.00582605832106133
0.168393550436893 -0.083454435142966
0.22851915192298 -0.0335125965285269
0.148717304526998 -0.0309432649870542
0.193588205061528 -0.0254571424583385
0.138453202400885 -0.148184623222955
0.221377497099697 -0.0762023451146282
0.139785389124343 0.0413855841103241
0.144805232193194 -0.0761447824399513
0.185940798430718 0.0718225376067004
0.0424848074119239 -0.0972787626170304
0.0918422088194905 0.0986643932092529
0.0295772956597735 -0.0212121416284568
0.00510990764436924 -0.0603956616070457
0.10324159640211 0.0123506776024962
-0.0677501232498611 0.0939642284472397
0.0173832325327136 -0.13401496064722
-0.247226902472179 0.105953145060318
-0.112878720973797 0.164019074020453
-0.341176029189677 -0.0273217442238136
-0.250836015560117 0.165026010589939
-0.134039893728926 -0.184753331992365
-0.173686998689285 0.171144918299443
-0.145349323618304 -0.181081996194749
-0.136592679930907 0.284205539778287
-0.414196078877331 0.223291364381065
-0.264999531636504 0.196355273182332
-0.255057070546741 0.304171905146934
-0.229109674946517 0.351146399133586
-0.592674957088248 0.158118254649117
-0.0696646608466352 -0.0590756566011998
-0.0330357356692069 0.0354481950308417
-0.431871347634602 -0.170762457552322
-0.219772458698167 0.0348556645810559
-0.485738384516698 -0.140090659579326
-0.469564753274344 -0.302108046407815
-0.636353909059387 0.161736805011609
-0.333290895637151 -0.207511631883499
-0.479825342161085 0.139592820637396
-0.569381073665084 0.196359415465305
-0.791770295695378 -0.0213739632133875
-0.266715126774252 0.0296714333782537
-0.812151944986744 0.0769537914572193
-0.762909187037932 -0.191807905812811
-0.61432204054648 -0.0976781778160841
-1.04398068026379 0.0196113666287398
-0.861073062389901 0.15153610683577
-0.902102662208582 0.111304072604668
-1.11659479148884 0.0570503470725071
-1.10555409071104 -0.0132125722595864
-0.972767137263944 0.199563522603639
-0.909461563007699 -0.279155728136044
-0.832449275248144 0.144054391401769
-1.03363967850585 0.0225435588856601
-0.743164138913556 0.174953148856571
-0.682132357514364 -0.186139174690341
-0.653859944975263 0.0939044797617759
-0.533698863252464 0.295556294497746
-0.632099816565932 0.200845836515928
-0.60960306100452 0.226718023735953
-0.941096414659719 -0.240869310102096
-0.729181285176448 -0.12589898047526
-0.688257354246274 -0.125854637679747
-0.910777159319607 -0.308971629047206
-0.945263332506517 -0.097528829778618
-1.02797961391302 -0.246834894721531
-0.992654985051198 -0.44204328304297
-0.74916117564144 0.431674367401243
-0.321664165995661 0.137204927228785
-0.634591331396705 0.384017980822493
-0.66723349818507 -0.351663332211284
-0.639061801599073 -0.306676308186939
-0.221574862951178 0.0439912303489809
-0.589000045203022 -0.158298343315139
-0.653459019738721 -0.273435274892243
-0.464605936246641 0.446862147317946
-0.563733184348065 -0.351354419119272
-0.471589218759245 0.452989414498554
-0.52974546642945 -0.294824352830053
-0.52354281421436 -0.237672051243364
-0.529774669702481 -0.352120499917805
-0.725519673885568 -0.526603315975776
-0.182298977522805 -0.172686042812535
-0.548071604498056 -0.242899893967659
-0.395862657704517 0.399709644503027
-0.351772763435078 -0.383657810585152
-0.670952965962126 0.16165873280417
-0.126007522527184 -0.420247908959423
-0.470698175943903 -0.065668294664662
-0.45318415775908 0.194114896018657
-0.458183885387413 -0.562379120224024
-0.221363809108571 0.491791270963258
0.209668324240005 0.33319073530506
-0.458178777575425 -0.1107277867456
0.197403136856728 -0.46994869769702
-0.570477092642848 0.116149957769225
0.4428123008695 0.461597979745967
-0.515819870431357 0.0677190562730982
-0.162836713310193 0.56732159386537
-0.548381432064175 -0.00328002279839037
0.47995736827347 -0.677759576873065
0.479181409402753 0.617487673487012
-0.282707223238771 0.658779336725358
-0.246377300701298 0.626712684524659
-0.607297839622768 0.0228155995792066
-0.24211993228756 -0.578199412715323
-0.369908550631425 -0.629935716766919
-0.74865746590732 0.0808676454466044
-0.445224707617137 0.510552326266623
-0.427764847406216 -0.665232300462908
-0.181471975391546 -0.485073141164864
0.232457064999708 -0.385649807021443
-0.736257046523353 -0.0481808848461037
-0.351939291282403 0.526610272167844
0.214136206665793 -0.336286872577404
0.143827913967632 0.391669136383464
-0.881146624922324 0.0574430584354473
-0.443826839853261 -0.441288959412657
-0.197150040686502 0.108307323220096
-0.839829845260251 -0.130788709881099
-0.263570345897095 -0.408696709621003
-0.477630956782653 0.183797225833574
-0.405869448892555 0.35206686316543
-0.679247115334351 -0.415476697626166
-0.600556586749071 -0.348659432090211
-0.19005736063623 -0.166834778140754
-0.422344739521509 0.101806253897465
-0.722597754846975 -0.429338558255056
-0.820365245580728 -0.380981339416157
-0.562586435096356 0.307817248742061
-0.759658601054925 0.23371641235912
-0.841111818564358 -0.0553493493475628
-0.668343740941246 -0.351259304646113
-0.754216106657765 -0.152661500142402
-0.628335542404071 0.268174202331314
-0.633520632590808 0.0856015138729482
-0.484485144848496 0.102603303645359
-0.361762506412709 -0.00955197735770279
-0.549587421753635 0.238238311241605
-0.446184030087933 0.173897337265197
-0.551168089923209 -0.097324586644181
-0.450925446212434 -0.0959847647078621
-0.313873592171596 0.0129031995028688
-0.441953416630458 0.226411398026267
-0.540635881306217 -0.189085407557705
-0.349250013917883 0.186316527916845
-0.585526449501417 0.065763203765452
-0.287760821218015 -0.167665815511972
-0.530756672793058 -0.0215343208073904
-0.513347589813373 -0.29790180800571
-0.186174074627004 -0.208760400839985
-0.161222639942399 0.306289909739111
-0.48512063314213 0.301133932776839
-0.487687613006018 -0.287678583442633
-0.425964029012736 -0.378353978241685
-0.487665244518857 0.326713508189789
-0.465321099687653 0.255281475256764
-0.619514727490634 0.0102064212395332
0.0234568506988149 0.435940301356433
0.0339023445787775 0.451542198302798
-0.39981769271743 0.425942507028893
-0.7156739141335 0.0437541571572548
-0.237713918651994 0.397151941907964
-0.659359772650855 -0.0235818391165586
-0.278083518321976 -0.451296798450281
0.191132648778954 -0.349956038454983
0.090061230833685 -0.225830746570765
-0.273977613137116 0.247950518542114
-0.0251892714276014 -0.225917884314463
-0.521460976597574 0.0312466398788301
-0.500003664007882 0.0443249445866156
-0.275060116819435 0.194091692165373
-0.390367189704222 -0.287180328530085
-0.315380867515135 -0.386595574059977
-0.226079454763421 0.290166376247145
-0.166302704299591 0.125658454047594
-0.488639294350602 0.319040846992278
-0.0614318058482405 -0.199403331308388
-0.119596850055657 0.0553370230294129
-0.0624573025043333 -0.0952381004364511
-0.401179607247479 -0.189526991099335
-0.29883629215604 -0.17734060746799
-0.125023960777408 -0.0500848922852756
-0.287059836058375 -0.245044809523362
-0.305177993431372 -0.0938501449132566
-0.151094547582683 0.331349212221931
-0.273770033691165 -0.174497107661916
-0.326826755779021 -0.126308448357529
-0.308817797550497 -0.213254864835909
0.0213259762329895 0.0450455010251701
-0.230834880282688 -0.072834740096791
-0.311222136090692 -0.0173832321533733
-0.110362664322778 0.0515470219868333
-0.338333077694555 0.0451194920708718
-0.192538974230819 0.114270726446517
-0.195608570073414 -0.0793734670162792
-0.311571037443244 -0.105373662416103
-0.313161448812433 -0.0205319397401666
-0.255037572427792 -0.00830523838182391
-0.209839363538978 -0.0387396724550286
-0.201605210214119 0.00473691724243614
-0.204066724477689 0.0602780108733314
-0.164633977056579 -0.014933269675967
-0.280162297383012 -0.0815581711280821
-0.23430847708169 0.0469326937349712
-0.0261818382019907 -0.0753117281423686
-0.261500305875482 0.0645625711718418
-0.157040737918925 0.147935387790463
0.109646180013761 -0.0276850923986065
-0.236950467456214 0.0509042689644898
0.039178399655861 0.00131060965720388
-0.117070310947646 -0.124714410397157
-0.0133291157406047 -0.226842146224397
-0.282996072393731 0.219169970974096
-0.471711285890775 -0.00264608956109794
-0.310471165446404 -0.362264903576563
-0.357976858696566 0.267615942253304
-0.0924384983086526 -0.312059351047736
0.0177754006033247 -0.248482069671644
0.253044659422335 0.00265706857339644
0.0505942278880757 0.434692097003073
-0.248554204683705 0.414005796729178
-0.568701143036562 0.0381478757021447
-0.64614118206657 0.0228576641807201
0.497609417541109 -0.0136110693475677
0.0840541930798532 -0.275525279993375
-0.531263935688561 0.0334412526573998
-0.393084747337388 -0.0301647152531347
0.289494515861241 -0.0205584295887096
-0.0400759189997409 -0.357129287805853
-0.37122346346799 0.353388783161636
-0.0878473577281491 -0.212990165343993
0.118380314389366 0.0113811192437743
0.226195144057245 -0.0615411957511338
-0.034219187567064 -0.207693067933631
0.212973822349991 -0.0216849456053125
-0.277426472564981 0.146810304118938
0.0255697742022635 -0.224875361461639
-0.028562639416724 -0.174934378161221
0.160325821060725 0.00464623502204634
-0.0189035191191723 0.153277680033367
0.011278637557997 0.141250206953563
-0.108015478413734 0.0972075769408703
0.063391698700348 -0.0880520283824098
0.0432985669674426 -0.0659582537999806
0.0395354832990953 0.107398458155172
0.0527701865996899 0.0505609043834247
0.263321240079619 -0.0879575003408813
0.0143923618500836 -0.110781522844929
0.113309399062609 -0.0733297596043497
0.350309634277555 0.000581932810059799
0.378438299371668 0.0326571277068805
0.217544038244614 0.289378186180164
-0.00918120334410254 0.153828644039427
0.405560561852832 -0.0277221666427509
0.168496170612287 -0.193194751953938
0.428494539063036 -0.0142015064202498
-0.12099953654473 -0.323449874038727
-0.0416681160638548 0.268299133677721
0.211372152387517 -0.3243122473701
0.476491708754036 0.032473946232506
-0.0725814382897477 -0.481876761674692
0.316736400061498 0.393293913041526
0.742681231186598 -0.0375667812006889
0.237335745471446 -0.02961117614992
-0.430399221832857 0.0238878650979091
0.351679362980584 -0.190329551551449
0.339849407979156 -0.27144294317439
0.332984158755566 0.0672848962345425
0.406177901863545 -0.109696829948975
0.418561913740649 0.173634122190488
0.0697401752196028 -0.0631924467040452
-0.158529695206434 0.0351335626133506
0.18570457098523 -0.138972982496464
-0.140577234131441 -0.000102416428853095
-0.122306918331628 -0.0648840005068915
-0.0449232236030563 -0.118234146912877
0.0405969683777379 -0.148506869357634
0.153640973166679 0.106013632838973
0.155689058226743 -0.129972047973626
-0.0480702317211091 0.0680657217656449
0.021059204154476 -0.0851499265623258
0.0605838728158172 -0.0678164236778025
0.024213201889749 -0.082719926359914
-0.0528413302600693 -0.093099328495783
-0.0274827143134513 -0.00241298021039604
-0.0206311452085907 -0.0382301897636161
-0.0857058831701924 -0.00760153852639858
-0.11578209004059 -0.00863799103970731
-0.0946933570676564 0.00945764075340592
-0.0881496831934695 -0.0131723189236159
-0.100423394006692 0.0445104780497367
-0.181763636425941 -0.0157273342891376
-0.224995874619184 -0.0204242962231899
-0.0523846770341384 0.122620579133218
-0.100520548793198 -0.0337859814658202
-0.296741866755298 0.0187015172552954
-0.100717897276985 -0.220568642741904
-0.236258457485328 0.187817004602603
-0.3178627364245 0.178328100049056
-0.290475492928751 0.262007724930726
-0.346720766554079 -0.300502232355267
-0.508693828747911 -0.0200740678423344
-0.163595759411751 -0.29409133031618
-0.118103151004011 0.21799635311705
-0.567825696419532 -0.0382890930820776
-0.534463621529526 -0.00448467889899465
-0.191156909230147 0.268044098099334
-0.371796713475869 0.370540533824791
-0.675647437656106 -0.0327262920295333
-0.288558763722517 -0.506661220416656
0.130660908152545 -0.460819412461228
-0.713889004393808 0.0303309316071307
-0.673263426261103 0.000404275412987853
-0.665223449032269 0.0278661506830333
-0.31225994242082 -0.590453152972296
-0.376022274505421 -0.654833998682814
0.263245761719565 -0.599497448015578
-0.330172801703062 -0.710583428411159
-0.391569788029148 0.678873294988516
0.306953891820608 0.66543576414571
-0.311565726236172 -0.750827920280933
-0.384188247456274 -0.807954291297527
-0.343861606179486 -0.83803296678902
0.302164415168994 -1.00419426390685
-0.258903797331895 0.700834485762133
0.46807362782371 0.767919422643673
-0.213566488132944 -0.877447361363847
-0.794720347365141 -0.0471436249446959
-0.109922232040891 0.820173916288852
-0.786717377581123 -0.00982285847380788
-0.726898051461745 -0.0270384213332322
0.839689897271344 -0.669091467964209
-0.0682359827048148 -0.882629598405978
-0.0422896933276339 -0.967561970541047
-0.0151686581275714 -0.935330612498115
-0.693392030351025 0.0727272442927598
-0.22510248740818 -1.12170891166576
-0.62010914795024 -0.104499018568529
0.0501677851020307 1.08168770623331
-0.722113081530729 -0.20455481969854
0.904825624281658 -1.08616040434305
-0.0813053821732558 1.18635293533696
-1.14303196331491 0.177427208169517
0.766067025822051 0.853657416043816
-0.438356331857496 -1.1815421191273
-0.451825670335704 1.16472533788735
-0.302149128402124 -1.02143622037523
-0.593649378068279 1.10338750967911
-1.1813273785131 -0.0480397756997137
-1.25616381641004 0.0245730455651483
-1.16207429628165 0.0448899540387148
-0.581832775208455 -0.929667535024016
-1.24520228980858 0.0175886551949208
-0.712195225892489 -0.923132115417296
-0.872730100504613 0.725331440150828
-0.677651074989224 -0.80898440541145
-1.06309240234052 0.00124605263202205
-0.660650540673826 -0.792092832135524
-1.20016701662788 0.052286956572318
-0.246345565110454 -0.843161863072566
-0.708834357293691 -0.73140564421072
-0.660640242824474 -0.702847980509501
-0.740325079070363 0.732944739859151
-0.6479760547579 -0.717614256814367
-0.957454056930836 0.0236970544185788
-0.0664962840787809 0.479893060081257
-0.69001354648341 0.562896822498032
-0.772197488267226 0.505549597462227
-0.50489499743708 0.361469673743378
-1.24943911007833 -0.201511946272932
-0.594033995455511 0.310523742355924
-1.42901549497508 0.357471689041143
-0.217385268292725 0.404467465323149
-1.04073521550513 0.617933778207986
-1.02396458613956 0.679996932928608
-1.4032521547494 0.343543109992158
-1.45856816015579 0.283244717298875
-1.10115333018365 -0.856286503018992
-1.10708556220491 0.75016555304576
-1.69954876460281 -0.0293236510136012
-0.207320833284856 -0.813933611317902
-1.46412742088153 -0.0747872978474632
-1.76138291927086 0.0584551672028999
-0.0988531590897808 0.642246464097589
-0.749519503314138 0.582824192093637
-1.02618416408092 -0.725140719905267
-1.54852510214326 -0.170305443415867
-0.505960463022441 -0.418114356321281
-1.43806531663231 0.157321890841104
-1.18731074904312 0.442695782206749
-1.14119624991145 -0.597266974441437
-0.796745284996092 -0.454745203216861
-0.568390549068958 0.785260422122896
-1.2508824787302 -0.671017290948528
-0.830982784543049 -0.621385447693097
-1.22825083876813 -0.581976547202371
-1.3810836795791 0.696166368436209
-1.35899416016969 0.0382485761212419
-1.18903024251725 0.625470978128666
-1.56372180546267 -0.0850902349724546
-1.4651821233335 0.270154152200714
-1.13592777921282 0.504740247005342
-1.02366966124402 -0.204601438365726
-1.42431560465272 -0.44764468041688
-0.94541428462559 0.58940227572925
-1.21335033114128 -0.199307381715603
-0.575206988584938 0.0148844464151926
-0.697753227315794 0.0532572551966016
-0.963966406181576 0.551413990486699
-0.392502218965984 -0.0393994639771497
-1.29224352972308 0.224522011888528
-0.916137961383047 -0.28263002766733
-1.1985929030219 -0.480320197848092
-0.814537124125247 0.388027827156433
-0.89093738558503 -0.275432665135591
-1.33616549500227 0.256966715472995
-1.10010024706216 0.452723486291763
-0.412935221152722 -0.00306300145701243
-1.1767071885925 -0.421052519512388
-0.297576637812459 0.0394228280128884
-0.285446615425843 0.0011705515107959
-0.709663339142643 0.521253288393596
-1.13363443425708 0.36764305836106
-0.690069412569036 -0.258781321043691
-0.618769216274852 0.540117102803834
-0.553301327141085 0.579141063123377
-0.699389615277331 -0.504849140740719
-0.638543504254292 -0.264926723410324
-0.811261395882379 -0.340043453731052
-0.49011854489906 0.613135432650911
-0.882521209872113 0.428905813278567
-0.456862156576831 0.610503510857304
-1.04973812218587 -0.523501417407185
0.0174386287503835 0.0180559126381614
-1.02291304485895 0.329459650532762
-0.345120078287115 -0.790338834703117
-0.427487087852722 0.578866196141232
-0.582546385607361 -0.308841974283435
-0.121793911237067 0.653298456350044
0.504358349101154 -0.0129060272120551
0.318217871975721 -0.114032316151676
-0.227670917060089 -0.548821448858531
0.0227313820967674 0.594804455810073
-0.121584443906535 -0.507796091993299
-0.129642044359827 0.639413859847889
-0.120188941666299 -0.448976976896081
-0.224071114168572 -0.457129413917283
-0.507074540297916 0.598191180444482
-0.631649271010436 0.435334551686183
-0.26289492857463 -0.473876762712049
-0.679322174185724 -0.473955691561533
-0.0177693021827489 0.704396088495792
-0.324622069018177 -0.599801213638147
-0.757647529197207 0.203248313855801
-0.0329884219204389 -0.702940680726547
-0.838281941006604 0.444159107913829
-0.704921088899516 -0.641702485532968
-0.0567485834074644 0.706996335232034
-0.505684705606765 -0.237423598128603
-0.44826245360192 -0.480520935610184
-0.468212720193934 -0.615221019045834
-0.515628339920788 -0.467058532075738
-0.482545581906177 -0.668514980496878
-0.603090501494573 -0.485934891891909
-0.371628513825164 0.759968025319113
0.0630609971314176 -0.241922727406999
-0.453972982359759 0.752076416551091
-0.816147364767368 -0.361188591228658
-0.907149802613957 -0.263893458984242
-0.254578244394103 0.85173790357762
-1.02477768635454 -0.856576734999333
-0.740128930351041 -0.573470669257962
-0.25748699032603 0.120097239863581
-1.34804980092034 0.224633691450149
0.154977098280323 0.03491500255481
-1.48047045050139 0.0373072641881794
-0.836593902371758 0.00457603531392034
-0.675156430333046 0.219252423026434
-0.964865602537039 -0.0664541031155678
-0.930391093946481 0.0233527448833553
-0.737553153700523 -0.425146278782054
-0.776981118466271 0.429845051900984
-0.671806184452833 0.448069122507477
-0.805606772783063 0.226210934527944
-0.721442217338205 -0.411437701012075
-0.328986218591852 -0.2618588570549
-0.367428181497765 -0.216441909997829
-0.922184812427309 0.0262826018374109
-0.832181146874512 0.0151172508562749
-0.585573275833454 0.380068798451063
-0.166965702151221 -0.208324977077737
-0.995289359984388 -0.00730829762452021
-0.424325149737415 0.257391988722093
-0.526246008771699 0.402932528519565
-0.911115963783594 0.0777164761217903
-0.646682876251355 0.21484038776721
-0.858748268670887 0.0232971846034843
-0.516713141452042 0.321392735157793
-0.588763577924501 -0.502083031038301
0.082888354829328 -0.294366811916909
0.277395062767534 0.0185208776720543
0.10247504195201 0.407230824211704
0.127981763243975 -0.213149751996889
-0.316006760356537 0.388913021764657
-0.230787611202505 0.364096634227711
-0.592236045658258 0.460231036870917
-0.289320387011572 0.00312325356286423
0.0252227673289815 -0.594263823723175
0.201349873436552 0.634890351329931
-0.240560898905341 0.458550929673524
-0.179944840376538 0.399047027941001
0.0582479299635049 0.359727888547022
-0.00545378664157076 0.411496646939449
-0.217469812408054 -0.705634346290403
-0.223873742776756 -0.750222345971639
0.321626435294036 -0.789311720536086
0.32100183484611 -0.850842470752233
-0.132675922848722 0.741299745567401
-0.40986227328341 0.759906475968661
0.533625035845586 -0.666610754780227
-0.707277057824138 -0.310325148744855
-0.550740147362395 0.81206758307606
0.058357505217837 0.673104029157724
-0.38988930691413 -0.300957500135648
0.52213182001882 0.915430554993165
-0.0779821332018126 -0.0483462828840889
0.458880892618007 -1.08495064749896
-0.278815291199827 0.532276903190133
0.88927259011756 -0.297906338246362
-0.317404325219475 -0.233377045438207
0.922115826813731 -0.301306410290717
1.19709860670873 -0.0520282399993599
0.628128008979329 0.167559174997782
0.914046663268796 -0.3603904475678
0.949481747043345 -0.26905420548697
0.118594834172273 -0.829402072642258
1.01631715016086 -0.279700343438071
0.663410627745996 -1.05858133550659
-0.292105392194222 -0.253888693484768
-0.0700339654707547 1.06545686567551
0.617359442301397 0.705227979025371
-0.773217333851464 -0.0206315913315069
-0.7338552323388 0.00816156973919502
1.144618898629 -0.21470510065469
-0.463735897460335 0.380012607705661
0.191342508507814 -0.0191061475216577
-0.00658103476727631 -0.235823905070081
1.09134625366591 -0.224558582351479
0.0408925164274111 0.884529896498021
0.70268745936017 0.333449255559432
0.68901969537135 0.37607226917754
0.364200216180034 0.620305932113588
-0.355466906355008 0.182175959594628
0.267407633647246 -0.692905137436387
0.797439806825401 -0.723805915025353
0.367314715290777 -0.689436994309437
0.500055322387844 0.514509113113379
0.582461428887977 0.521480921367763
-0.137357597720841 -0.00438471620837184
0.926349739622317 0.668102755242955
0.582662116527234 0.661186195311793
1.07641329142779 -0.760095731921141
1.08526871841753 -0.766146639312258
0.53754933051499 0.65088055365263
1.0187082657938 -0.528792481882366
0.335557020286368 -0.670472260281817
0.565828827868272 0.529014414173724
0.623941715239373 0.364504137901407
0.276203797195909 -0.691076088982515
0.536033173170496 -0.529067349006913
0.131185588584813 -0.0719191811071744
0.615362598548129 0.292247589996543
0.428209105489353 0.455349669591668
1.0529632051958 0.00465082410248401
0.347522280922027 -0.547108692317916
0.00974821307368869 0.0107800802901794
-0.0613869584719551 -0.000469731451990162
0.50120256569188 0.28482577934853
0.848667976822729 -0.498302731967406
0.716979625956757 0.539050617122677
0.314007529626338 -0.555100300146268
0.31505472465277 0.549484144750305
0.602844824801443 0.268138602451866
1.04101564555884 -0.253041251102677
0.342074146086186 -0.647025732592958
0.54073926826123 0.186876090833202
0.424204918157613 0.428074979746866
0.832229939019474 0.324058258669901
0.473379503345485 0.443782029559463
0.429579404637696 -0.450723582481355
0.480483415209501 0.376340506769494
0.502219767621645 0.342401460515106
0.842373272919472 0.157554451075436
0.538222560998068 -0.0610795552748776
0.744582277401475 0.0397347016340696
0.117107109275868 -0.494152177939774
0.151896581608226 -0.468799829160282
0.160421720750597 0.222482066246912
0.113720616048594 -0.401250603674195
0.441548582137249 -0.412830709505882
0.138241715015167 -0.306662510011238
0.778478061331968 -0.0510807686343764
0.102117941572759 -0.484736057361783
0.501166850164015 -0.366943875136295
0.113833574404037 -0.361506618347035
0.777975329645009 -0.324223518225206
0.558354815080439 -0.195797961242695
0.238941666685475 0.431140872442405
0.848264112901961 -0.0661546744162385
0.924648057537592 -0.0973567812825957
0.589752418948193 0.450744105889748
0.942517488355145 0.0124333653043099
0.640961313375909 0.45901042334564
0.904834989234426 -0.0531710850025144
0.0868970902893205 -0.513062127429596
0.965899996412222 -0.0496933225391397
0.662279275088428 -0.408487696127011
0.592182180316189 -0.287405633490547
0.121197413048934 0.479640286376061
0.89771981394499 0.0608534305447997
0.635428630992752 0.533284537398101
0.46444271911699 -0.533510847079696
0.39696963744528 -0.550253405001073
-0.0242207529860108 0.435143357716831
0.70733844148389 0.632481020045518
0.513860056410306 0.470836059679686
0.896010346166823 -0.140794825388346
-0.536668834773738 0.021439577834319
0.710704486442693 0.147420260879198
0.900549790962087 -0.12708217921005
0.419597401636769 -0.67223066001343
1.17931807428114 -0.0350193262634843
-0.305741798789444 -0.400138784781549
0.384022012218608 0.58285644724394
-0.404150039350753 -0.501367132370606
1.00364773908175 0.254148122654094
0.347764794426291 0.668559105416242
0.227442080215703 0.667599607082314
0.148443079785173 -0.719414355061765
0.258779512362766 0.53294138848489
0.152911497823287 0.669827618729592
0.575570683136411 -0.727462611349147
0.78281966192421 -0.277865986778837
0.347384755539316 -0.471337877352255
0.602116286302612 -0.612427035807713
0.734295968392416 0.230552184084356
-0.0394243443858273 0.422991183971365
0.038974015276016 -0.482537349106858
-0.210296849281167 -0.664665384004526
-0.296122883152047 0.283569210615867
0.211488747828684 0.47503253105955
-0.3338346635318 -0.433431788788814
-0.0670201454110262 0.49216312112639
0.727910396075739 0.150495294193278
0.578888465046518 -0.201952181092386
0.245300414896073 -0.576179540446994
-0.228001111550958 -0.506717599520541
0.406837840687371 -0.390755924341494
0.829785991127189 -0.109200372752971
0.301740777089946 -0.580696429938933
0.439364446541293 -0.395986523977264
0.763120401659762 -0.073916549464295
0.423859492923992 0.606950061636461
0.464761608081513 -0.464302071584587
0.78127417927949 -0.0215234980633303
-0.00289851393458482 0.538939566117242
0.907631612154307 -0.0280912946748397
0.830639559305565 -0.115634130250966
0.5978356003024 -0.435787283999417
0.423642638486198 0.536988990405859
0.639794366945432 0.598215062188286
0.547130989358429 -0.519599956795949
0.185373694634972 0.676457147981166
0.678271352285536 -0.243676290759251
0.342742464722716 0.513629679004311
0.131298890829001 -0.383789540626667
0.811440008283784 0.0889179931807708
0.343377400835858 -0.548670813799628
0.285561161322998 -0.521427957246657
-0.0995034798388609 0.502303621285209
0.262512820749697 -0.552131714179388
-0.0776920844715422 0.294284344493981
0.627670324365128 -0.0199481333592198
0.372608051324853 -0.335650974389528
0.42369745941354 -0.347534251923679
0.61876522024205 -0.0231721348710731
0.562804669525184 -0.0214634080659136
-0.00154472077014749 -0.524378753978449
0.457109089000599 -0.134187772275946
-0.0985592707130005 0.264086009120623
0.560653692029669 -0.207196180407088
0.3676360655671 0.38772826643452
-0.083874629553468 0.118547715445778
0.0896303448955632 0.225935052868659
0.544910767817628 -0.498399332458206
0.38676163822332 0.123903322235631
0.415467895641011 0.165760633874976
0.161985893146153 -0.451352078683445
0.185824276519725 0.375340480260901
0.261241539044127 0.299837666011439
0.630484278710906 0.247529518279994
0.00154297222909353 -0.485055230123881
0.192015847833403 0.117536832175825
0.153224175850775 0.0328266492785741
-0.173051174807768 -0.137031332976975
-0.0964807731521691 -0.435481794346053
0.33121870321812 -0.31208205330917
0.224510676143796 0.324217503291897
0.0715610641277188 0.310234325195879
0.151536747852281 0.107964957317802
0.0580697969993347 -0.311727555357989
0.160356367403945 -0.121213551987768
-0.125045432069664 0.313098332872821
-0.149847078396875 0.242415385732813
0.00668954099541097 0.246258243421435
-0.384091954559057 0.210416425918378
-0.346598742801601 0.140302591715795
-0.0700896289944828 0.228650490201783
-0.312897220703065 -0.314402475780053
-0.144656965537978 -0.182329069260609
0.0360138446672109 -0.00757144737089231
-0.0397895532616095 0.199770791955266
-0.0804708194364958 -0.0970222334585463
-0.140702743243979 0.269032571574771
-0.143107983056744 -0.275668644990771
-0.202048089545273 -0.108449800781668
-0.180186192063949 -0.0869010968646969
-0.41329536386713 -0.104931890266618
-0.150504091971245 -0.272346045023449
-0.42286354729457 0.0436175157740296
-0.496804123134758 0.0379354522073222
-0.157718010746433 0.281548413845787
-0.209303670990072 -0.453136388337376
-0.119669951116515 0.343680303443564
-0.160390909863551 0.238103948317274
-0.419582456690934 0.00637114871919523
0.298013375381439 0.375021627430424
-0.469158820328971 -0.00944173361605186
-0.0122053368138772 0.270267109083705
0.311947607591985 -0.483011421410416
-0.362500239399718 -0.0536482819809786
-0.0882584098453245 -0.587858105374691
0.117280151843022 -0.601935237791507
0.39445767151188 0.342496964741544
0.386558649057791 0.28790450163499
-0.350582972058563 -0.232335183689029
0.403687549949257 0.273476409809577
-0.603776474091609 0.0186038331640051
0.543926112935785 -0.572035299287584
0.108063154854584 0.538005744196925
-0.0710013342163395 -0.692101303609568
-0.0327636752465604 -0.752249656233751
-0.478817994291026 -0.164055445677877
0.70752395419316 0.511348337382538
0.185314992320255 0.629373732881649
0.179103352464362 -0.733589379910442
0.521620238030261 0.293415928602469
0.822723256711172 -0.243253132895882
0.409640283621077 0.497622855065078
0.814461211176562 -0.287250020763945
0.262226645639133 -0.514716652306216
0.513637278683982 0.200694831898347
0.32938261263727 -0.418610197226662
0.15066838455447 -0.413160426906545
0.412551124780332 0.133089639634046
0.0993525053276905 0.121387230870872
0.661306680246934 0.0518112401462724
0.295513208565937 -0.35582905912776
0.765084462032039 -0.103900286207422
0.242516018966656 -0.44094259378084
0.364306330601639 -0.553320876084524
0.555013283639466 -0.419061142512525
-0.151981702340196 -0.503773786680021
0.725791539012955 0.100083923514713
0.205692737763895 0.594801868199431
-0.0918478356543847 0.188299204180514
-0.000773604480509624 0.137940697958743
0.368554916409879 0.52906563548794
0.421301261568745 0.380853558938285
-0.0512445197563275 0.192214088530029
0.890451853874453 0.432249974873261
0.110643639610268 -0.723115569304391
0.721718730261881 0.626522772329274
0.334952843351246 0.460190089207331
0.15782658398712 0.506657052667965
0.516732624100074 0.593420856789865
-0.270359860633023 0.00799358103709054
0.4513207241741 -0.462766346963194
-0.218969318855739 0.00783869811111567
0.167168035611111 -0.457172035642201
-0.110470437051438 -0.0287634829097637
0.63160831199641 -0.0274822040132046
0.42061046748716 -0.401850265295266
0.348112497884786 -0.266671768728575
0.626564567235294 -0.0688196991617726
-0.102897152463539 -0.492535162938058
-0.104201000541456 -0.412519911378841
-0.467088463476547 -0.00771086095979803
0.0639755218154731 0.141491111723547
-0.0534623864012424 -0.0466366244395701
0.536649525901834 -0.0563347432392972
0.462155478895844 -0.0222609145854997
0.0292793194188524 0.235064277613489
-0.197119959942335 0.0841704369992652
0.514502857389846 -0.044578262237587
0.357421524666985 -0.0141329415704889
-0.0401949053989819 0.172403512954273
0.0978806322615959 -0.159437481611381
0.0999466133952717 0.0832654740532456
0.147925994574089 0.0574567695322662
0.0684658427709075 0.172968528076158
-0.048806520896133 -0.0223535667743917
-0.174040744595134 -0.0901820361295938
0.167213813316037 0.183916874435078
0.0642109860780471 0.181487335334073
0.132910386535062 0.151823698091258
0.171501212078537 -0.273904976271842
-0.364014459417916 -0.0130467543990004
-0.0877284673605128 0.263068663931369
0.0606309372072861 0.139561498584393
0.186161129612163 -0.396862150476084
-0.230986509061034 0.173336762829704
0.395680756238292 -0.244538921846471
-0.0217827473812336 0.358874295595327
-0.100468966309677 0.352191459471043
-0.440023574737181 0.0791889391677983
-0.454786934762933 0.0855539921801692
-0.21317994502155 0.283642267183313
-0.0814057011329865 0.153256883457109
-0.288986356731 -0.0152253880747642
-0.100315281614037 0.177582725570212
-0.0225281379286629 0.102854730024458
-0.0593118780240251 0.218398665987751
-0.259015246980795 -0.11284229561436
-0.0834586555399279 0.124661198350513
-0.134047329848987 -0.278653211223243
0.130009848396686 0.155850746088544
-0.0179452809642884 -0.0729756847218752
-0.232612844869138 0.0131889966988693
-0.0664214780676723 -0.156012397485359
0.0838531007298841 0.0542081400932431
-0.125414562717163 -0.045934416236153
-0.198852935771918 0.0273392694257643
-0.0592572097825431 -0.115184612463668
-0.0126142354378776 0.127216519911973
-0.0524633620597349 -0.0904085364613261
-0.0436679092797698 -0.140582341627583
-0.2035446189717 0.110049706517658
0.0305147689923487 -0.0985844170080448
-0.0821386917590101 -0.0020513939913613
0.129322638631843 0.0587007482530161
0.0975507021997758 -0.177465414859179
-0.143939273835488 -0.0241717978155208
-0.136305312642438 -0.0152918636719705
-0.158066466144136 -0.0488980770543357
-0.0112568903772497 0.134667277179152
-0.0787966479692087 -0.334179637471269
0.25650772940137 0.352635161387262
0.309168333929139 -0.229903630342838
-0.030904707688434 0.211846546685989
-0.074485703193447 0.121790333403056
-0.115985671314423 0.171967588435366
-0.169643502805169 0.288538845202159
-0.148413469083171 -0.354580380159372
-0.162728152062493 -0.281483275611873
0.210782485828029 -0.106199388150285
-0.160548908080368 0.0328688055131223
0.249170721798455 0.203107116986457
0.0547882144033958 0.138869723483665
0.0940051338706549 0.383250940220084
0.116316821161099 -0.260391625006892
0.387811641295571 -0.201150875845553
-0.0326065734295311 0.359164857430115
-0.44254277382067 -0.0320313237184074
0.449551006202582 0.176662272488381
0.0398543839077435 -0.430610144478237
0.171721876741495 0.403198569403018
0.123070540322431 0.334771539075809
-0.0747499677797803 0.310550269468907
0.147713767388726 -0.449169996023357
0.409331850304698 0.115517208347311
0.181036721920281 -0.499956156016923
0.4913102737427 0.543297148867354
0.717014869378009 0.166344251390984
0.806134100260619 0.00328764318620301
0.667904443330527 0.0432089116515302
0.32194841851492 -0.547779096242698
0.409508743515636 -0.630635933048682
0.415461182241368 -0.597119068414384
-0.167841920575152 0.597163133105752
0.992298172805267 -0.0299009106414588
0.992417529081556 -0.0627779403181637
1.04805275556506 -0.00365053996611443
0.638595113668222 -0.492911694791136
0.703901512891398 -0.425189152598545
-0.0188021741176628 0.549069546589304
0.618415946614298 -0.521163300818369
0.600782725129425 0.669233256633443
0.472793700141635 0.540517567637799
-0.0275728690460611 -0.634282590694521
0.493102587070038 -0.455512435757531
0.56925559680293 -0.396850896399057
0.541111662037194 -0.323966769855864
0.374220347972329 -0.535407564878954
0.0388677730758785 0.539029773115803
-0.146636960368789 -0.624457733342781
0.774490183173997 0.183375376821068
0.348493401021622 0.420919924681465
0.669054828858933 0.0664502112851109
0.793636488790581 -0.0242661988359116
-0.138310219639955 0.236093539137473
0.208174088405274 -0.183184643528985
0.483817489008294 -0.161655192725221
0.401674699186222 0.000399002745049034
0.589215191435427 0.0707307621282499
0.552077262258356 0.0817620462701147
0.707071492027678 -0.109040350363938
0.236844490667414 0.0883345465192929
0.762381492659723 0.130514967611023
0.361550687521887 0.194665499190773
0.461139003644939 -0.257189666199181
0.292363556534813 -0.0481384322961705
0.626056560407575 0.180906236962752
0.297062626640811 0.0239920943169164
0.69186903790452 -0.11166242606979
0.55458494711519 -0.143099566371051
0.549051437117063 0.091893961194744
0.615824677972503 0.0794103466086406
0.589828579122389 0.0662683064405848
0.863940423628176 -0.159814092809987
0.832414566052725 -0.131962434966817
0.503832100865037 -0.347370660621321
0.302020828683777 -0.0119459202405877
0.637221087718796 0.145011786672889
0.666635584361464 -0.305868699714965
0.893820819218959 -0.210470817699741
0.367345909964939 -0.0573065351415648
0.470775356055549 -0.052564299275289
0.658650884136742 0.0947139569692456
0.4447753775707 -0.459615791559661
0.397788673081635 -0.0996115566770037
0.626635667160677 0.286479565103348
0.354505371163602 -0.12618245705556
0.976492953334559 -0.0397307693265979
0.731469978861558 0.375600384419174
0.565965894505565 -0.481191525877821
0.340876147234367 0.303165811829772
0.554933160593654 0.336572171498899
0.914120800649669 0.0388072142859918
0.536552601038317 0.393866263312843
0.881744173400745 -0.0600104893013179
0.590302158027624 0.468388252023233
0.525206896301995 -0.57458779651191
0.52653706876045 -0.482347583750333
0.53869769334037 -0.52358462109839
0.967349359947858 -0.092493528191299
0.586369279592415 -0.416479347952106
0.464198959166702 0.487297278954485
0.96339242102828 -0.0622459148604824
0.201958713834484 0.563975674834372
0.806365687661174 -0.087125514502046
0.945705353270415 -0.0875281953954151
0.537268659747351 0.352329413274465
-0.0298539364125946 0.284014730417426
0.353981055135935 -0.248032387179597
0.698896892327924 -0.126273556991973
0.522925337925094 -0.158134479561092
0.433304152659458 -0.33408906205395
0.745640313430518 -0.0088791228947886
0.0998116462241894 -0.343068948721514
0.364044964785557 0.325050411281087
0.418816998098238 0.202473956628842
0.163292906958396 -0.41191461553834
0.550424282350138 -0.236359943851457
0.296380175282649 -0.363129991302922
0.56492952239479 0.258033252097632
0.726974431618994 -0.0689209893580292
0.609905095660065 0.272844306066518
0.758541298286812 -0.0484236050234553
0.909149695208343 0.01547224828003
0.702936768647648 0.194177925835017
0.558297499540653 -0.101808585325765
0.624574976131615 -0.239930081917012
0.799223059853899 0.294067013919363
0.725878697755545 -0.291949866486484
0.535861998130955 0.0325735332458836
0.471879473705333 0.00470115658810965
0.825853318882008 0.166465325389336
0.625048278862269 0.0280151230516996
0.874741935719119 -0.188673288252566
0.627465726534912 -0.0299852146826367
0.773035656774803 -0.0811156587234592
0.753488067381677 0.00743201956154112
0.752560065748362 -0.119694530737118
0.780872112643167 -0.154949871811626
0.597148273954385 0.0166513058161445
0.599539446306511 -0.0660619090239935
0.483028726976022 -0.244127589987905
0.56693668080929 0.106285461738071
0.345248051005079 0.0557316644007393
0.398425073960135 0.0658625025202849
0.353086195249701 0.0685526648216298
0.497751323028137 -0.119231759602299
0.510239133037651 0.139225681966702
0.568826498235682 -0.166460401714392
0.417219308213729 -0.193672258470194
0.181838600380199 -0.223166733051412
0.304338733233063 -0.13352381871806
0.166536835895878 0.173595705953824
0.11950871928612 0.126417410262508
0.370982320634111 0.359051284209355
0.249905169368871 -0.238566927452213
0.217188189390146 -0.229467156767929
0.115228865655239 -0.310385759531519
0.189457442487919 -0.276412219333827
0.20231997124526 0.233417541383586
-0.27174102499487 -0.0308653498358292
0.34961043942853 -0.0763288324235108
0.266299941878096 -0.263268700906974
0.336518082505762 0.273692049747964
0.314353859366202 0.308014642565329
0.280452190053852 -0.141715813306086
0.323212153765172 -0.172021284431407
0.331325835971541 -0.193853299733017
0.413785279717713 -0.133041694204332
0.293740632216158 0.0779330599916236
0.266956408683131 0.163548877293306
0.28155514038518 -0.352881666277836
0.196379881832135 0.104052466888038
0.295425174496341 0.160756658297484
0.0368286552057478 -0.105259964647313
0.34167015061821 0.256476673576925
-0.0254707991562852 0.0657735373930104
0.345224241122426 0.092361934455668
0.126077141851931 -0.383856147485026
0.0421475549045017 0.0698587455937415
0.0647553696661267 -0.198145943455086
0.347332922704167 0.264365835290008
0.373331570932556 0.32920613863279
0.19503281836733 0.278062265127046
0.367912653825589 0.221598593993602
0.335491692265612 0.25257961852336
0.293496130735442 0.3008989401501
0.357789827788744 -0.178314944236274
0.640586310113362 -0.0531719150731426
0.382065173233271 -0.279424483164825
0.279340070953195 0.265006690353886
0.409220063715254 0.303400831344573
0.336832182573749 -0.382784244863805
0.466059624218567 0.490771107102759
0.341979324865993 -0.153820941032699
0.20696792297667 -0.190835561447979
0.312699732387442 0.406043771884636
0.795429290547424 -0.263388636016171
0.455370213005936 0.370276570188164
0.120593223476262 -0.119364363604488
-0.00376807276532263 -0.0164716986043409
0.316612395284909 0.188897892923766
0.370182670372418 0.125286002063007
0.475617843497933 0.11364519941526
0.376190405544935 -0.343338201032971
0.3985302458065 -0.323058552210805
0.247475650901088 -0.0122589179842736
0.66953766515119 0.152589559199783
0.494768578854379 -0.339728717519096
0.596977197115734 -0.390798934285553
0.00115131831027892 -0.0023107509690887
0.220917555906669 0.153153228205688
0.565821831662072 -0.139271601298593
0.47351335451734 -0.211265531306782
0.316487033147696 -0.192016658895408
0.350556284390456 -0.212159262565829
0.106756732380808 0.0769439785415233
0.331490730600389 0.162003411417096
0.305093618632676 -0.00563754445431709
0.381445962153896 0.0278101835978449
0.184042518155415 -0.172057968525382
0.325137470031985 -0.0153529635509431
0.248640630175409 0.0833035898507636
0.474479005182268 -0.0305720161601631
0.37669054081852 -0.175694182013036
0.565963544552903 -0.036093867237217
-0.0511804375478241 0.0176887058189002
0.282843106085911 -0.195405990314054
0.0426654962607036 -0.021567277737604
0.186376674292847 0.221554195833901
0.302768717367688 0.063582970749363
0.490758326707633 -0.204728419713587
0.448172505729675 -0.238160691385085
0.189713367997879 -0.411649745637752
0.205299140327059 -0.456366686762158
-0.237257358620283 -0.014079605975423
0.579220298198145 0.55386172098961
0.512658771016402 0.268227923839402
0.480120572934543 0.342191924615887
0.761614017982627 0.398710270909598
0.348281144089538 0.436218781462699
0.931181341495093 -0.260696790866765
0.900962199308859 -0.345729210819889
0.11467402073435 -0.209791663984406
0.353477748724242 -0.0375871041635859
0.813021115572037 -0.527456131361092
0.216219908585956 -0.247613912461502
0.361922066566446 -0.585336833704741
0.21121788351016 0.460630138305989
0.626285725582309 -0.333447456407711
0.436079221812774 0.44077974098473
0.705821433461149 -0.546440374503726
-0.193616246161925 -0.0177395304078647
0.734408870554017 -0.242277900214657
0.460556983769816 -0.552418122455792
0.00621545759058624 0.501651769325887
0.401076045191172 0.500632106252436
0.377826435331629 0.446132303174414
0.371861788032874 0.444545575390301
0.43609817205929 -0.171507774519132
0.201813891043389 -0.263455133546628
0.0553003229980232 0.306641932219962
0.232648270985447 -0.0365553377257391
0.227936191896397 -0.258556986875947
0.321774838109472 -0.0134444206045769
0.268263735919906 -0.0184673504652418
0.296001796628564 -0.097054013655552
-0.0872889670755988 0.121854325252306
-0.0237118447520117 0.198700328897595
-0.170062996742138 -0.00130761410283725
0.226676615568415 -0.0148808765392177
0.0711161780820153 -0.138256060634518
0.0900425234052224 -0.0564546458847882
-0.0347187504722153 -0.107886538715755
0.205285281922804 0.0587723370236906
0.249345428421861 -0.206115703150324
0.116996520449458 -0.210154100431383
0.0691173518060902 -0.188946240595001
-0.0402305531486568 -0.0439322698497405
0.294774789102722 0.116311500832454
0.10650786890757 0.0259900441192502
-0.107617976805465 -0.0411882303269217
-0.0176701024456707 0.0765912209199774
0.0723547770258604 -0.213287223009554
-0.1435311943052 -0.179905197103173
-0.231460636833366 -0.143697433137345
-0.0782680232468452 0.184368401552424
0.00364622374478248 0.252389677983096
0.0553384437061374 -0.172449108873532
0.156790720938087 0.357783521329211
0.263578825974028 -0.014292868271553
-0.318356824075718 -0.447185374211693
-0.093152074904546 -0.30923856800193
0.245101739087329 -0.00243021185515632
0.330948182022872 -0.0545636726278131
-0.520080218975515 0.199030331269748
-0.311006129467302 0.410962430239361
-0.315033392462674 -0.501681625072073
0.41155346443045 -0.0979400604871625
0.436644081086704 -0.0234109224046298
0.0943653650555808 0.473819072786844
0.096768445316628 -0.420622304173976
-0.27728103179195 0.404216586454846
-0.247830450311645 -0.534339294229694
0.578446515272836 -0.0436362973187454
-0.447140674015998 0.276104723920122
-0.122610374735348 0.525754293283471
0.168265367778491 -0.522495929455691
0.165887636239184 0.553977874552732
0.346743760328844 0.64622505122127
0.0373920693765809 0.479363690515145
0.21645738509286 -0.673755030672311
-0.372961826841827 -0.622263874097012
0.777764476418352 0.0876014355660824
0.268426307463163 -0.780321417814457
-0.393037546371738 0.461488852768995
-0.344357937600134 0.421425791391073
0.402876220866602 0.613511961064338
0.39429869701749 -0.642860959775476
0.746180453519443 -0.591094413509569
0.87341307354334 0.228294755477771
0.849873706519406 -0.174936777831592
0.478641823284629 -0.801818735787118
0.518327239394142 -0.362311277995462
-0.380030002910972 0.888223943591405
0.605686681216234 -0.226699318712405
0.230180430666713 0.752061489384477
0.349836211318997 -0.824568232228971
0.619403816956704 0.0791796730019658
-0.389724737703643 0.824368506000559
0.621342272841001 0.0908060506916885
0.161349121441601 0.699525611311737
-0.00901200677705994 0.70775690849372
0.572427536426313 -0.0322171032722914
-0.526066135409003 -0.546410246949296
0.0258816619206785 -0.645470561935781
-0.538287248513998 -0.595301615261359
-0.0180622894797942 -0.35782352513754
0.038504844091905 0.552671728243733
0.360472797683311 -0.0992350325370437
-0.71447066790838 0.386261838874022
0.0141226981589036 0.734513229956504
-0.0585611212890118 0.721657043357273
0.425383932814787 -0.00323889114758501
-0.753921005105676 -0.757952404646842
-0.268685614208637 -0.566674354102666
0.379362868228244 0.0333840102479068
0.0578431469947183 0.895613908535867
-0.256312454317994 -0.690955739687715
-0.714902077836653 -0.549051197588521
0.104227276615454 -0.890902969240322
-0.0167734592105705 0.751765656403436
-0.501720798330832 0.789738246178026
0.310196082164006 -0.313919808801564
-0.98650683299238 -0.00819789429189816
-0.0984119916257298 -0.8118300612011
0.327068223907597 0.909808212367839
0.29505766688427 -0.312274539559944
0.0853104837949414 0.66866128875202
0.0418854791661133 -0.787500258036159
-0.0954911544250558 -0.752431250927388
-0.61574823405588 -0.369777559474825
0.176446006033436 0.779008925105506
0.0922008232667437 0.775421394346946
-0.27273255624164 0.95142814121537
-0.187163873685359 0.843917543643037
-0.104903121693753 -0.310523095596531
-0.394945784000487 0.325944255005447
0.241871999051895 0.600471689690143
0.121999528228479 -0.50007175220824
0.383452125806554 -0.340219400777604
-0.282490880022269 -0.80675697289787
0.614244124000731 0.175637408150083
0.291710473956181 0.616198375198531
0.29642382679715 -0.259434330234799
0.238413802775993 0.643642341629715
0.0264410594872484 0.531199676012121
-0.542943656319588 -0.332780504028566
0.187019051548987 -0.289668051743006
-0.136894809727555 -0.622124072773986
-0.0243828445010454 0.534314783595682
-0.426384585540321 0.523223558467299
-0.3962859473816 -0.164300525548115
-0.117274252271675 0.50440144240664
-0.31137608434525 0.242149338575003
0.00165721200502355 0.0939600278626715
-0.396486145358037 -0.228091522244393
-0.287717423326352 0.510403637682232
-0.269472046336509 -0.0641634313283155
-0.203995426639996 0.496021244650057
-0.473459431003104 0.17828012766774
-0.552202817128622 -0.195808526954384
0.173843325875071 0.606008433348547
-0.408787853760624 -0.169056634698905
-0.222911043343311 -0.650795257388364
0.185506125568368 0.181140645704107
-0.145856324680005 0.656068301174986
-0.568110603144247 0.680075141049766
-0.153988614573117 -0.650147842131346
-0.73485581572026 -0.404097882613406
-0.257191046160908 -0.72378198607561
-0.510682433793696 0.462023523426716
0.812498461287693 -0.0334038834170161
-0.199365534634836 -0.764725408832797
0.0517626433444776 -0.883200206340485
-0.940041323384674 -0.415651044446355
-0.886550907808732 -0.457980500486844
-0.220785688937689 0.668570609472876
-0.151964553664925 0.879638809057127
-0.656146422451499 -0.417801554901066
-0.664524480945389 -0.96438232307583
-0.140508966874099 0.925317126772363
0.641991161746413 0.368792732066828
-0.266771690128469 0.815373858994876
0.46204990002635 0.13914302803097
-0.351196017677473 -0.911426569857608
0.573315047911403 0.278321119522621
-0.323938008043076 -1.00879132870368
-1.20854011166634 0.411883309238522
-0.077697437947086 1.08782948501387
-0.351566728743661 -1.06248544432365
-0.188974506771449 1.11576070853266
0.274648347197195 1.21743620454971
-0.372602869963053 0.950298074358878
-1.00809751007915 -1.20506431114816
-0.119983751200618 1.16954848187752
0.0326933956992864 1.20600820331094
0.786519503345136 -0.1556640908312
-0.376540399711306 -1.21222954142779
-1.03946568687677 1.29220090463808
0.244144598736075 1.34020913266166
-0.267888098096116 -1.30068790019995
-1.57453464342358 0.627115597247562
-1.37292753780674 1.01987376973707
-0.703498089574485 -1.20564193703793
0.66287234481296 0.115233119662979
-0.313526703390343 -1.45448189144488
-0.149412277850785 1.44134191034751
0.696038102636736 0.0967888058373392
1.2380888185577 -0.0665727778712318
-0.342327150994477 -1.52126107526726
-0.289295205760157 -1.45096416000934
-0.199520144159387 1.54021865972458
-0.153972578222497 1.54071061980423
0.851929421511233 0.0891206470153047
-1.54887563848358 -1.27372925963434
1.03459182528375 0.235121141512601
-0.398548382142281 -1.66276078695442
-2.47400662580148 0.0848235905041956
0.0319035302111947 -1.84807684445334
-0.521714217442541 -1.72427934536529
-0.0916830530105883 1.70133089753165
1.64963912920003 -0.0959606249179489
0.315085893613 -1.98987263809876
-1.52788669820444 -1.29442601032878
0.138319128995756 1.71018575856134
0.726976532095925 1.79878878470913
-1.25073596265829 1.2035453341088
0.201802857517689 -1.61609130054218
0.373933318055568 -1.59004106542482
1.53187283536298 -0.47142959866922
0.941694440945286 -1.74037480997349
-0.0447233748269986 1.04038084789861
0.60804936946852 1.36051423791453
-1.06558262713826 0.605967360089549
-1.03146362343191 0.518504835738839
1.65220238440981 0.678750677844621
1.59423409542557 0.662186323628489
1.19485432176072 1.343241162938
0.801142433337227 -1.0455761683704
0.096235139338865 1.41304537140573
-0.111261103901847 -0.658972750049682
0.538471726222678 -1.08468017470845
-0.893869703300896 0.451323105696112
0.361202093613723 1.14916040833538
0.761222397353192 1.22324019708609
0.153809358200611 -1.14233963948385
0.801830428945971 0.372819561807816
-1.08542652811411 0.314377823350611
1.55429094924511 -0.0631122763462486
-0.218936183133042 0.000683014762484609
0.784829629451804 -1.23543189093243
-0.323745696928965 -0.0106088313945301
-0.132541608813738 1.19350999330059
0.797374323321875 0.727052092896775
-0.343458429088831 1.19508740254513
-0.369092893301011 1.16514400367732
-1.25805835092541 -0.444848775948912
-0.669953683773851 1.30156481248967
0.825865961787639 1.02322971799099
-1.16075249534755 0.297795353603719
0.00398610195636689 1.12238166606803
-0.0568224948589645 1.31313438457857
0.0106312515018129 1.29798661043121
1.16450639488047 1.09851418387895
-0.28172425940178 1.48767155244108
0.654954383596708 1.23738633302088
0.0351481056115361 1.46654718233922
0.148464315025147 -1.37751159231507
-0.134033107938126 -1.51681599248353
-0.99701524600972 -0.0191179709525437
1.18800524043101 0.57505617937587
-0.00982348580255556 -1.45447218985013
1.56170975741637 0.757889824736268
-0.0834319476129669 0.397327216141162
-0.431748608504935 -0.414423304755089
1.20384550268241 0.345140413680265
-0.662230312682844 0.0134345953824388
0.0661534080590452 -0.383400913154949
0.65989570006561 -1.12713084139304
-0.357684454076054 0.488956475471749
1.55685796158141 -0.49637399285132
0.820755789625695 0.890507532204895
0.42968129868289 0.925643797290417
0.368096274608484 -0.518833651228722
0.340578932681791 0.373280717408647
0.571945482496386 -0.0181622241453032
0.203991626994087 -0.225547946298443
0.203488427953591 0.194237384036067
0.715138099995953 0.680987170130699
1.82946911367079 -0.100528157597201
0.648418969513083 0.879556874822534
0.515150014057832 -1.02163005706969
-0.170261936525105 -0.0100932754915863
-0.25205246736262 -0.00577834814799584
0.90303496567335 0.771275482316649
1.35119507771988 -0.894349340111949
-0.513568860171499 0.0129210719574677
-0.619852200305293 0.0115410720404378
0.426874018031104 1.08761608699368
0.347283387834694 1.01415458553854
1.06813781866054 0.800915083644547
0.0836046776937124 1.08466541420309
0.110633915562265 0.990903987014082
0.796730496377467 -0.901686927309259
0.767266599464054 0.862677781937626
-0.0483692046499207 0.891800676725921
0.787773635428841 -0.77220999423193
0.0541917447868195 0.79019342869951
0.193131322707612 0.686918933456441
-0.882750282423484 0.0240459271477952
-0.856500904603287 0.0949463841284361
0.916334201111669 -0.594735746528169
-0.287613392842513 0.325542080961612
0.168137234056605 -0.786981043333368
0.534861834779308 0.369983040620111
0.780880751034254 -0.540762809955837
0.253370739009299 -0.607952695023109
-0.237281566345056 0.146742783591856
0.737943695533348 -0.414833133492508
-0.178289601890041 -0.157775080646856
0.524629498167385 0.380169544023862
0.508339170709473 -0.552751976258509
0.446702088579359 -0.548786988833913
0.651656986204065 -0.320068088447395
0.0294263880994127 -0.0866021089023202
0.295774532575275 0.42268866505096
0.333447763391303 0.386269766922848
0.137274240420916 -0.471502722983501
0.235593430400647 0.255269666638807
-0.0930177528033622 0.00940394392540622
0.521094392189098 -0.444429501825344
0.17506007160731 0.334275763227551
-0.152497618388066 0.00012473212709958
0.0647933521804042 -0.541291045995545
0.211574903993275 0.393717497494848
0.505970833051244 -0.423531563767546
0.0801009314307977 0.560323674430962
0.165762642593208 -0.517064181781911
-0.293012108276988 0.20480896383252
1.1648200884206 -0.0694975556373178
-0.271624618012964 -0.00727759843909956
0.200373024081028 0.770041278325643
0.254480200341918 0.744108356032256
