-0.470471607832547 0.0558150359545046
-0.569448020524856 0.072038743560656
-0.503368224233739 0.0137606029297185
-0.39857966109392 -0.0419066469183886
-0.177016518974103 0.123142643645816
-0.124220529586327 -0.104333227025825
-0.383183011663217 0.179972340962296
-0.378074899392597 0.134217443815631
-0.44246552570645 0.205382342961578
0.078307635487706 -0.00683883907060465
-0.40537517713016 0.323853449551264
-0.228662438994735 -0.410343258905705
-0.779208414636189 0.0946802630778045
-0.647300771269758 0.400297632098325
-0.200230758871642 -0.240380838807401
-0.891805479223018 0.0102354172423975
-0.521452952895701 -0.447326614812472
-0.837696815719511 0.149875982750422
-0.876133135561492 0.0808983073025308
-0.969728010022969 0.0318402142305482
-1.00700497764718 0.0874991240000486
-1.03896829379926 0.0864818946519287
-0.0841171305741696 -0.15898140251178
-0.81682258029192 0.194204465939562
-0.549607515466071 -0.385870592651719
-0.801950189644906 0.436281126480096
-0.10481228954656 -0.0118599649372624
-0.357458384248032 0.0141745257153847
-0.22617336814365 -0.0617980705125251
-0.741556605766216 0.0511562931692532
-0.576935732453149 -0.130529414363624
-0.444301091714942 0.246897669740835
-0.742960406460881 0.0588277556359317
-0.443563247215015 -0.0194016920792867
-0.681266507408037 -0.190761062820953
-0.209653086785712 -0.308155141506795
-0.695271827951209 -0.21328685739304
-0.273525915846195 0.495348752334503
-0.304514222313304 0.322226685507633
0.263180734314348 0.364543650782818
0.15130054411716 0.744787402924791
-0.760590630670224 0.336532187485733
-0.166745855331166 0.735879377621687
0.0487403147646863 -0.895012426591549
-0.163935117044702 0.748175514469759
-0.416518825400788 0.520128095550514
-0.420578147221061 0.633821224691691
-0.134718430802158 0.71638079100916
0.0738947181851714 0.058240266535843
-0.475034310952387 -0.460545756956778
0.114534262616287 0.00821453266281679
-0.812106716121628 0.174520413168544
-0.0173909770441841 -0.0222207160236974
-0.646474534914584 -0.328792575189005
-0.607790632003738 0.263813345832715
-0.582411058141641 -0.281102659240009
-0.303728460104414 -0.283737542319265
-0.331835948159584 -0.209481789768683
-0.535235743865998 -0.310689102688918
0.0627805209441836 -0.00679468542988986
0.0321593123925867 0.0613507782682441
-0.592017324091248 -0.471264405494763
-0.52745450486643 -0.321084398114047
-0.0514175135379685 0.049143496107644
-0.475117469421871 -0.351627834546133
-0.481965511947848 -0.443447190994375
-0.285355463907359 -0.604106123396246
-0.551983286640031 -0.473288545334143
-0.645988054317895 -0.488517416543166
0.0474111083337636 -0.265107251332034
-0.703192302714463 -0.464536425704603
-0.77308917073948 -0.460289830010406
-1.21095013638432 0.502471661521535
-0.389980983346369 -0.0301935286298171
-0.425986905420871 -0.888665143058891
-0.859527958324522 0.381649998702784
-0.575631275757493 0.693781982021466
-0.377131380836271 0.145319649012834
-0.914166017440415 -0.156358341328348
-0.774883198168667 -0.639016342209426
-0.0698915265034193 0.297435477300309
-0.975909886797011 0.091436737792089
-0.564286611600235 0.312488693413651
-0.727961817203982 0.172620610098352
-0.0662374719492438 0.405532193419415
-0.229922734435136 -0.461670529719012
-0.328834335656229 0.275179408017623
-0.0232441932076099 0.377416142248206
0.354180623066823 0.0178245213697492
-0.766676779077174 -0.104753513152532
-0.0267569022154748 -0.388662624340727
0.0312167974796423 0.434107075931539
-0.727661391392125 -0.0595997121687671
-0.643740248181607 -0.0359046788754361
-0.309851641094052 -0.471441821005734
-0.68901318725024 -0.0401504543313756
0.387061789318301 -0.0011625619772325
-0.625451731218985 -0.0357432628362332
-0.311841002993072 0.189803027184884
0.148904522789105 -0.443871397937717
-0.319893547681496 0.399614959736969
-0.364269256173187 0.28250157624272
-0.209458867713638 0.184050254974834
-0.357558474049696 -0.129467585395467
-0.107017913179545 0.25559692277259
0.114808840853999 0.45570148631461
-0.0708048622242692 0.256983948493074
0.337074671614411 -0.50609351329471
0.345312412251365 0.387834013360454
0.157850100697047 0.644155082551898
-0.105724994582517 0.409230548471298
-0.113531726196566 -0.447793492343419
0.0532935496411651 0.296908178841147
-0.457360394444279 -0.160819440586088
-0.741658926891811 -0.0266312826497086
-0.109289037329738 -0.572220096705387
-0.309589448317709 -0.108294220124453
0.000243262652210224 0.487593563047149
0.468727757671481 0.370702570611681
0.499869794587056 0.279682735973027
0.503812008371774 0.280276865697701
-0.0195146702074425 -0.0180367763211057
0.282376926122089 0.358913084430533
-0.298907701317046 -0.741814136652118
0.56176577740896 0.265023851475067
-0.464622914735946 0.115861827130717
-0.737675074198856 0.0316926206830427
0.669557189972599 -0.251713954160503
-0.24854096267215 -0.435358134268756
-0.828510746501683 -0.0100790263674453
-0.46799627099641 0.45089108209476
0.00609555783198217 0.510885560200574
0.0716322107829216 -0.546536899145348
-0.361143368533622 -0.573915131700654
0.0863508762679126 -0.555126230792892
-0.308391891082357 0.538718867196859
1.25083108631309 -0.0159503337272001
0.570263124695187 0.70363871309291
0.772259642296541 -0.0187836451896522
0.770463972098708 -0.470472092209949
-0.362059386260768 -0.0257144629455373
0.581052526242821 -0.588709091385581
0.83920453257791 0.0207323010643376
0.461692092312948 -0.382045626285623
-0.111395831084703 0.568846545179112
-0.188268200576961 -0.5571733410223
0.245913226167125 0.503907954167619
0.262264517051501 0.523927881421858
-0.325170876611738 0.359037861131962
0.595373561787544 0.0391946092633141
0.530467848222037 -0.039843151953042
-0.152210797914578 0.470652696083549
0.44876250753773 0.0852910133418886
0.169832836612607 -0.435759059867248
0.466137112674461 -0.171225910437252
0.352030832712976 -0.386172204625831
-0.206678840797293 0.162336627938429
0.170856625388404 -0.424367941288338
0.387638964123611 0.235804710085042
0.575618038553236 0.456101794868658
0.314714951714436 -0.319761788320948
0.00651098378501448 0.130745350338205
-0.108316850923905 0.0207252597636748
0.90356002306698 -0.397454685069746
0.903362648788292 -0.439652667043837
-0.282218464284548 -0.120619935865159
0.778951119888809 0.716778322088077
-0.379219337087639 0.0233019645363238
-0.412027629825327 -0.0242601652565416
0.730547222355065 -0.744834106426441
0.0250273321979686 0.779805723595704
0.0133958373630546 -0.872200185185967
-0.0638287222693013 -0.912698495497417
-0.0788660554318178 -0.919619037878368
0.0398717659998297 0.838914229706204
-0.642818251938768 -0.0311802797618318
-0.400406369321846 -0.978612747000753
-0.198528216376588 0.922410384637627
-0.283669626771557 0.929342648144593
-1.03569661284836 0.129062886876393
-0.916739269748925 0.123979592406586
-0.931684742078028 0.632805151501719
0.79435571731163 -0.03461164714765
-0.974665164114366 0.0422677096102765
0.299946278727201 -0.815433582417331
-1.10667130153824 -0.0320795240011867
-1.05902802959593 -0.0852798565062917
-1.14011555072108 -0.160895644177636
-0.551118323588466 -0.921074123846657
-0.331634949250084 -0.779449526231045
-1.14460705475373 -0.235491078318373
-0.602290037421345 -0.92717633297746
-0.996789361328549 0.368744054913526
-1.40763364555252 0.107987184745509
-1.68376406532167 -0.00183649434692558
-1.64260783502842 -0.00970772727524634
-1.05023952087541 -0.919147635179543
-0.294252713746431 0.898260207202676
-0.857601500742552 -0.410129764210367
-0.911553909289282 -0.251558126013999
-0.489512380232105 0.648413381876845
-1.29451474701977 -0.0409282634039552
-0.614421369211629 -0.332996875817767
-0.17213427386682 0.669340818001369
-0.865076605268764 0.359174528060806
-0.91128634674423 -0.401334353855417
-0.437963783436744 -0.42784458036691
0.441729744983216 -0.025148244553553
-0.376645847698417 0.342830101746305
0.0958455114320542 -0.56695671676273
-0.599927827375191 0.322115346728001
-0.01188409962881 0.542313174886938
-0.25106238787867 0.275075615170972
0.378864532572781 -0.0329127618647138
0.338269510027288 -0.00191039720385707
0.205763498756217 0.010558755659257
0.142680880737031 -0.0348666487489589
0.204256555286388 0.00290713828872658
-0.171473257597377 -0.169571989411871
-0.414239122538604 0.108999668666219
-0.146336375740694 0.11824285268265
-0.560472616602453 -0.269650039229908
-0.579641366142147 0.000195235406155978
-0.29606798923665 -0.109231395611518
0.239823675465758 -0.173571291715456
-0.430342576263777 0.0412218368459604
-0.0740162082846789 0.193751556188697
-0.0467900679342845 -0.484749946970348
-0.0624563092402913 0.399214176777504
-0.14222702563641 0.319257499459456
-0.458872524702455 -0.0223486191507322
-0.503488232219007 -0.00493752755518282
-0.203084487698332 0.410908982218073
-0.581326459289962 -0.0180437700989166
-0.190163258899013 0.305426350495639
-0.416101708272718 -0.0196164404411441
-0.363905941831387 0.169216506112638
-0.372108290778471 -0.0584051622334569
-0.225557624452601 0.0571606904547509
-0.220337356345848 -0.00138293604769163
-0.207750317845647 -0.394485245021665
0.175727239798722 -0.102458054571011
-0.0796590719612151 0.142402676551966
0.087592884051707 -0.229082477526007
0.0063337716093371 -0.333372175659585
0.193696920351869 0.124991296328828
0.407958654137118 -0.1532366238659
0.0432434177147141 -0.417874719408676
0.148093113416779 0.249281691982526
-0.00150842128057626 -0.19394723595723
0.565958921544073 -0.205680291468427
0.117230908217026 -0.217175585886101
-0.372668392942056 -0.0272296727463629
-0.0701113687859549 -0.36083305013115
0.573321458408023 -0.384168718907502
0.414151195875746 -0.384380253054115
0.507572796123221 0.470282690129776
0.124450665677759 0.515719696810947
-0.0206592729045824 0.472406897017537
0.513830636291701 -0.509361657431602
0.425935215661784 0.586415033721992
0.444967174337179 0.630995435540423
0.908411205005287 -0.0533422211156127
0.466155203951425 0.738237101997784
-0.243793724699129 0.742888790283633
0.2536345620849 0.647808221487414
-0.209542443471532 -0.939832578649126
0.555345192351648 0.909612501033806
1.04865495841167 -0.210225234084873
0.960589495643685 0.379656957392727
-0.231791910377782 0.916564400376531
0.289583951367046 0.841226098881992
0.194890776913672 -0.901710540106937
0.618159920025227 0.424298441167917
0.263427291138052 0.834796050013841
0.911600828733593 -0.718115207320971
0.856082824768102 0.695680603079598
-0.48886748915693 0.00961831705065104
-0.363339214308319 0.057284280724242
0.122439674878229 -0.822853323073312
-0.458939622432479 -0.0167843638265293
0.171491929975916 0.750911658154153
-0.606886779319111 0.00535523522105935
-0.0656816906570425 0.769359112115449
0.766741786513835 -0.453817146359053
-0.516509830328069 -0.00628739614866643
-0.322634758883511 0.749842435738858
-0.0633485612265395 0.724358654104325
0.474131977079175 -0.684346774254089
0.520462814869639 -0.627699815306088
-0.590264174254908 0.603925392702155
-0.418804863559671 -0.871578772493831
-0.2848839730403 -0.786052016120893
-0.438636267211056 -0.936569570846414
-1.27128609788203 -0.00383811467275066
0.517127067490304 0.755471262128482
0.225467746716298 -1.20560705098095
-0.872006020513928 0.339983756334842
-0.23681554320377 1.09216403560992
-0.22649630833536 1.1155123552293
-0.0794638705900953 1.10107995874482
-0.674386393183507 0.510869662779491
-0.716507833773834 -0.434223164146971
0.523606688968017 1.30107020759152
1.35361126811116 -0.00707786559135376
0.602615603434793 0.399579708448354
-0.00445974429775006 1.16914201332751
-0.707800964129556 1.31267017358467
0.944444963730433 -0.184851319484294
-0.214484261970097 -1.17792438396272
1.10816990667959 0.00376439133366398
-0.888265612446753 1.00954610010145
-0.0121617262349176 -1.12808902156479
1.08366124850866 -0.0495963957899229
0.51441326169722 -1.09377189225842
1.00572313968776 0.0438230420256318
0.567462813758221 -1.01001306979425
0.605466021697856 -0.966845240931463
0.481546818115162 -1.03952949911431
-0.405343299826185 0.896308854065108
0.905896091227821 -0.0332607326955765
1.02016879629363 0.0798293602637801
1.22971947860609 -0.105858705973161
0.739399219605892 0.881485072177816
1.36121837973051 -0.0643865688816474
0.101567408850718 -0.871934470338398
0.819396703398329 -0.0330642469832606
0.97219233867248 0.0605245461820676
0.478737602847172 0.497126392426904
0.891796365343351 -0.104399160508804
0.602524119292185 -0.401049150821118
0.836614894987315 -0.0131359202344442
0.34830564896338 -0.594213169664869
0.440984508995138 -0.488174442903231
0.352170269161758 -0.519691386278004
-0.315526094975698 0.580415295538499
0.634678363691924 0.0113919502690531
0.674467977236417 -0.076184379370914
0.53883191479846 0.0294753828061916
-0.0143503229623408 0.496038418864268
0.713953956684449 -0.211906570852096
0.181798285409126 -0.57728679463845
0.576181178413203 -0.315612316670192
0.26500492589349 -0.0323444289592917
-0.148728477991578 0.761211613960697
0.689850788900935 -0.839224791173836
1.06597934299337 0.333294340276329
-0.2193271906374 -0.441078433844561
0.235597166843654 -0.336415394847442
0.929461910552996 0.185743754331879
0.259112756091074 0.327426855692356
0.0337098469343901 0.249940362673813
0.790095776102497 0.619170451448224
0.128825171067791 0.116342635953905
0.8927443058368 0.534378602491835
0.667218017540453 -0.829555711144605
1.32760060717726 0.662266192485591
0.74443460588027 -0.778542850505286
0.200345887481342 -0.06797137033721
0.228571762911035 0.0263866231344008
0.897947719015405 0.408995214938973
0.2675318888521 -0.0379763726417029
0.722330674821853 0.383820763927559
0.314448918748998 -0.0367474097132549
0.422141381279471 -0.0991263826265142
0.892852463767187 0.119196752455153
0.659496401948199 -0.459697981418126
1.02638313568144 -0.282174532178846
1.04563943571166 0.0687712918472535
0.607740591649117 -0.278131704094524
0.800467860074059 0.127094254347676
1.05969439015613 0.240565251901745
1.3099685644316 -0.0688035713190053
1.07199144674185 -0.14441813025397
1.09256651703937 -0.0340421407084993
1.2470498953792 -0.0213330789059874
1.06069052184773 0.133508369581496
0.997186815580621 -0.0714233408078825
0.964273442529772 -0.0221161536944818
0.954974014634111 -0.12586174908841
0.894720330581254 0.0666453108186939
0.97145818798772 -0.0739432230721683
0.815262174869702 0.137662155330366
0.83860804041506 0.185691290468586
0.578180556935851 0.116988437594447
0.959330475178669 -0.0913031721395953
0.604820478098803 0.264596037898198
1.16981943367649 -0.0132525060237805
0.92267077287056 -0.425663084837867
0.834796308360846 0.460338274624056
0.980822719141004 -0.504836256991433
0.936963114684166 0.555564473398989
0.781818456541189 -0.532763145290286
0.750869683557749 -0.584918770119924
0.429673184466484 -0.179668802489547
0.78178204386719 0.401152907215619
1.36474350106742 -0.274400787897649
0.254470063832355 0.0179221098179532
0.690834691426303 -0.600089103623082
1.60951507871975 -0.057418885056313
0.848172272945075 0.408543438352663
0.142448104346388 0.0119594318596175
1.27592104551255 -0.610382045249789
0.900434431314655 0.448064072435212
0.999479485188709 0.403301519493575
0.695415048520359 -0.828088125181503
0.764894585946513 0.752943769115451
1.03320970681114 0.438770844339791
-0.0420439999638534 -0.436735111630638
0.834485920075353 0.848372281000262
0.782464661906293 0.892401806139643
1.12412998750125 1.06619740464782
1.29377005981601 -0.706260823745014
0.0972193371512113 1.14560864619371
0.49740384092385 0.989598961340283
0.725163110518582 0.762060902506154
1.63144695160274 0.00348669757118947
0.690836315623959 0.810360482076864
1.2402850401674 -0.336381874781086
-0.16466765725842 -0.750650029278081
0.931266435431886 0.27137971978761
0.5202893720816 -1.23828891430153
0.00437823652102421 -0.801710445290998
0.356753789026799 -1.10869947045076
-0.178752764735073 -0.9257092545893
0.00270700024561063 -0.937238747522463
0.079526520911944 -0.99557367602938
0.0563185791464659 -1.0105819329102
0.0209912698274343 -1.05794679235149
-0.0163441243220835 -1.24111723574423
0.75996808306741 0.00229650798519674
0.118149227352011 -1.1328891640385
0.7758191674331 -0.034080658217492
0.645158235704619 0.0111918829722255
-0.947875167376917 0.95927867599227
-0.356328786094486 -0.994387647161
0.825391209094323 -0.149776559472827
-0.775527584367103 1.19646832307603
-0.0166469256504144 -1.14928626543925
0.182001147853554 -1.29981281055152
-1.4649385708133 -0.0277432551746039
0.48046182431625 1.16287123351636
-0.957044259015432 -0.678329036095098
0.644411136872072 1.2131406466873
0.172168871623114 -1.12407051251528
0.236238254136527 1.09732524964758
-0.272254873840279 0.617582363836287
0.703734914037482 -0.722246357457265
0.914125989039002 -1.20860924506707
0.378832382654025 -1.090611801405
0.83289234859136 0.562025613703085
0.444990929372823 -1.11269227581454
0.570275438413668 1.00095772230524
0.587209530322965 1.00438422156647
0.66974046834051 -0.935006120950592
-0.443356379279409 0.119639872832646
0.514086435330342 1.06640815046337
-0.237469564436071 -0.0208780362432635
1.53937730066597 -0.61255892031377
-0.285335403075554 -0.0243266637964212
1.24253356486342 1.00876316835253
1.40966891518627 -0.917536731922898
1.15293322600029 1.04935634015588
0.658379537422957 0.803744704607801
0.275117904737161 1.13012784277873
1.01414929749572 1.08324719483618
-0.122383666931511 -0.0447238554733488
-0.290985700668143 0.339478365242168
1.16190335852093 0.681946921381042
-0.0769093391281787 1.14184878696121
-0.680168491582309 0.306981628614827
0.235621546747473 0.992380992289639
0.159740925252329 0.961019404637858
0.603202789542496 0.435615456123688
0.161661017054815 0.982101100678424
-0.333153369329846 1.09652945664408
-0.788009554776849 -0.477443273488921
-0.437113031703969 0.999781010349291
-0.45408297660238 0.946333236489012
0.601705139980931 -0.274335766593677
-1.01721401037854 -0.0543274814866675
0.172412408723931 0.27227619772836
-0.574993337390738 -0.718733377067663
-0.203916625035437 -0.555789029596402
-0.758284044865791 0.136149167340918
-0.525358357762697 0.562322141379988
0.350296570456385 0.108296830390128
-0.240590172912504 0.47255620530562
-0.207709727304149 -0.527547145060243
-0.164294445434837 0.619664376681465
-0.617751071000856 -0.58520839524181
0.00678189934961527 0.63826696096911
0.447434619938692 -0.105251037081789
-0.470063174894076 0.72349723805335
0.213816474634047 0.717081873889208
0.780148747910421 -0.0360264884182754
-0.096278266693785 0.423771472760261
0.331561254306671 -0.657341623381414
0.378467893591435 0.58586321794706
-0.360353688924139 0.201224550587945
-0.485769500824335 0.0932901741362052
0.0773442142293371 -0.47804131212698
-0.252058273931232 -0.0506131943495888
0.554705891447754 -0.0206516156983181
-0.342053280204934 -0.13144821094058
-0.0237230276222135 0.222000827482316
0.234291771915836 -0.222353039817702
0.00628328771296532 0.162948400205185
-0.112298753899214 0.11243923640088
-0.0865690573754429 0.103787064113819
-0.0990044187874388 0.0828222865049611
-0.0201809471413919 0.123842879227484
0.161075170229134 0.186729165438769
-0.0782800095819253 0.0718516899923827
0.143448177575359 -0.161684682653752
0.109152322863192 0.308966791486435
0.241356074001243 0.107900048466628
-0.0031686129479751 0.297858306788923
-0.0577680503664169 -0.373394312261218
-0.352059323840292 0.243353323248004
-0.462917714698704 0.17365544278141
0.0427231557138937 -0.043737077688961
0.0219739769260816 -0.517037716790661
-0.542850479787337 0.108573871148361
0.113203712456749 0.612100371947312
0.471741585042445 0.643543614924043
0.516495230306708 0.632160370688676
0.53076248679641 0.604682680228809
-0.38799432609435 -0.0303545761945022
0.19276225686192 0.590188316479837
0.498445028173055 -0.324509781978282
0.62210390446983 0.548755023256382
0.158698783147559 -0.190577724462129
0.42827958816788 -0.0484555043192066
0.714033659962465 -0.444855993756115
0.190383868551098 0.183142857287988
0.580641540076713 -0.0446324942420475
0.454043087540994 -0.227497807435657
0.279549544343661 -0.277191014616739
0.420745318167402 0.0768446660579248
0.535499058725626 0.118068939923077
0.508070334189745 0.0215943206188917
0.50619014474399 -0.0316255231728848
1.13371264334834 -0.0175810283522364
0.716841060475031 0.248495972863685
0.574866916005641 -0.0464997149997669
0.949975509376892 -0.255607474101924
0.120239946080184 -0.00636163108326015
0.685285603682801 0.0385696316558686
1.03861525989016 -0.20083753932037
0.94307117038956 -0.38817950425545
0.0126234149991983 0.0495999589383733
0.351767901486989 -0.769017778154114
0.976696174068966 0.669648423944198
0.584337750252926 0.584841063098183
-0.0712565622933044 -0.00103203178290011
1.02909643803777 0.636797981442314
1.09922896697847 -0.678513873316874
0.546942780998027 0.670507438039644
0.402621818879185 0.866156039190989
0.533121331126743 -0.829679563553627
1.10034522352172 -0.812541257578192
1.20840869004655 -0.575788436415856
0.0181186579619325 -0.276623437151579
0.539553456496408 -0.809369548633281
0.227222522951581 0.905934756362302
1.16397919796783 0.398777670462274
0.458803553807762 0.751697431114432
-0.317106914082356 -0.53256867963352
0.034434412401057 -0.504818190707267
0.931439495473811 -0.156558751780025
0.868616534545304 -0.156650957469021
0.039416495076328 0.583917270686302
0.680983059121606 0.181291076209273
-0.558396547150108 -0.600321822570493
-0.966428943040218 -0.0131401718100456
0.486599259369126 -0.0668652209443772
0.355580653416782 0.00437892271641674
-0.127524894217908 -0.498217975190857
0.254535330043919 -0.0176524092950619
-0.148475172965931 -0.372315040252008
0.125744564359623 -0.00867195184172988
0.038362435604797 -0.0343953981059327
-0.370341056304408 -0.277425262321527
-0.196366551556421 0.238890787358347
-0.162533088324334 0.184295495553062
-0.326315971200628 0.157507304262991
-0.261764228989873 0.13496253866416
-0.322646961721954 0.0269972421590823
-0.0251088750372013 0.00506614698412847
-0.25087690902033 0.0738995630049804
-0.225292319788827 -0.0551583255002181
-0.0584702722625532 -0.0280843727775309
-0.222385776096174 0.0684911937946246
-0.154082474848937 0.0406785910636937
-0.204560337550852 -0.0340946184878755
-0.169114697634736 -0.0086777400072964
-0.107946034320283 0.00950370071389182
-0.104746463960786 0.0234736047860042
-0.0660073976874069 0.0789808721747544
-0.127181214975511 0.0206428742098355
-0.239223785901867 0.00650311873054127
-0.293663331649773 -0.0435240500875675
-0.244453711677381 -0.034487994198389
-0.290365155644354 -0.067266004018856
-0.128349325973026 -0.130740844380602
-0.0849666639433206 -0.0443291477727094
-0.225654565804648 -0.0256569573624426
-0.202217409219491 0.00166246752911762
-0.205428917374648 -0.159376693842733
-0.473837907401349 -0.0446462129355281
-0.388911895375454 -0.0188564435853637
-0.218460298229455 -0.0931718432132658
-0.303020332548955 -0.194792744828321
-0.591120904631838 0.00902466223702196
-0.175528531101678 0.0435768407227998
-0.594501247495827 0.0372572346564419
-0.269558294084867 0.0897110938494708
-0.454503479992681 -0.131247934210474
-0.212040828019512 0.0779917151265123
-0.840417845452629 -0.0281042118174582
-0.819262104249313 -0.00754499340851564
-0.932952773786784 -0.0222274396404042
-0.722589708281515 0.11951763354834
-0.431613835148469 -0.359930413294772
-0.558695450421057 0.329106423760203
-0.390243249720172 0.0246639325172795
-0.606050143348084 0.376904291748019
-0.77297654671062 0.243929950264768
-0.589165289561729 -0.0138500664446358
-1.17221487330041 0.103823995339931
-0.724758660046305 -0.275526948995114
-0.977343398679847 -0.251622274027698
-0.88574042602123 0.418449920647389
-0.809378231677113 -0.506109241278658
-0.819796320731781 0.498322323371181
-0.920220935689611 0.34804441799968
-1.0752807084286 -0.0376646159322266
-1.40693082485078 -0.0565375102023968
-0.95476775314677 0.327227192162402
-1.28690696334131 -0.115950677190675
-0.98081954735621 0.223037006174649
-1.12485607085716 -0.0530868978106375
-1.09305550339038 0.0150010491614142
-1.08097414030248 -0.0828204517275863
-0.984698795304903 -0.0971826068885187
-0.840941249015532 -0.021672771239509
-1.03588870212216 -0.123081268288238
-0.839821876405099 -0.0178747469560154
-0.856841992268779 -0.136837524928
-0.735760450529977 0.134662366958691
-0.821585752141579 0.102082445261513
-0.69582728671883 -0.149436435750989
-0.859340802796526 0.223576400944474
-0.891883225633709 0.200767453631121
-0.888033220168854 -0.239178962915752
-0.665982617069638 -0.0221028536593353
-1.09056710789758 0.220277646274033
-0.630298173817626 0.0159513258296032
-0.665942202394425 -0.037443859890019
-0.661834633380999 0.0104241398842102
-1.17244323376671 0.081305925279089
-0.891917732132066 0.298109374548048
-1.06949093499804 -0.417924057234056
-0.758076517045797 -0.322902118082692
-0.790530789872489 -0.283109127175684
-0.911061485206865 0.265117153878111
-0.69885134549713 -0.352301186430903
-0.833760318530964 -0.475923019546116
-1.0426311421806 -0.167178398506452
-0.795281162487847 -0.535966581847855
-0.238252274236129 -0.27453024084966
-0.878622176951384 -0.580251040085928
-0.209208295548697 0.267203665429283
-0.398070891612629 -0.254449132068548
-0.697852345398943 -0.128906909507217
-0.646375613250042 0.164473155661465
-0.206748835128854 -0.0708839650960029
-0.476806172944531 -0.187643075987847
-0.392169243037314 0.00432128982104108
-0.620541242755254 0.0319576169996055
-0.396739033603474 0.167792512554713
-0.233348331652429 -0.0240612142635119
-0.389648435260643 0.235569708478612
-0.403106877348246 -0.133853046043607
-0.60974290740339 -0.228486599311473
-0.303014579496035 -0.101967620885926
-0.855429077872751 -0.00276094661770589
-0.438892763214309 0.261324333322888
-0.817770228587743 0.000217982277996769
-0.690382559780734 0.144484078095771
-0.141688160721118 -0.120785802753593
-0.285499041625055 0.0229981666772054
-0.704264037329705 0.145383426344787
-0.294785410561086 0.127471039859437
-0.179443152806975 -0.0948447780107781
-0.0243824758235739 -0.146075897217943
-0.600484629154958 -0.22164766719718
-0.500974075371646 -0.478861778848554
-0.189283583273596 -0.295264066030335
-0.503149536270041 -0.520791613645161
-1.18298258979827 0.00642848881523365
-0.0701972170012743 0.225682293024743
-0.359612230042253 -0.699342620217246
-0.766396181619692 0.397822814242398
-0.621893097044445 0.537007923283637
-0.482309255029894 0.686569771125438
-0.414195189593481 0.81298235053202
-0.697819152163592 0.503937790977297
-0.741491514694885 -0.366142906718094
0.0695645998112928 0.931709487411627
0.812292778235689 -0.0457153099050132
0.272762581782806 0.391059417670056
-0.0614212569974277 0.879438413941475
-0.495875201509487 1.03895817392767
0.779481825970345 -0.375286422126554
-0.134097336249444 -0.819947940374851
1.20636112674632 -0.0424187948082423
-0.602625525081331 0.232937520927967
-0.403509068761478 -0.121813156843961
1.24209787805118 -0.00151912514117203
0.879773977142355 -0.652041697407954
0.373566679830179 0.543379627800333
0.818823984224657 -0.552862660949922
0.190727939154275 0.589312712577586
0.101119345820495 -0.620450693253597
-0.332831508692899 -0.0243155125708402
-0.253299983505238 0.00212028849482371
0.129367462064215 0.483324229293788
0.639235504519727 -0.379530324556594
0.574093841924192 0.411265111424768
0.736760222426016 -0.0164830387051857
0.239203958231004 -0.393826845694216
-0.61562732856399 0.0032978503703939
-0.145652509846411 0.693323012363407
-0.425176729003026 -0.351528875904842
-0.0384957320226661 -0.893568867008957
-0.359213915393781 0.0766603484550335
-0.481877632963427 -0.0499834173312993
-0.164913957603597 0.159583115183149
0.397507579766375 -0.755696138112629
0.455511205607835 -0.666645314536933
0.63242604669618 0.496237510053114
1.03608051879811 -0.526734921020958
0.724143660705353 0.287622564903449
1.12352531118729 -0.234344152173532
0.909920081476202 0.607348418662923
0.733030188049143 0.255052837646872
0.480699942126839 -0.580338250553275
1.00306649395609 0.291139697062465
1.12333430616006 -0.00642143913817026
-0.110638483903999 0.222864098208699
0.154578124037014 -0.381423148627959
0.660179020810806 -0.233055879016319
-0.181166443671825 -0.787733412262355
0.561658705061543 -0.639543907407202
0.794361600040899 -0.0761282461671021
0.364948650409147 0.764893806505463
-0.32020640662693 0.755131764566788
0.0674011951426533 0.722368748314529
-0.62322374300723 0.53065496952716
-0.000642936788597392 0.680114306443639
-0.653505149474224 -0.568686144396714
-0.303756301919 0.506959377723993
0.347704930505253 0.220817334074121
0.0940222818317335 0.763256942329495
-0.0843770199280594 -0.807184781954898
-0.372092347657435 -0.639738797145875
-0.565461394126385 0.792337534039468
-0.338440473721309 0.615352639153764
0.124175966253794 0.807383010061701
0.0287379470922176 -0.730739598661602
0.192000938898295 -0.554054393349073
-0.891592848751286 -0.127637065295576
-0.80374052426906 -0.0952320186421346
0.191472053192015 -0.484058843290643
-0.447546595499093 -0.651188692882141
-0.777683799036345 -0.0370411536236237
-0.283548878747619 0.632599554420355
-0.436902344194856 0.694105612582346
-0.39121104470082 -0.730922931179887
-0.465352251103449 -0.728986887023216
-0.579436740950892 -0.823765579301915
-0.466689086911386 0.76786883650336
-0.576145293645839 -0.708749240455573
-0.652751807618391 0.593642875373953
-0.633904735556856 -0.693930391106993
-0.514023392955827 0.678417590349485
-0.213963596070819 -0.623957473522497
-0.69717954321801 0.389741873216131
-0.686408136114011 0.371034808985429
-1.03132516662501 0.119661419488161
-0.506158153950855 -0.386776495476228
-1.04887861453473 0.167230848675156
-0.522801556905088 -0.268989202034007
-0.831223032628795 -0.140690573339752
-0.63071701315881 0.315510432754513
-0.782728223836859 -0.223100078973956
-0.718328873756298 0.188762211742219
-0.574127257665738 0.296166438411339
-0.548310987121405 0.327187448530775
-0.314296899012964 -0.374060517228398
-1.03042299382893 0.0815725390061587
-0.434049858698059 0.162456068826898
-0.631043689334539 0.552886777036819
-0.519316358543279 -0.142400432255683
-0.432139045779169 -0.0184326417345068
-0.469217662109593 -0.582332454772157
-0.22002178291129 -0.609893005654885
-0.221375410485082 0.323716647078959
-0.499005878064204 0.559965747066141
-1.00369535008564 0.255569754028835
-0.569469535680156 0.52233056181577
0.243965475047615 -0.324559614154815
-0.415587201871956 0.595792169068023
-0.0415442447016467 0.834459349073392
-0.449588353692116 -0.739270429538888
-0.407698242204403 -0.706435993419818
-0.085680273713956 -0.401289174838991
-0.1913830625102 0.313437018661077
0.210776394722815 -0.50637194012142
-0.587858675249088 -0.780986614260149
-0.630382543435048 0.683264211054005
-0.690044566256514 -0.00314264678131261
-0.577905231127674 0.635789191873165
-0.877499507605449 -0.245194733853188
-0.851597544570055 0.779282554136634
-1.23911406111615 0.304057274621389
-0.205812491600602 0.285993757647355
-1.11957337894696 0.358120546880746
-0.785096413014755 -0.302214395217853
-0.845203224053317 0.726656522605067
-1.08934927144797 0.325459474092888
-1.06462930699187 0.294712562497752
-0.971176469558374 0.286698889763309
-1.07943974939624 0.329858706575017
-0.239598024780995 0.142733237013271
-1.04798740615481 0.0948956748842603
-0.730763428144668 -0.231508668557349
-1.02392647613422 0.323520696079912
-0.405417048002846 -0.0629420967797749
-0.0705798618746696 -0.149055906542095
-0.262060107610626 0.0778340012911039
-0.924457849897149 0.0511507565593701
-0.416800842017512 -0.406018125448762
-0.453169634792092 0.348463132576869
-0.708477590082368 0.4355832125493
0.00522045025520951 -0.0838393794057126
-0.737008476671352 -0.595997000391315
0.0222961213084974 0.168285750247942
-0.769840226500931 -0.583478158293074
-0.483840919322095 0.424243457109164
-0.403257677896731 -0.479094936133687
-0.0357255340538793 -0.233862739428529
-0.615266278411655 0.342935915851543
-0.713305279916345 0.695464311820405
-0.333777647472443 0.560732302849502
-0.703124999765681 -0.387930317053872
-0.477859997445613 0.576593236557879
-0.415679656061716 -0.678998672547704
-0.389196910451208 -0.617617431068763
-0.604389817066573 0.494242747123096
0.27026722610066 -0.323172443971096
-0.390541100842791 -0.815145168368062
-0.186401443948351 -0.00809846350962074
-0.92952360316891 0.632432695732341
0.264237974446446 0.319807649466415
-0.912115872266295 -0.601380998557223
-0.678274270497789 0.985656737713441
-0.92830396823256 -0.7014671319812
-0.135525233905887 -1.066916967283
-0.484217656543929 -0.713791491586323
-0.949259357063583 -0.811042127616018
0.569945936225586 -0.0139269402413699
0.469190932038279 0.0174114088084839
-0.893083370982572 -0.876781646919747
-0.258290491345358 -0.815112022047047
0.394110946036054 -0.0113189432853928
-0.262470171302076 -0.739860128993644
-0.232441037044121 -0.709018738508738
-0.106589191842479 -0.639960627757266
-0.278224488936424 -0.587517465965777
-0.206908125921917 -0.571679466285829
0.311237374927803 -0.110406038239524
-0.31706329869902 -0.571096715096225
-0.348998521120312 -0.500747660873166
-0.925934805526963 0.402149639858505
0.128103805018091 -0.034130766726999
-0.110379246736459 -0.712469845423515
-0.266342837884175 0.536038280859984
-0.0739350250727894 0.681812235355583
0.233560544488857 0.159410484326343
-0.359834115261375 -0.418831025646455
-0.444290463782313 -0.688975428687812
0.445997889092386 0.158757866475401
-0.511288445903103 0.368373341543159
0.0541766782613972 0.408019989074502
-0.0519045054509514 0.409908626009455
0.407558420930019 0.11586994523577
0.229407087632551 -0.4892636856075
0.319058935564375 0.049162495059234
0.476119405874161 0.0551387602267277
0.626158814618461 -0.0537992058701815
-0.223465609531645 -0.361380314006047
0.4977038106671 -0.10107956493494
0.511733890169819 0.00917706342192991
0.119427486905031 -0.252671916581731
0.244019479882168 -0.213414543239612
0.288484348891128 -0.310509391592272
-0.031289869872329 0.132243651122814
0.554323639254236 -0.014934027248923
0.201146574458472 0.172676807553843
0.309778219124944 -0.148151819503929
0.36670263489292 -0.316362237122819
0.213844520755247 -0.135796846416686
0.365620271069285 0.0398825680095809
0.100496214553805 0.0951044241640699
0.290440548816837 0.159354369207451
0.152757605272078 0.225362380382927
0.418858944904158 0.14185034016329
0.0244546822251761 0.153734012251624
0.397493589990236 -0.0925942375998501
0.380946709705953 0.140776352630529
0.320909297113709 0.170355774712752
0.281378290624463 0.0490450860711289
0.29401954233399 -0.157277705121385
0.314966137645061 0.0614945587400924
0.0825611120995748 -0.0239949001145851
0.0993849794679792 -0.0495523564707861
0.20588450872233 -0.129582277685287
0.168957350377966 -0.0617946962494619
0.187517151854731 -0.0546400837581677
0.307526180389654 -0.0137249337160839
0.294873495886266 0.000565089842733457
0.283575884508582 0.0636866754034211
0.355102160899761 -0.00956823548090993
0.40476947972525 0.00848887682149499
0.238462245453442 -0.165673413584444
0.509802299980678 -0.0184580048068635
0.313689667274551 0.0571254145963812
0.199253532177949 -0.0190006259031307
0.593330994962383 0.00551202787057939
0.551399065289297 -0.126426096157714
0.209335828331339 -0.00473361493401828
0.454828218487683 0.0398166154611184
0.47491286515598 0.0742263220087743
0.42425775890541 -0.0510182226482647
0.231644929263837 -0.154311674402275
0.283225738299828 -0.128134962100861
0.164767923377944 0.0803475635214004
0.332754544296519 0.010540818283574
0.186069857933464 0.137963952279823
0.527506565061313 0.00722293285527318
0.04256110061365 -0.0414999048820688
-0.0656648477663435 0.00624774053849461
0.220598985225472 -0.304293913770021
0.286732949440306 0.143635608340535
0.0060634603899284 -0.0167520052323554
0.255569862026804 0.197643797568919
-0.00199413566029605 -0.0185756078348043
0.0272774438177509 -0.0783230045784591
0.312672342954268 0.252618229467853
0.301459410546873 0.103824307645448
0.129940265852521 -0.343671679242567
0.147710378157603 0.199529515131726
0.00828951752565691 -0.130574717240402
0.171648804864651 -0.205131930066042
0.13191154066298 0.185672202078303
-0.0281212853923161 0.230086373016188
-0.143412499552688 0.0553114893100252
0.205894465376384 0.130343224203529
0.147380722091408 0.19469863305188
0.35632090667619 -0.309267084173873
-0.0911180622684532 -0.167074723786334
0.254698907605394 -0.369042291974173
0.598146817926823 0.164391099315356
0.515854087621927 0.115934862301394
0.0595439637158546 0.0899330434962821
-0.00265413672073108 0.0922938802693739
0.538466426545124 -0.0908777699256856
-0.0953672521850819 -0.225328123003916
0.590281917605047 0.173008457388938
0.709665748071733 -0.0562488530594734
-0.174013983308049 0.232927203528058
0.00666112582029146 -0.138287905437759
0.0869537931215604 0.320848620919729
0.0697077436540757 0.223665976176838
0.0687669694376635 0.268757918020043
-0.086416908811923 -0.234311650152476
0.172657789693935 -0.0491764825295926
0.0615994811247929 0.23184128863079
-0.0492486544875696 -0.232362481210474
-0.00126639804256803 -0.147945364813486
0.147216223330614 -0.0119760579204989
0.070658754778288 -0.0366851298288464
-0.016480108564702 -0.102328856609303
-0.243961578362865 -0.0291496111306271
-0.0661806250979292 -0.0619190807809957
-0.212739226711882 0.0103101261578766
-0.185466402361615 0.0146340187322678
-0.144334901575266 -0.0670730748158533
-0.145533685521784 -0.0168934045072123
-0.233156484768948 0.000106129269170615
-0.245421155372391 0.12600631751752
-0.235207714274256 -0.096261754109264
-0.276584893139508 0.049694036321765
-0.134477585539236 0.0675039874655913
-0.210072010968825 -0.00503174815382189
-0.189172058392291 -0.0273894801074316
-0.14812256786559 -0.0340723316350826
-0.241277620911897 0.065360174696953
-0.313706895643924 -0.157703310965383
-0.13211002671776 -0.131656939443287
0.07736159268971 0.0163503869236165
-0.0989527604228782 -0.150260423274173
0.106083449648523 -0.00354851083094591
-0.173577246155046 -0.102612285898452
-0.363201789053825 -0.179769437854222
-0.257325993024782 -0.0707682181016265
0.0152306802823664 -0.145962563916044
-0.0540075010449467 -0.263448339292717
-0.440505488556616 -0.0224214495364901
0.240884615321503 0.00994384287380378
-0.232145959526373 0.159403675322903
0.29483114634215 -0.00343333022158733
0.168828903083259 -0.340067726793991
0.465573412480512 0.0438697880293633
-0.272671261096864 0.000447723511112662
-0.203906229406086 -0.0450308031933897
-0.0742866483555798 -0.0385494884828742
0.187290598988449 0.100892765631344
0.281558310196103 -0.173703167838446
0.240524643332256 0.0758860612548223
0.222570886112441 0.00953483898824588
0.26616851377145 0.0958999540499636
0.176420506015073 -0.0421436702516941
0.377043514858795 -0.0413501064911526
0.27883359691506 -0.021451165450455
0.511078187682346 -0.123995075469291
0.366649061398289 -0.0368227756975512
0.338289605963941 0.00519355183391738
0.419313727007672 -0.0130571457908704
0.423064566123629 -0.0919641567193909
0.425738638265585 -0.0682976434958342
0.446296440938836 -0.0285901464242465
0.598181564601346 -0.0681023631473947
0.476342190997339 -0.168917069681642
0.625451019628813 -0.0252418637544189
0.544175462107611 -0.246977662403728
0.633585365962062 0.00716632845012147
0.59551365451471 -0.183099195435383
0.654475786681926 0.0442809327878115
0.525539320865046 -0.163074094109895
0.557910752521706 0.0253163264780639
0.384889590283458 0.290656170205066
0.166311275095746 0.0898205658944583
0.338974193692483 -0.178533448706972
0.268303527179442 0.150768069032462
0.329344318612648 0.184595048538304
0.27436092163514 -0.14383817205792
0.220612037736183 0.0698956351563779
0.215759999526759 0.0368500037669765
0.23446198606992 -0.13449914751278
0.31794164285883 -0.0932682919941598
0.290110020291662 0.00870451734954225
0.316229336185895 -0.0938157327004134
-0.0807384190301813 -0.00105682372954266
-0.0114144506649052 -0.168214749499179
0.314383297436863 -0.144595867117105
0.288488925285962 -0.261234816358746
0.385857537154269 0.204827391787739
0.26240706579964 0.235151269628642
0.166444971477028 0.0336977258712719
0.247905592192563 -0.144973750010046
0.304677284118313 0.116024709771186
0.324816801756411 0.0846115497188418
0.449814264232422 -0.0709840197348795
0.219746082079736 0.0932828114298111
0.300607277037589 0.0350831936343359
0.0959610052899731 -0.057752374753906
0.356330594293114 -0.125096780283504
0.442721867952173 0.0545840422159497
0.316941456364742 -0.236660430736365
0.263022318365252 0.290992087811308
0.407651780722508 0.0440973605461854
0.215086955162194 -0.0750449613115054
0.284009189098677 -0.290633806243924
0.197472784485524 0.119500722452938
0.364804115296287 0.181365565366274
0.529740837742163 -0.0857866557622747
0.483773532519 0.167906527292769
0.110155642008458 -0.0044321404140682
0.119113216949988 0.0591184896279226
0.220753404554643 -0.24242168724298
0.426651061239057 -0.0330689702295772
0.335629723479406 -0.0679303426062385
0.529109739114263 -0.0187870447532915
0.510900134814479 -0.0385725960369362
0.33489879161877 -0.163148386725593
-0.128148352976728 -0.0156871705461885
0.398803796350829 -0.000391012478660469
0.0093764905769986 0.179181805638293
0.263989897723111 -0.248227225701486
0.205485532809233 -0.152502848739429
0.113205421476051 0.153199482685294
0.0993624103430601 -0.208166979391798
-0.0851823426602272 -0.263641523828832
0.117232087085813 -0.17247537286467
0.160538853950801 -0.0149270675452867
0.25644135472535 0.210137702699342
0.403805810672671 -0.114772316191816
-0.0476821974288922 -0.215001558103383
0.245706062489956 0.321545716380915
0.287398542811805 -0.176823383002267
0.28562126762029 0.132366220931435
0.0396331606103474 -0.188392056480333
0.0164315897615246 0.0367800227342674
0.651527841585384 0.17886493652199
0.708015241939258 -0.0499392244196256
0.353033769384872 0.17595489043979
0.418516554625214 0.0308500775890293
0.45927600571905 0.0154695699992548
0.453243865159135 -0.118091409786572
0.485127124004201 0.110757850647329
0.639221896972402 0.017778356797957
0.309958511740979 -0.0192216174595535
0.381755446027671 -0.0215311074421192
0.613797551507517 -0.00684224527448881
0.454687535194909 -0.0855364854356364
0.489953112214325 -0.00320545379622202
0.477560865983938 -0.10151325578445
0.386946098600031 -0.112743361264019
0.380739177766313 -0.0912257743428364
0.333226713127056 0.101027317439936
0.585025861177412 -0.0205612950442463
0.535120924573313 -0.0268202413781675
0.424985057767194 -0.00280546650672443
0.236814403323815 0.0976451986781442
0.339137375565153 -0.00778920638163475
0.0787927695409154 -0.14797133442383
0.179660059413853 0.0131677426461085
0.170870316482983 -0.0150189395293002
0.179272982384978 0.00960858972030506
0.239020917748693 0.0217589038457081
0.177309422679656 -0.00234889921120089
0.192742738872789 -0.00292187466766973
0.229882375994643 -0.0136446345743741
0.335939682687449 -0.0557162427973311
0.351992155389797 -0.0908055691187687
0.420894398591919 -0.0537243836820229
0.373606254141733 -0.0407265245677535
0.411086074583968 -0.0500733207785971
0.387476327841698 -0.0102182230241526
0.265476045144665 0.00415492089832283
0.426015446788214 -0.0908933005513214
0.306716773900477 -0.00769720321216751
0.279691430005654 -0.0930623451974398
0.197774004529688 -0.00960017885605145
0.116396828917377 0.064505405660926
0.137962984402081 -0.0978910302728901
0.196451404730202 0.0637473382899813
-0.00645111185686225 -0.115644195192886
0.0136345712193272 -0.0753146893000001
0.0456183905770081 0.0335944658174212
-0.0735072400941944 -0.0596858833801321
-0.0948585149196393 -0.0142163264053875
-0.0276174667163192 -0.00449532097891359
-0.0476129266372667 -0.0477800106232329
0.0567482625013935 -0.0904386679776809
0.128924268333366 -0.013538608707734
0.083683841310201 -0.00243579546990951
-0.0935744283475053 -0.088050646554509
0.0583410448924096 -0.0652960649556422
-0.0138855739886076 -0.0341468713905611
0.0881281481215927 -0.051900344136033
0.0325034014433413 0.054585886638241
0.049970073966337 0.0773740959243276
0.0832137333837459 0.105577327384535
0.0106181250242255 -0.112418927362681
0.140693735453117 -0.0785473532528118
-0.156536845939741 -0.105874457271474
-0.0404743442155032 -0.0823586276802414
0.118714919234871 0.0219462215294063
-0.14406796434424 -0.260444488795028
-0.202746783838781 0.0931139365491017
-0.0920732762148859 0.198854952067848
0.133456881123445 0.0408917479396264
0.0284292664469333 -0.196983511423168
0.00559434795641083 -0.193266489168319
0.0694545403417672 -0.170512428898231
0.0388908309870329 0.0980074104241676
0.0323911850109442 -0.255504703216772
0.00876580884611692 0.142146058665024
0.0181473492116426 -0.325276660564159
0.153972643246197 0.239156596031011
0.260962444181257 -0.172813387380133
0.112087455336763 0.0476333313834709
0.184467113970256 0.0233492894498845
0.039380880578299 -0.0746314178165463
0.0644571238123015 -0.238707852548451
0.0185076570905749 -0.0968255968106165
0.123019151191896 -0.212848091468657
-0.0296237683258974 0.0593171650053385
0.171088967660623 -0.112883506744012
0.00199410627434757 0.145635680809688
-0.0867216661773923 -0.218152271011765
0.101921423356649 0.147029094571799
0.108723424333559 0.217176189934011
0.29002916001314 0.0333770979307479
0.0627671519887201 -0.15125096424559
-0.0934395975977586 0.0533880813449251
0.334760854821825 -0.103325868522338
0.0994545365999739 0.284651218265196
-0.35825281345759 -0.0218831821013718
0.0446507325015819 -0.102434746347065
0.160395546180957 0.0161703823795765
-0.186492155266864 0.178860963946014
-0.034872688816448 -0.31020414766946
0.208240255727872 -0.391012369511397
0.0729196814829091 0.339816380258469
-0.0921516168062873 -0.189407960802012
