-0.391394620395056 -0.282052926036075
-0.513543277049516 0.0279455228471554
-0.162328969600099 0.272400420848233
-0.559780958329313 -0.0425044940542193
-0.441749077651476 -0.208498271375242
-0.244707697547385 0.102827288257616
-0.210390009097526 -0.0731593978810411
-0.210637472347067 0.0132277260354357
-0.337705538857366 -0.198134158259252
-0.372454423186043 0.131792705154773
-0.338062498338378 -0.0159302954999181
-0.378283649125574 -0.0392575212900239
-0.505275556817214 -0.0245373972297609
-0.455019943031482 0.0423910948863889
-0.379313425525507 -0.102372159446948
-0.288060182051585 0.0347142740261577
-0.368639269552547 0.000365689083894401
-0.386080387252226 -0.021930666168636
-0.362974644608399 0.0652690847007701
-0.280372318229947 -0.0634236458378237
-0.240337740918218 0.103612815820518
-0.241265021892842 -0.147525594807671
-0.302837940229185 -0.22567169313445
-0.214455544817419 0.109063888416092
-0.32542726923731 0.14551348257327
-0.15624894825977 0.128090946437576
-0.330412123762412 -0.267317939543904
-0.384657082938644 -0.0837513680101248
-0.301689323305762 0.242423272312887
-0.346247461593547 -0.00780022383826187
-0.00282510610108473 -0.119775134397887
-0.319529043962101 0.0375518960034165
0.343654385377305 0.0222917804055122
-0.124095717898961 0.25301533172379
-0.188671500841766 -0.038864574810156
-0.0139835460861445 0.257128645973184
-0.177595331604956 0.290074011529124
-0.189196383921977 0.314764677048224
0.284842793821001 0.101778746777848
0.323815424066407 0.00130012553888677
-0.161898802635679 -0.302341884980512
-0.464634152131661 -0.143795997780635
-0.0429040549271397 0.284960600191746
-0.293742993642869 0.155960619820641
0.0839990944904326 -0.0267780610667124
-0.434585878098684 0.251047902483029
-0.179527739112318 0.124737464927654
-0.0156433914672709 -0.248859344125629
0.228563649350826 0.0322989386355634
0.0565072257876067 -0.148353060567295
0.0133903026445837 -0.192687974160262
-0.26060571926851 -0.051680763568303
-0.163308222906623 -0.0960626096001912
0.0197399599807269 0.113418511903564
-0.0156660313319695 -0.0218811818464339
0.192403095462772 0.00534008724491039
-0.0131250758545454 -0.01131569101628
-0.0446715454826034 0.0213714497835513
-0.327127390337902 -0.00512269374927311
-0.016118022522547 0.17816313934829
-0.292920881487655 -0.201356682523314
0.0528871785803279 0.0292266152891358
-0.112021954257203 -0.213894209718582
-0.153911437130412 -0.14911313659551
-0.0435179501260788 0.052504202186008
-0.100833025167025 -9.20777847603033e-05
-0.149908425818188 -0.0228992157774097
-0.0930992257217819 -0.025017850683155
-0.0446033907119939 0.0825679987295624
-0.140841060046105 -0.0201153661421869
-0.242645017035951 0.0714117438594049
-0.223934309884865 0.103929490364963
-0.330450002551711 -0.0767951617059424
-0.126044332687708 -0.184092794332348
-0.233755426280475 -0.122924452842409
-0.154516516301011 0.072993070066687
-0.272508760694942 -0.0908779697632605
-0.194093229453953 -0.251791343251044
-0.0528144494902686 0.012647880444676
-0.419066173449737 -0.180076324328383
-0.292421584770043 0.248368165872363
-0.512274023878777 -0.0806588645923893
-0.200277872414138 0.157967971181487
-0.0714590958790664 0.218720271984729
-0.332546297901661 0.122481924017519
0.155947838812886 0.123913415398912
0.0343954295212799 0.0459285936207811
0.0393246625745522 -0.140957757841056
-0.132546205058865 -0.168317663986045
-0.00713688849608993 -0.285036942427212
0.106317150075878 0.123573921423517
0.261339668153317 -0.021497583793307
0.138693331104572 0.150817962260725
-0.0694101706161769 0.067768209741693
0.0526606157881822 0.0575226205278014
-0.143786938670311 -0.0956857457233827
-0.0799348020140035 -0.0511873787017209
-0.103567468580667 -0.0208179683756669
0.00815631212029113 0.0124335704636932
-0.0180208243050459 0.0911857364955467
-0.16238095298802 -0.00554989245904242
-0.046385975815089 0.0111928612696218
-0.149403402753773 0.0604838394798048
-0.303065967515215 0.0216507320556783
-0.19220233698895 -0.04150544519277
-0.256478887117318 -0.0116252185537331
-0.167106505194551 0.0669666567226527
-0.433534857498992 -0.0127860246286186
-0.257868850587398 -0.251876465023437
-0.213949399882469 0.245111041516533
-0.220667196525304 -0.226985270378752
-0.257019364619479 -0.0206030666741668
-0.16062558649666 -0.227805679480047
-0.0904585029958407 -0.310182034584107
0.248289031323058 0.028558571115146
0.0498064506393942 0.173052839574717
-0.388608084325454 -0.00614276738641987
-0.265456035428556 0.0247584559934324
-0.14116856361137 -0.00980290997691034
0.106370228681171 0.158867323804794
-0.110883510369964 0.0548880550359608
0.0452478052881019 -0.194035437666282
0.081154271627708 0.185428184686907
0.0889659265058874 0.140333667886155
0.239485246246715 0.112281099415793
0.0815442174755914 -0.104438726265308
0.143996839695559 0.0596588152279568
0.0712946285174047 0.0327486009743971
0.0660949198888573 -0.0215497866391695
-0.0188456472303878 -0.0054958593245705
-0.0169908502294524 0.112469616783579
0.0555153934813888 0.0117445442543404
-0.0780880536317525 -0.166593040339225
0.11450657545169 -0.00271210652368756
-0.061704208469184 -0.0872101687981799
0.159016144574551 0.0150767817152308
-0.0760147472004716 -0.0185507864591005
0.0701778626803487 -0.0829114511356446
0.171145781709901 -0.0709280065160728
0.00861595137800547 0.0463613013835879
0.181427876900346 0.0284828909834309
0.0208962059548687 0.111363871669682
0.114402386209431 0.0370614129242972
0.140916760778854 0.0094117130336933
-0.0689273880952194 -0.0466180318149961
-0.122159083756558 -0.0623341431104514
-0.0468822733497363 0.192477207172159
-0.0276184509973302 -0.0459158218662641
-0.0293370345599976 -0.0380352489892403
-0.285051883474118 0.116672941166008
-0.110775680291567 0.0948667498983508
-0.193165217846828 -0.102232478584597
-0.181956809447529 0.0020070138714571
-0.226402567941745 0.131690620150389
-0.122973359012895 -0.0306674992937467
-0.0990943931618341 0.0188239420419467
-0.123126851803249 0.0201057303145968
-0.220606795192648 -0.00874410864526719
-0.19537319225253 -0.0578361964845697
-0.176004249764299 0.0167006930304112
-0.356016302219933 -0.112449724501923
-0.586682436980161 -0.0532644129224911
-0.204183851179246 -0.0262324051457522
-0.0646550229950621 0.0301703210443522
-0.0586655841766175 0.0437888296791863
-0.436078404115497 -0.243355965630965
-0.21274674040559 -0.161961534487835
-0.561757189530035 0.253776566421861
-0.732110827197643 -0.0678045774574972
-0.651558163083117 0.0105943499004416
-0.747471411495396 0.0160148715916025
-0.268249474534405 0.0704498108152207
-0.157898714021046 0.459623830783502
-0.141603152679418 -0.247019390335454
-0.58074637081822 0.0727421937776295
-0.219322318475422 0.381951686863985
-0.470414807312432 -0.162910688847992
-0.0362878387223225 -0.360754071074731
-0.190528021966197 -0.199961541278187
0.302161153470626 0.219401850781376
0.190902638735712 -0.210631595092699
0.0540197192867007 -0.37494807397622
0.480473961921138 0.139350762821666
-0.00831911682270069 -0.450284359521936
0.286369747089067 -0.227631594756484
-0.162767800697826 -0.548824454857508
0.306562109397377 0.565890024028018
-0.0431613069741657 0.349511532787098
-0.244100021180354 0.557019655757343
0.472558819099745 -0.142813611278367
0.626147193499264 0.111316532841925
0.682675095549223 0.3303880275022
0.499445917101437 -0.69932626237252
-0.246954222462087 -0.451338475675428
0.122658526384314 0.673340172772349
0.534681665082339 0.334521701330189
0.479063044081959 0.867702064187391
-0.635934905971279 -0.0212533601351692
0.202742761083063 0.751562268501112
-0.151104513892212 -0.865008387853337
0.659604717127496 -0.831354759542425
-0.0159718574654696 -0.848553107464438
1.27486648096529 0.128138973011455
0.877556597827697 -0.223676993279242
1.48397974507213 0.103392760668878
0.86366669627877 -0.0822174468388639
0.966713629723319 -0.381558606053986
-0.188854722913682 1.23858413672371
0.371098885655505 -1.14929957639035
0.937252429966507 -1.26471832319315
1.00443724823723 -0.512531160552992
1.3770805156658 1.03445684470106
0.461789886091264 1.25266286971043
-0.638737869737934 0.455737328516068
-0.573806059829083 -0.593785004735551
-1.04094076719459 -0.0380593766470656
0.428776271366292 1.39156874225445
0.5331979804662 -1.3494211513091
0.119641225660633 0.0317066443143843
1.20443692614612 -0.786234336792365
2.56032211421325 0.251791100436804
1.6320156103947 -1.30546216559962
0.453529417050659 1.44455807782735
-0.214041681630395 0.21833386961686
0.706504052233194 -1.21690355245335
1.96408619866113 0.572611827336547
1.22376121181525 -0.835737530700749
1.10539858004764 -0.759905024970136
0.16199949273164 0.0215785811601005
1.24328341781975 -0.587243011811019
1.11078101059491 -0.67012875953655
0.876136348423641 0.960110870432607
0.264461962444238 0.0774003856120833
1.09597897405327 -0.531024909156863
0.398754728239166 0.0129273562099135
0.45579102752967 -0.00455225590721213
1.17987627081806 -0.356984636537736
1.53540121174024 0.404524819368707
0.629333974138656 0.0682467385686795
1.31675595919511 0.669729251811413
0.818783004242654 0.0872070329375566
1.12373295985195 -0.138561399180794
0.767754663545779 0.569867628997946
1.17419010458306 -0.0277132931264604
0.54863426082772 0.348171979770846
1.33520828115636 0.000587498459931486
0.913519923847273 0.231295865034991
1.15994161198872 0.176819405902869
1.16657173138636 0.120748168499893
0.777551230436348 0.536461861779998
1.11164625047174 0.177969553897434
0.335021656613585 -0.313605543320276
0.542878303811155 -0.563365206850428
0.506393966198516 -0.38331297660342
0.109888862933519 -0.328011191712548
1.10037562410273 -0.0491076077337331
0.896583487387266 0.446907627531529
0.575819859742529 -0.622767328434886
0.374836095755755 0.68043797534233
0.766644183126547 0.0573586545837836
0.483936613337334 0.493840595665472
0.486253114543108 0.689615967655091
-0.475815436606433 0.689329182950915
1.12157291733762 0.114154112089524
0.802058411735203 -0.163136121283303
0.34223473479422 0.0336430468543324
-0.981895055344185 -0.0686649725461557
0.435204132034383 1.05326633581506
-0.260356665240673 -0.99921899403252
0.623921569058888 -0.270951593303322
0.204951810869717 -0.829888408673513
-0.320211538866022 -0.316491558193799
-0.186451361132723 0.00153981993191818
-0.238260946447566 0.0152012538289748
-0.29527176131624 -0.00344052694318466
-0.885128908969603 -0.0420320334586384
0.585930899146504 0.683685434868248
-0.668396890673035 -0.724072030224854
-0.581431113852493 -0.320893505951036
-0.289914541753577 0.827148385850279
-0.749895735412352 0.252159395173171
-0.614666611310696 0.580369591374089
-1.04629643820555 0.224378188965102
-0.208768863746945 0.776634767762703
-0.480790419967002 -0.699584960744519
-0.840263443724895 0.131422629827854
-0.363555565184059 0.629037155037874
-0.494363656737777 -0.637498850266858
-0.594877223345566 -0.789185899492978
-0.906814129004157 -0.507723669459491
-0.152797083180357 0.796262907656724
-1.14133271563291 0.00445990352523742
-0.784365834500054 0.85390337512167
-0.473489478756822 -0.637043843926814
-0.0544474602361994 0.557520711956332
-0.204680706066153 0.584910334933135
-0.396342764168572 -0.82851651516171
-1.39842686119144 -0.325936382641207
-0.966373156032035 0.546964344055189
-0.639683739525011 0.28537016137981
-0.858799979213031 0.614760423435808
-1.91688922246918 -0.0865344159919129
-1.12788287473805 0.423668622222702
-1.6336260325804 -0.38761118760166
-0.814482600571418 -0.903383729818956
-1.42847721845641 -0.877181804180031
-0.155149680741033 -0.0102280679563205
-0.0798193261599099 -0.0132686951882553
-0.151282586989761 -0.048601986371405
-0.0156733837494689 0.0268271954766747
-0.0694391071105901 0.154897201782515
-1.65468395518577 0.652841554589068
