-1.23984463205706 -0.353403438426987
-0.665737665156764 1.0736688496107
-0.116183450546045 -1.29508774065787
-0.95752800745093 -0.404946646772815
-0.295485942389299 1.13082216287645
-0.602321543747899 -0.150394789988948
0.0263894124809759 -0.815585979422414
-0.345168927141357 -0.261595161078125
-0.38773211188628 0.794024361445052
0.831434587900508 0.525044566973756
0.632629157304623 0.291990567564828
0.315451599843476 0.673097108064529
0.772101487593318 0.284030330937226
1.10882673031512 -0.137123909082763
0.832024951433627 -0.0860907030225963
0.582000504480452 0.38703079714734
0.747831843744968 -0.10820541483897
0.21910385646981 0.100522395258788
0.250944882378169 -0.0213469405438884
0.570582527662119 0.143529613540321
0.284485252686756 0.00741298623197177
0.201358324919048 -0.0301312037326806
-0.00724466794149781 0.0700298893742736
0.159668632814714 -0.211692826800244
0.0138682749680755 -0.0767126613722047
-0.310106517804539 -0.0722563593284549
-0.187318332456304 0.261241670703721
0.184896240563175 -0.40865721448741
-0.327639285012799 0.638839100801797
0.134181069760195 -0.592216868664122
0.12242934774877 -0.89572785454724
-0.464985669334795 -0.44976992092241
-0.480178148149882 0.0197365093919566
0.0295128148862056 0.462202113237635
0.461060743643081 -0.0738920360501526
0.291197881731297 -0.328113168222559
0.453198494450836 -0.0147681354221978
0.366194536062927 -0.253718578187759
0.561578161606455 0.180656755681348
0.67888049190729 -0.141641628440708
0.755172052275485 0.108698833297902
0.644661864720388 0.192576228658376
0.629266306823992 0.275584250923277
0.730468916778465 0.0342681501489031
0.184935177826325 0.174074604938767
0.363835729519661 -0.397773240855046
0.320343204059515 0.810428000307051
0.00842894477943099 0.639804836402228
0.203115573330423 -0.663346511982788
-0.432935995911212 0.547650631369446
-0.0275036083754348 0.945039235681943
0.485062855905425 0.0964171506807164
-0.770576808672115 0.536152394227024
0.533508546652162 -0.857987873038041
-0.92850186462595 0.746529179003685
1.02437038603703 0.317401695965354
0.361102485308311 -1.04157969778671
-0.0651743192593508 -1.24206057109588
0.208687837746756 -0.786504001439718
0.862219813826751 0.0749940901820296
0.871301473025606 -0.230602002821698
0.473520542753483 -0.421607618366773
0.852114257439866 0.348973442777409
0.654219249346065 -0.61081772867649
0.129688016009037 -0.269710302940835
0.673834058235268 0.276166872994649
0.783097267342705 -0.0990550975079765
0.360200120449405 0.0503387605214788
1.06744184562527 0.27027247285702
0.899514381719366 0.34516714360763
0.664379654108159 0.122703453831399
0.702655732020921 0.223427287477832
0.817194365605386 0.385285982627325
0.387575866911686 -0.0692086857781873
0.319861053125146 0.0279761322455152
0.559071996385348 -0.0366756865363509
0.278747197145789 0.145007184287289
0.127963854128316 0.190726522715057
0.204575773448232 0.156658908623035
0.596854708143719 -0.0064863383840196
0.736593756075186 0.192417152221699
0.129058541919214 -0.809071045101432
0.818244762824655 -0.169256956402757
-0.308721591231547 -0.0284068931543876
0.384345065046213 0.54740816139751
0.00740824418395095 0.771189427427774
1.05199825211308 -0.671558704969348
1.39337155921607 -0.709093995293367
0.547768010752955 0.876321057587413
1.19555121100165 -0.0737231223126587
-0.048169365303109 -0.122719555475763
0.457059781917983 0.438165876332972
0.454399701936506 0.216936920773819
0.0882496414646604 0.0238364520826651
0.462080962107306 0.0383623210823581
0.384620027714961 -0.124549708058806
0.416174735796032 -0.289258054164573
0.614866136490116 -0.351458381698889
0.149163394494821 0.0716594275405987
0.62137056014939 -0.281568884602302
0.904528961173981 -0.0662176023097224
0.733772963944182 -0.0555383731521725
0.0631541676113635 0.254537364766356
0.300613307874911 0.167411546644392
0.530921626248813 -0.128318339937713
0.806771604895749 0.0601314013811143
0.417540075916585 0.528018213660731
1.09835327342377 -0.0152752391444671
0.668724513557622 -0.705235096281721
0.0858415283997041 0.0210046655270924
1.45981492072867 -0.324778363894435
0.867510160440449 -0.527525180903242
0.905822079779677 -0.334950086228842
1.03927514313028 -0.621419129992218
0.912441028011228 0.407944403412043
0.933152934803706 0.135052129122926
0.945571180568863 0.300884301316371
-0.192771192122025 0.59376841664396
-0.0298634117132353 0.157428733553038
0.0610509908494405 0.431536713237667
0.361460624375774 0.722628329402303
0.0190213844025254 0.400198551047705
0.457886229205071 0.490178270510192
0.558901063485824 -0.664382132186671
0.201549131079891 0.49286150138597
-0.18482672914125 -0.0470617984465449
-0.166963438657533 -0.112514289059911
0.234990991926601 0.315653420798818
0.258387789787294 0.37940203740544
0.472451986566561 0.0268689374816263
0.183205534070366 0.00146302797115508
-0.38132920803955 0.0195225393723233
-0.225899106565242 0.498351299690957
-0.239416934685152 -0.222754717700914
-0.799562564931514 0.00877968422707285
0.140246331526047 0.181453963623792
0.112322845644535 0.673093510054762
-0.0842678758106337 0.676927056167266
-0.724593868302511 0.338058794596175
0.393250960394054 0.0151799924391755
-0.326357977402299 0.260051183495938
0.228269678721883 0.546814967530621
-0.0773911730168965 0.215266785983123
0.293654978091914 -0.643893051857724
-0.318006406953586 0.0446626015176432
0.144601337067319 -0.70312254451719
0.139335417944378 0.731239091239672
-0.243138213066613 -0.117451611038521
-0.166471804474087 -0.234541805517105
0.152673021443609 -0.610628293392726
-0.0869776942070367 0.581488004030686
0.400737748886659 0.219466671487849
0.703546872375879 0.0972617591218243
0.0373719068320809 -0.513714293089304
0.877674099265095 0.128143366760793
0.219035483856972 0.844664388952973
0.385473727099489 -0.865893156322487
-0.705284876376774 0.128481330828299
0.000987945015722996 0.85848987116304
-0.251219448206765 0.746451701263657
-0.517428948685935 0.205053413826796
0.35240687347648 0.50096829878936
0.726961595713799 -0.335251089122882
-0.561350942800241 0.480923165250275
-0.113143480561168 -0.776329499606891
-0.0971763980890928 -0.77709592523492
0.606493364305664 -0.105273445542247
-0.450697018198535 -0.165378968661794
-0.269114605304068 0.0446454796519938
0.0241832362221373 -0.129398736315805
-0.628741865217285 -0.109299893567961
-0.157278973319887 -0.365522297122861
-0.431365317954197 -0.317824909595666
-0.317611338330314 -0.415766493111454
-0.827074043396286 -0.0525344456546185
-0.357355947227928 -0.322042442939341
-0.624819600991292 -0.774553850286485
0.158986957669023 0.124264238043639
-0.51837063030678 -0.615086693079802
-0.544293752985843 -0.412513486352251
-0.0293257227445042 -0.231736991723433
-0.437684697374148 0.121104142525701
-0.443009022144576 -0.179781885794384
-0.0815896178193272 -0.529491753260682
-0.219135849200264 0.32885721742303
-0.254499849232264 0.643786596246526
-0.372887771254143 0.593105452555296
-0.488999335270868 0.393583730724453
-0.788066868573862 -0.165947550078255
-0.71553962961022 -0.151953890240238
-0.748643935142355 -0.350321935210493
-0.509379062624678 0.100478118750266
-0.560443902488297 0.219913786846688
-1.05280361054173 0.400851683612963
-0.458254923209107 0.461741738063028
-0.721321894836971 0.542715834951119
-0.262905145714439 -0.0926998407029057
-0.813070010601832 0.448769241270397
-0.719097580365885 0.740306202854682
-0.0560068582892763 0.476587774229059
-1.06297179679919 -0.50008908605654
0.0205213753547317 0.0890419407711071
-0.971134519565221 -0.17868942857913
-0.471811523105102 -0.0194172020254185
-0.521643555982374 -0.500829457302525
-0.133552090852293 0.044214160842281
-1.2367701172483 0.0907794328611974
-1.19569245749333 0.172004890296512
0.277155949888859 -0.0876446040347823
-0.10993819767207 -0.833547973062935
-0.0156197106308174 0.183683430640825
0.302691171435205 -0.0872036512044846
0.0567032658234043 -0.0217115145429086
-0.25411261924514 0.0852095971382501
-0.172556170132037 -0.097561273686954
-0.372933285026052 -0.105913299048057
-0.292381793913501 -0.0193237076818451
-0.349645079023961 0.0096599640145268
-0.684993071084816 -0.407118950967414
-0.440102405347736 0.264891112860128
-0.563031586465138 -0.13227774259685
-0.672002488265949 -0.158978295497911
-0.60944469295773 -0.13161245961137
-0.715343018439707 -0.207627949457043
-0.493093154449212 0.0196206973659671
-0.216817813229531 -0.374632047512338
0.0657951813520666 -0.112428953311594
-0.957632096869833 0.245573538182029
-0.955797505554215 0.357606331813507
-0.593694399956437 0.567250365769778
-0.514221895628079 -0.217058899726863
-0.817642387480148 0.292161998187399
-0.126324035452243 -0.0186723353307486
-0.852292074411292 -0.173591624364335
-0.807479415903323 -0.043748383162528
-0.992141218933127 -0.306662659392587
-0.57884634605002 -0.261070067411827
-0.566098649201717 -0.156407912064439
-0.647974938907294 -0.157530604707937
-0.982436125198721 -0.35006834344546
-0.414863337407103 -0.373720713389155
-0.649010040776331 -0.58879258638415
-0.371835182946721 -0.0956185190433694
-0.719574751205903 0.229380108705955
-0.997300025066204 -0.102710996498172
-1.03646238013492 0.0490352058323612
-0.16582204224287 -0.210948368928113
-0.88413951486833 0.042519651820776
-0.692813293942829 -0.42460945003667
0.218993242518999 0.398969547352912
-0.312582983973447 0.582646070965327
0.485082168250266 -0.326051152485041
-0.0948490464983315 -0.872058330201684
-0.00189722834643566 -0.860214644978579
-0.200865890847747 -0.630534323186175
0.00996522063726105 0.464798152096331
-0.451034994542889 -0.220142524060733
-0.349726948920099 0.202163652094167
-0.185505689451091 -0.0265627852678779
-0.163338452892551 0.0574137619814385
-0.492510704089867 -0.10546063267659
-0.33598499877506 -0.355521807530047
-0.725550764651069 -0.29326143609355
0.0235206701442412 -0.00845991956716752
-0.342541698397724 -0.434834660059386
-0.650601625117213 -0.506153229696824
-0.588067171489746 0.125457568295437
-0.586501828177872 -0.382151331873425
-0.482957758202604 0.0545632306968742
-0.400499923187515 -0.117932910291397
-0.380069190160915 -0.186764349215001
-0.382342741414357 -0.0471945047465298
-0.529056455236237 0.174259875007079
0.570146817038461 0.0938198723568323
0.509393626355699 0.111468722061835
0.154508192774634 0.807989426939371
0.0434560643194067 -1.04627134080799
-0.446076508900772 -0.511855918341128
0.771927748575175 -0.0586271082617939
0.182955854749489 0.941132028897107
0.667350591784209 -0.179693871235351
-0.448112570802539 -0.110624921216588
-0.32050105125616 0.484412767594115
0.362552197238352 0.119634699113704
-0.331060599058132 -0.57312982636783
-0.362709730303112 0.209816967476919
-0.911443950946992 -0.27418182873065
-0.133913953672895 -0.637352164841609
-1.08429320522738 -0.118014473597754
-0.996139128604379 -0.344674520674474
0.0359955372803046 0.737727398687016
-0.358140966776105 0.471858692369487
0.412713492788104 -0.669455376445238
-0.629882163305563 0.496825829169691
-0.13778410222165 0.675601753523229
0.311258624496417 0.555845864546354
0.999949248498149 -0.145452865558739
-0.234007329689708 -0.139095457116533
0.434067341624661 -0.34778328597578
-0.058506807070539 0.0149845080186955
-0.0796267218166665 0.147669186812845
-0.0906098562285864 0.284312919002045
0.0563324851551169 0.182181002261974
0.110057134709016 -0.435237096319373
0.324878715984099 -0.0720529849792849
-0.0401278618365209 0.775697357997175
-0.280900890909338 0.479124791611803
-0.160252975615826 0.622087744921043
-0.153140098314625 -0.716466497402923
-0.0370441465870541 0.388405733722793
-0.02595397425748 -0.55647658102275
0.567240544256402 -0.0478754135030602
0.270800356247337 0.267134959320746
1.01298860392585 -0.416477650196983
0.597618826693058 0.384812879762499
0.368578645117969 0.0865593386090869
1.1203721701798 -0.0494300389266016
0.0706749869544771 -0.269879105969166
0.250910054329103 -0.469286789659941
-0.216425617968092 0.451125803597632
0.5561206373088 -0.395847847644777
0.640594537224702 -0.448415522452269
-0.638884765864742 0.0658828950888168
-0.487374810115698 0.278361934190334
-0.520225930838601 0.681180803157033
0.113559024216857 -0.106579776592882
