1.69495161009423 0.568254725903969
-0.769802470279472 1.17764022881996
-0.789065321314827 -0.889091724700852
-1.67501997720656 -0.843066753418344
1.42324452367363 0.549875843508301
-1.69925379819089 0.822264188535076
0.0566876951901257 2.61250444649964
-0.00617447709051357 -0.609508349766739
0.710364795702721 2.01934005022088
1.52248461630645 0.395914712352487
1.81892257393412 -0.138380911924788
-0.131941630188941 -1.47350872493247
-0.3883592792374 -1.13682721976976
-2.19847380823474 0.634593550412245
0.696510404763206 1.91578156324766
-1.68280028598637 1.28522829949754
0.143113935926023 -1.69815549448366
-1.53666575965748 0.856933064458314
-0.989272452164426 -1.46368400904528
-0.0710773936281317 -1.39816133809584
1.89360251350063 -0.0979198001165646
-1.52763674836676 1.2411586612274
1.66289686293758 0.348477491878935
0.240620898741076 -1.06496593929383
0.670570540771418 1.85182904442909
1.6643398858257 0.293353755409533
1.87448537896305 -0.0131574133901664
1.53052458565654 0.251308140405704
-1.30986305591198 -0.947988715005487
0.145703523542438 -1.61128290033504
-2.15037372809588 0.620732382234632
1.81187257344264 -0.076219078444103
-1.30011059427611 -1.0093395087609
-1.09119882029963 -1.49914375187104
1.77586335336092 0.243133225643615
0.143266665089799 -1.72659825018211
0.328339590234677 -1.20926775357174
-1.57121379856949 1.39704953213682
-1.65497949118157 0.962601091699676
-1.83836561695689 1.13726965507285
0.161885124754955 -1.8071935812392
-1.61261288102115 0.854205769317202
-1.52511803605787 -1.07777850304355
0.050372841376265 -0.839548191877794
2.01477545870437 -0.169445056984731
0.67455595619578 1.88289364818971
1.96992214451519 -0.967194344750482
0.0525593853235336 -0.786289369995259
-0.116832487732954 -1.53114079046888
1.94521102092807 -0.194031470884838
-0.939194366618941 1.12808049127085
0.16176202273279 -1.78787331165649
-0.924089321796597 -1.46586303925024
-1.19499256108831 -0.773801718683581
-0.471406595236195 -1.09938044984755
-1.21625851775747 -1.51215678596673
-1.23969851270729 -1.47080117386566
-1.7417909684977 0.857082546321513
1.92446834195636 -0.20730508883485
-0.00559991166050072 -0.641536339302219
-0.812509769230852 -1.44294778859911
1.59959661664955 0.37011337542622
1.85589799379653 -0.233055856304954
-0.566587398625896 -0.983747039160322
0.0419139495060147 2.06052481480167
-0.626351306432492 -0.893370909323268
-0.74752521417343 -1.39186035648791
1.4838046995168 0.337871438556103
0.0159015008495589 -0.512984833718443
1.63057478010819 -0.915420433434234
1.74922128625184 -0.247591319789214
0.483044427513573 1.53509952290892
0.804339240949407 1.6009889840618
-0.0122953053708036 -0.499944071127733
0.535808240288306 -1.2752196081223
1.10628423045771 0.241269749970284
1.07787612362295 0.258274077985101
-0.752684585572722 0.863378372645537
-0.493127229872683 -0.926685217084443
1.47561811254342 -0.798014943416151
1.23415167924031 0.780374340936506
-0.209081892475331 -1.30608467534225
-1.27050981993255 0.486305457234694
-1.22606946512838 0.481051781510688
0.01159940553937 -0.56179659763017
1.36245321482969 -0.756748685348572
-0.082800335809645 -1.28822425117644
0.240850734943643 -0.929466830906141
0.110562271314013 -1.46482139686465
1.32013014737601 -0.732231333005863
-0.0144493744388858 -0.493937341309901
1.22392801120195 0.149756979070741
0.25028063058116 -0.904717839199406
-0.91461395469202 -1.12775978445292
-0.673118342074479 0.688203134010585
-1.31014295201548 0.446102310265571
-0.996046660806491 0.65147896911026
-0.63099896882612 0.65124525595648
-0.782468449292526 -0.515188151240458
-0.664854814015099 0.637604654486504
-0.726693048135297 -0.52780890313053
-0.148918830649119 -1.03535190455025
1.13956357556413 -0.561357915511231
-0.589200352047343 0.567598019482913
-0.308940342281697 -0.709238211672621
0.351450829053206 1.01787814806866
0.81071956822547 0.0536165191743395
-0.883249983520339 0.523413453251287
0.177675464766871 -0.743283648667284
0.475833025375288 1.07763976372526
1.11213913341363 -0.230062619425967
-0.275999445304677 -0.637378895878916
-0.261514569612924 -0.681953800784092
-0.583058325331308 -0.496046469039436
0.914636205325323 -0.176188562919938
0.312349938715059 0.961110649283736
0.182777276736786 -0.629494651375207
-0.944563981442029 0.357542894141155
0.184347440222694 -0.60039267241906
-0.764437976058871 0.349043159159239
-0.0720384359321338 -0.802728836533979
-0.435141996771408 -0.700170812003216
-0.46817982889136 -0.692171440211614
0.0345272068163161 -0.853566677664367
-0.744933196912774 0.295126364503066
0.787737558779685 0.0910437500992873
0.747242117300404 0.357043010368409
0.120170633251015 0.995799060904156
-0.559743145026216 -0.665292549286842
0.27197191336366 0.739152491389713
-0.21029621077989 -0.44363835519287
-0.382389776391178 -0.568473174774489
0.372402816752746 0.742102639792975
0.647369086256452 0.0912945400474988
0.721922949632129 -0.230739484106638
0.235959804042852 -0.602577142004907
0.630988934014113 -0.160531779962511
0.595688685557578 0.0507465008263439
0.583956062574683 0.0219952738660815
-0.102464007952607 -0.585920752564365
-0.53911027822946 0.184629464486886
0.616470321224548 -0.223573485657265
0.285717572502068 0.580136543574448
-0.0064184246344093 -0.233135929202715
-0.410375029010227 -0.532087857673916
0.481558249722919 -0.0201154953444717
0.501885291209485 -0.0263869355154768
-0.384440987269729 0.191489253816573
-0.00786815596357458 -0.6659709723831
0.0498331875073365 -0.29801444764744
0.229459325638947 0.483187923587723
0.075371012087201 0.613147150007742
-0.41527586666868 0.293489560471004
-0.293776310181568 0.292622205243034
0.0988781994612869 -0.309042042733675
0.623525665721851 -0.134486835484549
-0.304467466608849 -0.477842033455668
0.0156457562116249 -0.243916691153985
0.061802306868371 -0.329784313661139
-0.233609766937777 -0.317401632196968
-0.0725511903111369 -0.457074737840987
0.13432222021583 -0.438344890128953
0.315127101595417 0.733349497631121
-0.355037991488752 0.398832080985021
0.100228578652252 0.844096860703877
-0.053508192227793 -0.513392747291437
-0.648322699019118 0.469549565113474
-0.0921502610070354 -0.520524778647705
0.738509496733731 -0.079723870482693
0.813945444060302 -0.116908924038618
-0.648963541129708 0.374517943136109
-0.66614577117813 0.35861037004026
-0.617422986544104 0.321958376125992
0.0654166755524108 -0.646032028166138
-0.396860907986174 -0.533380146613668
-0.00512413603950669 -0.614687306956358
-0.0341071640110053 -0.548728840712403
0.660828701260422 -0.127009940788163
0.630684651858635 -0.0585834311143101
-0.0323815031170494 -0.499494463057274
-0.407803570145728 -0.366356012687803
0.237496922149937 0.624530647257384
0.252978943212867 0.570049436615797
-0.46226678864696 0.243560649816688
0.209835203987914 0.534313571326134
-0.00452910443234637 -0.523367801312348
0.571472896179194 -0.156608928240201
0.0978620385842976 0.680607829137391
-0.0359504930850352 -0.386182844846047
0.208827813098725 0.469449010265207
0.0527500816655155 -0.363374906496618
0.498414046752968 -0.0333110141045882
-0.500070602764337 0.101802557449388
-0.328753066798864 -0.362476035639192
0.442961611351412 -0.0422893820587842
0.189852662968144 0.410763133796328
0.189615858599942 0.373846834282236
-0.338069533060325 0.0792659612604449
0.174921721351001 0.336404979171273
0.345476425768401 -0.0521317647821268
-0.218466962680705 0.107852450437067
-0.250124285111463 0.136536564518776
0.00646828982950736 -0.375172261350728
-0.240611137517953 0.0736765851919872
0.0563210966077206 -0.290679064570897
-0.0341496948871172 -0.252290789663517
0.259056465397514 -0.0514871565714734
0.207186265658123 -0.146265276779217
0.166245249694119 0.197038354224543
0.0295369458642736 -0.269016217582238
0.0750674147583109 0.0165850310076961
0.207888703343122 -0.0576654875293874
0.208933683052724 0.00777953504177958
0.157917664807296 0.00642805039856319
-0.220090998855346 -0.0378037540746036
-0.0697625723178454 -0.283270939659606
-0.0455058414698337 0.0408043111089205
-0.199773505037194 -0.0788937379835732
-0.156578321998516 -0.14932490381087
-0.225267456224638 -0.0969214785502017
-0.0298343278217303 0.133434302454298
-0.0266495519410922 0.0935988810155026
-0.0374915406276358 0.128966211174233
-0.194691845747469 -0.0274488771629319
0.160761528862771 -0.109712668181487
0.0781808566303984 -0.0705119312800446
0.055253587431284 0.143214354293527
-0.235525491795952 0.0502334528333943
0.0919342504278049 0.106595000775518
-0.0352799441904805 -0.221515427301379
-0.225319536771578 -0.0197297452258293
0.0592834235617631 0.120732711764735
-0.0330000760111481 0.10318796568502
-0.0171517709912454 0.212633181737847
0.00306882317084842 0.0797563622704691
0.169625352500777 -0.0481463053407885
0.0784152202583425 -0.070097233121641
-0.0994674639256854 -0.115981649681351
0.241268845710717 0.171954669663956
0.327878945376842 0.00851088732766914
0.317023808026185 0.0883828550049022
-0.115307162820208 0.325982060509699
-0.0704578584040508 0.327613825876984
0.160157746396941 0.527484862995803
0.0411310208459415 -0.125878544782699
0.116870886867213 -0.1069568290388
-0.292997486837314 0.362181162301721
-0.430518928487051 0.486514687606948
0.0727331482595383 0.814212490454004
-0.288688251722424 0.401865750314126
-0.0139566890348367 -0.210954915075347
0.0158419782114409 -0.188770122305733
0.19929005428098 0.590219975016366
0.00466158171997683 -0.338326030780598
0.442255882387466 0.0674585598959563
-0.0194642578173209 -0.242667367176061
-0.367172276931718 -0.320212820949987
-0.329784582265893 -0.275349587236455
0.3877268220052 -0.10069802124211
-0.294975408811141 0.231634750201613
-0.344342394711833 0.127160754335188
0.0963335595932176 -0.386380358932503
-0.254440699258092 0.109175414878943
0.244038737281352 -0.109535883489111
-0.146671732436029 0.201358374283804
-0.114332537187995 -0.112650051226226
0.0400763939984559 0.161946314632638
-0.135551697056338 0.115939540064598
-0.258471866950431 -0.178265205824408
0.165872063630052 -0.257434306229754
0.0392208900246025 0.0664922668367463
0.177662671865501 0.0424690063473863
-0.287626873544686 -0.102147245634037
0.141365686152751 -0.233377539300928
-0.0250245962828447 -0.517575148032527
0.00402820861373885 0.173221114008922
-0.199143119717447 -0.368317905605938
-0.320881369446852 -0.0425649743697024
-0.288335477518647 -0.123262700938096
-0.0858111257862045 0.147160503371078
-0.14940329816334 0.201255955403531
0.200658180416004 -0.349681150373275
-0.173137925928466 -0.344551828638501
0.399574203206503 -0.154953697376723
-0.00936437652065552 -0.0841461144522848
-0.106061144231351 -0.293882023095293
0.375491539565269 0.0389823692901329
-0.187678471003407 -0.14526248572981
-0.156386764727634 -0.201459386684424
0.471308473437372 -0.0976816575048089
-0.362262080652347 0.150855341571648
0.405570664207813 0.139358602801459
-0.350740759658916 -0.343733631801098
-0.395276726913344 0.192862200841393
-0.100423294518632 -0.261068886225867
-0.506889837679585 0.182670264848555
0.226939125332014 0.52891090028222
-0.032726863010128 -0.198683856502941
0.0835287784449591 -0.355344176809671
-0.339971324303353 -0.253286125294571
0.176404476351388 0.491775020732055
0.393438721875199 0.0874238444792351
-0.334243809515806 0.235722441796636
0.00799042496587643 -0.235858877470557
0.151288900672812 0.411078798595949
-0.0189348014130568 -0.232461508979305
-0.27695734738229 -0.240645927063091
0.352086439809373 -0.0664373226611925
-0.000135310206296661 -0.191093730803757
-0.183958655243231 -0.255949807355875
-0.264899713050243 0.198580390647239
0.0595977766073195 0.404850062614577
-0.0378379331234054 -0.252675201140135
-0.209097413643988 -0.236161966775874
-0.0177524304143509 -0.179758301878518
-3.85065193884257e-05 0.323764696705155
-0.226196435311037 0.13839203314565
-0.00802357402087736 -0.20272256897053
0.197548485285709 -0.00686811957094436
-0.00467054629904418 -0.227562763239081
0.209826882616742 -0.0958991229771089
0.085669705754019 0.173187050466448
-0.207434174589231 0.0682644774252654
0.00691940188501689 -0.219062695967832
-0.0206975228136298 -0.189333075969611
-0.033777204917917 -0.185617470013852
0.0092173843119795 -0.190805566383129
-0.0304914369580817 0.036501705016838
0.0327375195487399 -0.115661694430602
-0.0486639577537867 -0.130005847920487
-0.0580138759860455 -0.144077327933057
-0.0546898812864184 -0.0388223164041936
0.0126008692768265 -0.225529885759233
-0.0751551313883272 -0.00427591629547132
0.0957594660595273 -0.0654755741875559
-0.143483890702032 -0.055192382504225
-0.0380933458176917 0.0642671208880922
-0.0172697113129744 -0.134821809775914
-0.0713770310041159 -0.150860528829808
-0.106669197768305 -0.163961171336274
-0.0574237238527636 -0.230857951307147
-0.0126147464738559 0.153632097476127
0.122169115025645 -0.00462040077186422
-0.258554638632417 0.0295205720709357
-0.260736909500587 0.055160829760033
0.238083324968803 -0.037423861503209
-0.189104588294705 0.148261060524459
-0.125392908185327 -0.181811737191841
-0.276106185978584 0.120980337156818
-0.110568552760641 0.201399295059582
-0.041778259518546 -0.176122728329163
-0.00486161251396539 -0.263797397505672
0.0515852967056132 0.420285386975483
-0.14281825593328 -0.176737183495214
-0.137060005282197 0.057539044191212
0.295812598268492 0.230584628661024
-0.0164182419830198 -0.0666546366305217
-0.135570686557127 -0.133900202956457
0.0495785121606504 0.473328332753294
-0.236184155897166 0.170233826237194
0.29341418938277 0.1931748542621
0.0458825679040483 -0.0137355949205936
0.302571508928552 0.118384301715041
-0.00224582749082366 -0.16383908564705
0.292395656599127 -0.000549420073389404
0.247496059882822 0.108698949840605
0.0998278100566234 0.296295975418136
0.23556280405747 0.0612778907949345
0.0759594200527777 0.246226653503696
-0.126593009412983 0.0894955986872265
-0.0273238843167392 -0.117034498214666
0.154829893369943 0.0429711841461683
-0.182478940549094 0.0933786982308646
-0.0937818896483509 -0.0670127418309485
-0.169665079714449 0.0946939051340925
0.087774793952913 0.00323542326392675
0.0642552308354598 0.0242633145303162
0.0101834965258972 -0.0910131215359708
0.0229955969309874 -0.0648996807902708
-0.141480699127611 0.0149824178181491
-0.10183347953335 -0.0288526794479901
-0.00056592017854069 0.0273042937092583
0.0280586566718949 -0.0576696191066031
0.0064447061570573 -0.0306458025850164
-0.0253023822191855 -0.021108792435488
-0.0357924309079975 -0.062258343526364
-0.0271954787001364 -0.0914204023913452
0.0292802200427906 -0.041456843003998
0.0140689723051858 0.00139352848532148
0.0100875077457511 -0.0356784821591932
-0.00359550039286588 -0.015192363817558
-0.0222283643717567 0.0317868060909608
0.04336329553425 -0.0848145666354671
-0.068554383391213 -0.022603227344814
-0.0530009692913573 -0.0153059408596254
-0.0155471709584702 -0.137891639872039
0.0208833020586024 -0.00763118339149065
-0.0473210827258553 -0.102159898693898
-0.0168389233763723 0.0887738569027304
0.069169074781358 0.0328791697898587
-0.0591556162641115 -0.146704293123115
-0.148138547588625 0.0459595172023757
-0.104737185253296 -0.0385812851662246
0.0659529595289495 0.097255260721259
-0.190509046756374 -0.033245862321211
-0.163104781150898 0.0960024150030599
-0.205592660931048 0.0812370198261015
-0.0638734484803517 0.173246302712192
-0.0410132523436673 -0.101477293490598
-0.0559458158054105 -0.034912677969147
-0.0453918600703683 -0.0804862802888905
0.023661163041183 0.228383625878531
-0.0186867669731582 -0.018274063034675
-0.154860745647105 0.123323376931742
-0.102065532505295 0.0690046248503857
0.0867307312937869 -0.00923990312679852
-0.0292632549593804 -0.00501030708723627
-0.0111535289901319 0.0899070419409889
0.027692581595268 -0.0190803443734455
-0.00113814772651113 0.0202779779642866
-0.00524276334448211 0.0325506941278227
0.00138166516725496 0.00171742289922244
0.0087883994785683 0.0305100761980591
0.00193450452220716 0.0170546051303794
0.0124525097829812 -0.0131415901436632
-0.0124431442808327 -0.0435948671720468
-0.0314989008397287 -0.0589877075659711
0.00642101829764922 -0.0342585173494764
0.0103065703007277 -0.0416926737528811
-0.088293245969985 -0.0365061912735527
0.0401106964864727 0.0228715461204973
-0.0737065879763249 -0.0286099918404379
-0.0316856956350777 0.0062442955051022
0.0784283103363945 -0.0686559017811538
-0.0866533678662077 -0.0459970390957446
0.0695465406621883 -0.112761127480455
-0.00067678642943492 0.0576345519505754
0.00850375678126115 0.0774820428276637
-0.0390055133369656 0.0468324243519737
0.0712553566069428 0.0557579425140664
0.121108738039145 0.0316011441078118
-0.241346274217856 -0.0470146246250065
-0.205041313842767 -0.0423191444339186
0.112367386030595 -0.0122152058522706
0.147437720122758 -0.186428609861175
0.00518034544245648 0.0943542674896572
0.187875004882796 -0.164354664384
0.198917337687704 -0.212891765959756
-0.178605795318408 -0.36000747651851
0.184791574828566 0.148688755100812
0.136025551109611 0.16339927587308
0.261263159454387 0.135595558262966
0.171726408230498 0.0742354794041538
0.220172865086357 0.343188457003088
-0.218835207951829 0.235837231885783
-0.0124843994600257 -0.0061206941575609
0.421711128511575 -0.143410378277783
0.128784386093142 -0.0687303404940625
-0.210864227750726 -0.37330948849747
-0.126199590770463 0.211458544563815
0.251336490522849 0.130073334555236
0.279773670164025 -0.0912645927493428
0.106107202814649 -0.191476344475086
-0.134680208374299 0.0675506062745389
-0.0858314453996037 0.0202206990510694
0.236915578656314 0.0753305144529877
-0.0163510438121105 0.14095043920904
0.152529202256938 -0.128106476819766
-0.205877140229474 -0.0773013610327895
-0.23504484354187 0.0037881287707189
0.0515320603659126 0.438383195534281
-0.281947820917178 -0.0298545664125363
-0.371195053286024 0.181179879241601
-0.367312981645036 0.0984515913786577
0.23809522682363 -0.206999977151261
-0.0650412663732714 0.334728813423333
-0.0345698880501163 0.240050694636862
-0.417678765582643 0.0688067995877543
0.181671885678444 -0.259106739499391
0.222367284946136 -0.261825254206654
0.231014866647828 -0.267821907902589
0.231933248773805 -0.203199137695435
0.277344637187011 0.207143919739575
0.140695883034489 0.300736145572805
-0.155629071428935 -0.317910384132628
0.0170671467522442 0.190695377892115
0.21568836505693 -0.152756768520969
0.221366144036022 -0.115537887551857
-0.23183774777683 -0.046935584432899
0.17014388305877 -0.170632180216159
0.172920740856215 -0.194109491525154
0.165666696485581 0.0779111924533756
-0.189335326865302 0.0126657531979335
-0.0439505341596302 0.130440544681699
-0.135060935298602 -0.0483851887386058
0.144094609785955 -0.0869461139395996
-0.0391501375861929 0.0238701839273784
0.0157638876795915 0.167661860939205
0.122420234015955 0.0470402466735462
-0.0666343995526943 -0.0131017953719108
0.00728661171673583 0.0254953088596516
-0.00105126104506961 -0.0529085236577973
-0.0341445187687319 0.00157008951821205
-0.0771715925321321 0.0895553953958821
-0.0730354365279529 0.126275641781909
0.0323807433984286 0.122598567743517
-0.00649780533431106 -0.0366749307535912
-0.0370503987477038 0.0549909049258799
-0.0204178574457518 0.0455255348335229
-0.0891199183243696 0.00614631560005676
-0.107471610513013 -0.00758314852620892
0.0534529305865989 0.0756643796710524
-0.0792984298938645 0.0101325896870195
-0.0830048463571488 0.0947735062912613
0.0570709227004849 0.155315767216114
-0.0555624260576336 0.0839684238189767
0.0126005377077267 0.0728890458828653
-0.0355336391424412 0.0909513739957828
0.0346161984611025 0.166547558379549
-0.0130026647933604 0.0877099186644878
-0.00579433410167588 0.0432435933302369
-0.0204063662329865 0.173717997291395
-0.0580725723780079 0.0102390150462828
0.0367710782166675 0.0748036517627087
0.0285236716337378 0.110320042521006
0.0118693170175944 0.113791181977352
-0.11529742930102 0.0313299346746922
0.0994094864671459 0.0279585785234883
0.0370438598919024 -0.0223231032109411
0.0251414237206648 0.108109074211343
0.162200667192396 -0.0328684832041857
-0.0829319819688526 -0.0245193360585698
0.0995027304821251 -0.0197941391967331
0.0582360765844411 0.117088508140654
-0.105956280765907 -0.173363492309363
0.203550929067154 -0.066856316921111
-0.0091482385121686 0.118359113215486
0.0708325506988329 0.113375806629472
-0.259240448521476 0.0268645281341184
-0.231208111897985 0.047317894726013
-0.0850298087717153 0.131856193189145
-0.24926570902489 -0.0907503082945651
-0.0390679880099615 0.0284753146771433
-0.00741693575465299 0.281365800812728
-0.05328782358857 0.000200906987915035
-0.141292899797156 0.14929069007237
0.0863744745994253 -0.241957250363913
-0.353961051817855 -0.0599302893115317
-0.374986824039763 0.00385897042658292
-0.294354338939772 -0.0832469457547989
-0.0242851008162897 0.153270755222887
0.0745182748446244 0.156022322844271
-0.00891179795627595 -0.419448033349097
-0.337539297656877 -0.030457402575312
0.236740509219899 -0.130199080476571
-0.171111497220934 -0.287148975488534
0.288834883988407 -0.140864836490383
-0.00323904312267376 0.219433598198356
0.147374688547204 0.187324061937158
0.229357314161934 -0.0628781406781168
0.0387451477346829 0.235090470571946
0.144067762708442 0.196423503149863
0.242931651694127 -0.0513614067421544
0.0294119933298487 0.269180800860935
-0.0448477784466238 0.218524494813765
0.000138835198060387 -0.169112675060552
-0.226695578745205 0.128093587129332
0.188686554265426 0.0219756916062799
-0.0498841207447965 0.164495569468636
0.100366811109622 -0.0178700552638952
0.122686271107946 0.195554770097177
-0.0141841232902761 -0.0926644376394257
0.0126339136105752 0.0205176848150009
-0.120508032433707 0.12001580806801
-0.110594109767515 0.150898855657696
-0.156597569959118 0.205532432664768
0.000764586583318957 -0.0239117359452897
-0.0773042776399644 0.166162777492565
-0.0788069301127373 0.0347105412083727
0.0127493636695284 0.0696516430293953
0.169176660886055 0.141285358735708
0.0559786345176142 0.343985107279022
0.136809934902799 0.263910541787474
0.00298615887172176 0.143877197399006
-0.0229542605147912 0.0926733839177894
0.0818472378993271 0.119106020098404
-0.0102543223911892 0.201676066122302
-0.026795139090567 -0.000417924711315174
0.076903152492114 0.0694291796560285
0.0514998744008519 0.185313454006054
-0.138205437021459 0.156434332377171
-0.0935848898525653 -0.116090493998895
-0.0665130540976285 -0.111587048768039
-0.146412728491686 -0.0188982377792053
0.190803511998078 -0.093149021964807
0.0249261221103585 0.328185395321974
0.202049356649121 -0.011174839852842
0.042768625668022 0.22910195692416
0.178774887260075 -0.129685216185848
-0.350458308181224 0.115779099697624
0.00881489555565023 0.0744110150158623
-0.369445171597737 0.104260283685675
0.279758374580001 -0.0480411856432041
-0.0112152579646849 0.293172298854026
0.0601834475911554 0.389717879211375
0.193732281513459 -0.157220511956907
0.210478317703203 -0.272910986454945
-0.090271958140645 0.0832046470646542
0.189234380399506 0.0624568958786875
0.0687388757756912 0.45528871270806
0.448063654803144 -0.156966642017427
-0.174604566977193 0.264033229839382
-0.163145430832788 0.265329708898087
0.229960249608043 0.286559013801627
-0.545713576006396 0.0629964059380126
0.196326793066632 -0.280723282459193
-0.121914911758078 0.227737469912623
-0.590327469463345 0.145514715747553
-0.456908169864848 -0.234508833864724
-0.488721387910264 -0.210020983652332
0.0536854545305724 0.558379241633917
0.261413260026529 -0.385989848178377
-0.476615383385532 -0.601068660916212
0.704981956390172 -0.319481430742958
0.0463395656630738 -0.741124736287105
0.245095403712816 -0.429943489369652
0.105575817401496 0.71649233858934
-0.134012957040423 0.658018380612669
0.697357112518658 -0.38272350023232
-0.230409032711833 -0.713607251989944
0.349738319279445 0.361518110424278
-0.633529833285578 -0.275989301439641
0.230518292789832 0.266158314134957
0.249114282002368 0.297367082717755
0.107242097437979 0.413099897859756
0.279462575838765 0.293672624107547
0.0785064538084276 0.438051275773617
-0.619807537446915 0.14854594216421
0.251464383069746 -0.314348085188004
0.122802563591734 0.335845512846061
-0.533353558020178 0.00377517254006118
-0.0660120954833079 0.187476345694599
-0.121386947760061 0.323682652995423
0.128600737154008 0.289297065764919
0.410377255236128 -0.271850274056167
0.19715044474772 0.197972405427041
0.371772190966671 -0.277068559936673
-0.506976854946418 0.0462254522327531
-0.417497247633852 0.0214226450348791
0.0407403884647147 0.325485850551456
0.321990248715399 -0.160252153182095
0.0129254334415463 0.295008478132234
0.201530225027666 0.280251135911839
-0.261697320218535 -0.0197213478756231
0.203210476423058 0.342855788391184
-0.354537068385024 0.0431350243242801
-0.242307961623932 -0.304693951952417
0.389820077793348 -0.0622276179632433
0.372838196834048 -0.0485185902829369
-0.0257460930016127 -0.407894467944996
-0.44818715539612 -0.0609083950774387
-0.0404240113075231 0.413585454271022
-0.0960655676424192 0.311525389893638
-0.00314895621299615 0.123328907187938
-0.144657188100471 -0.382112002552176
-0.177981871030551 0.191284423890517
-0.573991751933977 0.077383151581614
0.499560202627064 -0.115818901174396
0.173012124438554 0.0857385383259728
-0.135691655490522 0.448951626044909
0.212355781102732 -0.2869296732184
0.641716944888793 -0.120022224959368
-0.16529731108553 -0.438562065550198
-0.167803923619117 0.482729999196804
-0.157599872013576 0.525171101503992
-0.580620291359236 0.272033721874289
-0.478976465939143 -0.238304818354153
0.235774755509884 -0.50084083465088
0.165138350648065 -0.319351438310985
0.0859541569899966 0.75649984253735
-0.166613245180439 -0.619653259198964
-0.214373748409602 0.583616339945588
-0.18751512320338 0.592671291587554
0.370691983810297 0.264433242322556
0.0517245168788178 -0.794617383595096
0.336615636498473 0.670418007653819
0.352666302889866 0.142359968698731
-0.00193611515824735 0.0881283360089775
0.312617776537777 0.264226586352617
0.390827041915606 0.372291937888467
0.303193402722702 0.652667193811207
0.413446546958036 -0.434902494696959
0.544363447743552 -0.160223844315827
0.0585666517076911 0.650382701485599
0.296624231517019 0.558035044533007
-0.623633755153471 0.0823977387977977
-0.591009879809158 0.235563667310873
0.604943060192963 -0.242784992073595
0.220732196584783 0.260094912718046
0.212422240228225 0.421632311057065
0.0257606956189306 0.317072757970239
-0.475077711239317 0.176526744150346
0.1412793874382 0.340159656110416
-0.428353234154875 0.159361085598041
0.40511145559112 -0.176247587261658
0.29336652052409 -0.156191789354004
-0.353918107055255 -0.0170765701727349
-0.517749639473688 0.016654550341269
-0.554629271711944 -0.0197838641536475
0.529302619806125 -0.0761971880837019
0.436105229531876 -0.0812229201335797
-0.408907829217687 -0.456733349018834
-0.467968032908243 0.285928719451744
0.31614352396828 -0.262917930974467
-0.062291632930849 0.521082082031043
-0.49255888797922 0.236294282690368
0.159661172131875 0.608413427635305
-0.207492992645016 0.28504183171918
-0.186487359358775 0.322674830492339
-0.56115703992173 -0.0985727140621895
-0.249215900952987 0.321652245637686
-0.484323541771417 -0.532047487904859
0.402483327360705 -0.384947031486394
-0.0155668262918784 0.139929060181188
-0.838205774751618 0.177417964548436
-0.437315061349017 -0.00884858729451444
0.322216274202047 0.737293597452174
0.32156899128499 -0.310116549303638
-0.426500319695701 -0.142705130157463
-0.630109602016824 0.293337503041948
-0.169540607515647 0.647625198834876
0.274780002468414 0.0688804700180026
0.29630404587645 0.0725763926795778
-0.677552328831123 -0.138595155357995
0.223338184698386 0.126112298414512
-0.423473807230307 0.667698066355678
0.596610359461104 0.57868046244984
0.462671928286662 0.398980866048733
0.0179574789829397 -0.498081654055403
0.572822689607608 0.535633044348567
0.812424286753961 0.268191024774463
0.617628022601339 0.110142501194807
-0.138665226104127 0.616607294827227
0.282111302779846 -0.212617856996863
0.195576226085923 0.18346719555406
0.627967507311768 -0.0284369345023403
-0.151754639242192 0.501725236177375
-0.102209441745145 0.557752278189612
-0.147163723338437 0.526250122287015
-0.207356800970044 0.524698777429423
-0.575608839088346 -0.186623695074734
-0.492364047816074 -0.463177567418673
0.211273559819084 0.676473143259386
-0.287412143173219 -0.351855093219349
-0.609029673644931 0.381037713512889
-0.63755750715392 0.315040521893063
0.43396281562931 0.266703101516127
-0.488398851511242 0.558647065649537
-0.499735619239199 0.526352926759407
-0.574164107285049 -0.26126922311279
0.639802053840565 -0.129170087680711
0.182376617779969 -0.405480719615327
0.571825281819088 0.378258291904924
-0.796256013780139 0.277728585888971
0.270164486629913 -0.337329038418487
0.0571214645312519 -0.832988914109735
-0.638532993147241 -0.344516218102725
0.28271389015818 -0.416481553549682
-0.0251305340771461 -0.12545843594134
-0.312230564896605 0.720006510165364
0.0132951360962967 -0.132835372176087
-0.128214114896665 -0.794464426411558
0.255491839167358 -0.50759065915558
-0.161798562577077 -0.775190220979832
0.546703162438399 0.278417477018891
0.79778296624832 -0.239340758423245
0.839630254102908 -0.207394538868076
-0.2464327835861 0.796194917033394
-0.250452956446479 0.747808970194545
0.270025045359358 0.79014363833366
0.292105890753035 -0.447275104997256
0.411246642739989 -0.550581075750423
-0.788183768189148 0.350794867899412
-0.497821663344303 0.64631020535879
0.119157870976088 1.10433790485595
-0.249322075860826 0.679588413078611
-0.159752504457498 -0.595795388279341
0.17392250226819 -0.30545544823161
0.257193472399174 0.844963189842311
0.0164259998516993 -0.649794622877999
0.53528628625421 0.270030871848723
0.00726102133324045 -0.0434816478416235
-0.689825113814326 -0.230818303213728
-0.605461115871787 -0.228317088988678
0.643918934299986 0.00440051313807275
-0.257364379200277 0.59832241471495
-0.541525659584631 0.435125135970453
0.179904491272467 -0.353225585387793
-0.500577695933704 0.639429356928517
0.748599072550067 0.255225602189061
-0.281944678948512 0.523201304709856
-0.546641380527259 -0.181928513504491
0.263081499223208 0.788482970780476
-0.468818694259929 0.599520127658868
