0.434169355243301 -0.96960974075929
-0.51484551978282 -0.0167350531042014
-0.455366024050547 0.0944846146559576
1.07615711780078 0.789790383862689
0.140481536424022 0.894528833444282
0.939415328651096 -0.736246750786169
0.0403167831270898 0.825743478638187
-0.00304430640546102 -0.75803617690511
0.188459680721486 -0.525806111548521
-0.156971380659742 -0.697158878280568
-0.16806441035787 0.802550718823301
0.371184979203634 -0.652637897921629
-0.340382519459601 0.168243618653547
-0.320680862439706 -0.558840025907762
-0.207688736963661 -0.270757955479384
-0.309436305380633 0.242320461910934
-0.221131874503349 0.0243844069620943
0.0823324947706535 -0.263073983130974
-0.472188678892921 -0.0519822063955991
0.0871108243455463 -0.34889440814048
-0.472474370559063 0.00560000075861575
0.146152638370616 0.0967274578604281
0.180865797396985 -0.00523303269305306
-0.0308725601748005 0.176822214727343
-0.596213734177167 0.0357822929803445
-0.631918205233216 0.0197359327939776
-0.464899045228456 -0.215095926741387
0.26241147927252 0.0131035012335633
-0.104307966290204 0.445219044369879
-0.252391342979652 0.349939175358695
0.19332664530725 -0.711647612048175
-0.47667358676785 0.122337177904647
-0.015206798491935 -0.639261881854045
-0.0897041349090698 -0.636747397403393
-0.25267833595898 0.902234945811953
-0.0606464070956148 0.773195518253348
-0.212149735213091 -1.02981314650942
0.863197580410308 -0.746864395360533
-0.747713765502196 0.333459706573584
1.08386028250089 0.448526333363574
0.800933648777625 -0.502966577560123
0.276391164416762 -0.906499958071969
0.582076225813451 0.458875407974245
-0.240985604581627 0.283431190403053
-0.244702308975222 0.803564948051712
0.502752505189728 -0.773459567843082
-0.175593015957277 0.626968391282067
0.238557251173412 -0.548062192762722
0.309542631434498 -0.473768533499204
0.411357921610831 -0.471224776517136
-0.0244494401846485 0.328323012043182
0.357742104188146 0.184479273106979
0.43373592366839 -0.262273481462307
0.268349630479152 0.191387687997103
0.466104082497002 0.0283081259976072
0.469199314336704 0.0365622965045563
0.496596901747559 -0.0644796516098831
0.575981575721482 0.0778512347326649
0.654628652151601 -0.0339820989450339
0.705647689100098 0.0264908799193794
0.764109365742104 0.00468806525815536
0.825005612659469 -0.0199748963666638
0.839625389657383 0.0309816210247703
0.935354177789203 -0.0247296921038719
1.00052726409913 0.0505433706603541
0.888154732548406 0.0393624686359495
0.80275513467152 -0.0889617201183648
0.774507917813492 0.0975241925033626
0.752216208913747 -0.0482660878697886
0.748368819684146 0.0350016478825175
0.675923885526207 0.120775765632417
0.622429851902537 -0.17791507416553
0.479922099137675 0.239853830254161
0.684090105336877 -0.052354524658065
0.263505029636157 -0.229620891686314
0.628903436702834 0.0549783779066311
0.451938041174987 0.204262478597086
0.294363338689299 0.380072138739252
-0.322731841359532 -0.0121441188842883
0.513676144517531 0.00366259544213723
0.358985136922574 0.471090579531977
0.120763478065043 -0.506708409156074
0.165915505624175 0.585439809277702
0.259570537946398 0.596191082942185
0.125724206796261 0.622541839113755
0.482470842591615 0.78664217972051
0.125688161918672 0.76102559615421
0.163324529474638 0.88338727472578
0.208532589519424 -0.973696524297311
-0.593659165359219 -1.13340517160588
1.03326134172074 -0.409237438282173
1.12268860895926 -0.443443115861325
0.251067557852699 1.11998598468122
1.1274167846512 0.283214326672995
-0.843296774880311 -0.362260862369446
0.347100462981314 0.676943824547316
0.0162882331120805 -0.921019356216219
-1.09200460567884 0.00489148465972669
-0.130710028540147 -0.870882837794551
-0.373727280691835 0.901323100731209
0.342037637342047 -0.875575068737561
-0.746996250743661 0.384937038454923
-0.446518270148367 -0.345366361373513
0.627224752593221 -0.387410914743074
0.443341173072508 -0.308404357196352
0.218754578237848 -0.227234058699131
-0.594103236963981 -0.296324281050409
-0.43174670701328 -0.583823205094073
0.070212542786952 -0.577484112438294
0.00125939647698743 -0.486591624172394
-0.0711393014726407 0.444519302567927
0.393505570837554 -0.059125272369585
0.3532161369028 -0.155162727656187
-0.282649468636869 -0.128449144057749
-0.385991199895671 0.0375208277020604
0.422102504389922 -0.103938291045427
0.168069795942697 0.144050775953937
0.15133539802031 -0.177533160691376
0.28044223898121 -0.00389424867385659
0.245430805137299 -0.145290874919856
0.240892730468678 0.171378071266113
0.403297435404358 0.0182970021083102
0.459847947385159 -0.0300939289171629
0.335472716087712 -0.0953858407946294
0.208600055930374 0.0816717345662987
0.369599737801725 -0.0061309766451745
0.00146357617641876 0.125769583728327
0.402921304073006 0.00198117913043951
0.182292122827319 -0.364334984497596
-0.538495867137478 0.0117613080295792
-0.0190625801013213 -0.570725763215867
-0.132769563448899 0.797676989207381
0.803348819196661 -0.419382611406134
0.275559926661692 -0.810696462108189
0.980849664006324 0.702330572113112
0.205753450073465 0.856186602030155
0.6600546321173 -0.690042366666095
1.06003170068762 0.969484161267984
0.323597566435161 1.08076150745066
1.11310992497591 0.395532499386619
-0.078849381470151 -0.296192159358481
-0.374267777610356 0.275844717977108
0.909955717800652 0.336109514387819
-0.285847082372574 0.170051030285633
0.288705162793193 -0.380983541874119
0.612508105712716 -0.354653402445006
0.393836977686851 0.316600270562041
0.0725973543055465 0.0763107037179856
0.296065029726751 0.303053551909125
0.0704602436919596 0.0492777382537143
0.00504432936849239 -0.341310985532944
0.0335893757921347 0.176717219944525
0.0421678411594565 0.0730261451739281
-0.182864864616529 0.182094638606409
-0.0215734296062023 -0.287275107246316
0.00163466796021637 0.254953882194747
-0.070126803758565 -0.248239899643455
0.198272239133298 -0.275234908604236
0.0194726590951559 0.246306263842962
0.0963244394584155 0.27091413185551
-0.516372956840308 0.0746615958219301
-0.19927715888837 -0.449708284740851
-0.351731545598696 -0.0515796954299335
0.169733332159289 0.44686951986519
0.47370700568587 -0.255181787045416
0.0362274106679151 -0.485931279156572
-0.257419899338288 0.61377723500076
0.522014282291634 -0.0541821106394739
-0.255869162858624 0.581743097120626
0.366748308858055 0.483121830681733
-0.263441249558817 -0.554393574793006
0.470358821002382 0.54768345754083
0.554096210164829 0.366273331229178
0.757471129435976 0.352878652584058
0.812761443477587 -0.745750157395504
0.996068768112212 -0.224406305665823
1.04890332627397 -0.155181017507242
1.22811626660428 0.586861162494643
1.45986657176118 0.170936127832799
0.25773797687412 -0.968205947185661
0.393169819142161 -0.644141817197329
-0.229227259558898 0.516203852096229
0.42800895542682 -0.709004846796315
0.587033144684555 0.610548868020909
0.20463751959961 0.465999924872791
-0.277534361060518 0.585794518386467
-0.396537833801198 -0.498431116337302
0.463091306826666 0.010541012357816
-0.380645656874453 0.552367285768113
0.0197784934699596 -0.407904390750864
-0.184650601762035 -0.345678177045664
-0.168443557622101 -0.286323081950354
0.0401267674658112 0.284163566785779
0.247825655018555 -0.383038337826793
-0.211097211764881 0.108015655524082
-0.297904285681498 -0.147665312672301
-0.0230258786078186 0.0445959680166112
0.0313911000208221 -0.0538521785630589
-0.314810618174553 -0.105640181094697
-0.155011986511146 0.211698315415878
-0.04993569791618 0.283278192992378
-0.0852941537629364 -0.402381796013804
0.356725698700649 -0.0853041833062803
-0.0212272114713326 -0.470603274942284
-0.0126822079672 0.57316594559283
0.524276641650049 0.0634187692172944
0.0705994606120134 -0.561622481576521
-0.233151925108232 0.807427417720388
0.262132214850867 -0.722327522892495
0.439264942726388 0.692442075506827
0.889885589965554 0.734249189324495
0.358475313450218 0.80562716848476
0.710926419406527 0.466715511672387
-0.0302387355003085 -0.875524887513394
-0.355697008426583 -0.280352536340405
0.168959738132876 -0.192035221209782
0.399601881954978 -0.194699267950088
0.506783139371436 0.41485333171397
0.163905655134943 -0.317389680619532
-0.164473838864198 -0.148893884046116
0.106537451970006 0.16680437553887
0.199055752245599 0.0876862629375494
0.22260668366736 0.00133449227679647
0.450114923670267 -0.0383227437135172
0.249588069554592 0.00500675274771658
0.4030231517495 -0.109453489285716
0.477361205102019 0.132370453944197
0.381670263709841 0.232097079048802
0.719637375674604 -0.116550184504943
0.653233036709773 -0.274064502386316
0.537080371186141 -0.12808905777065
0.557802418309757 -0.102023506301785
0.475298341275225 0.233082183851962
0.361502038109725 -0.0274987060299217
0.385991675275842 -0.0806468376234166
0.442602063149592 -0.124257661603823
0.202424081867408 -0.0138634217921796
0.373632242864728 -0.194869841890797
0.207657607233767 0.142085076298642
0.242336247842293 -0.0685490502384954
0.357487623332984 -0.0399499903753032
0.0080493902478803 0.0320393885847792
-0.083152445475904 0.433334246479532
0.132527242734941 -0.278146444610912
0.197298544615605 -0.433349621897669
-0.459821977086134 0.356462687509019
0.447605089721239 0.382635938490123
0.589743956981468 0.392058640660652
0.689631067945037 0.417691356674792
-0.967210361450347 0.0449434346907516
-0.453130305248269 -0.814732124022279
0.0585755311651952 0.823675429500677
0.736661506824921 -0.00699895258287382
-0.0176318497433577 0.506319746895923
0.209557599032734 -0.0116143194958423
-0.479900016728367 0.468149985594815
-0.685803008187807 -0.336120189173362
-0.166616974242024 -0.364631121672735
0.232137080844577 0.562730305740477
-0.114317197756485 0.339615843843336
-0.0350475913928057 -0.267550769626846
0.033665648371882 0.0357851720811137
-0.0228759067450413 -0.140299845511743
0.0094589649352841 0.0134058689016537
0.0366703217540628 0.0716374072297717
-0.0231420101356151 -0.0154088319481605
0.139684397563713 0.193596856354048
0.397894948650232 -0.177665436542267
0.203915974682304 0.325117845935958
0.258105893029775 0.28511680686683
0.438156630143147 0.195044027312682
0.685067343902544 -0.216365709735932
0.350318553688066 0.123898815697978
0.422746781806421 -0.0597444736918314
0.288453475493636 -0.0795561421235961
0.457228956839403 0.0575319575088557
0.0859940122377146 0.057790964375661
0.11530584452533 -0.102367310925881
0.227511743134907 0.09654817796375
-0.127156901916622 -0.0771158199406654
0.405138871302002 -0.0169891315034918
0.463914134268038 -0.0536059949965962
0.451954811478078 0.0486947981161692
-0.177002112584103 -0.365642945456105
0.364812154287514 0.0126758194013882
0.299109516639274 -0.579981396255205
0.00379398050091144 0.620836165298845
0.36679914059247 0.628980950766987
0.429151278890539 0.591045193466778
0.547931791558702 -0.583496817646306
0.477554129874844 0.45666973398458
0.591511918206981 -0.202354259804214
0.676540234195294 0.0732736321727235
0.44322729597623 0.325829846146494
0.594075131570842 -0.0172248245631896
0.570159265599237 0.0124451052119737
0.57053332544859 -0.0259563142436312
0.49173507356158 -0.184458148564219
0.15599679662284 -0.252754757682583
0.136388275923532 0.155164522445722
-0.137539048273886 0.130488819349416
0.0885079165448916 -0.197714439025911
-0.118584517765319 0.225456435208421
-0.220602128268161 -0.203344962998761
-0.304774125537335 0.289586824194403
-0.15487024754518 0.27532879430338
0.0660318233203197 0.197950541735602
-0.12473564820984 0.34112826142296
-0.545804866316046 0.1786673733835
-0.415772506262844 0.403647129360142
-0.488312830933197 -0.336428895245789
-0.818663408873725 -0.106995575549134
-0.492871550736717 -0.428077923920722
-0.750673158530341 0.0839785052400214
-0.73299553656565 -0.0241944558079188
-0.323557240474562 0.68205961723499
-0.265862149623957 -0.785500642760364
-0.838897993092592 0.852776284650839
0.0113393598113471 -0.589261669063904
-0.812489253458302 -0.567635924077611
-0.981072170878858 -0.912987805452251
-0.767014549401311 0.960801736197572
-0.123905654627604 0.904921770970023
-0.820285766089704 -0.845087968078228
-0.766625245617964 0.854418998650204
-1.08335648445492 -0.769636253239827
-1.15959130852335 -0.6968572096352
-0.181528129166553 -1.01486253082761
-1.21729323935483 0.0554039649417112
-1.12200097396112 -0.380817341191818
-0.690111723420479 0.543533093541538
-1.02540671156388 -0.201840000409802
-1.22880534285773 -0.0824243968123745
-1.28544348743801 -0.00652677253450336
-0.544829167905313 0.146400472900756
-0.769890508678429 0.272723323980387
-1.14603668275682 -0.0950456240990242
-1.05932556678662 -0.163723176569743
-0.932219248461255 -0.198787785997103
-0.771490646871567 0.160507779113562
-0.912760864389616 0.0514658197165625
-0.887358241706735 0.259736508297244
-0.584767930835828 0.0603008915989041
-1.05271360661363 0.195649712678658
-0.846439936828325 0.368069983352255
-0.85593660312301 -0.120521670406552
-0.908515055084578 -0.324707214834563
-0.866697838910615 -0.337465373708559
-0.831148972195076 0.478567308366598
-1.1497150638444 0.0726892673192826
-0.624255595110122 0.548108398677924
-0.223412065056615 -0.643083054811483
-0.801245645205466 -0.195714380841146
-0.298995207669724 -0.386130219921255
-0.482862885113156 -0.487658937370435
-0.581110043129002 -0.685388295158738
-0.345984375003696 -0.657222762922532
0.188060217415311 -0.663155232279538
-0.130488189355236 -0.537256235080432
-0.136721658201244 0.568319055881071
-0.0477506353597294 0.475750596744911
0.0994955051795537 0.552338586761138
0.602375450716206 0.0754233682490409
0.546720695697424 -0.111039487968413
0.125058635398963 0.381339690661001
-0.118927478044158 -0.150267849025869
0.455604541330614 -0.012233838303658
0.172676716386828 -0.290789130106259
-0.120683688130121 -0.0710997926496623
0.00627182705801858 -0.0450406433358397
-0.153190255043203 -0.0801577926894063
-0.269986568361299 0.205736548439242
-0.117701140205936 -0.0514972267427856
-0.223724826023436 0.153442343580969
-0.129700379111599 -0.0837459492008225
-0.249351925258817 -0.0563536723592383
-0.233315462595585 0.00840135174911682
-0.524988203319695 -0.0139153521545738
-0.452690771530334 -0.0146576126546468
-0.542907002887158 0.0937298776666383
-0.427659704256282 0.0950316425902011
-0.364727631515734 -0.182891933275833
-0.556109093711501 0.0272314001426906
-0.493131540591362 -0.0131355792018237
-0.640046773333031 0.0188544025119237
-0.638915231614284 -0.0161068473576276
-0.779826824131029 0.0465777653237338
-0.754982524181222 0.0978742691971422
-0.730865860317004 -0.0652798990683382
-0.982058397553866 0.225808922889811
-1.08320634789071 -0.117432842529114
-1.10518677787743 0.30333747614687
-0.884693983544348 0.215837468346994
-0.670075384961986 -0.346537135577818
-0.517815128618647 0.0175214305844975
-0.660579219641314 -0.469117915097581
-1.10892142414441 -0.236009557770068
-0.165108184709483 -0.0196565432235972
-1.28874544370492 -0.303984917532085
-0.952302197874331 -0.505202487365294
-0.449418546080307 -0.0773007121109422
-0.489540755696079 -0.0584183547682457
-1.47709999391755 0.566080771824813
-1.16441847399632 -0.576185891137733
-1.26394530284156 0.42691663143444
-1.6839915927454 0.593234643042256
-1.76528112372945 0.691032856059725
