-0.617804710112622 -0.275332012614454
-0.100562219081782 -0.568781417679422
0.142163948054617 0.039323940101466
-0.20237722188905 -0.404847256265377
0.0512457655042488 -0.115829545750784
-0.19970732519419 -0.373318615652087
-0.387254743341087 -0.15741698209415
0.132290216104581 0.200642073898267
-0.518792423697379 0.00914939233321155
-0.169846596624763 -0.273993775388818
-0.268100323618523 -0.420539883145423
-0.733581017181107 0.0320683994990221
-0.398901592184605 0.534161444038064
-0.635265621143598 -0.140279697991539
0.00384867881463569 0.222445317323992
-0.241100016609607 -0.399258221885738
-0.388428281303328 -0.105566954036524
-0.368000104151259 -0.32159481157673
-0.249053210769919 -0.441438962894477
0.0968869115803468 0.0200671290369939
-0.576709433070842 -0.321389385680659
-0.60803805194535 -0.1626203229804
-0.310285705492403 0.209971665918458
-0.660451044014369 -0.132222676603873
-0.27798056391609 -0.287063612738995
0.0718155471198467 -0.0178494543577833
-0.364973001627258 0.24345310099658
-0.337404732534422 -0.297742311267246
-0.135993446231271 -0.0637248723615746
-0.397775249527846 0.151836162244792
-0.254841159145219 0.274593153242603
-0.569619659727914 -0.335191040392724
-0.358587732144746 -0.387609434650235
-0.196706445191866 0.382821226838949
-0.907141724421988 0.0632706714643772
-0.472872731396205 0.245431781296632
-0.709998188279628 -0.0461893188874353
-0.59098583897826 0.115271283991369
-0.155488944499378 0.307924049913918
-0.0377311502710212 0.0563345914906595
-0.332027065722182 -0.259693935999814
-0.107175051590681 -0.223666475343452
-0.255132489722501 0.238500818891113
-0.322326225355402 0.0310525784011109
-0.626029459941214 0.0408949348429984
0.17515899691995 -0.00971726184949566
-0.44758912103319 -0.134838784102759
-0.442602806271634 -0.101708806397834
-0.389844308713851 -0.0976240109450966
-0.0225366485009268 0.135281024482132
-0.188018413224775 0.184327930763328
-0.195205893005933 0.220673777881497
-0.476293024603235 -0.104661767480337
0.0351680927501399 -0.00751077377475682
-0.123491007928607 0.0211183923745885
-0.25435940193256 -0.199915834552102
-0.00540648521697559 -0.0250137558233823
-0.726360231471441 0.0660269376149142
0.150784875141546 -0.00901408632930484
-0.207516760553214 -0.265542836170718
-0.369450563102379 0.335138479127175
-0.18038937508729 -0.283567472847901
-0.0209452517573815 0.36867918197061
-0.132237733055745 -0.380799670884025
-0.204678269156444 -0.230424651390766
-0.297620553276565 0.284833506232589
-0.0875145845838834 -0.413609567999238
-0.412707530416751 -0.260691585837901
0.00844372073976767 -0.190482306870143
-0.355273196996725 0.0690177639130988
-0.342685783891123 0.108325166845069
-0.530124955606226 -0.0748364065088962
-0.352104181488997 -0.181652719741555
-0.298232589237364 -0.299948405121181
-0.395104604481377 -0.127257226646852
-0.567431268988807 0.067652475533777
-0.682607867101533 0.0242581181372435
0.000921724965084279 0.330116675405473
-0.522368693359743 0.0259714517111853
-0.595575179505668 0.0362982842880454
-0.619823599748632 0.0328963331352583
-0.638239076895003 0.00168366798005112
0.118066746415598 0.323044627677253
-0.600950551464982 0.0214705767052301
-0.340375840641737 0.562099481358884
0.250380518522812 0.356814380059781
0.267938401589019 0.381637399042534
-0.44490120231553 -0.573570660870618
0.348309465834122 0.37832975384398
-0.63181561261234 -0.502979436529968
-0.216332108692744 -0.622901514195127
-0.772130969157237 0.264354894811225
-0.629499956530564 -0.233850261840599
0.794074239702802 -0.0802355863227421
0.82751199447179 -0.0154856878330356
-0.145480990890925 0.760173383429186
0.478515302926557 -0.562453908284298
-0.14608086536205 -0.741606336774399
0.700178929121551 0.368751944295427
0.710970881238493 0.356163955207566
-0.666749687197818 0.165385460238144
-0.29272809418405 0.716725458168334
0.563783207638925 -0.671213451443436
-0.31132574534528 0.73702282988076
-0.537889780872427 -0.878949397226974
-0.342020306060595 0.820501733420703
-0.183232402928464 -0.932779904249779
-0.341702419236419 0.0190939067675176
-0.975099894945882 -0.0884686411544058
-0.488364689040262 1.12414420770978
-0.513694695521421 -0.476340419643111
-0.294785382192538 0.849579320797655
-0.956344543891975 -0.0642097371386335
-0.1058406239302 -0.902148699885193
-0.153220427534152 0.876845720234125
-0.231656809990904 0.00106967191341059
-0.78590462585354 0.416215413133756
0.367378511575633 0.925352083393662
-0.129507502521345 0.813798140795472
-0.118371026509353 -0.766347659727307
-0.165258991456556 0.698197693384103
0.198672666012559 -0.363382764610385
-0.124458023432899 0.75539349714724
-0.46005762527452 -0.3102662607165
0.19524981393432 -0.401731244294768
-0.264124131443189 0.60584312363682
0.128086304058207 0.461986446447879
-0.474513355941327 0.163188671862129
-0.91562859648677 0.0852544046565377
-0.451989274943903 0.794955651574808
0.0844788314637226 0.458755008564529
-0.121134153876958 0.566673581567299
-0.223486110757463 -0.00376845597607066
0.232081938994035 0.624667826148771
-0.581201525380782 -0.118974456152192
0.12014244473179 -0.332881269488314
0.353028407334706 0.16425476902891
-0.542144019694682 -0.0603684578449641
0.166747183471871 -0.603947975241111
0.0400489769179015 -0.271896953531997
-0.206166519742849 0.300088151250246
0.228183373744173 0.476863247760489
0.0908283199680262 -0.1823006850847
-0.141736508012833 0.39516373073144
-0.480575869398085 -0.0406538577161047
-0.469723804685196 0.0449526467513229
0.0418054835458616 -0.0878826270194239
-0.205639130576002 -0.0319823400971124
-0.155552351105753 -0.120083962197215
-0.210478937712722 -0.18272038501365
-0.124133537571077 0.258994481883627
-0.090656296510352 -0.169786666707934
-0.275874323862434 0.0756190190303855
-0.249592428586791 -0.123374137731272
-0.146145339039313 -0.184555677163541
-0.24313828531142 0.0474676038402214
-0.292049349907377 -0.0302554585538626
-0.135880592201367 -0.153553230536042
0.016316673274945 0.0701785675298131
-0.214081280256789 -0.0179470385978909
-0.0519916648705693 -0.149977415344772
-0.0487183974354219 -0.144849779428136
-0.0241261829276303 -0.155765354393699
-0.182057083447224 0.0135445216578225
-0.09315832673082 -0.0709300236544381
-0.0166315508918714 0.0150114484510739
-0.237522214343014 0.0312405739568819
-0.0195014974387143 -0.0555281077359415
-0.157604969949296 0.0810189223963723
-0.190805852585735 0.0309320322608727
-0.0492500074108668 0.00661946676862075
-0.0907652238135388 -0.0266793325550337
-0.23661881353384 -0.0499071856215036
-0.0740513828310447 0.0255863709071741
-0.00754764124707585 0.014673588232877
-0.142196679615558 -0.11888448661209
-0.248004866400789 0.15893214039632
0.0440663153828323 -0.00407018536124457
-0.069989459482774 -0.0552073775935599
-0.249942089746989 -0.0247260879324333
-0.18761859711836 0.198116539585936
-0.293008837421678 0.0122360904414583
-0.191641760487247 -0.080260223456416
-0.253900407701628 -0.0710660316315905
-0.272582391118366 -0.0518534398208124
-0.24324663752771 -0.211242394051793
-0.196171647768386 0.1726363319458
-0.315282787264275 -0.173423572685799
0.125839971386944 0.00357807934396434
-0.0244993403581399 0.136868356568808
-0.466369696039041 0.0585270665743147
-0.262462247497702 -0.0825616697566992
-0.465257394731594 -0.235025347627234
-0.232368252199829 0.217324792953418
-0.596162920333136 0.167858104695937
0.0243344263195144 -0.00582264397194981
-0.533559177137749 0.399477790752221
-0.0441061236381508 -0.17547277021856
-0.484060717632866 0.105479829486689
-0.369298562422289 0.204049804931056
-0.399616906878972 -0.330671051197127
-0.405298033747008 0.320194739120993
-0.102050100895019 0.034252145895308
-0.362826918562314 -0.316703725250817
-0.433376829347375 0.190724315448796
-0.101067751265716 0.00959853223906149
-0.475732461351675 0.352377731218103
-0.303185563638445 0.348020603706906
-0.403374387305847 -0.30227222288385
-0.433428941346185 0.288951886714553
-0.414116282878664 0.262087316751918
-0.447980183078262 0.276952306650188
-0.806616622888084 0.068385433973269
-0.576993194927223 0.358322695851687
-0.692192020646237 -0.273354371194676
-0.548161831969662 0.184626176709852
0.0203063130099296 0.00126293902562201
-0.436581746343816 0.0163395449006139
-0.505803898595417 -0.310383977003474
-0.77544427878749 0.217823475526071
-0.811963739732004 -0.0241756838768147
-0.488367884010014 -0.330973955664779
-0.18067691166795 0.302802506890748
-0.451709052335094 -0.431383332726646
-0.115769456950333 -0.124637743695449
-0.663085315770193 -0.548021768270224
-0.057928815157141 0.561631715502194
-0.0590010906822571 0.609792265900364
-0.770843573081637 0.389486538533037
-1.0551621146514 0.0412465871678985
0.0195043771769131 -0.822315986573251
0.357832891662559 -0.37473058349972
-0.944211132222492 -0.430532604416268
-0.357307254037884 0.73501160142984
0.149800908590756 0.280514997556416
-0.286570505555202 -0.864469125745866
-0.479155089995894 0.73534286406768
-0.142089173927338 -0.938660841281254
-1.02259816594255 -0.72781588713286
-0.635564060550046 -0.609167895005025
-0.460753276386987 -0.749118483288901
-0.631976065310718 0.667570887846289
-0.0664292372686063 0.139688736907244
0.00921799805549034 -0.117775434558068
-0.556766019329378 0.724136174391086
-0.0171728184906545 -0.0189867280589883
-0.826544205644808 0.483202771086172
-1.68553203981866 0.134686591567699
0.0754629454726848 0.0502373895623431
0.0964523248542109 0.0506769221325868
0.160811067575307 0.0563406283167338
-0.427026595566749 0.847984142937912
0.116059762693844 -0.0638436492149815
-0.534655665910137 0.700221953390987
-0.268964239176988 -0.849563071955496
-1.49159071070693 0.114841212712668
-0.600428519759331 0.653307142579325
-0.590019634022156 0.600422688729536
-0.238360129659272 -0.898306956793016
0.324272282147764 0.220303860974813
0.303116574091359 -0.162528772490665
-1.20239520039265 -0.573893372484635
-0.365473217206731 0.96447976476706
0.233656413171183 -0.244904605212041
-1.25301270398689 0.71015005429162
0.0517562363187522 -0.365003315791753
-0.146722688609125 -1.1107974775791
-1.44907742761174 -0.102962899382396
-1.16518579783436 -0.843460158864813
-0.963482288943707 -0.439155997339045
-0.233289433737124 0.434316346304956
0.132343049451828 0.281244215578336
-0.227931130318396 -0.859617160119295
-0.95429805191049 -0.240518072675306
-0.438384942741531 -0.297860565720774
-0.382079666610463 -0.431980485491295
-0.767790482879544 0.0820665154989098
-0.69029783223142 -0.460935444577013
-0.924296989315713 0.17408884744399
0.22982070547025 -0.0386095735165108
-0.659064468329279 -0.236079006709501
-0.720350340662878 -0.256020456919699
-0.750468092049463 -0.167423085301103
-0.712018903570943 0.435915092471863
-0.0683518664970532 -0.00646588625007916
-0.944851279547765 0.190367005305091
-0.859784331945764 0.155667527722594
-0.893466983521835 -0.106946426448176
-1.19109940595808 0.0700545941763504
-0.303825756964968 0.176446638812848
-1.0590831231743 0.367868567581929
-0.492233396844266 0.0551320618549357
-1.04715926771151 0.44333415886858
-0.144039809080473 0.0789257032675864
-1.37604705310468 0.114701662241936
-0.0527862798885167 0.00189388090815457
-0.917960069948777 0.456193898438467
-0.111628402635477 0.034595105195403
-0.828986093161493 -0.289858278247076
-0.431854881768924 -0.452929581658673
-0.390717446015312 -0.365882093420635
-0.67168051795321 0.392033072623429
-0.738255033189711 0.319423737957847
-0.401034139726555 -0.245146380700232
-0.340410110200935 0.307505195346726
-0.301649874290056 0.261160429485117
-0.318123164413069 0.0322106974507983
-0.183019220653318 0.015073674163352
-0.341601222105244 -0.235203481522754
-0.436332204859138 0.132834684746949
-0.21725925615327 0.0330214425966235
-0.403941443290429 0.102428875477924
-0.20463220609245 0.00592131522378868
-0.384968729598712 0.114346631266272
-0.333081795157517 0.0197569365700652
-0.261596640747383 0.0508476254687202
-0.556898727534036 0.00642468445324526
-0.392483207194955 0.0172552524261314
-0.205837760348537 0.0959551837916976
-0.4457981871227 0.0012816245590765
-0.350327366856768 0.184886165814925
-0.223423049879921 -0.162170443193559
-0.386504193104639 -0.0987835375779881
-0.333797517738586 -0.0371275333523188
-0.445378192255217 0.0314622051603085
-0.337417333472669 -0.121876527764531
-0.18148350342588 -0.11919481476038
-0.383651446672166 0.00680278039019982
-0.457666209504616 0.033098848458329
-0.46223510250523 -0.0352347328021084
-0.319257492180669 0.08631249592963
-0.17624025904007 -0.00391160020818348
-0.145238701941952 0.00210547202755839
-0.082551536450005 -0.0260331960847147
-0.493668430080749 -0.138383786363363
-0.433209515114752 -0.0644491883643432
-0.248765387322664 0.0562607634044986
-0.21717915063464 0.15650102120582
-0.549965821886685 0.00785218117581956
-0.168721756299977 -0.00855228939736375
-0.0485193543990214 0.0920795197941155
-0.241255030810069 0.0365582646505672
-0.146810054601171 -0.262669874095058
-0.429762196232089 0.0257773841609687
-0.235645367778954 -0.175532176727166
0.0586277184868326 0.104837325326157
0.125833357648904 -0.0139808529661038
-0.0306111145904281 -0.251507228597187
-0.385798512448976 0.086535100754077
0.076450764052428 0.144952907799627
-0.0619990749816871 0.243650956237181
-0.295329902527927 0.0402923950995972
-0.292790557457543 0.047483125936625
0.216224013347333 0.215198514403625
-0.0502047709177837 0.293652166872922
-0.364609455658067 0.0438074077235457
0.10570861879474 0.234618518401996
0.252357809092729 0.317891615878934
-0.327543509931634 0.0263999457354096
-0.063461995272625 -0.321224596641127
-0.344405500549626 -0.0528561811386345
0.575226204340304 -0.0513939687029421
0.316520891822752 -0.470492646646568
0.65185343063289 -0.044189615570832
-0.460481174531091 -0.0134557189784534
-0.387372951714919 0.152899034647948
0.0558402423347971 0.4785527018521
0.440483910277748 0.332927002631293
-0.198208267168184 0.0560365523493075
0.401693436939784 0.56099272470579
0.119982400680508 -0.408640585883148
0.0106019815971664 0.344310833049555
-0.502489933532563 -0.135468162727304
0.0129667777074825 0.596999704164293
-0.590175715944826 -0.143349721055739
0.661424105364348 0.195857811240051
-0.407184529075147 0.108626247775748
-0.801816552937791 0.0229739217701166
0.899622088033485 -0.0283743425577757
-0.0820442715128945 -0.0198219799275995
0.504596212179324 0.698590972785795
0.625669168521021 0.397634187705269
0.954542933907425 -0.0257874327691435
0.0616404565061164 0.737158726220054
0.279912585139255 -0.467061747994686
0.452664897144373 0.902987994476151
-0.385899597300253 0.341660013960949
-0.80961820719278 -0.0891077496393302
0.0436098301320978 0.74670181025697
-0.787539216059051 -0.334574936677939
0.0523759777050701 0.837240206697283
-0.0670013250118603 0.0308127919999926
0.414897694027995 0.97257230785227
0.0147084399297206 0.0126437856359194
-0.0121757176670303 0.967243503586274
0.748073082686699 -0.576301585679963
-0.0252328531286007 0.988166779339928
0.425754051834185 -0.437558910096313
-0.974134051433323 -0.404242964181934
-0.743842385923655 -0.974986883343707
-1.18601785424523 0.113365399471543
-1.13667639768095 0.09421419408504
-0.0266356108271637 0.931058964384089
-0.323813710276942 1.13325320199137
-0.160802344488614 0.0149733526234819
0.57478617912456 1.01043742109044
0.960571827472829 0.339333442512684
1.2520674774779 -0.128581008544807
0.724241716087473 -0.63319804603942
-0.975776353741921 0.10047561965796
0.250290866295959 -0.578649209189085
-0.0157187859794673 0.833037669121045
1.04587571276179 -0.085836989213079
-0.514600769344654 -0.20884865321831
0.428067368203109 -0.876738086067865
0.220728667463406 -0.508969451848246
-0.709456073635615 -0.112359751208304
0.582210692441857 -0.600195386433713
-0.0192195972571002 -0.706220062967794
-0.884337700086991 0.0563655190725788
0.0310244932399128 -0.548701508826007
0.540782754965608 0.502513112036853
0.41146924350918 0.643508545973931
-0.488464491824224 -0.205176861607387
0.844072803186997 -0.0525592762129197
-0.0813015563451381 0.439541482402215
-0.572681368273606 0.174687712131292
-0.649230750632346 0.0059085123467943
-0.701105317936721 0.0350847487455636
0.415362697685134 0.466177724876343
0.0364675598594721 -0.452016174354587
-0.50880785914314 -0.118831231193476
-0.610797646159958 0.0486430668460633
0.253729792975061 0.473498710040181
-0.529161991319945 -0.051521070416766
0.226482921684161 0.512700627363977
0.56677386344889 -0.0675258017497081
-0.161182719112609 -0.36336947444375
-0.548126576376038 0.0612159131755448
0.19817228912733 -0.411111126137406
0.192124774954262 0.141194384999197
-0.276851297308123 -0.355119967669378
0.40359592962563 -0.0101893700011928
0.148284012674591 0.223034620345645
-0.438322383140846 0.0508866276360518
0.0387393842695434 0.167413934070448
-0.498594448467583 0.0642188276719173
0.0931661786006153 0.211162918051037
-0.240108277518738 -0.2643933974953
-0.254973835236323 -0.186968973714821
-0.0346328216749487 -0.265717806251515
-0.402613172065225 0.0216460505281631
-0.368366909998477 0.0164378134759639
-0.377638381709294 0.0546234398824905
-0.219501199554219 -0.0831941542191392
-0.248560108656068 0.185688730318956
-0.456057204673945 0.0119541469555382
-0.310128179634881 0.0513561288405777
-0.232386552302678 -0.0923543105770096
-0.264343258472796 -0.0428801442095007
-0.266959655850912 0.0253607496699906
-0.163039635934181 0.0594425690368435
-0.119344086079506 -0.0042803886588987
-0.22830778356773 0.0457087618625794
-0.255022628024474 -0.0283268576909658
-0.2561225538469 0.025386146011142
-0.291179764062967 0.0100324507955768
-0.265936997822077 -0.08532802284694
-0.174824494987293 0.0586853418801114
-0.228509251815722 0.0635046270594446
-0.217096796240421 0.00519657990335726
-0.217745370087675 0.0922417078028018
-0.142882199351279 0.0442753559130927
-0.260281003473754 0.0205954579249163
-0.26455086668138 -0.0462113310037538
-0.365262486696086 -0.00932789380286715
-0.286559973775206 0.0109874090204703
-0.286577415253421 0.0619262355619038
-0.260581117071279 0.046665855442152
-0.353782183292939 -0.108542678246662
-0.158606326824128 -0.194798387068036
-0.298760844423671 -0.052546474764873
-0.453032769821683 0.131361182243
-0.0726983368653024 0.0942907923153144
-0.588331485640778 0.00509761093089209
-0.636564047786737 0.0433706830930562
-0.310703357686925 -0.231157477676564
0.0585562788928733 0.0727582356670372
-0.542759833326369 -0.145559003937437
-0.388693659202643 0.2229883779422
-0.119741538023606 0.0283379641103824
-0.145266978498379 -0.431285057136248
0.0406119375649079 0.0450107778128907
-0.246643052050459 0.385912637810846
0.174385469532463 0.00646096271713297
-0.859291147125524 0.05253107797007
0.170739036190815 0.00374382948033135
-0.137863842983508 0.458349402510503
-0.175907874268445 -0.484255476249824
-0.256053890868409 -0.448078330308538
0.136014002088008 0.0420136734220545
-0.317889023939145 0.337460133163761
0.200039981889042 -0.011071148114874
-0.18480171258121 0.404250271712878
-0.614738408686498 0.482515887255388
-0.185884928417095 0.527919094623691
0.235448777092119 -0.026646734980568
-0.151620541028063 0.482810894139236
-0.342521527137849 0.327526869257878
-0.643042953885594 0.53833500143883
0.323792370746211 -0.00167577511828906
0.313295977824301 -0.0553080262290249
-0.155609700216068 -0.615024801780228
0.314064468535776 -0.0402502523404779
-0.621970845339042 -0.520232537934792
-0.726550957398343 -0.450862551556305
-0.753928284328259 -0.448871080082505
0.404819906798779 0.017047067515138
0.365443213539188 -0.0770915759253597
0.020900435503482 -0.781545495727127
0.571943954932469 -0.068282255008055
0.570091852922829 -0.000475487351787407
0.373731837216033 -0.145236855300813
-0.710148651572884 -0.440856747902786
-0.108681306717661 -0.733584792005298
0.0187781170410268 0.790296775999482
0.0259947357585885 -0.764377073084692
0.220870019921195 0.833362942341073
0.652755846028917 0.0875376101757278
0.724469617791655 0.0791921373687606
-0.681237179474429 -0.52566456148709
0.0763407797348076 0.779866802241798
-0.733122788119785 -0.524741758758702
0.152734523748934 0.823844385416841
-0.817717809691554 -0.71786259404385
0.0435841823381948 -0.875943729395457
0.586262833013829 0.862075572303093
0.869955280595765 0.154154104423314
0.0829785360945997 -0.873797752169497
0.169160898719812 0.909568418462643
0.14250426544197 0.853694208291685
0.770581222868947 0.810665315551967
0.410243012163322 -0.0394402634576159
0.37771071601555 -0.0486691773431161
0.236563556696249 0.779435174872693
0.900429434843822 0.222632319822521
-0.328939664927471 -0.893850338919771
-0.00733091643730387 0.484505949509179
1.05211407809355 -0.108122891947221
0.260552223758236 0.736024922211072
0.294468568653194 0.715164982413657
-0.462649179580366 0.511654215769319
-0.0820873241904844 -0.606541972527389
0.521636760384211 -0.150344707747376
0.759477748155162 -0.00897809148796347
0.0871568666996238 0.651284271208801
-0.678412805387338 -0.404410494956331
0.0244980086056057 0.629673169472785
-0.441468260279922 0.689571769023127
-0.0308685384046847 -0.603589773809517
0.43537512489577 0.0163588824975949
-0.302640738292402 -0.347895271794341
-0.643170974163317 0.481673133271265
-0.217227215341813 0.50223976629955
-0.240886052536113 -0.444340725199406
-0.31676610319867 0.397135019407867
-0.321907450623501 -0.383059510455707
0.186107692106241 0.0234460099494279
0.131197988868736 0.00800547976430176
-0.272103774135487 0.277068090812544
-0.538907587852735 0.443968148415402
-0.534157883843818 0.465096794765019
-0.662769816898642 -0.255291111820098
0.03228129636036 -0.0130027820428046
-0.333502186626725 0.402459138642059
0.0483607685525366 0.0344525204769876
-0.739788901624612 -0.381239181773136
-0.796236547622442 -0.19152517084448
0.0523481953163482 0.042565094503694
0.00763932593968879 0.0243639236164151
-0.0314975348493227 -0.103124069573987
-0.31707399866344 0.476278120942746
-0.395208658118808 0.416443385832041
-0.388484841298092 0.46258147455696
-0.634709181117639 -0.346302982292416
-0.466645478489848 0.280365716559763
-0.30070094534196 0.00953923455989843
-0.535562811236574 -0.106090488091844
0.0230748356857236 0.159431142172347
-0.501705097489974 -0.357028444735035
-0.471585208566085 0.167975340810308
0.204910036615456 0.0189117506090205
-0.651808590777394 0.2877671915124
-0.0618026739522723 -0.479208779978567
-0.606353321059444 -0.0088007595268639
-0.203301138723026 0.340955265175899
0.0279233348079043 -0.0391505552429255
-0.406424387644768 0.195242138382682
-0.083173507105349 -0.510381841606518
-0.253214732174003 -0.138501892219269
0.133290534714977 0.158374060879901
0.208896751083013 -0.0477241141681545
0.23351445964287 0.120648275153001
-0.0759721546766483 -0.590668916202258
-0.178031690940964 0.388463005735506
0.00842299672422039 -0.643351467737892
0.381637787590659 -0.0762562875452234
0.35959117169597 0.0342621536694282
-0.0925467209405036 -0.647116638355408
-0.143797633952447 0.544961001907004
0.388462198448261 -0.0282145783866743
0.360729471830241 -0.0178965916748822
0.414914891935979 -0.0728694842088498
-0.0650471098796764 0.572674225478931
-0.0393104631008735 0.628534300284972
0.413335455781542 -0.0308124511270275
-0.847846517743418 -0.315974213443969
-0.840283832716296 -0.295773154895963
-0.64324491136186 0.664094251116739
-0.0286085622041091 -0.791202522025976
-0.913737426825705 -0.301323926250207
0.0124822397609427 0.685983127317746
0.41792810319424 -0.0275987160732748
0.648812596371751 -0.0283485427421428
-0.705110576643668 -0.641146090377141
-1.18149099935985 0.0781557664623382
0.0303033921176333 0.836904378775928
-1.15530842171286 0.102902563609581
0.147514231725385 -0.95465263625962
0.0224571074534892 0.881125281667578
-0.573215985475504 0.990314716134319
0.139420577630627 0.87097834218782
0.0404074819802188 -0.940590979299985
-0.763675846216628 -0.864372615979466
0.143702594655956 -0.964991922967744
0.0609726672816659 -0.963237990537428
-0.0900684248238574 -0.867103829386483
0.594943705241621 0.968403465281797
0.978282578782835 0.108442932559094
0.957161933197832 0.0184351239893506
0.546081442976356 -0.0343618415222062
0.480600406310658 1.17226622555586
-0.110195471626174 -0.990476165326723
1.05533724243835 -0.0418933580214876
0.0829766224731303 1.1746544788742
0.813546663563691 -0.115182970758636
0.215449727466852 1.28366769569257
0.720470116340425 -0.169055546911389
-0.0796336277607007 -1.18440203772322
-0.139278818629419 1.12924988665952
-0.993224563724337 1.08912351455299
-0.203351936303862 -1.10010945604664
-0.141852079108356 -1.05466238587793
0.595717699176063 0.0215755127328989
-0.233396746944275 1.0889701159335
-0.291278474543085 1.03922103817183
0.00852678009869415 -1.12218806809541
0.619333039267584 -0.0331646620444456
0.0376833045559681 1.19057294599751
0.978531542438434 0.0752907733064836
1.15457393470763 -0.0794258729021035
0.0942571814919426 1.07009501483128
0.271113242643432 1.10368830734328
0.220076000536099 1.01127704482311
0.278828910299031 -1.07426076947411
0.32790926378393 1.00000564345189
0.44339856269051 0.836258274650664
0.268814809538688 0.796998802828174
0.250672626122818 0.890552036452701
-0.625488899584875 -0.794993108683447
0.334240417725647 0.712392293129196
0.18880106194366 -0.789433522804586
0.227255305882251 -0.800291973025463
-0.655176485146714 -0.35008304101469
0.697014262022992 0.195888374280878
0.290321598572512 0.776768316790881
1.10848616845813 -0.0580023458997433
0.212022249037 -0.765857198595577
0.221737512134838 -0.0210412599562072
0.300246371160585 -0.72488729488234
0.315009208162432 -0.679812130529365
1.00487569101186 0.190288355382101
-0.283224132507216 0.260013841989294
0.46807909699878 0.44662431395747
0.385594758734574 -0.541940975636508
0.352148378144235 -0.450841694605953
0.480502404066438 -0.230676499980018
0.406731480674848 0.324382988868055
0.382439924910206 -0.352793314322664
0.329788249848722 -0.28268259057421
0.0916902199750731 0.152777436940219
0.103434778853633 -0.355607432781023
-0.0785124287015975 -0.126227760510359
-0.117777337796969 -0.187527694924935
0.466368729675859 0.0635345697012842
0.230000795029882 0.203023254582479
-0.0835652164015387 -0.396220593504038
0.263338123514382 0.31634000472376
-0.137978932607393 -0.322501076874218
0.620102299328538 -0.0195524709311584
-0.023776620381556 0.336160552877199
0.00644284451519232 -0.385952523196341
0.429372882292229 -0.458253165761681
0.472943955281474 0.3485127927623
0.442753435504031 -0.473907324572613
0.482915959084852 -0.505848296359438
0.418139883336344 -0.440791655165322
0.971729571620986 -0.0740372513722527
0.832374095104065 -0.0619234396409257
0.535132278922398 -0.411882735087985
0.345957768280398 0.480067016155421
0.382908450391564 0.392266272554499
0.313441522732854 -0.226524671628644
0.609929373082036 0.122699345265069
0.63393154792278 0.0881942319413598
0.591209341253686 0.0864880893433498
0.534600372583946 -0.234094606493588
0.469824364906197 -0.063346020032795
0.496844079623913 -0.135209651067593
0.549741443000577 0.0790253526393855
0.658443931780066 -0.0272852692552694
0.493646811540879 -0.104517347036168
0.525747873451074 0.0548710591036994
0.527572687072865 -0.0560049733942763
0.362988317487049 -0.0526966936666784
0.56476267186963 -0.0482666789346893
0.468690444933609 0.0267081224605043
0.616268994390511 0.0194731849786836
0.468077988033207 0.000485671645580857
0.490586571664902 0.138094046117921
0.501221815292611 0.157346620246859
0.407255494337287 -0.0303799766848392
0.706305476029041 -0.15701525999358
0.406232486969649 0.0713186265427388
0.541608772024285 0.0492158589404748
0.639305451442691 0.106225140266391
0.52530708589641 0.0366497981272875
0.352293282147631 -0.185881461595851
0.601220352150803 0.227100880091622
0.452912581451368 -0.344377027281618
0.797580108505355 -0.105014601044889
0.793626642321137 0.00600462158452595
0.726501404274742 -0.0622501561029521
0.444040045436913 0.411652631118884
0.737596288340084 -0.0402510496629176
0.670000546047906 0.0322115831679253
0.346722978892465 -0.530528941235735
0.211970548394104 0.327779109311457
-0.212386711493387 -0.338565594231131
-0.111436816489013 -0.181911921157217
0.683189259703293 -0.0570878074477915
0.00366245688256981 -0.331271869389904
0.326936480986429 -0.0340519539892232
0.0492028290172017 -0.428882058482033
0.21301682497801 0.0862811291206017
0.278730136153624 -0.0952852348940802
0.253084872314417 0.361706310245905
0.668954340503469 0.0386307065115543
0.451963021959117 0.144063099931163
0.572645595494548 0.0939211978909929
0.546267191408767 0.3270359217143
0.470186505711258 -0.176415719967253
0.382521113683184 -0.202818284776123
0.356999448852846 0.0277523604524323
0.610717595672682 0.169613307348013
0.0458587686321857 -0.0601467231413499
0.0848622562166016 0.0022418702958222
0.639136917592615 0.182265667925768
0.168544802085988 0.0230557611257397
0.633719815720802 0.0650285802054412
0.30777037794198 -0.304214318448738
0.328236176694645 -0.336015444710073
0.660753738325558 -0.389292753801152
0.106808435321459 0.00282541098617977
-0.0442252967925084 0.00534753889400624
0.343564296971213 -0.393041113804762
-0.118390920137286 -0.0140344356736795
0.277908926318159 0.432299372710821
0.647516530036057 0.340996591263179
0.235837025124728 -0.33774871266305
-0.157382698357098 0.00665783051408297
-0.137535978450115 0.0289457696866178
0.272824504914277 -0.195898311629715
-0.0834891602267349 0.01575667503515
0.172965460613665 0.349343157376015
-0.105766384464435 0.0300850197376153
0.704390908539501 -0.0559594224374173
0.445771701347331 0.111868122025947
0.117178304315627 0.31384915846392
-0.121882717443804 0.0693279083223785
0.129339753828683 -0.249707651528522
-0.0727625210702297 -0.0123457697099234
0.144794872335675 0.236871997614949
0.298666627500878 -0.292295699967037
-0.00723689945579867 0.0217906138625174
0.333757240737134 0.165738345262699
-0.0791072570137732 -0.0244806321892044
0.0469344637041309 0.0835953176376528
0.253408998287541 -0.197008242459795
0.267314570040764 0.0154531625632081
0.00211048768225177 -0.204235080042279
0.0898863655643511 -0.152102622449852
0.0681235384488352 -0.120745669057116
0.126901428256252 -0.00672379418905714
0.0162003336848532 -0.145545874455658
0.159822489558037 -0.0201345405142017
-0.0382768339985229 -0.0303898142705846
-0.199270175491283 -0.0116666457688406
0.0325302246170632 0.173058641602151
0.08962696575914 -0.0851551930940972
0.105501984765013 0.0977868288437915
0.182534544800814 0.0881275873226111
0.0613879474849156 0.189598416533933
0.102439398151293 0.0727689295271446
0.0634938870658209 -0.0130042375740984
0.336518628196268 -0.0234794937620559
0.188779756475841 -0.0949253538907131
-0.050580895082129 0.0271904265410074
-0.111568928969362 -0.0426415854231983
-0.020235709146022 0.0285134434555618
0.11753054111794 0.216807639340425
0.0688595821619905 -0.162496441910268
-0.138082379565775 -0.0497509745765768
-0.132785498456943 0.00328187969931657
0.138326594947105 -0.0849501546137309
0.00029378036917618 -0.234187287314316
0.271428550815292 0.253369761479192
0.037890294651953 -0.24590689455402
0.133736457027376 0.223196143575173
0.201181248930294 -0.332363088672466
0.337825140695096 0.298321699831769
0.316191888166899 0.301769924259914
-0.377190233937063 0.0178398649605176
-0.0972670526841325 -0.387038443783567
0.18648751164796 0.230852477195115
-0.306221536212038 0.145517188807136
0.358583668459553 0.317909183812473
0.222157144655093 -0.246210629519687
0.207086208367389 0.231874423374647
0.453670481418712 0.179496551887778
-0.38545527721485 0.253771319235613
0.191308692966226 0.306346274432595
0.243012683814156 -0.610007189638924
0.241089690538145 0.275782066098562
0.0264323227814106 -0.380285082926277
0.305920866990565 -0.25049417664817
0.477327160022326 0.169541784451463
-0.343369434092216 -0.59279989170581
-0.187987805542576 0.334294840385478
0.310739685314259 0.245453176586627
0.327657436614674 0.609122406305687
-0.577427558472164 0.370453766978015
0.762701993784181 -0.0567036643095367
-0.0549784129163298 0.548546822633868
-0.0234207570956191 -0.680914301014995
-0.624417483945127 0.480491855836296
-0.032898370669218 -0.713823988899381
0.611527602983433 0.160362840646537
-1.01894272421399 0.0623385359665508
0.110112316144665 0.0375415799723987
-0.361189841270195 0.405460030400834
0.349393065389521 0.272247771580412
0.457833777929079 0.828871524992905
-0.511493168484926 0.921938591288395
-0.899174158783931 -0.582422254984266
-0.807312616712702 0.572925746464439
-0.354414613354211 -0.566313758397066
-0.388447670846108 0.457072236927116
-1.03576870073209 -0.181196199079731
-0.40709902064527 0.604700461690986
0.77636930638496 0.202196055952819
0.197277514204791 -1.09633486513474
-0.877357762519464 0.719376876166853
-0.835993000229672 -1.01746092685044
0.238208723951711 -0.043231468564093
-0.592557378773518 0.569229969795227
-0.0399822359270466 -1.035501111217
-1.4661413614716 0.0754524259943625
-1.52923335098167 0.108487098652129
0.195052968884767 0.010907159599082
0.294424527898004 -1.27547440188409
0.347123184877909 1.1987849525577
-0.468167870731512 0.82117756127255
0.984498111422697 0.126261043770376
0.304908028949847 -1.34422185092994
0.334600968838073 1.30924907470664
-0.102024707571012 1.19639653501181
0.31969677249949 -1.35134348872169
-1.37226419465815 -0.80450927750984
-0.529597410413173 0.923295539843092
-0.460311710209019 -1.17684263173205
0.246559104922856 -0.00155809178867572
-1.10944092334353 -1.30614593122955
-1.85199966336974 0.160473506496087
-1.10634259469108 -1.3409730165892
-0.056811306804661 1.32522794508238
1.34732865441525 -0.107018535340806
0.657295682642626 0.555379331146523
-1.58034807606075 -0.330377661230396
-0.682259139707356 0.930748656154276
-0.0861380423080085 -1.41365479064752
-1.34467580668434 0.985900928726779
-0.168354589973442 -1.47761975958635
0.639778214857398 0.54182772469159
0.948784517408886 -0.64755540649765
-0.173019328019816 1.49285673079072
-0.785375219869571 -1.33707541060842
-0.257438468464959 1.51817212037958
1.09136824709367 0.526593241825127
-1.34846674865109 -1.56371243863452
-0.931168589391801 0.959338395179368
-0.283356878550948 -1.43322909241801
-1.83690968398412 -0.210298664875962
-2.31044218011211 0.156024195628732
-0.403770630396054 1.5008191860964
-1.639589684347 0.937577895715032
-0.467780105240667 -1.49461943873835
-0.722476826974652 1.34985887123855
0.357214332818503 -0.664429089766945
0.10930199919201 -1.70902329993021
0.181719544861038 0.713638784564388
0.0975406583525949 -1.60331215800439
-0.409063685479766 -0.0203283741087929
-0.574791952265855 -1.37807246290039
-1.1399998477803 0.777024600356565
0.173303139646761 0.751110711727832
-2.1673019578113 0.137907417715443
0.0218602361340108 0.771437075462925
-1.5911774304942 0.78447388791798
0.10062281226171 0.74809604101448
0.111859919199933 -1.53504595137363
1.07282829715675 -0.066048823322623
1.11745854302025 -0.0503807043184129
0.121451381075541 -1.48835038050493
0.605682524397967 0.666151430196944
-1.12368951076577 0.592267667240232
-0.486596829468632 -1.19045605991648
-1.4984127629541 0.602335057790328
-1.86760259139405 0.154012042297595
-1.8607619394971 0.160583268006939
0.632423605507417 0.653832860262731
-0.890068477825803 -0.870425001303518
-0.0676556697369127 0.752148817517221
-1.75111480031937 0.152748652245643
-1.10295537512064 0.406402766111939
-1.07683487718871 -1.05265941310865
-0.847388636025504 -0.806559962369621
-0.101964799980409 0.731510732107885
-1.04115324463437 -1.06720034953249
-1.03783653702222 -0.273637409045583
0.942445483912756 -0.0260755392690757
-0.75968060050833 -0.860930614677624
-1.04135909795407 -0.22828389514678
-1.26270270291777 -0.521480324947597
-1.0533881348207 0.291697559225621
-0.919994535267649 -0.973416811881059
-1.20632489040127 -0.475048436143608
0.396774223668655 0.630071885841836
-0.256767621902079 -0.652618998368754
0.834058766389076 -0.0343116220896465
0.146005655272293 1.00005333804055
-1.14882554677852 0.355949855931585
-0.737012960100696 0.0194353320657571
0.807566677794291 -0.110208791671191
0.0959769277601831 -0.946727227391112
-0.452495186183267 0.868847936800026
0.138891707060787 -0.955676363371565
-1.20484081125618 0.106738226934955
-1.02473658503363 0.284188492572334
0.366116212901727 0.562159792935675
-0.680049211597087 -0.722175268699124
-0.918396469629089 0.105631399833833
-0.941717470330643 0.213312321863248
-0.593424066276145 -0.678754092524049
-0.519447660277625 0.73452302692432
-0.401252392778875 0.691076049554654
-0.821288114300328 0.0961952116877456
-0.884660631154433 0.108060964630925
-0.60795693936359 -0.407144486406423
-0.849847639898354 0.100755040461532
-0.452156521900329 -0.591692015728069
-0.475470128905365 -0.556517213922832
-0.394238034425533 0.583172984421869
0.147906559927962 -0.603776302117452
0.614670806710016 -0.0345874740958214
0.0884254032303997 -0.60388299749834
-0.338423723456914 0.590754500269572
-0.716947143254718 0.031887700406943
0.138940118042749 0.594263124486875
-0.369400514265091 -0.476056096783628
-0.347644011977509 -0.415848907836621
0.524413238683835 -0.0356744453212104
0.514924035996573 -0.0598615524784354
-0.540669654892057 0.0647831977281037
0.174182718400429 0.456246242358865
-0.290479723355403 -0.505603330224647
-0.832551978262804 0.0483344429408196
-0.361891847602595 -0.369041043712039
0.161760868554962 0.336843018380787
-0.479337288315192 -0.33458941347497
-0.442687871123047 -0.528838843714811
0.0047281350124945 -0.544042515680244
0.157969084851612 -0.300337338166504
0.194949165804341 -0.333794662637446
-0.442503079285067 -0.501235335233986
-0.284267808590322 0.346412182374171
-0.434100016983754 0.0944100694706327
0.0389313971793194 -0.105653930514467
-0.525756807424805 0.232918831915574
-0.614417582004951 -0.0422660054182851
-0.236576766692261 0.295738272570233
0.227189632171021 0.187764305764059
-0.519712548717343 -0.182590045687061
-0.071776138667692 0.0032163289757052
-0.455243974916465 -0.211347181574464
0.126200699534573 -0.120550050108188
0.00201094796940264 0.0286685350001815
-0.13339982373123 0.319249865966075
-0.0913776887326101 0.284399284938967
0.315044002401534 0.0647397108677223
-0.171025595687657 -0.351164506969135
-0.624800526113735 0.0164895666271407
0.0915291991423357 0.360169510026919
0.0505804044932327 0.334271680421151
-0.0383771354646089 -0.435218315080711
0.361762490728133 -0.000154074949843009
0.257682706270968 -0.0818491656234896
0.330608086012695 0.0545733237169238
0.329443950358316 -0.0410553831183005
0.348400259065006 -0.0316179934675964
0.138182840543211 0.268127945951775
0.141659589594707 0.215355244604866
0.148505711031129 0.197322504795059
-0.182919572548351 -0.165588583385211
0.102293739544423 -0.368393958358746
0.471305661269512 -0.0178645557504417
-0.149754451242978 -0.187955800006054
0.136814006989524 -0.31905660458847
0.493288053364609 -0.0506387094207005
-0.105573271767994 0.456344612415033
0.504793665540944 0.00259384321354776
-0.040511694818282 -0.19219744922558
-0.317822499064981 0.0317946700486632
0.23354517435863 0.159011949670483
0.27876420070259 -0.0493562975311356
0.339099762407986 0.141370830101259
0.619309123245724 -0.0158336167308032
0.61511412134882 -0.010647945447764
0.391301186397405 -0.0155042590731709
0.132622481066187 -0.158857678202447
0.0799617408325932 -0.257571078602649
0.214880668521231 -0.284026643465652
-0.0582460604170883 -0.000987842940656457
0.17786199460888 0.252268257514686
0.633668326024639 0.0728347668201835
0.496038908869578 0.0183456173377453
0.645079690549196 -0.0567602127440555
0.263262842027891 -0.14657081490767
0.535217656076689 -0.311922740002492
0.286796950544066 -0.082463957750782
0.347054637295793 -0.101566517257023
0.526995493298227 0.171239666659217
0.567034941063612 -0.247294877111622
0.726088577469387 -0.0212587822525062
0.739445796963976 -0.0206034743973969
0.432847175098998 -0.0831798215903253
0.586469979261051 -0.229843910794728
0.630740090511558 0.0395354050493922
0.49633026659932 -0.0693222191450387
0.508258679062255 -0.0982594143490301
0.711388881897193 0.0623784244048429
0.647229707058073 0.0439459170793325
0.496420879020239 0.0516056648599489
0.74474685198092 0.0812690770685337
0.878042776005745 -0.033665148934558
0.718769168607665 -0.193773693589053
0.760772776552641 -0.206540058600418
0.483498036346372 -0.030813674490684
0.738937315291224 -0.0885323279261121
0.701267100543327 -0.173163207602712
0.685133277282778 -0.0977312513337748
0.693163657088579 -0.15993261501056
0.507899695989614 -0.0434285923002108
1.05661769895891 -0.0908549141557594
0.737086037714714 -0.085339804956525
0.912085422372608 0.0277682082690596
0.736627755690317 -0.1915150474582
0.716410735483823 -0.232012538218726
0.459263858561281 0.0702349053400698
0.618741648479018 -0.295961650631748
0.830911393934267 -0.0640092400138619
0.785435327760572 0.210426506001923
0.580388131615523 -0.212495087269236
0.591142727581539 -0.325038878784983
0.919065281457785 -0.475143667361469
1.05312101496461 0.0574773276750026
0.583943188802474 0.411631569608439
1.20634530925528 -0.105418760097914
0.774782291241818 0.352323915765372
0.936074506960766 -0.109968426689628
0.67243176671397 -0.44623284629412
0.552244209184142 -0.449219590449157
0.344970440704191 -0.220203175439559
0.700048834986305 -0.481655820730364
0.494490294485796 0.185183275063374
0.540806431558005 0.0987665669239243
0.954474420653139 0.190257124890587
0.84954829850978 -0.651945567593702
0.465460915918977 0.630024815478601
0.846880770925777 0.302346463191749
1.18074812286403 -0.337157151586893
1.11165343198063 -0.327030268981577
0.479199305889872 0.202886943849
0.89750743924658 -0.277572197038587
0.877704738262929 -0.271781387830522
0.796722210275507 -0.733406837206532
0.0812682805301664 0.40516371605662
0.71790217443671 -0.0234149315029016
0.63072883718914 -0.673209702255655
0.999515170069881 0.230948686742384
0.843649833183305 -0.861265449858925
-0.020248299282597 0.563277776459937
1.18036005605113 0.118315537092689
0.135672175107734 -0.79607007914521
1.22451864847494 0.171152048036397
-0.127132373104161 0.603966390855664
0.245811802832678 -0.851223287315729
1.25044684959606 0.00627798359040544
0.27014846592056 -0.645784661560561
1.20774615906075 0.0984321470714047
0.112779523822705 -0.853456512556384
0.622658991858258 -0.0551773599491175
1.25470580184836 0.0349881626052516
0.650381362857918 -0.0641386053494975
1.41401946860748 -0.0679855356528417
-0.0624811805136614 -1.00085457554901
1.16686077965564 0.0990590427132293
0.808881107389329 0.917497442949914
0.884998073925219 0.30058778486136
1.34404479818078 -0.106142213672069
-0.460343597448753 0.652942147158164
1.11342392746655 0.220279996701558
0.845144542544677 0.321066598317279
1.18550144201072 0.22785513977273
0.321229673277843 -0.923984578552654
0.907452159598026 0.794440761179252
1.14326996593352 0.257062634973113
0.620366774893444 -0.778445071823492
-0.568066314940933 0.680769749544581
-0.99990010914078 0.0877202438154055
1.02236176818205 -0.482038656291558
-0.358091118469308 1.11275166530858
-0.496757593280742 -0.988024927760016
1.06136969778318 0.278130243001026
0.706573999128044 -0.425344107138325
0.198919221674283 -0.950544542950483
-1.09545959943707 0.0757824625545644
-0.336306458435733 1.13291534997211
-0.818667039070976 -0.512588960788453
-0.301568187077901 0.557467938270262
-0.50240709147139 -0.991892354054683
-0.846399778259713 -0.468823467095173
-0.512953318012649 0.455392290578445
0.948689661113806 0.16672274486601
-0.883503723696671 -0.192181402197926
0.0200175388139677 0.966869102161668
-0.0026248206201743 0.962578122465746
0.512061257512397 1.01180783368349
-0.933699598448303 -0.139648817334285
0.50358166902119 -0.412088449790783
0.370006477907251 0.497157967500311
0.813951839833544 0.405212157038846
-0.204004186682464 -0.863918806306148
0.796780135541884 0.448046571583127
-0.101535869063998 0.884569590527842
-0.0305568362438002 -0.849462710817998
0.332826927590285 -0.496520239121408
-0.389344474741926 -0.766583990856866
0.183061354278855 0.556135377429127
0.774136125337988 0.301029990607406
-0.867799851966638 0.393937654996699
-0.592431113267448 -0.835671452475669
0.643537730377925 0.492423264288683
-0.638954853770921 0.25083607092465
-0.628448494810462 0.26382473946085
-0.355220643163616 -0.680204821440091
-0.212535274964965 -0.760563411870293
0.00466785507969568 0.568351315027598
-0.631289257110832 0.202421130185716
-0.613895495827042 0.0574489133426328
0.711011830661582 0.399069774952923
0.823174361818674 -0.0675263619204863
-0.283143461571576 -0.595635458631511
-0.598208679795057 0.112553290917344
-0.328878774026302 -0.650369902246107
-0.113403043744478 0.612422316335471
-0.738800332522694 0.215462739842865
0.296280904730446 -0.748561987247896
-0.613346458659897 -0.0579398271782398
-0.686419737085686 0.0984851807455424
0.220351059513978 -0.707907898027751
-0.32230210733961 -0.580156118542826
-0.0917423068046409 0.682969313170869
-0.213565105924242 0.654995973255603
-0.634444800300711 0.0914033222622838
-0.600379055101635 0.0609619335827662
-0.201307268414225 -0.618398586186309
0.759480484702444 -0.0773929928387212
0.336220883066839 -0.63052809311035
-0.566296361015923 0.0110450948298156
-0.154048937810519 0.64165844088022
-0.13410935374889 0.618365079317962
-0.0912887128024905 -0.514221320121429
-0.0303120239310284 -0.51564657307165
-0.647302194863942 0.0591299773854119
0.483664920267332 0.427197015929137
0.0786682269483258 -0.432318300616711
-0.0966821071428703 0.695140586422225
-0.672248403193578 0.0202502314952882
0.443649387161323 -0.464637852415103
0.0106645920281841 0.384039314554696
-0.513656194494883 -0.0272760718981421
0.0155780804033606 0.423359409129145
-0.303583230167387 0.0949764184289924
-0.27101897267487 0.0842321406982643
0.0450824380074509 0.588401057387001
0.0504558070547173 -0.474850207461932
0.558432779748606 -0.445518890526436
-0.257467250458124 -0.201148828746018
0.163513646659373 -0.524877548849218
0.122734398282719 -0.554883841581483
0.335486622626813 -0.323962409387278
0.301640222046438 0.372282977216353
0.670968036605263 0.28963407784754
-0.0909507685351547 -0.268866550330502
0.720499828985581 0.471276488952358
0.761020010535076 0.299078440984847
0.746746415445247 0.209202360776635
-0.296463322132234 -0.20684705846934
0.661275109902546 0.640497608298831
1.0384879405314 -0.0807336820484423
0.266434886792433 0.00767863469262006
0.00466255592793511 0.254115651175866
0.467645525311128 0.50533629927829
0.0679471775912804 -0.372016224595602
0.319895765744337 -0.651727378306649
0.319485286223753 -0.735831052150766
0.828891865198381 0.417265269962727
0.127451677184805 -0.35628043969596
1.02734735450594 0.226597267989545
0.669569440471704 0.358586360025556
0.667018861291103 -0.788788139292989
0.95101045802261 -0.399666700017294
-0.474845509466037 0.0108774853847086
1.0158447450414 0.495801368716356
0.185240747537647 -0.486615089119975
0.683901820944727 0.475335450441734
0.576797099140365 0.676554186559053
1.11005229393211 -0.419749109786071
1.13595125178445 0.161571629572285
0.287730580926594 -0.820220581998101
0.671511561426248 0.703764883032304
0.555107976157308 -0.785380054429421
0.948173063464887 -0.337423018233513
1.08197475832703 0.694160070267491
0.36492575105594 -0.91973310582468
0.685374620451228 0.745287634241609
0.842441251214554 0.673142344048141
0.950035057622504 0.439942790631322
1.32356049743713 -0.47532227620385
-0.45610235123164 0.0534665180903314
1.07789918337388 -0.405222256974406
-0.398134015148514 0.00236538575087529
0.490313103447244 0.328505338820497
0.929478886266617 0.568841683827578
0.784956889091237 -0.0444775990426028
-0.0101547232315591 -0.492564763289291
0.737210300011794 -0.0345188781408379
1.23767066374553 -1.1138310895859
0.537328937682659 1.15943190340847
1.3095474377796 -1.15856038216953
1.16688291663919 -0.623282429504141
1.3103160685883 -0.430048680717854
1.7750409107927 0.119725983069807
0.889910605395548 0.876698593500168
1.65946667752547 0.310866134195713
0.863880649722738 0.868315428092941
0.760629407161262 -0.838290096243583
0.184792560257572 -0.315318147216026
0.0236053238538882 -0.205900488562997
0.34596102630367 0.135166805097237
1.10580920072573 -0.353240409579449
0.188871732803032 -0.266259865029184
0.0287627164549298 -0.0813871497587832
1.08314168577816 -0.0809682007609093
0.799485244762297 0.745347880082713
0.754652685534309 0.766899521426188
1.44676552597962 0.223390761322149
0.763588200188366 0.693040348668786
0.0105065772661071 -0.226882344312769
-0.0359785835752226 -0.117200802645175
0.869751049883242 0.492714507367245
0.682252211151542 -0.723914913795825
0.833783917459555 -0.459459276055749
1.15754234017245 0.619125839626197
0.560979073742515 -0.729075334714847
0.901067747107241 -0.0094984319996936
0.434559260922183 0.763443813029223
1.10375207270626 0.584019725089633
0.860247420576208 -0.31380944569858
0.219969869280115 -0.23878247684504
1.41449074183259 -0.0982864800942942
0.572484039545082 -0.555656727632482
1.04154397856835 -0.545110591279927
1.35683911184768 -0.120851934187278
0.443214544570755 0.666835555791129
1.03889652335977 0.288447613752998
0.64612869476894 -0.426177611777429
0.673963664333371 0.405063821002305
0.559403643889531 0.472795168093828
0.00882156222240433 -0.151157771035733
0.511306707580704 -0.492315855505966
0.495400272082096 -0.401942211382946
0.391233285898893 -0.519018773577453
0.213585440917439 -0.023516918233714
0.498266689551038 -0.452486509207589
0.506531221928103 -0.338787880606596
0.453022450751561 0.382193822794512
0.290403352136402 0.502128116215073
0.480971177710165 -0.284606062370113
0.387812789157959 0.373476661956713
0.110972736539297 -0.108858411507772
0.0185865085402551 0.0280706652077468
0.685747159434693 0.240988247768804
0.630078203627143 0.280735164984603
0.353952709638186 -0.321084786963003
0.0526506522951529 -0.00110072214537246
0.635453054390126 0.0591522954731468
-0.0209093894878639 0.0227604951526813
0.0632658662593708 0.0216270710962757
0.387137754321684 -0.180871443693663
0.235537344261062 0.286664962118206
0.47305630653358 -0.291035263419008
0.236483376792004 -0.188639507856941
0.296736689899023 -0.211032730020237
0.304689224363409 -0.169458039877116
0.453974291337296 0.149103368517934
0.389510779613931 -0.216818431521392
0.0957376981670896 0.0415391707954074
0.0905049078079906 -0.0380422515800949
0.0479542741805013 0.0115715822040612
0.0988679846718438 0.0448292877738138
0.309073623018243 -0.132359925795633
0.103503464409941 -0.0455963773610968
0.100287911189822 -0.0547546155761736
0.20076334292167 0.0731283455006416
0.191519264433931 -0.0095010680814533
0.139369311074577 0.0940270927491727
0.165929398410419 -0.107411769703656
0.179949559006757 0.0273821494071556
0.170617042745368 -0.00631784834224444
0.0578963700539397 0.0656713088597649
0.100935075500037 0.00207580275126934
0.140124973241816 0.00722286202165931
0.0397925235332655 -0.00856311015710212
0.182724200382344 0.0671381506472176
0.0706830565002603 0.00605738141288397
0.11612823780276 -0.032517663461123
0.0925890338068958 0.0734776554772564
0.267771226299438 0.0297275132879949
0.115213455439152 -0.106646812041328
-0.000936003511852489 0.0291484069062963
0.255609452278619 0.0196747691891685
-0.0919869041496713 -0.00254597129696272
0.253077991584986 0.0675051450967192
-0.142813177443053 0.0530262682217456
0.146419204909404 0.143093076058013
0.170146292895114 -0.255708368525677
-0.17287937844362 0.117879774049204
0.0553751734503725 0.177516356715332
0.394112038115341 -0.00153357476665424
-0.220022587267786 0.172449670827486
-0.16142622429723 0.0569431221073127
-0.17761498179842 -0.208688571463356
-0.309831907165983 -0.0341486604916973
0.118181283933369 -0.415777024058764
-0.123718225867996 -0.0273351205594338
0.0767697074605423 -0.402263980829238
-0.0938214973470375 -0.301287055246797
-0.249534175305678 0.126261605789739
0.209488485958176 0.198815669914989
0.187014223854727 -0.247363435244285
0.46791872423245 -0.049077193185778
-0.499950920920863 0.215172067714078
-0.382264885205173 0.140950414194595
-0.552423612062547 -0.0298191758685695
-0.192667831099501 -0.0201324750696812
0.425201859365883 -0.0307622210758114
-0.0411993761415301 -0.139253829882911
0.308105170386956 0.128161824032198
-0.0134615667036756 0.375290677438644
0.0507491246758819 -0.680272260523509
-0.892621505212646 0.0760835351384941
-0.322523799878258 -0.00984511813105001
-0.255688022809594 -0.546881664480871
0.534801335704392 0.480601646176361
0.454074706342448 -0.608310482150871
0.35495796256452 -0.692340835770903
-0.399340663810842 0.0135607687223534
-0.407394920159175 0.0281234729732603
0.516000024591271 0.486474506994707
0.0889320686557826 -0.498916055035863
-0.449490157093968 0.12488445456454
-0.0180296279860594 0.530483431054124
0.472907115172483 0.201134843505534
-0.315751180338801 0.0127361128623228
-0.61481950803165 0.166112977770411
-0.238854910522661 0.491975253255092
-0.435198765410625 -0.0176753589967376
-0.68965316013803 0.143250495522366
-0.427832853054153 0.542034829263318
-0.43702661117979 -0.455963776271483
0.277672752244616 -0.0389408769441145
-0.476539321113397 -0.357777473514118
-0.812649787200293 0.0263774418608026
-0.752651360869226 0.0493078306048686
-0.521628482826228 0.323664664595664
-0.665691968554135 0.0580334889223516
-0.338016612076456 0.195707035888639
-0.55069176512121 0.186197101155129
-0.577440015083594 0.175014293429069
-0.439062944881413 -0.0845111232719552
-0.539909418530449 0.0332607686478374
-0.497104220614029 -0.00518477286418603
-0.413731652896537 0.0397669816013764
-0.607879759217206 0.0183271867420445
-0.286618291561663 0.0239312027736301
-0.580601584483621 0.21966672972901
-0.206380299747443 0.0325693142192266
-0.59812543682681 -0.0728698908103945
-0.63144741991108 0.219800046728668
-0.197105273739503 0.145931312512742
-0.293550930573573 -0.382489752796339
-0.157637097485183 0.188288261820501
-0.314765746854285 -0.00416742598524992
-0.0984920234726722 0.161068330782997
-0.470295444974797 0.235039622102823
-0.109985539602377 -0.473441613052437
-0.461386139200079 -0.172564816043471
-0.172475326249846 -0.366537316107295
-0.465599417616115 -0.353236129366784
0.0568686943750859 0.140618545825633
-0.690406349177693 0.0348627035987163
0.154741137043222 0.125145573067043
-0.038963259590623 -0.37819712304769
-0.117288544252824 0.204650768486753
0.180918900418891 0.0284189612270349
-0.22921991426029 0.1849893410431
0.150586294541852 0.173343415207717
-0.348613008487483 0.0731972772811994
0.182293395497393 0.00712737089897073
-0.443921267383787 0.0447914860243951
-0.36897292465978 -0.0160076585551482
-0.391944866192077 0.0292564797515221
-0.344538834727099 0.0310951353670469
-0.0793176931034664 -0.134114432467228
-0.131048881531727 0.207503666887154
0.00917142694774525 -0.17282727776637
-0.137005869590853 -0.0161276416366454
-0.0718399771388132 -0.1606513317804
-0.243991524341183 -0.00470622842075635
-0.0650805237402988 -0.0422385752769614
-0.114196194130876 0.0133565304676196
0.240928063309939 0.00391438104388153
-0.157313129823554 -0.0312122490154111
-0.0478883367384122 0.172184315996427
-0.0115372122783228 -0.12595498844249
-0.128594117750835 -0.028982344776621
0.193440989258813 -0.0141984984591204
-0.0288215379881767 -0.0448888406256116
0.147114226821347 0.124106342474576
-0.0107773404772157 0.108680959533144
0.0652529479604797 -0.10523056274349
0.239238602387082 0.034101501402864
-0.0199064997268732 0.149411816967576
-0.0373049227561801 0.170216576762874
0.0523096648731499 -0.225135540034438
-0.130241681698709 0.188339455244006
-0.0121024069844 0.155263936936407
0.165285829121184 -0.0136396298520819
0.153761229766272 -0.0506039850425886
-0.0583854013544885 -0.173307220536725
-0.293444848306123 -0.158821354072163
0.372288876867679 -0.0297994176920948
0.281130683327421 -0.0613651077349797
0.253353679285496 -0.0032094586772417
-0.0462873277230266 0.408078200974253
0.244587748403094 -0.0466247966313925
-0.158826012335551 0.0431559139699551
-0.202565622388827 -0.00257072659985012
0.477280653294892 -0.188282980028926
-0.0383762490988853 -0.0990453375147153
-0.0624561486844077 -0.225710043514933
-0.0917021991714767 -0.318543571738871
0.0811906157101849 -0.343639793164933
-0.403340222063699 0.0434954036324413
0.147770173038402 0.322711257506039
0.178250185011334 -0.427123144403583
0.438074319157153 0.285109711083662
0.624947401888724 -0.216630035298246
-0.327244720489978 0.0449153470754086
0.292815448509202 -0.531596300153052
0.332242767981235 -0.4438244733912
0.604066050475547 0.383245800551342
0.303306866596646 -0.0033142504998108
0.525433158446829 -0.252493299495108
0.245719305351914 -0.0199279814574498
0.455759969227555 0.488966737834768
0.22864879775345 0.344974857260358
0.535321603904722 -0.191668366127787
0.103178450158141 -0.261812887592599
0.232701435820483 -0.339412607437301
0.3932325598991 -0.122835026013666
0.249688147538874 0.000276614988690486
-0.0337239496271512 -0.145185031850854
-0.0481746792500291 0.189629065574987
0.0354585165017364 -0.186279633182129
0.716157735159061 -0.00216296453457632
0.668684774785158 0.071480256670343
-0.197712300823711 0.237131987205279
0.361451329783307 -0.174934500186492
0.646570850711833 0.128874526945406
0.32032746188357 -0.308415725909814
0.330696939600096 -0.271448747563196
-0.0868684245910628 0.248349533492618
0.172070096457226 0.528858265609397
0.580033823906145 -0.32413699168226
-0.159149697570129 0.592253829040824
-0.306277035743301 0.361099118357476
0.383951032264209 0.571193277775196
-0.173076022658115 -0.48830183719698
0.676089661172882 -0.27489070476905
-0.269653457741913 0.355321236475871
0.32130581583318 0.554159999600201
-0.0385923086701405 -0.681699385663299
0.425642227433976 0.524531738272454
0.226348756992876 -0.667773850030761
-0.625822020825683 0.0621555231054546
-0.105297118291207 0.681485426600914
0.220953437409322 0.440025803409865
0.040954355721431 -0.35420859991655
-0.263727909443936 -0.315408883629714
0.614806915022397 -0.0639895326919601
0.52528647770168 -0.195932927761918
0.134030527836051 0.34976326535852
-0.0686542211215629 -0.254151370327869
0.190432779140589 -0.147253209326265
-0.122957255258472 -0.170052746653172
-0.294083159926933 0.19128718985148
-0.143498268826304 -0.0935895851811028
0.0159741207042877 -0.00692717351806958
0.19701010926613 0.422277255528637
0.232009197846939 0.360547494177126
0.339729811132793 0.327967567951327
0.367405319841789 -0.152636253851951
0.297438562416344 -0.399018679506596
0.321912652261575 -0.460955274134543
0.310646209934123 -0.484021592754983
0.502237344431889 -0.340006525494092
0.370553828657064 -0.542795810091699
0.778127996287685 0.218401563836508
-0.216689953088036 -0.0700433117571136
0.367297044651161 0.158338180702797
0.976140096990056 -0.0640006290271739
0.806568648731091 0.0646627140355584
0.376693657434539 0.386672443363374
0.49781423483973 0.338522311138345
-0.0180685494379861 0.092618673041996
-0.0327720456165333 0.102808829453277
0.199951678284968 0.410111152532267
0.388464777142694 -0.118446526642318
0.655274944746194 0.0241513774701971
0.524344506756379 0.168740774777444
0.816876279027624 -0.0304771509522108
0.779424237798646 -0.0854321016751515
0.0670724443820424 -0.030392345421978
-0.069942374322917 0.499574865240005
-0.355347062174032 -0.222480672274784
0.308592973596891 -0.0535442540260682
-0.223296765590794 -0.417299224838356
0.380274803815843 -0.151868676727752
0.363217918125985 -0.0869823601758166
0.328001117813635 -0.103546970873998
-0.667667500173027 0.0818622193610636
