0.029265377842384 1.13375502801989
-0.386204363453242 -1.12710091667719
-0.805825652271282 -0.654362302674608
-1.53602145283553 0.26547684842433
0.146234171041984 0.822709000753771
0.448189897308078 -0.0664434641476245
0.0677476633582897 0.655486460364052
-0.957541041894789 0.152399830708788
-0.65132098739877 0.423892392793043
-0.063462733829671 0.488876264193749
-0.377561960409973 -0.187573317669957
-0.721442840458686 0.124845629667046
-0.0322589998721772 -0.0376486632727428
-0.415955769968889 0.160603617743251
-0.185776691497618 -0.234851812016981
-0.0477495497806922 0.219067005494372
-0.0347130113561251 0.052913698769386
-0.2094044098786 -0.0110237716676266
-0.0246409785000681 0.00272831454188757
-0.0142759420281861 -0.0717243540740609
0.000771099468927207 -0.0815816428643865
-0.0866716545826902 0.0484139541728233
-0.0543626997202126 0.0664828368309799
0.0326324035462049 0.203598861952284
-0.0123653753547858 0.161545286869324
-0.166387825766722 -0.292234677510115
-0.0485484491035645 -0.312810610740654
0.0304041968279622 0.275428735601682
0.523996475541421 -0.153375204540869
-0.380305561173478 0.179029482525667
0.322529554262014 -0.0994224406030074
0.493672975986985 0.294489079743156
0.315541599134522 -0.320388417428414
0.295557830950435 -0.332217784101907
0.422497594257 -0.00749805251552717
0.113104464061878 -0.0111961758936111
0.229517297142909 -0.121169654396794
0.316945763094785 0.166207136802517
0.00917329592299587 -0.0338383646740054
0.0912215434517609 0.207092793374334
0.201865850371314 0.0624970723327555
0.115388245146489 -0.079099754883175
0.424936951045531 0.175114632221733
0.100306509696593 0.0580914927065634
0.319437935384338 -0.0667038091503776
0.470617402493385 -0.180592908584781
0.256152706862203 -0.19755029780704
0.53026147335591 -0.0386525111364127
0.0881477205466374 -0.150442173419567
0.421251135522482 -0.058468067764695
0.424230262633633 -0.112701807447816
0.343552726777777 -0.169016313129456
0.380402569844373 -0.0807443900107675
0.242013641563556 -0.146078244278981
0.428246274965512 -0.152630510954051
0.372553582558712 0.0696820752216447
0.228788738666752 0.0291768084962621
0.517850182218389 0.0964034526172661
0.255843653844016 0.051334005347693
0.575814789516898 -0.317165024099854
0.648476687103613 -0.0191264879359108
0.192631378633619 0.0491809976031178
0.61349006692939 0.24876441680703
0.382572762115058 0.154419395588376
0.589432086272974 -0.269300072208309
0.569926046105169 0.102202048545951
0.563259591120383 -0.42084170735501
0.548465948935642 0.298966372136895
0.17677987411369 0.275561286110822
0.139053503171365 0.334165642783166
0.0602454265726851 -0.447505880624276
0.17606026620281 -0.496234610861373
-0.15748431398745 0.32400020233133
-0.451845094685099 0.256682936767623
-0.483109182473543 -0.0284017159042849
0.212176721715718 0.584861199545369
-0.150492988737086 0.0614446524959738
-0.693634456361325 0.22010260374287
-0.222705559439412 0.607644312690861
0.403505803029246 0.0478801880117213
-0.624599847284268 0.479369164843529
-0.576318040010604 0.318853861466195
-0.276536373679027 0.0771626535699462
-0.45160596734828 0.0443366484489072
-0.38520955500048 0.0303461066694512
-0.388516643682987 0.166079721807104
-0.481313819943937 0.137224466852704
-0.507753496285409 0.114090423005152
-0.354757037382791 -0.102206496535462
-0.270461424146645 0.206823639290559
-0.132086448203537 0.220541370326486
-0.259846842659853 0.483715191158301
-0.0470646242850654 -0.0735943539549388
0.0410864466507732 0.315864250827995
-0.615507877231826 0.0677374306035685
0.244027413746813 -0.129331252523925
-0.500122329748619 0.120531356413234
-0.152530409363113 0.0401664464490499
-0.196228490345178 -0.103869865933289
-0.000628062574021283 -0.174781156618895
-0.332350985518574 -0.0835472692368047
-0.270045825720783 0.0244025152762195
-0.26724869750679 -0.0538907710000285
-0.293793375019425 0.402087103006574
-0.219579894314524 0.371257205318028
-0.506972524568392 -0.0449258993959832
-0.621269488261538 -0.116238716423792
-0.496678710562436 0.0450143324047528
-0.365783366958891 0.149421908509446
-0.39694980537502 0.337600631254943
-0.71242013231485 0.0495312556619607
-0.428183113054495 -0.143292350407454
-0.250009258418518 0.20422397896356
-0.374831125620547 0.0410620593712079
-0.322883753913828 0.167721796128417
-0.0056047905070744 -0.476019840979803
0.400645002769106 -0.0698046980267345
0.595161232133697 -0.178076340601826
-0.463846989958957 0.682581656643077
-0.0632829075466296 0.811181068356618
-0.336334549313347 -0.61009916988826
0.0841396610256033 0.861068159154887
-0.361795696088694 -0.838089336492398
0.710780296532089 0.867787230934797
0.270803752408025 1.03326897460771
0.863614044562483 0.982455494047588
-0.972504779361536 0.297699811486974
-0.564762985514153 -1.2264368100415
-0.496556765696469 1.26988457328726
-0.324818489826512 -1.25069479979119
1.70280404553975 -0.437209103424441
1.10002927652045 -0.959275951841683
1.0364763635504 1.45812044820677
0.31858630555789 1.37603013359991
1.63054847618662 -0.444004306184905
0.620913496781382 -1.5207462748004
1.28838327758929 -0.253542256283782
-1.10786206185728 -0.29690894597599
-1.31278698977401 -1.06276694941778
-0.828602571836859 -0.72153530082838
-1.2254214528756 -0.914752867614491
0.382789234830485 -0.182199434760287
-1.11384386747387 0.693569761525938
-0.799107901623087 -0.336777275453025
-0.928140295365863 0.734486310601395
-0.919146929170833 0.696200074634207
-0.0107488422212507 0.785193250856269
-0.484165056053636 -0.649107479590758
0.191854899685028 -0.774395130671274
-0.253971316832286 -0.739661770632852
0.477682779061495 -0.764879018802028
0.513289111602764 0.757921416232723
0.59896751414769 -0.0331551670509611
0.0760632147942688 -0.635029708248429
0.0764941433660627 -0.602540772670731
-0.629107733577134 -0.374279125982026
-0.0516596935225609 -0.59900996556402
-0.349868716517721 -0.272450904390364
-0.154546216876227 0.265521503983669
-0.733796481723175 0.206526535944727
-0.196773066246328 -0.689310004033265
0.779239490101345 -0.194686660223861
-0.585714019286419 -0.621805643468965
-0.571176212556302 -0.568689726843041
0.306731949248979 0.479860967523598
0.656039328799546 -0.0996087862003712
-8.09065807264433e-05 -0.423128886626783
0.477630330334371 -0.272123840356975
0.0414749634491814 -0.381991900770315
0.427605181152374 0.492749888434337
0.405065995750074 -0.070457162154998
0.365531675489248 -0.00249266222392601
0.294548257255929 0.320569479213922
0.162185438506662 -0.505609082102326
0.363444639156446 -0.116048321052434
0.265153980727841 0.239129453286233
0.405814758590435 -0.226016817204516
0.450554678189653 0.30815724108313
-0.162642185047075 -0.094560390037482
0.0469649282618574 0.137887372224152
0.109038804753947 0.0295115142306225
0.254988313086666 0.14661566020514
0.249838619772936 0.290055032123368
-0.0172983229631576 -0.0930508713799401
-0.0504230734568372 0.419033460739279
-0.195862291548567 -0.292283931360445
0.091922029604184 0.0238897816544271
-0.390180819604527 -0.307406018193614
-0.620502979587175 0.437728066810294
0.0482107164660433 0.540396861283886
0.245599193546434 0.0709525378231928
0.30304733303626 -0.219881517900713
0.121673555597835 0.171473503308379
-0.828443141621352 0.49601460260781
0.00257485910853349 -0.667164882547583
-0.411906186200923 0.493256253190103
0.0368984605264767 -0.0199469600226291
-1.07681795308792 0.209855770424512
-0.913881300068626 0.143271445575085
-0.79468635967685 0.18699247294376
-0.0834467864379344 -0.0803326746291047
-0.179707222654552 -0.102812713900901
-0.279703872879111 -0.0950634291232563
-0.0979262419720319 -0.192930199459296
-0.386225103349484 0.348568073823285
0.0554872384093002 -0.165239662349562
-0.184310618073658 0.157877476645521
-0.00418514997039462 -0.0302255329275984
0.17166443990396 -0.139631866811975
-0.106023552942657 0.22973913352673
0.164476459284152 -0.187056747900227
-0.27352270000964 0.332081792270397
-0.304528253866269 -0.450859903409002
-0.601272082928783 0.187867265692041
0.0562774461722065 -0.491145063411509
-0.17301068257759 0.265566729785253
-0.324374977069953 -0.136314754639112
-0.665173111047313 0.143829294388436
-0.403894542216812 -0.727584308732834
0.584446529056068 0.121648078427312
-0.0359943332444541 -0.759137417743711
-0.269881532045499 -0.117153565867054
-0.579659252211578 0.253884520422243
0.396046808825391 -1.16252997482445
-0.344119557635929 0.487614635803538
0.47571834576741 0.903363008507241
0.120534722385375 -0.925271246379378
-0.0260625402254872 -0.948261665494295
0.783228380589272 -0.996050296583847
0.628496791488744 0.756537620360227
1.64537125672508 -0.340893536039264
0.835683398875414 0.529165196602884
0.617580938917373 0.727151511187554
-0.451910787754038 0.0275105717311984
1.17054384251688 0.657060960804496
1.1444501730488 0.520960310834717
-0.246556366080648 0.119832540751375
-0.234698898166956 0.0579101313071468
0.990974867382463 -0.658825041783874
-0.105375384380668 -0.00916203298599065
-0.175395335515588 0.119092498390258
0.414879375826039 -0.870378039474413
1.00944719066416 -0.518000055365904
1.10859456893048 0.455310040912641
0.92422671446966 0.1601158155612
