-1.13151620781533 0.0870956094506607
-0.427043774117863 -1.39904528664377
1.12064939512901 1.12498912632247
-0.0727680138496172 -1.14250793293162
-0.122738682681654 1.25285595548473
-0.121020197435435 1.2016830514816
-0.766408721343459 0.0154040870967667
1.03720420991522 0.640752901378398
-0.597132341486318 0.0719655404198237
-0.122367823664158 -0.913003495519532
0.745980113216947 0.727847304116856
0.674948327453138 -0.727383240476518
0.710697510314775 0.535174459884072
0.279325884120171 -0.474880067661086
-0.130391586770172 0.675514119626503
0.457654245079415 0.446164927402048
0.320384330755106 0.486135142468671
-0.316073959049517 0.0724109565437218
-0.474242100470104 0.0575200874198454
-0.362171248808904 -0.0457969779283819
0.438759857723116 0.317519203389925
0.797485664389776 -0.00866529080108105
0.60477780780849 0.225887522998473
0.0919273712709 -0.416006116553604
0.122798688673394 -0.311730997035048
-0.111455376118464 0.0369885008806936
0.104919281317855 0.377547988815957
0.109395221511704 -0.345557821860419
0.45173646553689 -0.280476389212656
0.274825286480108 -0.146759470620914
0.0398029192062111 -0.143292374685726
0.284801026819727 -0.184461867577582
0.256154601031614 -0.162752125547541
0.334335069305672 0.0601853288008639
0.234053602284752 0.0200027850971658
0.242262716553504 -0.0521965001764171
0.412089403941345 -0.213061288841335
0.324665187474402 -0.104267259406545
0.26855848725109 -0.113188058974887
0.398756932447813 0.0621198067403618
0.342377362984856 -0.0221062801384779
0.31996891372487 -0.0381161309048718
0.360979726179985 -0.0898488154851292
0.430381144796747 -0.0509843330538078
0.435803770943969 -0.112155396211177
0.512787787667202 -0.0189511159400743
0.60548825053374 0.0292324545610568
0.607552935105065 -0.050793098357112
0.810411568732369 -0.0238404896167979
0.755708997976587 0.0594257127458653
0.913185552261503 -0.0465842734805845
0.746316395434229 -0.236480226228099
1.03545591157928 -0.148352003276658
1.11950939034374 0.0110129207638284
1.06562966715769 0.182335690770415
0.904007881024953 0.270411523187636
0.940435881042923 0.327693790309023
0.936158984404671 0.414257313474988
0.77162950087589 -0.0544628379361613
0.611336166748079 0.720750644695083
1.08997482918226 -0.362908643121014
1.45472169206118 0.152179750995249
0.328823076165353 -0.447757715406152
0.259790235726723 -0.535345935806813
1.01520821665995 -1.13861988384961
1.76916719388212 -0.155774174487642
1.00705491951632 -0.422974468036038
-0.756887466257656 0.0332575645697778
0.861549133706035 -0.443900957222202
-0.561439848587123 -0.311016792769643
0.412651133938939 -0.864872086535493
-0.401158989316766 0.313097056962443
0.947096451454094 0.655929147501816
0.522170656447442 -0.544248198396258
-0.0820021146707146 -0.765506743474954
0.207176742587963 -0.620636999575515
0.687215211303362 0.611091406455701
0.794725593885003 -0.410342260361911
-0.103193163259359 -0.698380370437594
-0.31927914560295 -0.187960696193934
0.433453098762422 -0.17358924717442
-0.347382947870201 0.713890399271657
0.0468579588071202 0.30901857931073
-0.44081828815096 -0.599806125209182
0.0827480860386454 -0.579498487987309
0.00891806059516373 0.30217120207565
-0.169596008245855 -0.422446995458219
-0.891340705179754 0.0725635939158158
-0.581700024713046 -0.292633227975577
0.0205951452198463 0.415349487099025
-0.128748288237759 -0.587782093848008
-0.0400293941342089 0.541645316190076
-0.696879205364279 -0.436739050950485
0.336586652570809 -0.0786124333752083
-0.25091962184542 -0.632662687292817
-0.322743729872139 0.558853016786015
0.00660972230836236 -0.711245639659488
0.394038035867758 -0.140353267102878
-0.138101275563983 -0.550240538889157
-0.204536640721555 -0.588599723669076
0.214457804430238 -0.0855926198437202
0.281726379756176 0.0692696592195758
-0.281764878455456 -0.714233936040564
0.187428869397652 0.812731298662663
-0.172347526537863 0.777125565520175
-0.22331351590759 0.654737130284102
0.380632864308669 0.804658218794619
-0.505308365284601 -0.409572500847461
-0.143218186883823 -0.655335561118493
-0.726265121727808 -0.252932434120614
0.652447449028714 -0.42055059946369
0.325527804051771 -0.191696103049429
0.0579226161757656 0.69633373302956
-0.417977129756765 -0.724644784298423
0.0964913452685539 0.512108718923828
0.664077698513739 0.10506172192594
0.228113509892687 0.360175299408047
-0.156930808502246 0.60291245919736
-0.0870348876689322 0.312183572242361
-0.0884484861697071 0.336580235641369
-0.45218602182266 -0.531923880400984
-0.630085019962709 0.457426317371566
-0.252929647452133 -0.553398519093298
-0.489643954633248 0.2664171432978
-0.754197796845694 -0.503032176818358
-0.802033278790331 -0.457462143009414
-0.604494222240612 -0.1747391907222
-0.295582241183599 -0.63606479256972
-0.199979162517955 0.736943366089301
-0.525922527802699 -0.519676408162817
-0.323861512409573 0.612140146218831
-0.223728567754095 0.632549809574109
-0.336694553715833 0.527185032807172
-0.377361273473881 0.236616252689471
-0.300421378950027 -0.428781596342569
0.329674815216717 0.128402342999899
0.371824516260539 0.163104511512701
-0.213235977648231 0.304665504327428
-0.679840352011438 0.0668808245401474
-0.443081409335656 0.365775236588885
0.376408994715855 0.568483419384758
0.0826739769501794 0.576947452896315
-0.349801361942249 0.218255306085789
0.492992755792731 -0.596357525307982
0.285504251372274 0.386859821015511
0.257005930258998 -0.256898982932545
0.19189256275154 0.474398316219361
-0.200601855424416 -0.666213336364578
-0.0840347032432218 -0.585854688375185
-0.49000934935519 -0.0364307671774737
0.0349583081090881 -0.212263431847377
0.0490951490711773 0.292395441234655
-0.418879158518489 -0.429318546214104
-0.592178742277199 0.301757762692865
0.074673769251363 0.0630935500816604
-0.140053926080458 -0.0749981723690583
-0.0225873562673382 0.0136261406123901
-0.0979612836766074 0.0204437631827098
-0.493411474397215 0.25578399850086
-0.198462887604802 -0.000730332320303991
0.0408458585818398 0.0488221818295301
-0.871871907379915 0.00130800279047388
-0.676267296890317 0.00792989250498152
-0.546539846501582 -0.101836200159728
-0.571651799449795 -0.106359877425992
-0.428914213428744 0.148411960249034
-0.288464119321411 -0.132410713050588
-0.202995947301751 0.136236181905828
0.0308144694631213 0.0126085046109018
-0.500417458256102 -0.102929266635562
0.00502469723364435 0.0430374616929505
-0.635211711931373 -0.230561989889977
-0.253873243532279 -0.435848892971997
0.17290555439519 -0.0232471489586501
-0.16289877832023 0.338177056155609
-0.193859490559132 -0.322359194651262
-0.561452442101886 -0.236513342330529
-0.512669348191195 -0.170306599104701
-0.168385553996542 0.196026307311797
-0.397756102314989 0.287540799635511
0.329688673144268 0.00209295067655099
-0.568229349075494 0.0548654734176067
-0.107690735969221 0.177877707680961
-0.0943033655236682 -0.165573910109781
-0.0284493359738799 -0.263739588682244
-0.249888702259282 -0.220582741261107
0.0842696552011618 0.231434228083452
0.29471914985582 0.33155993845372
0.26416970450334 0.214931992107928
-0.221564320205702 -0.387491871897048
-0.604127870595355 0.0408938533532047
0.0657915097731361 0.455699940881483
0.00103084948253941 0.397543960470462
0.460236967885927 0.0843913646805958
0.170246776576309 0.623444863519233
-0.323080371129217 0.592647930588305
0.107938242839653 -0.645908228062589
0.464623235697862 -0.0128812500087715
0.237458540318332 0.542848531359476
0.0220102173833766 -0.607798839131473
0.289064826023544 -0.720610985668067
0.152041209216804 -0.798451387049175
0.544152348481008 0.0577769363173765
0.0191087699715893 0.742632232370262
0.047868220539652 -0.785555574931049
-0.0250647066402281 0.696640522757869
0.50888214910994 0.0483521239825115
0.555921692673988 -0.0434538547409119
-1.05810061238461 0.0170657619499164
0.45549832353736 -0.0236768856786944
-0.934428445831121 -0.523284430352509
-0.0995721816971551 0.739578615983733
0.234776238549136 0.0515942961929853
-0.0232134022212125 -0.795748181683929
0.468094955688452 -0.0873574232516929
-0.586615124170181 -0.688770087493925
-0.175444709275144 0.51677080611584
-1.10985377078647 0.0718144905790885
-0.0251744204637733 -0.71732415544976
0.0484411763266724 0.811982074788446
0.698848645821769 0.0955293362961888
-0.335238852266667 -0.731272121186729
0.436205212609122 0.604735929112845
0.848447432103573 -0.100961355860517
0.59494216416355 0.538615526696707
0.676432784727574 0.547006925228916
0.541047072180493 -0.738566317574722
0.391739921178264 -0.624693560776649
0.214602884665183 -0.779073684613207
1.14102308719447 -0.0151169759320598
0.616803992568305 -0.827243699868273
0.194446517013091 -0.906174143916045
0.741098413603435 -0.726709229449139
0.967671671097047 0.561749851211234
1.23635826133667 0.465761503497081
0.924347942215275 -0.67155919828762
0.389099015209814 0.33484482535237
0.700096066948838 -0.522810163427518
0.949859757049742 -0.133886596017312
0.997388354797757 -0.0248623097997559
0.64961314539946 0.0414903169963774
0.550710495942496 -0.397831629491581
0.249228999368891 -0.411865271958675
0.801076459211148 -0.148708964122318
0.176585126294189 0.413181442333989
0.678270961640623 -0.0135009145524131
0.683245209413707 -0.0767418956167842
0.599428746023195 -0.00463683439912673
-0.0844961479080035 -0.314761312775661
0.575228445162915 -0.0846086250697964
0.645852021249808 0.344905050443585
0.910270450962078 -0.0821568885543816
0.482974730441187 0.290766877744086
0.222577152246546 -0.0770721071074468
0.251626483157461 0.0948743812521382
0.543026396468849 -0.241905214117766
0.690658735251633 -0.284692209759644
0.377466492535747 -0.0188758301480989
0.690226827238951 -0.257643560536943
0.737115170421696 0.272690997781114
0.748500571296927 -0.259912436063391
0.394629633107835 0.0374613390745438
0.624888448714099 -0.398555667004349
0.761148303283811 0.425930029285631
0.555823175164695 -0.579397570249184
0.187293091223965 0.00465442622843147
0.148136939674459 0.0801115549937886
0.288464546566804 0.524382763131842
0.152688754262086 -0.133242541131094
0.498175808878422 -0.158539063031613
0.604654918758631 -0.114819078405359
0.519097566611972 -0.322841283975277
0.22961408261826 -0.133815106794411
0.264929587563013 0.233092377713085
0.671612754634227 0.0237202744599394
0.387842047737175 -0.189852927721122
0.759431309453758 -0.03249450800816
0.82863575474103 -0.0151228700362072
0.781622773854089 0.0465561970225458
0.651283613357771 0.160332903350507
0.907794254572338 -0.0535640853162244
1.04912770182307 -0.0210508357674187
0.777864890208101 0.0985151328973286
1.03311189653746 -0.032451560570073
0.580706495881426 -0.22812018991557
0.792578393798349 0.168174638967432
1.12145269843932 -0.672039238987757
1.06341492347498 -0.809594834655268
1.41319504298837 -0.394519100948757
0.97143184819266 0.628487640350782
1.20384357668276 -0.320678127043603
1.28915528209178 0.251424770371856
0.0273141961810954 0.59996629803761
1.21313581379506 -0.330089595268304
0.7111725922955 0.824634401953923
-0.216059193585399 0.747215382278617
-0.636072821114022 0.0361706938994364
0.99519517743024 -0.156155029824432
-0.10095058021768 -0.786476801945247
0.730973832842357 0.445084125879674
-0.110593388126618 -0.408480945549915
0.90397014300771 -0.0598158617543022
0.133834539250893 -0.510374369071737
0.124900986182819 -0.418731410728286
0.76685023107737 -0.0993951572761747
0.546631012420012 0.182606664896425
0.45064675810429 -0.440755656904483
0.183818701958189 0.534845392130307
0.307737236333455 0.539723130478879
1.00635061866215 -0.0614748933956891
0.475218083733094 -0.255675061881046
0.90127993875155 0.263060780907634
0.00258935695815081 -0.0035342705254686
0.952749128031812 0.273069120245148
1.00537669208372 0.328211937461342
0.522675752972988 -0.615864567634026
-0.175315564431664 -0.110442441780435
-0.256811624796068 -0.0916758287945435
0.38787655860544 0.745775798983268
1.39181967835764 -0.0877847453439157
0.697750576626818 -0.970491291509126
0.990724558272519 -0.548382654371168
0.279258164377087 -1.00624154339145
-0.133928307401207 -0.540978005588614
-0.323430390967991 0.410461886991138
0.779331858226069 -1.23734797173583
1.37309752307802 0.481005334831614
0.199321008430556 1.21015680900115
0.14508103388857 1.27169379907631
0.172583042777351 1.2059362408526
0.200314728077673 -1.25147609854375
0.38606120230412 1.2709444567921
0.321741219776307 -1.38962471024071
-0.789700212242572 0.123507481212389
1.57308737958611 0.99307285744559
1.58429190805282 1.02191468127777
0.46623921812142 1.33689553963352
-0.656991714777468 -0.0168180321516694
1.87353101422203 0.62233579592973
-0.784756994422447 0.0944595158760984
-0.353322522019525 -0.301756655744033
-0.688890722656238 0.0499074864021546
-0.518921184955922 -0.251342674017866
0.563067306183375 -1.16362709333095
0.152887491836083 -0.0440133310851783
-0.689491925341644 -0.217255768105089
-0.778082070857997 -0.399578808882565
0.638041924686999 -0.967669588926435
-1.21932999728637 0.0466162820250441
-0.358170453530025 0.685994426221973
0.903126378103757 -0.359520552081801
-0.72158057442363 0.931383067570292
0.93366849264544 -0.271282678400558
0.26720716886549 1.14302481212435
0.320557136281566 1.25976495051819
0.295824041549985 1.20428140210127
-0.950431054253539 -0.978170974703416
0.428285271201561 1.13250791083141
0.362502591879816 1.19900749654876
-1.14486636909651 -0.891383571951263
-1.06653190863125 -1.12847611876649
-1.1666566595474 -1.05836783191155
0.902148085024875 -0.0427867418301827
0.798619807289105 -0.0471846679081185
-0.129955254451655 -1.35577690314952
-0.423144540557431 1.27011967074109
-0.35630393851319 -1.24892118166989
-1.69440877194626 -0.628927749225208
-0.482893572754003 -1.22660665175866
0.386541409724959 -0.0686667961401808
-0.919919503328998 0.980025000291769
0.117526298692544 0.0489520835215931
-1.02224442700943 0.728805134261312
-1.15308883441003 0.627371559502544
-0.0184775981595589 0.0859338854125328
-0.440206496921907 0.00266538039841907
-0.984008048206001 0.645635479783345
-0.892949927134824 0.686159046062583
-0.965250451800721 -0.575072038300136
-0.97732256821368 0.515047265575268
-1.09732908781246 0.450626176301575
-1.07989277594144 0.342080129744766
-0.60670813751863 0.049442552915453
-0.78591914760707 -0.0058326527054427
-1.57789296035091 0.142366937564554
-1.02002044477384 0.0581325277309602
-1.09033165521268 -0.0231767592063187
-1.11284715113347 0.0727640231884016
-0.774341158360237 -0.0430192984062863
-1.05985450254425 -0.0919173693113202
-0.885573885495427 -0.165925471880835
-0.85277256320792 0.201894452236901
-0.530215760294078 0.0740570197189547
-1.13713795761374 0.495967994774997
-0.350689053890029 0.0631483496939837
-0.907203432406937 0.441172182604468
-0.26269552491745 0.00655754373370534
-0.877099877455323 0.627874333283966
-0.919073737822506 0.646573768257431
-0.107933155673006 -0.0144683378487728
-0.00924988323318721 0.0568554251147299
-1.56613083878713 -0.381277264387861
-0.574425120674928 -0.984120681731817
-0.497778402890364 1.03467752129849
-0.480143226021893 -0.98737162767804
0.409289297155251 0.0788419987460489
-0.645082070103505 0.753325866960365
-1.25624968825727 -0.579625834002358
-0.663036734296848 0.600652707561258
0.428981097250926 -0.353239602952157
-0.00313287808731395 -0.972966588278444
-0.758883937983277 0.306159460736147
-0.999326750440444 0.416118040968925
0.446506461561527 0.401216159055724
-0.87296039091663 0.25237356786742
-0.977310136082088 -0.803918237871758
-0.5992459885254 -0.639771459700631
-0.87079960518442 -0.369582672137665
-0.688671072698815 -0.593495874916144
-1.3484139962576 0.128058419589023
-0.166249881363351 -0.531663582113371
-0.806817790394629 0.614495990954835
-0.826611293288359 -0.385665598686767
-1.1657895783912 0.0628820606197103
-1.07203747600846 -0.00959982039744937
-0.557201738994152 0.418514663022021
-0.649745957746004 -0.0710369285774323
-1.07566596955177 0.31064591595174
-0.457033156472913 -0.0154802175843485
-1.11301595426008 -0.102984581619876
-0.757908707877525 0.235010297823718
-1.15463140168656 -0.0836646873799461
-0.551266945942109 -0.552348963646551
-0.60413166809609 0.465419794119765
-0.874434154484534 0.732130949066548
-1.08085577924274 -0.172828359590597
-0.0149257390997945 -0.0438893068699458
-0.0426564772996522 -0.0156704673854606
-0.330162891910056 -0.704731292061862
-0.549792834424359 0.51931797672455
-0.461613352531409 0.571686488138976
-0.8892850053615 -0.583907632266799
0.512107532062281 0.0452274228001861
-0.644798980002016 0.970561066353839
0.762417370327419 -0.0172246114187637
-0.589585449607064 0.733209349742829
0.0926932556475825 -0.714506754861765
0.539097325416109 0.100485971007904
0.153666335630062 -0.585804768616203
0.734497643718594 -0.0582162660794923
-0.565578877253686 -0.138519194426567
-0.000517900436246574 0.0088608649601321
0.267932511267151 -0.604885504286918
-0.343748167689175 0.614356491676156
0.0879520812349959 -0.56771711152867
-0.301400409563782 0.622155685275089
-0.610784663195701 -0.0403749536247697
-0.478319088477333 -0.481590205980318
-0.797634604379811 0.101183310621396
-0.579941241648286 0.120418704097076
-0.211907316575996 0.345474682869653
-0.372671418565382 -0.258264186782543
-0.446771953925293 -0.310214297671412
-0.70051922126282 0.0762073795439922
0.42101218218953 0.00200049403926635
-0.894521108556318 -0.089310577817404
-0.882946270733151 -0.651289350739989
-0.511017708216497 0.816983585767476
-1.26432800067761 -0.170613345303673
-0.594376625028937 0.912920129812402
-0.66222530162115 -0.903179607691109
0.30478293967924 0.465184260401365
-1.38524195670689 0.538894665308366
0.912541431945514 -0.00964994704756357
-0.0941247811969114 0.872015031114333
-0.170526850906824 0.924090038029554
-0.117152502338419 0.999561938829452
-0.382792624302861 -0.948326529954371
-0.805199190275079 -1.04391989781654
-1.20148118410689 0.143842758604583
-1.13906423910818 0.0320161012774511
1.01948171800754 -0.0986755629000615
-0.575667038537546 -0.827946027996942
-0.991595722377444 0.0678238625032562
0.299106466942646 0.876735866871707
-0.860610325121929 0.0443361011146072
0.240817418674415 0.767290823463142
-0.78942161940027 0.0560111005761108
-0.799321399788951 0.11682581307077
-0.200865843483564 0.685568689035341
-0.283154653913255 -0.602822739840268
0.933283416578674 -0.10351344024102
-0.631146635573284 -0.0533011394423275
-0.524769041949556 0.0598913242172649
0.638762131405803 0.499128820813233
0.678751490392511 0.408990055839583
0.0237084200371466 -0.510716680207181
-0.377393241229841 0.0518706056216385
0.516079864646678 0.289556387443617
0.445203402406214 0.252552650717195
-0.0223670422118 0.505619185388257
-0.0185853595836071 -0.452050374826378
0.437961976225923 -0.471334067228914
-0.412637344540429 0.0139954724392887
0.337606166291688 0.290492095647416
-0.065420334887183 -0.34098993390515
-0.538958491056816 -0.0663198301500796
-0.188755339148788 -0.221309210127957
-0.457882499493343 0.083777868803432
-0.312665669179632 0.461679105608904
0.144128125690492 0.0776475724706441
0.12551867674297 0.196094136945991
-0.251908874400355 -0.0797868753518342
-0.371150441994453 0.190053839370488
-0.641002365960455 -0.213143683802168
-0.578676885612018 -0.400887565265909
-0.158117261695159 0.3470310688721
-0.360176783990469 0.441398807812202
-0.00325482754895961 -0.112652825692862
-0.363483324456756 -0.190763987252649
-0.442136987506263 0.269059382152333
-0.206226317516737 0.0116913162634976
-0.322461740037562 -0.279265958528925
-0.306841832414017 -0.290668187651152
-0.215555759352798 0.00530504052313046
-0.14348273695965 0.127513816922071
-0.529574451185272 -0.0462807878337977
-0.336406106100109 0.101016396336245
-0.275506983686766 -0.0504490997355925
-0.4753914863708 0.0466525931801969
-0.364006186535976 -0.0342278614140918
-0.540185029738932 -0.0800107978433302
-0.359390350204269 0.0724511418117882
-0.475423808038631 -0.0530258348779286
-0.405149547003602 0.028298993618521
-0.385465292570922 0.0491829294302685
-0.291107292190845 0.0752952573923192
-0.272827908016391 0.0793355357854331
-0.196400259844752 0.0845973653287156
-0.214788491571657 0.0182367285093078
-0.114948125719118 -0.0318103245428493
-0.205578541682691 -0.0104481623981087
-0.143281876041331 0.0428699640805106
-0.186962006554185 0.0701154921235537
-0.121824614176968 0.0392227193153983
-0.143162567574105 -0.0646168589442784
-0.13612964611829 -0.0301783934897832
-0.112892596478049 -0.0507630956584816
-0.137366452878069 0.0467651669554575
0.0430655443451716 0.0155623408478349
-0.120672806887627 -0.101797796177714
-0.0660848527492217 -0.129501535230113
-0.266357044278938 -0.0423431539705691
-0.00173818810519523 0.208397629151403
-0.0634740070643257 0.0613427762913492
-0.0919081685056178 0.154008991368039
-0.00514555173250964 0.268236391785474
-0.396900292683347 -0.0323532469730025
0.23511794112439 0.261103997715262
-0.236842713675679 0.303237649648425
0.0396413968711381 -0.0225003422064553
-0.461865136907283 -0.201695801113117
0.372300508489913 0.18244784892644
-0.418712582697598 -0.176866433948063
-0.503820196299706 -0.0274210433468302
-0.234234792196295 0.175242516661696
-0.0469126062075374 -0.455214566061861
0.123741072125539 0.419238344770255
-0.101911125713441 -0.349961789968754
-0.0341093252321457 -0.410664371262562
-0.163748971519721 -0.0361092686674836
-0.112484580417169 0.0735235984590041
0.136789802206922 0.38650619898485
0.453680235420042 -0.335398729215504
0.218925090033578 -0.248720503365153
0.204859691139516 -0.257735411746389
-0.204080541403056 0.0362283072826387
0.115520160812679 -0.175835721281813
0.367708115586712 0.196397536506481
0.34788109279184 0.17646786730771
0.163710466224537 -0.249523046813151
0.0302894492465373 0.298215203688212
-0.228943130869025 -0.00946861674263667
-0.219751408426191 -0.0166731693015488
0.12601039597702 0.121842259259583
0.105309130953329 0.266208089340158
0.0333211530998747 0.136393401659198
-0.324805858306242 0.0203802245525432
0.0522737511077698 0.134181138592979
-0.417539783876826 -0.00885069162412704
-0.249986235454955 -0.0927570168074431
-0.177060207546395 -0.0419124212418804
-0.433468236479299 0.0855022582208478
-0.389168324298314 -0.0888141972038575
-0.443790216014215 -0.0706935314492687
-0.290948340038744 0.201721939132902
-0.380720839641928 0.0991236061562606
-0.453874005816569 -0.0112306798006659
-0.201108394442105 0.0881169307340109
-0.385659002988152 0.0741520776303673
-0.404854169438382 -0.152328704544242
-0.334258623483839 -0.0395551856530301
-0.299421128367918 -0.0841246513887749
-0.327624806927842 0.220152318421153
-0.393985789620091 -0.0890423298758996
-0.52096114568164 0.0372751958815638
-0.40681442435099 -0.209198093818933
0.163455432740683 -0.0268431696299632
-0.0333825127416992 0.0485480567564177
-0.222768359245376 -0.177053560392377
-0.352149271983426 -0.250593392156213
-0.431666506083695 -0.296715829680081
-0.105212319920231 -0.492191559458001
-0.167869859830188 -0.544066483131764
-0.586015997342647 -0.120014207104358
-0.582060781859112 0.112292360181378
-0.46836312808488 0.182084230517189
0.359203044455043 -0.0286108010392353
0.46035820884988 0.00319502277594468
0.301677633555002 0.260920184286672
-0.452530706086875 0.73487902573954
-0.787147308641285 -0.209566911875144
-0.585868360216321 -0.203908550286995
0.202053069711366 0.681664073004283
-0.172056158532482 0.761893835560519
-0.0742812467101589 -0.702824428842959
-0.093449437794796 -0.70903839132466
-0.043079461547321 -0.561137946790225
0.397022352901631 0.587914961698011
-0.595861412787494 -0.210797788919536
0.584828848379168 -0.323057204538018
0.0371057447363725 0.0772888484796213
0.0348671890266973 0.655764842976911
0.376740477461524 0.694017815688266
0.365329850310055 -0.188272500370322
-0.0604444505367227 0.639462322939063
-0.336153839789967 0.513421359784502
-0.794137329359985 -0.550174247320549
-0.319986973464113 0.484931957597212
-1.00496739817712 0.0621334399273672
-0.748251745271302 -0.269508927607208
-0.291397189865873 0.540791246079223
-0.262716720188794 0.478827423289999
-0.214746030479159 0.399024492287407
-0.763289063379003 -0.235752351606669
-0.573838304287144 0.523620011624626
-0.531050203172967 -0.373547132151587
-0.498465113019868 0.406973562558127
0.0784037830015452 -0.000852192201852443
-0.572180414967044 -0.356560594181356
0.139027065121436 -0.0409098069494584
-0.173056261470504 -0.362041434020091
-0.240741680055159 -0.306598224403881
-0.205695352901946 -0.281198704225016
-0.112995935294296 -0.300109016578328
-0.417273937671936 0.126105419060846
-0.0997575973484661 -0.225395315094431
0.0829234513414261 0.222851310106558
-0.221779697728028 -0.285308208801522
-0.420858038677739 -0.0689535997958054
-0.125631417953246 0.267703233156256
0.243742405067995 -0.0230789552520168
0.391879843058046 0.0120242055398781
-0.418995172875874 0.335978290704736
0.240170183537395 -0.0621519114697153
-0.303206859046133 0.402287133666187
0.0248382772416678 0.370072988610636
0.0370443393509412 0.386264515488996
0.0616496936525336 0.401484692519466
0.400150358977103 0.0183980480217446
0.0804746174889525 0.488531736743742
0.0291053932974924 -0.531720640961459
0.392559966860227 -0.0176181255619742
0.42751920049424 -0.107086166456924
0.0650428757009065 0.53712579432001
0.133768510267664 -0.73003359822317
0.548408130119252 -0.15661301098675
-0.269188949199487 0.72058245789909
0.082701355963188 -0.707447624281031
0.184678470273434 0.614452557956663
0.71190916733527 -0.202449086027969
0.599592967764035 -0.143353701956325
-0.174076568714184 -0.725729801931193
0.488147461718187 0.557018595624097
0.805047292135072 -0.0701920631116587
-0.352375141356616 -0.591647980819187
0.4168307592191 -0.206091357104169
0.191649584743081 -0.164960396943007
0.13817163505036 -0.57221844724738
0.280843940900406 -0.573909034668105
0.105452146465079 -0.0562407963845785
0.351477384581854 0.399708387945919
-0.548479359124931 -0.137786645144672
-0.42347696558731 -0.396620262145016
-0.463004550310813 -0.159999839054434
0.123106822504411 -0.142152675294143
-0.574893006857164 -0.525171732067995
-0.303778364976921 -0.34454893087466
-0.503240670570325 -0.151875624150046
-0.256193273902002 -0.51736807743337
-0.284527807263023 0.385045621405164
-0.07372486963928 0.471252281200497
-0.718503355466496 -0.143686635993369
-0.357410181563966 0.226316559138854
-0.0799943311122012 -0.0527321326093851
-0.31867507984991 0.16649023718132
-0.142599935842731 -0.373541227274348
-0.316317525224601 0.0866935430538482
-0.296135388128004 0.117067293119356
-0.132099546179365 0.143669516323903
-0.0365318130663664 0.212644921800526
-0.314951030350381 -0.0293140160193925
-0.208152444191012 0.144101920767264
-0.213347106858416 0.0658009747299376
-0.0707822235428479 0.160651638673142
0.0935164907440666 0.00579156728238879
-0.193736860485113 -0.0304611747623453
-0.00363326671049054 -0.0360716708820272
0.0717366639282459 0.067912386240699
-0.0710900280373732 0.101371954167667
0.208813529331598 -0.0616541691176752
0.0260914451587765 0.060700565234764
0.0651237220881114 0.07346847737482
-0.0412958384730732 -0.120406275846356
0.202021783778199 -0.0543328098236173
-0.0117548051352761 -0.0376777994610267
0.301227778117774 -0.0124691162748276
0.186921048170026 0.209747346768049
-0.17722155279394 0.322988936957552
0.140244765506286 0.168045356902334
0.0278390060313517 0.138830220704475
-0.0953521842777365 -0.271171500957949
-0.259238669318384 -0.194280338509764
0.089458061106189 0.25988368139797
-0.0359212759945686 0.171655954116625
0.387037437868902 -0.0269137111730587
0.332476015426371 0.0258897945789376
-0.370728007225873 0.169373771981651
0.11775049447831 0.194143766185479
-0.0714646396318827 -0.391631850984179
-0.164746992054766 0.0631332111295526
-0.357639919858726 -0.023200218778068
-0.218862544585875 0.0287283492445173
-0.523775425188164 -0.0812562684426575
0.159405589241615 -0.321649329987916
0.234803109897303 0.351041163891686
-0.185299870839663 -0.302125245825495
-0.579249044080174 0.0518994415439488
-0.23471247282036 0.619787674437413
0.256570256974999 0.365193370243681
-0.189876063689768 -0.534994416066824
-0.434790587742179 0.0237323273051872
-0.526759175165815 0.101771831284299
-0.323638920732966 0.0444206020752296
0.0290263328317522 0.591696076145335
-0.391462348591219 0.0431103200048387
-0.397147124577422 -0.0148244051135999
0.0440321307454901 0.348818933762126
0.521055939636615 -0.0722556003618313
-0.148076103502683 -0.13056392088464
0.239390636480547 -0.318457532795539
0.529674369707698 0.00234025156241413
-0.0641054698165281 -0.264377870968316
0.152040020880434 0.138597781574623
-0.187664017352627 -0.0336820698404361
0.140956224909918 0.226158948459593
0.0343906384122013 -0.0746801239436587
0.0271497562416035 0.130862133201875
0.0617582328525569 -0.0134557603458579
0.0759348036310215 -0.0366979735590447
0.0611965910778226 0.00435388437989554
0.0617595598149182 -0.0598767187315356
0.0336280259071215 0.0672381028697553
0.0343950182342927 -0.00713416557104203
0.17687593778682 0.036953282665722
0.0706864292326553 0.0553728090499511
0.189940688527082 0.020695609457893
0.155472878973184 -0.0961983130284549
0.0281048752889223 0.0252995412379086
0.236909934109327 -0.0216827653924442
-0.0322299893829551 0.0502040565789337
0.0347139509379196 -0.177800647676478
0.0459765004534383 -0.166792381478081
0.0362546038520131 -0.0926539591031413
0.124313043363167 -0.281845296448433
0.156656625131684 0.116220049252476
-0.164127920083529 -0.0349575386725938
-0.25345898486303 0.0482287058491769
-0.000496913014128452 -0.185788927624931
-0.304596772953615 0.0476736942187479
0.081351830271295 -0.167267703441406
0.421616923847942 -0.337657438552924
0.196901893071061 0.493535862717565
-0.109049525248364 0.0175228120789697
0.246053765959414 0.55716641090586
0.848855042208179 0.248969658882074
0.45864255724985 -0.429740964709543
0.0218069547286897 -0.0286018369696344
0.45928188834973 0.503864887042289
0.404576372063645 0.433726085555456
-0.00510262384641876 -0.0250471483760294
0.636969146652467 0.210809371270732
0.205329996970192 0.434009726288703
0.170035440540866 0.335757862835583
0.394987236610699 -0.413322129599899
-0.320823477827376 0.0210700172698702
0.309609882148557 -0.354281331578129
-0.0711792494303565 -0.343820045688279
-0.304417374736774 -0.32659626417231
-0.322941244389165 0.524085708880244
-0.522571058473899 -0.0174303169688136
0.063054003354644 -0.333711830903814
0.0232179028225531 -0.516162846970058
-0.2617288132863 0.127338088305774
-0.330971524816005 -0.156455299651259
-0.344162868392614 0.156256681611296
-0.0769383971037839 -0.594077549314072
0.954661246741863 -0.0667719921223374
-0.296721411363277 0.0172249855642548
0.967210790680564 -0.0119269339363089
0.731632680766617 0.360754780307738
0.095407540360061 0.618787258547643
0.682970868719681 0.458100645551375
0.259260474563883 -0.433770612429026
0.202670065483575 0.674394602834535
-0.235902715898546 -0.0270631307927734
0.718896448370047 -0.771880409482689
0.434596350622525 -0.656665325550044
0.256574119262847 -0.697284904693337
0.324862106808203 -0.633772111635914
0.455072024142157 -0.40410375777788
0.699111003082203 -0.676137931774607
0.423421949732019 -0.321295198286811
0.225313522310555 0.510119508748223
-0.0321700702589161 -0.253940518623393
0.0636206830082507 -0.472102392144655
0.805771461667308 -0.0310454546376104
-0.0620320194264722 -0.202081685920857
0.302236874927276 -0.384850966896971
0.237551196928586 -0.322945564937939
0.404736347405697 0.156416009262199
0.344694186482738 -0.494713855774825
0.135729550610184 0.567894327732757
-0.00691536279105246 0.613601807878735
0.528430678787124 0.463788071562901
-0.0489291197420814 -0.318797900042732
0.570119510198779 -0.312035598061999
-0.695884248746561 0.047757363330337
-0.265086136216303 0.70510953161489
0.05630099219357 0.551319841837614
0.00858633785921849 -0.0215672218571408
0.174516353236393 -0.158219232028381
-0.357847572872916 -0.0814700689384261
0.35432278653293 -0.226394618365655
0.381499497465874 -0.160596905248009
0.0431892424567558 0.331474013519029
-0.106192402444404 0.198538083887239
-0.0062245138154497 0.213496701130539
0.0872652101308938 -0.333815258406044
0.235576308286561 -0.106795113970258
0.0394640746394696 0.247205468484966
0.136794133518752 0.235513586525147
0.356703622858407 -0.0834507392078299
0.39689234012657 -0.0822621918102211
0.160908270745926 0.155559445996274
0.373102418020909 -0.0457384011492048
-0.0172132719503969 -0.138937754664452
0.144637303802638 -0.24024144574085
0.43389929085301 0.041732500317641
0.575435568600036 0.104049834642683
0.303602794629358 -0.202345253401595
-0.342312112572904 0.05884503480789
0.521543042770297 -0.560514186801505
-0.146651781492849 0.0303514504204439
0.0510186901674023 0.0864396052445779
0.458759614071884 0.642139587119447
-0.0692283873425106 0.166602955178361
-0.250187980409845 0.284409170338197
-0.359619546156142 0.0942569606007806
0.726305700805106 -0.279110789200246
0.166171111376612 0.145602206431615
1.21610596705621 -0.0547727418637879
0.205902701700327 -0.336254154055677
0.257838655561101 -0.478346691223804
0.0976452899670469 -0.697319080803833
0.509548960342516 0.498502077424274
0.47303912014052 0.41139403444611
0.497989943596907 0.47769356982869
0.531871375517038 0.629184495223755
0.305210522126739 -0.808875857264123
0.987398667523882 -0.0349688648395765
0.560603091990709 0.81570357070307
1.09889411468725 0.00503714174926458
1.05651551699872 -0.267993182333391
0.417463095450177 1.01807109638062
