0.578332654818142 1.66911838872953
-0.0257457568296214 0.114897595606058
-0.941730203260215 -0.432704686028383
2.18742011029893 -0.410315811352211
-1.7103721265842 0.238718994305381
1.27657683899865 1.42444546245543
0.0936578967218957 -1.24797873287748
-0.410575765330272 1.36592075874076
0.414173540269539 1.21668861383414
0.109999385053932 1.33819462829792
-0.721515495270848 0.147139088778513
-0.744454665593779 0.060617084903095
0.932868567207189 -1.05224808689012
0.495339413944271 1.02779462656073
0.336845164405274 1.14595812341644
0.381683161987803 0.831876186043563
0.170459932402961 1.0805446217622
0.604143725591356 0.363812577608289
0.184217337420133 -0.706315315016335
0.980460671010218 0.785147821579639
0.707967991992024 0.101082649759015
0.0594140113160672 -0.934840896373588
0.823289620005703 -0.292698195785676
-0.335990575783729 -0.693540100577073
0.628198717025806 0.913205934516528
0.858076460727552 0.0851879625663099
0.845679046886011 0.172587476150771
-0.048128454363829 0.604094060752582
0.043665441053805 0.616513935577912
1.04101501404489 -0.0654546119333266
0.968876371395677 0.0315697239693229
0.761983149218268 0.389277085354666
0.334624483807454 -0.666084977477137
1.1846961345634 -0.171727808797553
0.932921525971146 0.602477948398495
1.20491223540312 -0.122920295828085
0.0162783942194666 -0.89445144726463
0.779412817742116 -0.750827625515095
-0.0305045128080525 0.835981251535232
0.815937162428007 -0.942037690464519
1.03061915783919 0.504331866354379
1.14209594096671 0.141111921628714
-0.459119245626998 -1.23950036442776
1.11591919569827 0.149132346037415
0.623377037670565 1.13861813619697
0.433097560778023 -1.23201493045565
0.15505544337764 -1.13892021003925
-0.803498467735738 -1.18921955014232
-0.269560710095191 -0.891722241883434
-1.03448957986152 -1.32333861659607
-0.222559344673269 -1.20005579495274
0.159925544745377 1.01904506278148
0.232323167064717 -1.16339963011784
0.0382794751508328 -0.998407847653766
0.341786399916369 -1.08227024798062
-0.0313292302409064 0.777514561774575
0.843780271683309 0.0417200954146715
-0.527841616623954 1.06170206467177
0.914134722611311 -0.0795738395399609
0.905814966477422 -0.0719862857781678
-0.512064126439624 -0.815822375455088
0.908352420185842 -0.164584741175072
-0.465989340592008 0.659114270936658
0.452052556859723 -0.81735651444456
-0.101703630328319 -0.70983170258553
1.29849747956044 -0.125909595034095
1.11336355170571 -0.222028506596194
0.473547441186386 -0.689917821909456
-0.0904703293036324 0.0131216043970827
1.32568491497512 0.15193710953947
1.22237456183423 -0.00460586052258259
0.770795978725334 0.3057485588888
0.831697416739086 -0.178248573596703
0.770488670969211 -0.557711053898594
1.1547166787952 0.410920587945746
0.822563414729245 -0.498183703686835
0.703195842404527 -0.387585468529864
0.640662360424884 -0.221388592087325
0.953156894928671 0.193790702936269
0.9437164612879 0.253657445621372
1.27007079419553 -0.28704016664064
0.793538532696896 -0.213546793766931
0.666075790747199 -0.186862819289623
0.560774599558519 -0.0168903929788155
0.812383561233225 -0.0545218588661474
0.48809087049626 -0.398198963044576
0.226671765816755 -0.402195399537908
0.482463841245825 -0.208854384532806
0.541780774433914 -0.25297684958366
0.304784000693134 -0.148560678771635
0.512819023275917 -0.112653440871814
0.586378505743036 -0.522179897444047
0.281831664508881 0.534205385182883
0.742280850142915 -0.219767996817197
-0.443028836549226 0.152435420777277
0.197625621803941 0.487436655533211
0.263134231453747 -0.460880387703366
0.104182228688489 -0.50442068750045
0.0701682368381104 0.566980737937436
0.557070596738234 0.756897489787011
-0.0834588706913013 -0.688705416040466
-0.0592661182672126 -0.588515945417895
-0.58177069077127 0.207259251929882
-0.658086626145662 0.108110437331683
0.42714574233344 0.582364670254712
0.493728060899233 -0.619824918698855
-0.729528199511186 0.132452259582097
0.332978140928821 -0.395455979641932
0.0940301446611043 0.381624153366967
-0.542367823327345 -0.429772987571929
-0.772571355645429 -0.366836028346662
-0.83002818428377 0.572052461699583
-0.568795015163346 0.42904085379158
-0.328162112899588 -0.0807759731092001
-0.484015253447041 0.109015032283379
-0.373474183013851 0.235586430265275
-0.232810289354132 -0.0951153055749095
-0.112785303269959 0.279461610485297
0.253300536955893 -0.0815090085809475
0.225389965520922 -0.219397648111705
-0.320905586019713 0.501648464937409
-0.125358464694861 0.216134664064261
0.440696352760953 -0.108485098896672
0.395731334129862 0.609150677949186
-0.348488487150848 -0.286815327115515
0.208272369602742 -0.263156963176735
0.382684040379001 -0.180228037053329
-0.172510827249214 -0.326470792585555
-0.571216559655446 0.211448097489602
-0.199527709751945 0.00193638522890851
-0.31418649231396 0.0504926362536866
-0.545099000479696 -0.0560896258588059
-0.646793236811242 -0.0023524118908457
-0.58526262295752 -0.198775224330793
0.00164338214463426 0.0024410952475442
0.163053144903627 0.1477477853585
-0.684674272921091 0.385882777105089
0.089828352633632 0.0950109111976428
-0.454836807519016 -0.166547369383327
-0.390177251285263 -0.289224594224633
-0.135907433439471 0.0355564043676607
0.431977661401639 0.772900090991339
-0.697300633327455 -0.864150105670178
-0.920264734648652 0.483153088424704
-1.02793106915668 -0.416038879552385
-0.352708778966423 -0.833086207499889
0.27930719744297 0.0838982489278017
0.15781207622388 -0.00376046356910378
-0.328301021071395 0.646581839891734
-0.531231189196353 -0.355640016368739
-0.782970871757677 -0.140527207969709
-1.06015574744201 -0.154541731411526
-0.734869980697011 -0.182834989160275
-0.8015042490006 0.229287035666429
-0.295781877428541 0.0338922213423141
-0.620692314079236 0.242774754581496
-0.251850280503846 0.117692685330792
-0.372198346380359 0.172239763659959
-0.23509086246944 -0.0668748992190225
-0.0629064881782506 -0.273283026494129
-0.0549652568696303 0.349543624026274
-0.0758798280366689 -0.0679817477041062
0.464866741136062 -0.274481178774154
0.00840355024917789 0.269324478390121
0.705267792144224 -0.219314039316244
-0.054359523059059 0.514100121661417
-0.541844847258995 -0.483182071387105
0.355299791554268 0.0845555254385363
0.474673187879351 0.241713493413979
-0.601426782912619 0.392399832958528
-0.238094805273565 0.443143375193297
-0.203329472064638 0.0749470283231356
-0.216583928458569 0.269653873097972
-0.713030365244523 0.0853310215330557
-0.605096240543957 0.354687351870708
-0.359204994938129 -0.407555474364764
-0.357385330867358 0.403805557259791
0.393666825639614 0.0106363574689683
-0.55374886077267 0.292200904587554
-0.203177730076174 -0.531092228037799
-0.634218218158239 -0.605120870263369
-0.27886222180011 -0.531169163823608
-0.311377699834491 -0.46510121503423
-0.193040985955209 -0.430924167674907
-0.184710297368372 0.807141129071603
-0.493337210935141 -0.499962058702325
-0.0922608605966964 -0.786109460394825
-0.286786458479123 0.653985409856678
-0.127765917506178 0.683339836259995
-0.499976507726319 0.254838371030074
-0.498297379641037 0.589712825008685
-0.158183029058596 0.532340073507465
0.0601883736769055 -0.423405303881842
-0.537443268378176 -0.515174267958129
-0.569899255664932 0.551349995279082
-1.03869901312109 0.0868306274419384
-0.70773969062225 0.776265511567639
-0.750541296979805 -0.305976524107838
-0.370699511334316 0.519095890133088
-0.951956386066064 0.112675166672823
-0.266985852471102 -0.161817400822907
-0.670690026123653 0.292630468880751
-0.401330510385557 0.319392109373294
-0.293542716415833 -0.154134923406875
-0.425357277862899 0.0293742550427373
-0.133694710635144 0.23928141210832
-0.21037738095325 0.0237301322120242
0.295339446564842 -0.2501997568564
0.519224467756412 0.299744759179677
0.30727809362634 0.178833265522196
-0.226231176000771 0.040506568988279
0.195058368494302 -0.632138512039217
0.40609903931372 -0.326902651575645
-0.433062385967429 0.0343718067601585
-0.00224146250494568 0.227645925049052
0.177330141801337 0.274066790594778
-0.33274705935136 -0.225187695773973
-0.0551641597476648 0.211932718497215
-0.585983238000892 -0.00801383929220171
-0.892892139011783 -0.202590113734034
-0.768527865239851 0.225934051935053
-0.126592877896767 0.455430395013991
0.200831162594708 0.6188677731325
0.733458301332583 -0.0510752632558095
0.0655642133511082 0.548960688087472
-0.0212366459774608 -0.679593654658265
-0.26216449012336 -0.0036000017153595
0.0211580531358262 0.578512347371337
0.101978451814819 0.622924057410654
0.455798173687281 -0.515394778943915
0.421207006094893 -0.43425856962668
-0.581684661933789 0.25266124019406
-0.141970167570716 -0.515565024083356
0.306915602157909 -0.208290104335529
0.0368644400489881 -0.179920268771622
0.136809481080743 -0.0884065351518122
-0.606687429867883 -0.277571191954964
0.0588655175604487 -0.0124933721287421
-0.716019882368107 -0.397733227767946
-0.0459643897656719 -0.140342884966115
-0.452870896767467 -0.213542006154818
-0.219996145867078 0.0428898186976085
-0.180674314835699 0.0307945680659733
-0.361518775662751 -0.0782523395305218
-0.168946067378611 0.191461865912166
-0.111541549677936 0.0174260330000546
-0.0774933133966211 -0.152313651794055
0.438306332676494 -0.0820954262357745
-0.122802385420021 0.0396529896720852
0.366213887663328 -0.0495723087024517
0.433844271038078 -0.134392569135773
0.479208856084688 0.323736727133999
0.214884316627649 0.282891525443874
-0.0804210788726543 -0.442853548383793
-0.124293250536027 -0.329542961922414
0.316575722765988 0.0678159920559749
-0.0159582676793554 0.289486069052202
-0.208071402304224 -0.128939719178358
-0.121556142956191 -0.0321506051449713
-0.651806810471242 -0.319864468471769
-0.13970293977666 -0.145185706149162
-0.190540618101639 -0.28052177656296
-0.16047489561946 0.107833676872494
-0.637888827890145 0.135821327986697
0.277600410283546 -0.0385882819534393
0.155431693458808 -0.283293771633144
-0.0111877223111949 0.508522883066292
0.145293887547574 -0.4211741943496
0.520906962834793 -0.160829187691596
0.484671693019874 0.036144657428649
-0.563105788656194 0.022388903312106
0.578227639567827 -0.0792171891480183
0.235997031478428 -0.0151253694426919
-0.06208123625769 0.726696240691508
0.381334418435885 0.0514484416663733
-0.795027416650125 0.418173549838072
0.427773155189136 -0.0829303744280407
0.433047685135164 0.00374440143634135
-0.61246803572787 0.541861895301297
0.490901798821751 0.080064850936008
0.331265775483951 0.576675449654798
0.154975607591155 0.379905140097171
0.513388966989947 -0.0391480488992002
-0.222286919453472 0.4553575991945
-0.504430230645865 0.219766485313416
-0.45590813727855 -0.407342136993852
-0.362376677370927 0.218202103643658
-0.596051088289032 0.130709086058528
-0.311333103330424 0.0934500858267286
-0.148576315349339 -0.0419398291746585
-0.19955282373306 0.0821386103010477
-0.0307805258277572 0.14075229907966
0.137519790550494 -0.0470870736955416
-0.0776473242923989 0.116268143315738
0.209504996666364 -0.0407972292416016
0.267186947550209 0.0375653796457817
0.531314348729061 -0.00481259312469544
0.0600657197502395 0.0091405131515377
0.0148992014402039 0.0349430232826682
0.178830900701463 0.283541482584025
0.0133557077532633 0.180147566300784
0.0498477141395583 0.173157327869605
-0.04268153201187 0.311495931594201
-0.40423096875645 -0.305178248986492
-0.368253934795366 0.216188946883351
-0.373587015605178 0.300641693389229
-0.286136648963474 -0.357749047594999
-0.603637265942693 0.133673952025458
-0.558972069524331 0.00595049645374912
-0.30528613027246 0.14587598421306
0.306628577862126 -0.227530862280739
0.106016925748586 0.323305577932327
-0.0290718516143626 -0.325889976865594
-0.103551620925149 -0.128011213986444
0.35636643456038 -0.241945327788797
0.104312413286738 0.019482296866583
-0.0635806048740617 -0.540649059773978
0.220913970733773 0.26556268685031
0.522309533600017 -0.301134678395195
0.364172772963253 -0.507360400440163
0.229931403656737 0.434679447421201
0.244712586569103 0.106671670330969
0.0588908994968139 -0.173060339736437
0.153859334625541 0.107617949788915
-0.537834831572556 -0.15296311111064
-0.294063451968748 0.094258792967276
0.0401824367178875 0.0185335679927486
-0.650424334960718 -0.17693782455699
0.0206500801305699 -0.0346760296060813
-0.520269380005507 0.338614108141136
-0.497360798991465 0.282696858203624
-0.478868998272528 0.28567711760073
-0.66365903977755 -0.0372832754690367
-0.667163429997349 0.0863308560522796
-0.666200105823795 -0.0984034831782996
-0.46738125294207 -0.0243721256274994
-0.273034042210694 0.107737957396651
-0.449914773712786 0.131960302430046
-0.432897308225149 -0.012795430198168
-0.281009630091492 -0.0574903595339879
-0.131010056024379 0.0689816590820913
-0.131458579809185 0.112962679375303
0.224171839616056 -0.0562089349478204
0.146511646075828 -0.0798931349306731
0.236965519186888 0.0206763504581578
0.138882543632081 -0.199501568207328
0.370011000659957 0.12682416038699
0.524252091932252 0.273804708670182
0.417238949443187 0.229951692235436
0.213599947759801 -0.175426022688304
0.084089928034413 -0.108090799210023
0.0667798627702912 0.266256283216713
-0.0197752858323772 0.243166553383681
-0.0108704109019807 0.00505119780256426
-0.426802848842277 -0.146411280640682
-1.00949252847884 0.149932589276574
-0.138229088276304 0.0842730446792871
-0.509570059506121 -0.24466500631389
-0.369362947489651 0.575526780061611
-0.17736196280582 -0.0775354099438905
-0.516025592086677 0.635819119638778
-0.380264863759829 0.759254087792075
-1.09249768557716 0.148490194762367
-0.434353840484087 -0.604387682916939
-0.545884155995797 -0.625495633467627
0.143502232209778 0.0156704805008908
-0.796864209224062 -0.49257991961045
-0.0542928876963701 -0.173570633551263
-1.07769225466851 -0.595049256873909
-0.933999363278646 0.371917828115849
-0.251621754610972 0.592228077599841
-0.257343278049118 -0.177626056555074
-0.137548778427777 -0.275573907961906
-0.206792996256962 -0.330365058893157
-0.151368437595911 -0.367321990573991
0.0191123361233217 -0.376857138882947
0.295774720607061 0.0117843839474613
0.486786220757443 -0.0275629762206714
0.290655327580661 0.340112356100512
0.485706170100066 0.0476115109061535
0.0501827783196427 0.407559655538172
0.0850526338414877 -0.598912719440145
0.0741454920602005 0.538972557776083
0.461882044998183 0.0438289514629089
0.449957165199327 0.129066853586601
-0.0350478079321905 0.526605835990057
-0.112331518980772 -0.431996935122969
0.625215368780638 -0.052382769293803
0.207584638288332 -0.286253894729486
-0.680348634524855 0.00215714589472135
-0.856578121623282 0.320686473450851
-0.506154566735539 -0.565409488878711
-0.364660788114013 -0.369288875879587
-0.397050678488062 0.410513078123525
-0.410811214537661 -0.157326225877985
-0.400186463195804 0.134891879587499
-0.303340589878745 0.0434002623651071
-0.0631773124895999 0.107988927011033
-0.187262048408568 0.0665505669333168
0.354135411511921 0.225980609976312
0.403606487739098 -0.233778444874213
0.278635235748294 -0.050162771994801
0.362615907261833 0.291775958438575
0.270477054490381 0.285080442433882
-0.00530853460212758 -0.444995232401976
-0.325621851868051 0.068962207751002
-0.0989958426028067 0.23893369458733
-0.00168729842563374 -0.174371721865848
-0.734052086733973 0.105251444906009
-0.157523582365528 0.332960762739151
-0.762715449421487 -0.317454240420227
-0.214676694342666 -0.376785111811443
-0.661332566807874 -0.0252146606159684
0.110579515920671 -0.192792532355919
0.184013150932851 -0.479060816394194
0.299979293569934 -0.324899710337375
0.639375878622832 -0.0429035165809854
-0.501434489263777 0.210518278698559
0.677364361864279 0.522455646137777
0.137492999312174 -0.673097471226086
0.246756019699893 0.775526159240127
-0.0151939354792944 -0.8279741906407
0.931043184581652 -0.705250285924256
0.18606801189892 1.0105528619986
1.69623565620844 -0.187256886535429
1.2966331592086 -0.743120385927707
-0.482462408874702 0.238028796223015
