-0.815033314729418 -0.554361909639846
0.665970362592118 1.20160854921866
-0.636154594337404 0.686771868689702
0.975077281061197 -0.440292257817422
0.92773064332179 -0.37334806287451
-0.371518413120368 1.330098249995
-0.195098990630818 -1.16228426580477
-1.0919562254306 0.0630091150101444
1.13745456860256 0.50563516688231
0.768796721097359 -1.07212840552214
0.0563643215238792 -0.884291487695843
0.718165810856573 -0.956272825685357
-0.0255648721864642 -0.787769902821164
0.91041134766991 0.568229440192324
-0.126848951974702 -0.79642161030351
-0.100463411738173 -0.753613261986297
-0.498546687332152 0.14239827028779
0.0375757204273441 -0.609915999467301
0.408689394944062 -0.604418677310215
-0.00513381041823945 0.481915648556461
-0.069456955590183 0.472884076879125
-0.0574456948003559 -0.258783839080947
-0.322219141597486 0.0329253435159539
0.175321104142573 -0.21412187684535
-0.539862990278154 -0.0484805109362128
-0.285496964534985 0.17336203954264
0.152402311695437 0.000222886285027182
-0.40257472601806 0.148723939271825
-0.410063945567609 0.0452677699253993
-0.1485223019124 -0.148928527180946
-0.273128817845178 0.0492109137112659
-0.444461769366738 -0.015060221204022
-0.182184350575078 0.0318274846965612
-0.150573878181668 -0.0211705046467911
0.17959198000973 0.142267517391434
-0.188767566180568 -0.0158577254928852
0.275516545266878 -0.0319611306759193
0.0640177725295137 0.189505413931548
-0.15654647595657 -0.0908522564755738
-0.114681474936375 0.123960728538373
-0.179658137481494 -0.00770051942823423
-0.105266172974321 -0.0758644233428236
-0.223359058021056 0.0884912342864653
-0.310775913447511 -0.0926760219077133
-0.117464325357075 0.173830266042806
-0.176189339323828 0.118264728203358
-0.421275588522951 0.0650088490949076
0.101580619913862 0.257775140919604
-0.0833365538201716 -0.156770292125995
-0.00509620576147092 -0.150593204524393
-0.178070192331695 -0.00910473809447387
-0.11868608562013 0.31516527878801
-0.173406969094652 0.067203756426945
0.367000677605331 0.159956377149216
-0.133334629888799 0.0306843180251608
-0.361855878895784 0.112732751883685
-0.0109755041462856 0.23186284642758
0.335325453546778 0.133718312496218
0.0160658168672119 -0.332416570016546
-0.290045869348474 -0.299384648519891
0.0978494204728457 -0.0862012865553311
0.298915837542949 -0.0530307796906836
-0.111149186159955 0.121439453095212
0.288356963120322 0.0481568406119816
0.055995948699185 0.0143213435269622
0.01396852599914 0.13698032065641
0.00308477911528587 0.062968561222673
0.135905348837128 -0.0491828061058892
0.0137575727359345 0.0330402231947272
-0.0997200106220712 0.0495690603721785
0.0215312496606705 -0.114012816640866
0.203050868790132 -0.305421671238759
0.245984588614123 0.0836673419044681
0.129999783530904 -0.0567437529546045
-0.146170502671835 0.17280534258371
-0.114121737659544 0.073076495490486
0.0936140014136258 -0.0734481293050183
-0.0934865199048675 -0.0279825012838011
-0.105231765080351 0.0113410706298961
0.0580376544064219 0.0770072653744234
0.0274447793865765 0.00792925118236716
-0.147874547299309 -0.0204126195563164
-0.00678110365129966 0.196965345216002
0.0350444026891139 0.100118748890981
0.357881836157991 0.0161844567958348
0.286076291041323 0.139999413930205
0.162874855435524 0.250383253779934
0.34918595093804 -0.0270111415710408
0.0169615375947229 0.259699834459266
-0.276641317204677 -0.117362018482014
-0.13087263025319 -0.28964644723821
-0.144605693003295 0.32522567211181
-0.294038576199813 -0.202345834376692
0.00595088021313147 0.014451150948203
-0.254285292146028 0.20943778613195
-0.206295360803942 0.258436601624508
-0.270119603757201 -0.0128275511412559
-0.256661479683562 -0.134339789224059
-0.214330694281745 0.330970441673803
0.072800056407187 0.220877332805801
0.0224120201693811 0.142544318944179
-0.491039123070469 -0.0552509389131925
-0.480784515136452 0.0560096364146554
-0.195673918396129 0.201187038953183
-0.357431810478113 0.301360709027714
0.0587147372897939 -0.0329186658323848
-0.210225625699887 -0.0260504348259359
-0.377704837303778 0.0150285184984672
-0.117643428996003 -0.132829237762674
-0.176635545249676 -0.0373646319809868
-0.122863743245482 -0.0112708232338539
0.123160754779362 0.103686741520778
-0.00693660132347311 0.0108211861456182
-0.0167395626105744 0.0637011834895797
0.10976686067496 0.235842378046575
0.0892207791327079 0.165661721698679
0.184833221361604 0.0117289148220983
-0.176266784385339 -0.301227471516878
0.12974948928044 -0.39804188821875
0.184534173008769 -0.30730353497702
0.180886458484859 0.520812747376966
0.558576638673346 -0.0243780066195069
0.325203457942053 0.513724629454363
-0.393665646636069 -0.468479683786459
0.630643603605344 -0.00929733970965628
-0.634328990977461 -0.3967631381719
0.373443479967763 0.602954171099611
0.288146037069955 0.639202028292262
0.406534132113657 0.753993612359388
-0.0352126811479487 0.844725810107276
0.332841898119 0.859849717313259
0.84084964034888 -0.00865803467732683
-0.0951769077171726 1.0486487972119
-0.850382615233673 -0.965024213864017
0.02072594413463 1.27088122373622
0.120989463672722 -1.20822663836637
0.223156074464513 -1.25794027783576
-0.796627148956465 1.33172203446211
-0.0301806271698957 -1.22831026174814
-0.11472909743431 1.41835122564565
0.731215162572142 1.37685876572739
-1.57974807970445 -1.06765846106938
1.29988489395988 0.118671880447856
-0.27757728133738 1.48521823873687
-1.05591388446138 1.6705835518344
1.15178882052194 0.320559492463062
0.652168103104633 -0.477831302684039
1.15243833933749 0.406617789776025
-0.965584056326615 -1.41166604085751
0.525963967805149 -1.4488352320562
-0.150520092466114 -1.28507810486942
1.20407864863414 0.34145976826394
1.17067338956268 0.188139390589644
-0.609735035537602 -1.15100097658655
0.621399094964472 -1.23099378040394
0.472407759251923 0.647692047732403
0.412373750913042 0.647557426684523
-0.73766259698147 0.374738101182509
0.018108307938584 0.917375164751757
0.694892946839656 -0.645870887790961
-0.347285146054105 -0.780435522158916
0.945075042142806 -0.0896584933890519
-0.25927117390188 -0.72727217614836
-0.555550511902367 -0.699353511834128
0.273409148977918 0.457486279545972
-0.171094353622177 -0.526642763635713
-0.465564916174387 -0.516984500783916
-0.46116026423739 -0.52655780368669
-0.913055647283074 0.0429330422632933
-0.981569269031623 0.0654324277262103
-0.96509442526671 0.0403444459046736
-1.0236386096927 0.177821004135034
-0.902959104386298 -0.509308714247173
-0.676023491390515 -0.461655309535753
-0.850213284181681 0.205587447460474
-0.716695031483699 -0.112475931861984
0.224285729903123 -0.712142483352332
-0.232242228335603 -0.462448329112385
-0.452594076693672 -0.590652335684253
-0.0622144154789769 -0.366986984899265
-0.410192401886157 0.00646413130144608
-0.0655111189187551 0.565488750375979
-0.00845257141859849 -0.446535005950834
0.0227234183874779 -0.398493225226196
-0.278903332725331 -0.0150892703418263
0.630199257852964 0.279401590796106
0.185455360844282 -0.414017607273128
0.183401148073952 -0.511773373879699
0.113940931499488 0.595903417973059
-0.0204115980435958 0.770985596941834
-0.118227659685571 -0.22986441150254
0.690797856344311 0.740753334789869
0.44346057363499 -0.663574417991844
0.505240898349194 0.73602783340677
0.212002868969517 -0.348216322034081
0.526177459996164 -0.700165145254662
0.172202067840484 0.939317278104499
1.01788539409955 0.338015286826424
0.483844243137284 0.291603644038638
0.637501675053368 -0.605874016399265
0.860662029899462 -0.705465962941622
1.12121609079456 -0.37405330792919
0.223367343609715 -0.26825407060631
0.670845756109804 -0.0184191794149753
0.381359705335489 -0.262213164848674
0.435764599703894 -0.332080339038549
0.475700605914678 0.200733439393044
0.290195488850934 -0.258014996742111
0.525495733550084 0.143668942957619
0.205739758684748 -0.128888508391788
0.507723168587354 0.17728559956659
0.416772705713505 -0.0346795235474164
0.328717650432905 0.325831423419977
0.357585815811599 -0.378256585985865
0.120820667415572 -0.0240974890250387
0.454722337382794 0.387185256752936
0.442810452945202 -0.271303367414335
0.427709847116148 -0.272936734926979
0.757764294073713 -0.611210806616852
-0.0483931322611474 0.147606241594477
0.49800230875286 0.633622666739294
0.654927088401753 -0.369260520349538
0.738888912142492 -0.10920778271401
0.823034909053601 0.400445513483404
1.03067218602649 0.520769596551084
0.298264587721768 0.71256380566825
0.723271830273816 0.407558053109347
0.412854577883708 -0.491337949369151
0.318715111271204 0.536536737515186
-0.0651680457066388 0.0593441221621039
0.79694370958489 0.309084238311159
0.797229148496112 0.0496177898338799
0.997254083591579 0.0911222763104566
0.952692700674418 0.219686594291161
0.728564933067318 -0.21782920499436
0.485050455364314 -0.00750336626728811
0.766987608852951 -0.0712746125206949
0.513331683779824 0.120360215084723
0.568737049789494 -0.235208815625577
0.532638931062017 0.0546455443536682
0.377754254236995 0.0991573153403197
0.40390602333245 0.0250406344823308
0.212628327331197 -0.0434735910916056
0.292290909755591 0.014781512762738
0.271396626138488 -0.0678462050865455
0.247829711363522 -0.00597299554539356
0.0620665676066066 0.0524714924280961
-0.00618418012899457 -0.0294280330785536
0.0785750789506109 -0.0909804325729364
0.0541375761213902 0.0187732511294246
-0.0996974737053983 -0.109043828644228
-0.13190114452454 0.105199743192559
-0.231413885481979 -0.0383508634358094
-0.19590133836442 0.0323876142127997
-0.403824354205268 0.0701233510632991
-0.182722057476806 0.144041550950506
-0.404780791003511 0.00466228262938419
-0.402021548948618 -0.0249723005642528
-0.424140415973052 0.0952020472025195
-0.533301893943911 -0.0408361350326775
-0.588133145033149 0.0363576809951707
-0.243330896794953 -0.0878996346535626
-0.505100030427628 -0.124971566681245
-0.696135889645706 0.0904657325326894
-0.677758395573148 0.00426496545376386
-0.448885175753163 -0.275526503033437
-0.526535966686397 0.0541914588957751
0.0911542074432358 0.248815723746405
-0.173932644486057 -0.119570793865642
0.222040281190102 -0.198188669443245
-0.282642930052351 -0.547630511859361
-0.549634523621616 -0.303825637250779
0.0344869218856038 0.189927707980327
0.154157701955752 -0.00646809558919142
-0.918491993433632 -0.255186307956286
-0.370798482303808 0.48330150122989
-0.61098552679555 -0.456603399677563
-0.501462707608524 0.445607158958503
-0.0741111212209321 0.00213707082623861
-0.11952013052729 -0.0340718431396042
-0.951512348391134 0.592888627048176
-0.640264295758232 0.355006836927676
-0.254967189927969 0.0080397885495605
-0.591850191292892 0.421514071002817
-0.890857817504461 0.518631171573799
-0.597816610510998 0.262028118708816
-0.566494076010309 0.168872018047821
-0.911821586553337 0.122578148568843
-0.641833674036494 0.161820446546101
-1.07935933817925 -0.0270470875520734
-0.873375153830972 -0.0973849879793767
-0.963114648540016 -0.0927595055905114
-0.735739364320581 0.121027583162409
-0.953438066001637 0.315607085400059
-1.53441894433876 0.0751595924017583
