0.595428795363833 0.26398119670225
0.0371219464189573 0.691946165867305
-0.743562391072398 0.132888447724546
-0.286251412196014 -0.434020012593577
0.352853614229769 0.389193949934686
-0.691567444322627 -0.0344591695701017
-0.448168254324418 0.00168884671511035
-0.205718798436334 0.820607406636511
0.163615656558323 0.725499290220508
-0.158297949168457 0.718072369758096
-0.718744196988283 0.290695078372634
0.319359323376264 0.687142409747225
-0.572135828741674 0.0790093454375937
0.245005988210668 0.508334214423764
0.298858854694543 0.679245315146733
-0.238654828365372 0.7540141208357
0.354797084804503 0.361443043010159
0.188875725572119 0.452751313625382
-0.297435761534508 0.412711050064127
0.0033095538573266 0.44897072329915
-0.351275120536608 -0.222467318318541
-0.0580750053042805 -0.127311942473934
-0.364402828185773 0.147846566929992
0.204539380274509 0.302166145847645
0.00401611445782197 0.293513052583798
0.230483075433366 0.274022460977545
-0.0338455901548353 0.0191482859517404
0.00121925699533092 0.0316626805597922
0.0965282783391768 0.216244539554058
-0.00364682414763416 0.100535802121395
-0.0991944340883972 0.118429025432755
-0.0102824428289604 0.147031136055947
-0.0484649508997153 0.0616186596872284
0.058375919318462 0.249146904420572
-0.107771111847595 -0.00790038554588611
0.101376316017339 0.130746836638017
-0.125359252934868 0.134060578795812
-0.133240670252127 0.212672790584417
-0.216600006929148 0.259649190652059
-0.0755959097866067 0.169123594491404
-0.263535341383192 0.26062107230526
-0.20792638682663 0.22925582755411
0.0738595943491083 0.329902595328567
-0.0385536590333264 0.0496456093040246
0.0985365290251108 0.425640874532208
-0.148353017484427 0.517529695185848
-0.138252767612588 0.120666765303327
0.0444279139196999 0.489858667682885
-0.11474640322318 0.55602663900297
-0.311107617781116 0.423230765705963
-0.124550615733002 0.233665113540736
-0.258972983028941 0.30706727781119
0.0512973343519731 0.362113888947306
-0.104815921140252 0.269874156248644
-0.159949040218374 0.376145343150218
-0.120410567854019 0.348907752392504
-0.140309709127261 0.335103525997387
-0.183915009542371 0.516735302535277
-0.0858721009309082 0.354459455840776
-0.0871177956897498 0.243992159971107
-0.143875612651106 0.27276853586413
-0.0897230815630201 0.356710967149544
-0.158127046979807 0.396915189031727
-0.0441054798954115 0.263961531096449
0.0127492970028105 0.250839532937013
-0.105164041378404 0.26127542435192
-0.167476423516038 0.267366815724644
0.00317603997247633 0.210187904782759
-0.153703347649461 0.316784051790284
-0.149309249226659 0.404985239693371
-0.141678943971033 0.0808219321568029
0.0245810726362286 -0.123988021960745
-0.151208869848701 0.315460810616488
0.0715849452805452 0.216353420735656
0.052470947517755 0.241385233573372
0.0372672144747507 0.282396165736748
-0.0670856193934347 0.347870397816589
0.0690216268621248 0.28178545783849
-0.00866929863559337 0.155343628422152
-0.237167390482396 0.143165973177673
-0.171431050167713 0.575714363962176
-0.0624266150356907 0.160433562974995
-0.201897321893489 0.159196429619128
-0.13986658545096 0.0551930367744388
0.0396984892923955 0.0250509630162211
-0.0314395746279814 0.0533684248146293
-0.283583443508083 0.149579685516253
0.00907994243284096 0.0769177644589108
-0.037752736601457 0.458400280261705
-0.0422581308481494 0.486451568561423
-0.0602236804467153 0.442573368623436
-0.119450484339338 0.369467876652072
-0.193392796721819 -0.0222798813104993
-0.115112869128494 0.286821630871786
-0.0782432323954809 0.462965439896547
-0.265471786708625 0.17193485269546
-0.137101889127512 0.447215526651268
-0.139317954970983 0.475044496863015
0.042187836527375 0.445187174657494
0.0138874812888187 0.395557768328122
-0.0138700196659747 0.342317815661241
-0.278186782973768 0.216645279829281
-0.171982033467522 0.332092580244277
-0.0638443075204621 0.533278129112773
-0.236785120584437 0.341778099107347
-0.00332405084069247 0.542181434305568
-0.199809752255277 0.344584907113573
0.00799143964597346 0.613442504708196
-0.096371688510165 0.150642563039016
-0.19580016523315 0.372519567592984
-0.0529895392889591 0.0465998772464154
-0.33977960041177 0.243320250190529
-0.320661499039261 0.182640888966177
-0.293980913284738 0.352640071609252
0.0431403372361881 0.123852915251291
-0.185898778336211 0.110162530513145
0.123902017317464 0.401341675735651
-0.111868130117581 0.190047796165664
0.0886460192331488 0.347432958065326
-0.00548062747536573 -0.00932736798501684
-0.179884223562045 0.233860914413547
0.129812694457643 0.121862755088901
-0.0159088604614094 -0.054012356481819
0.0402065131926934 0.377690475238124
0.110432062698241 0.199963507472211
-0.217314597115048 0.0883165859954469
0.000758861658615643 0.0653612328416128
-0.128650400305639 0.0528155425983113
0.0378802747270579 0.00501407381259347
-0.162650170773275 0.258763985103126
-0.120914296441869 0.290274229991113
-0.0998801279144607 0.022313334275054
0.132286942597848 -0.0355483893084881
-0.0473226548604865 0.191170898636414
0.00126252406876078 0.0838645866104182
0.0538382510931272 0.18073409221785
-0.047640426169181 0.161187072542551
-0.0395223423820897 0.101219270287316
0.00439636541449389 0.237549762951457
0.0727799156632601 0.226245037055511
-0.0389775354178691 0.0611708166720707
0.0804805917810164 0.312229462189566
-0.173431785495241 0.0487337843127942
0.157248601613716 0.0632711192898513
-0.303630168580503 0.149040727920746
-0.127325167420934 -0.0848176816674454
-0.292628565606102 0.378924418388865
-0.101457336382892 -0.121466327035069
0.0207672551831366 -0.000102997928858126
-0.081827063797141 0.07590198987823
0.147337690529146 0.146453925104575
0.230466739300843 0.0345248631935532
-0.0807646050522406 -0.0207479435135069
0.115923456890926 0.126965132877488
-0.104660121718157 -0.00275594023096569
-0.102586189593105 0.029051170004352
-0.143618197091451 0.0205126581317501
0.0739938351308006 0.0832400694750786
0.0408815169948539 0.176968017867092
-0.068187110968248 0.0506862739280738
0.0313036484252355 0.0937799975376816
-4.34250090840371e-05 -0.0228762685734839
-0.061444837097908 0.111857230671955
-0.0634311536134583 0.13684453908521
-0.0960127271717064 0.141490963617793
-0.125272093000737 0.226845702335833
-0.0488554522141475 0.203772438377752
-0.0937494840849719 0.205589814950425
-0.140052936148293 0.199337311233974
-0.0437394521599541 0.274700849973013
0.0190395885608169 0.344457509148404
0.150658532917398 0.175310109889197
-0.217591354727716 0.0104695427735823
0.0739381850956742 0.295779058300151
-0.000887322550277813 0.186518972229808
-0.268191662003444 0.143029596403816
0.0748938325972971 0.245367008835427
-0.123938860013033 0.266499781386155
-0.145204619219443 0.279864267026321
-0.101263784490929 0.295334887933353
-0.0654262020526089 0.244975951733172
0.0510701606551478 0.225413900230741
0.131391567894913 0.0522486125480577
-0.120072932151578 0.252419418779335
-0.0729555090414388 0.182678183171955
-0.113758882730134 0.0409520966423069
-0.0368180228062551 0.152816078729068
-0.119191754803691 0.072470614004369
-0.00190418176981706 0.139919854704485
-0.0210076675721085 0.230551314671197
-0.0453594192947196 0.169599561133677
-0.0341819241121289 0.104755257910808
-0.0443205541790433 0.211110030281314
-0.00620841759630684 0.20817570138503
-0.124509307575772 0.197776145199121
-0.245598728256933 0.221711029712392
-0.159452783296992 0.0406695969315084
-0.0472059674158304 0.296614073416987
-0.236370970011093 0.265466451228431
-0.192666022997131 0.194769616205312
-0.0126708219158397 0.370194847331316
-0.213665561162163 0.278678998069091
-0.0330785314251013 0.330654073000426
-0.0787514054449598 0.357491774974035
-0.0655754573867492 0.310457319270796
-0.120876761781363 0.270624295421043
-0.090021533694539 0.25841334130353
-0.0862681476877064 0.273757213913035
-0.0571880499130934 0.263001376231653
-0.10697072834128 0.299009343914615
-0.0935136993967741 0.303657895099192
-0.161680348327302 0.276150790576948
-0.0265608390939979 0.260112208726529
-0.0715090459219139 0.240480235275753
-0.112977861797387 0.218550311702932
-0.059604309277756 0.237570568291364
-0.0395862968908736 0.206888092445301
-0.0818760943758763 0.178015858581941
-0.0517688642717829 0.207650919812914
-0.10484221072415 0.204629506574426
-0.0234545832484575 0.180270664277874
-0.0509900856347443 0.182923621783638
-0.0467013880966596 0.131032615681427
-0.0409616665766317 0.13688611376513
-0.151267185203202 0.174128698168154
0.0289500832857435 0.130845587150876
-0.121752129325065 0.0952846160626215
0.0630443844695936 0.105893370596206
-0.0263549908717564 0.0320229891322372
-0.00879389640924619 0.0491948770794281
-0.0253663962409481 0.0792497506476026
-0.0470651267814511 0.0761320853891953
-0.113681485728308 -0.0202562907946716
-0.0979056977769778 -0.0422284922248742
-0.034660818682817 -0.0383627175198472
0.112078979912725 0.0680421868778454
0.0599750940380035 0.0421412322619004
-0.0540992842295681 0.115046042687816
-0.0905489749938078 0.146605721055728
-0.0349652179000069 0.1189269012375
-0.129657645015637 0.049891016806028
0.034669872636704 -0.0410080896492797
0.0519193632680298 -0.0224627570883639
0.0193274679739534 0.0346621286476537
0.0886136770180831 -0.0972919172695127
0.0863904086613378 -0.0590687059529578
0.0732666126649688 0.0437755003831679
-0.0481897492416321 -0.00855670401273946
0.0663222867260816 0.209631274857492
0.0385215734434396 -0.171818990994115
0.130392681699085 0.066998401179145
-0.236864048312222 -0.0140870913460477
0.0821108002681486 -0.186745229562015
-0.144180135062022 -0.219719134557652
0.0795368708003643 -0.177132772653858
-0.355830344697185 -0.00175288261872868
0.228001215981996 -0.0993537597212688
-0.240293478262616 -0.23380312308419
0.099049032401061 0.0784286083128055
0.192254625885143 -0.128535339429861
0.169808078932926 -0.0810165586327618
-0.297124129458318 -0.127524594650517
-0.0306806421387032 0.115679541637922
-0.0549426862539353 0.158878651482745
0.16074736029255 -0.146361818293676
-0.0498446536687965 0.0705852865377283
-0.0651287852850869 -0.312513750683491
-0.193898259115222 -0.151724540715928
-0.0983900101671815 -0.285568573248098
0.226414042344347 0.0318529006837262
-0.303572670382378 -0.043771587535675
-0.265679467744545 -0.125050111392546
-0.196817592085747 0.17335915338152
-0.26288103708621 0.186708353955979
0.186766950306596 0.152887913329995
0.223736195530577 -0.318735966028529
0.131046740122396 0.328923859286813
0.305199730259645 -0.0291102444270186
0.0239577432083212 -0.306571326543245
0.0496612950651496 0.270111727285691
-0.0118534449079035 -0.191069041238829
0.0362464582584922 -0.139398862645555
0.118965507277174 0.271337372656321
-0.220933758427323 -0.065085808524566
-0.160579962714024 0.11495334620245
0.0891647616195385 0.317114383283577
0.137230549240705 0.0856237197808294
-0.151447981864355 -0.00899001798404362
-0.166501048150797 0.0216320859395845
-0.158894097285385 0.106080920398948
0.0643442855708989 0.251887395428919
-0.21024319974221 0.0604890622310169
-0.115011121340564 0.350526611720445
0.0045519886842617 0.0269349731348177
-0.0194836224847201 0.101220764016679
-0.17760410176392 0.16831224089233
0.0394993836324762 0.108778961484754
-0.0119094613415821 0.200581457879258
0.0238207503964117 0.245534543805703
-0.239583843142488 0.102595517038424
-0.257229779629426 0.069802786478763
-0.129651492494779 0.307386799423789
0.124226675098028 0.142760026820681
0.177776496821573 0.213639166954769
-0.139367633931925 -0.236637313324497
-0.0890013599483463 0.281914514612928
-0.148675420024062 0.201679115220917
-0.20636010132877 -0.282159436754335
-0.168026278145222 0.231789259865664
-0.0839426937043943 0.313189276667831
0.331418493700225 0.0106499242199472
-0.135306634443802 -0.380579045954689
-0.269819710897914 -0.370787508426332
0.291826232997654 0.38946514635246
0.151076398455594 0.321353835052489
0.297964529651003 0.202921303658294
0.153506464297589 0.0235065195772527
0.154491977328485 0.261950061163234
-0.0825992514741984 -0.171773261541868
0.172870064365504 0.158770852416967
0.290247340307659 0.120263205169956
-0.203090132569902 -0.0579567272034781
0.0081922382056174 -0.0460926392883724
0.0311313326710233 -0.0911161686320107
-0.317722124951831 0.123125034316002
-0.0169575096203573 -0.0732148408202758
-0.071442414639996 0.531029676182905
-0.00728598592345664 0.524530730554429
-0.0299865182768288 0.482809588630394
-0.389470840918348 0.353177946844936
0.0799337600918237 0.450778445704525
-0.204304274317439 0.0966988889991656
-0.330676667516615 0.106432973228599
0.00918513126318472 0.435171769953908
-0.180865710187836 0.548704358215218
0.273937700320138 0.179796569484425
-0.465907921056513 0.0864790304447149
-0.381898116946332 -0.289522588335848
0.425596170503374 0.0159247355253298
-0.217959489961335 0.341703095042478
0.103359654776123 0.0111579307588361
-0.22817474568453 0.0603841144592544
0.225987702621407 0.184076734137624
-0.319764408841304 0.190225982582432
0.207830950793958 0.236897394786975
-0.0162413824247011 0.067824756932128
-0.0680392593684573 0.11205627216213
0.142919284762346 0.365246484818782
-0.104937020365585 0.138444728601188
-0.0197418276122839 0.106149413929734
-0.103104055976542 0.0830228921852103
0.00253277165901032 0.0919623205673622
-0.0144708382541929 0.537145625053509
0.0498092461637262 0.145205794384466
-0.239719213906708 0.079279808435335
-0.282863084531075 0.479751949508202
0.160439226377371 0.418630964065806
0.269837444194084 0.0656213427229936
-0.195444378138278 0.487429705434237
0.405088510104288 0.0375664480743906
0.235867664679127 0.32701342735137
-0.427849097759258 0.0691185596513634
-0.150809992857762 0.528278712576087
-0.415036216474946 0.0607634404807077
-0.315276528435677 -0.168445261264283
-0.0584469970062105 0.443304088026212
-0.296358618621428 -0.322904460757754
-0.278099525760932 -0.305257144165903
0.458527579892289 -0.158213971958594
-0.100098438639735 0.258986765395417
0.27662961991964 0.115496666338529
-0.326107950671518 0.0160975550709849
-0.106321105489338 0.287759242701243
0.14064498387996 0.180585713652439
0.0458129445826297 0.10031349195893
0.053883730587818 0.0940770600228527
0.0393208512983799 -0.154749409717929
-0.208862299026008 0.114421133387989
-0.149036380122726 0.318167288256383
-0.0554958633980702 0.214523706462967
-0.0288688222216258 0.336103046295456
-0.0819319686064822 0.111466959136324
-0.0783004275227211 0.399483540371003
-0.0600523222942848 0.365974737343127
-0.136523318354687 0.41128675611011
0.0463857127855291 0.179941357816042
-0.290632462626705 0.111348957566203
-0.330809356897521 0.0588515052986714
-0.16353452671458 0.319633614752914
-0.0965402602768367 0.355977192672284
-0.122657561351723 0.392985843127437
-0.306180919191282 0.0998378961592265
0.0957056979941392 0.319454343663334
-0.250778162359831 -0.133617430900059
-0.343624859252761 0.144428259608748
-0.221802151724316 -0.0106800341820244
-0.330725292238312 0.204344655983135
-0.0888195465816239 0.520133051849416
0.00139619773991486 0.287140334854307
-0.0174323537398417 0.0263670477165437
-0.0961249243037311 0.242000560066473
-0.081741475042748 0.408927029597919
0.12661802362274 0.306828412065235
-0.339612297611859 0.278781441979618
-0.0269716042903785 0.375176847961162
-0.277600547129735 0.164171703311748
0.233811561161695 0.137731657830222
-0.00200999621820499 -0.0861040510180183
-0.249204659110373 -0.0320915724502258
-0.224821476477495 -0.0644700643914744
-0.192470324693008 -0.0329317626166706
0.097496900436358 -0.075136675584461
-0.11133754372225 0.427107218201547
-0.289587520636549 -0.204131594893623
0.0705227868343373 -0.136658604837693
0.29180000515059 0.383158597298394
0.0491062089234126 -0.279136142471061
-0.362267651871746 0.0532648223075714
-0.411426797982376 -0.00627010389191991
0.0728470930507906 0.423114023366152
0.195648905355657 -0.0962230573280651
0.101851793573871 -0.181883320429542
-0.198378804346605 -0.378466063157106
0.260531669484114 0.132339868352536
-0.118562143873353 -0.352189649842909
-0.0105116788934844 -0.119658217582746
-0.142559185513618 -0.250808804596306
-0.0556464686641564 0.180034838919874
-0.0538049984309915 -0.039297581185816
-0.128247313026016 0.303730608214289
0.047726034500658 0.00740241127022557
0.0948073011162181 0.168257415958933
0.0686188718165529 0.0430194911310569
-0.0686010091683702 0.183975136219629
-0.0456533673215448 0.130063699276428
-0.137873069993616 0.0634661382019733
0.00584072179992347 0.16589917491383
-0.103261213867613 -0.0246362830851805
-0.11364937685867 0.319333093642184
-0.0773154832800194 0.130072853803081
-0.221013629979979 0.180573876976794
-0.0832735703747967 0.224659708444103
-0.066666097406465 -0.0974569755278921
-0.270198101001081 -0.0234869951611957
0.198140458314462 0.0924537580249823
-0.0771793817059757 0.177633044241719
0.216393945864625 0.145519003882414
-0.0924353429759756 0.197684691757874
0.306916755233295 -0.18812821227638
0.0537514097846517 -0.36138019129434
0.262158300059151 0.147124419818674
-0.262287757113006 0.289262019971585
0.191693851101155 -0.160092164140386
-0.155773370372126 0.18716452298726
-0.27637802581914 -0.0291952041971402
-0.0301622075747042 0.020677623938616
-0.0857738167104396 0.101808133150497
-0.239835038845295 -0.028444450846881
-0.0830326933512615 -0.101805226664559
-0.0113258097935745 -0.0748953077775065
-0.126751240392861 -0.0658213834525108
-0.108715951497882 -0.101728778044651
0.135971194015165 -0.038102223091108
-0.0617279842162823 -0.228678370028331
-0.128525835440755 -0.221326943930245
0.27582770805339 -0.125159894637623
-0.127145584161478 -0.249733259202064
0.157169351728162 -0.0279565846020171
0.283126808208896 -0.110121416323186
0.141652448201996 -0.113202064006249
0.194921501629235 -0.297529318979447
-0.437435863477534 -0.0478950702605806
0.272509436524845 0.025113443774995
0.290160246965478 -0.076886159779276
-0.388366101561738 -0.18842876548326
0.298872541530234 -0.144548395217734
0.337322886869459 0.124174076554914
0.374397845572225 0.0523079391974399
-0.466054300009619 -0.175251242686047
0.540442996073502 -0.299227049026642
-0.241720423183892 -0.584934159504123
-0.547697522793389 -0.180627973170617
-0.528557464336723 -0.175714318389013
0.415558747260412 -0.271925900618053
-0.133410381050037 0.357421992897977
0.580179328715557 0.335003995017363
0.454963614719961 -0.393637631276873
-0.71195418932954 -0.227153122527736
0.425174389188097 -0.460362945563888
0.670581917309778 0.4564537537323
0.96497659775187 -0.40879138764717
-0.283767971176339 -1.00260166304157
0.729829961698778 0.399462989269359
0.472831272647662 -0.686711925822407
-0.896066269236865 -0.254641080754682
0.809906397830059 0.411083177018187
-0.360689503944784 0.567071485165886
-0.262253817970198 0.415933468205819
-0.412642999645603 0.600631855933976
-0.42173564665005 0.59373366641702
0.95898290674314 0.416330104502704
1.33857732069466 -0.48935522233935
-0.490798586690423 0.641760102031009
-0.500237501191059 0.608816797826883
-0.899831257897276 -0.596013646432114
-0.43105291503184 0.411219945125257
-1.19421771193115 -0.397737147589144
1.17918542799264 0.437936814767831
-0.46580269079087 0.405589568382094
1.27433962639506 0.443090400214048
0.395617215165648 -1.28799168184693
-0.510369207991099 0.392405136304327
1.25347464114868 0.971610217266822
-1.45767957122565 -0.468552054766175
-1.11522346711073 -0.840248144127881
-0.403100097133591 -1.94078326274898
0.454295246681362 -1.49308652747569
-1.54963718875258 -0.52465633304637
-0.434953564649966 -2.06899716903351
1.46675128645121 1.0581108838705
-1.63462681890425 -0.551199240110413
1.66634402144639 0.445161548992026
0.457197367833187 -1.70041129196161
1.53610089398757 1.23004834402388
-0.450827563465681 -2.24088381651312
2.26463417812883 -0.862617274664635
1.53806447425939 1.37427208732999
1.73610365034134 0.567156828569311
-0.993773619894472 0.993837573522906
-1.17539830066918 -0.92358418281378
1.70771217167854 0.596396904087242
0.26061040605704 -1.73260796196414
1.35999137694153 1.4682532878155
1.34600804762106 1.49620458221373
-1.66681996107398 -0.198967320637294
0.212036395545153 -1.63222640530408
0.180606589130627 -1.59705080440182
-0.906012580208843 -0.794472595185361
1.89433017690622 -0.48220953741612
-1.51388908559609 -0.144560811631376
-0.854431190756006 -0.798806751341528
1.35553801235625 0.489981661855202
1.71491612903785 -0.451484920634085
1.70586173261895 -0.41075163335991
-1.38780539155378 -0.123356551849075
1.29553782632034 0.371587133974402
-1.28825546730794 -0.180877527678741
0.0194897405135571 -1.28418586818224
-0.726552265810994 0.185814484738612
-1.21112687712429 -0.255539617158034
-0.613808389301375 -0.791943090179557
1.44321973252841 -0.513114063950837
1.3892726624381 -0.50768445016269
1.39642753186171 -0.544163922988311
-0.648663274437799 0.394630806079498
-0.626062410943076 0.324633665311792
-0.649259904295447 -0.791953951475047
-0.221217933450155 -1.4504159645064
-0.694705895361279 -0.75185309756127
1.10316603821867 0.13154982489439
-0.323166967672558 0.314400233937881
-0.314891820843261 0.340478914067829
0.469945451971571 -0.941404590008223
-0.221663133164514 0.323624017010873
-0.166069283173093 0.216134700923759
-0.883558450803179 -0.537587919219548
0.583069025378065 -0.861583146210337
-0.389864709625227 -1.33469975608675
-0.112624476513351 0.271200671028008
-0.95046968518897 -0.473662402873883
1.20851346722466 -0.739687997866336
-0.0343279486767786 0.424529275598329
0.961377207139301 0.126156637670105
0.0305778758241477 0.438514086404926
1.09445868405977 -0.864347653987226
-0.853339599059785 -0.649037978695039
1.01662399087266 0.223668634751216
-1.0207616879316 -0.453106905933054
-0.766702408985056 -0.652226424044277
0.124998073948786 0.264113738892974
1.05512255013046 0.111223727680238
1.22699773260922 -0.841613509840679
-0.0629755541360719 0.226515054971024
0.962914081838747 -0.264196501880496
-0.383396712658778 -1.34563549434066
0.767188899901405 -0.594513375934441
0.236847167118073 -0.952613688340059
0.669576857079963 -0.669029983167433
-0.515055577410236 -0.717807958493767
0.738075595556487 -0.989777547929044
0.162704986683741 -0.840824866878918
0.807655641808616 -0.761732712667121
0.695409413995099 -0.744789169455306
-0.417274399648728 -0.693793516684328
0.142765431288906 -0.427205519399531
-0.126882961045195 -1.15040974201377
-0.261323912373608 -0.794590986081485
0.128019485742708 -0.458363184234243
0.0373246595902137 -1.06537131448675
0.119243523879875 -0.488470045460256
0.0422617499831756 -0.546207908166052
0.066835021820443 -0.95283949680785
0.28267439149931 -0.68064504214411
0.113093752115336 -0.728570235996698
0.0943736636723141 -0.85956058448167
0.01750160350351 -0.663820637139619
0.25130877632694 -0.590038489883362
0.190669120653978 -0.651353453744414
0.188559964246667 -0.63570004986675
0.0457132620496343 -0.681955538463267
0.303043460041157 -0.546975609298291
0.156449110344645 -0.723419724338043
0.166137432339177 -0.685194904842916
0.252420816193865 -0.330304595139413
-0.0363154814334609 -0.546160479169112
0.370889101013913 -0.453279193010403
0.322552016660007 -0.393066139396393
0.308574369514516 -0.368673870131895
0.0102112585243711 -0.517279910302035
-0.0833801359684375 -0.429320082739107
0.0730372450430241 -0.331915693654672
0.202005935820932 -0.307196067705457
0.166111774392686 -0.350366644584986
0.0635573437814969 -0.462701576939157
0.083397816898039 -0.3056620002821
0.0342871572733765 -0.398603072006158
0.0633506250730494 -0.315865027336394
0.0309649499333925 -0.437209047281088
0.124419468710982 -0.360590914864503
0.236123669627191 -0.340645508475984
0.22581735289445 -0.342456325130022
0.0589023732217149 -0.184078627079452
-0.0111463723757588 -0.168270146006771
0.394420022007229 -0.537272531015634
0.143610120519453 -0.446830576143865
-0.138206522633387 -0.682762465841814
-0.05305640245825 -0.157997198266244
0.427527626985866 0.0250618340693978
-0.0465903398547698 -0.504161053384917
-0.291069572143326 0.00733199402288828
-0.250854632036493 -0.355977709770725
-0.168129702730291 -0.524911334271054
0.361833016042597 0.0834046640966094
0.122991069691034 -0.590719870488172
-0.307999463565095 -0.141539558431379
-0.119139958180896 -0.461638902615529
0.0928821523295305 -0.66214050900624
-0.0854049803137894 -0.495856549886317
0.235019732986104 -0.567017921137726
0.0508988634423266 -0.673013889010804
0.202391202689475 -0.380858897150917
0.283198604868306 -0.431218860431559
-0.0131547038192084 -0.699646629181373
0.172494090055777 -0.853460480663068
-0.207558428623652 -0.531362751456604
0.184504550913913 -0.497389915266268
0.460044587442543 -0.367016096846961
-0.329380239059974 -0.57700105940552
0.59883672772815 -0.176288012563218
0.0019930416722325 -0.0443165179847393
0.63333712585987 -0.23466892562424
-0.507171647730075 -0.489951972759944
0.439376599099152 -0.499615453145651
-0.53784429529915 -0.506737136708318
-0.0720483256509753 -0.0330976215347405
0.206251324132836 0.0352490387043312
-0.652266693712673 -0.45848875743793
0.263332161582897 0.0694228095264968
-0.286958663652795 -0.11837818883309
0.352509450665055 0.121021852284676
-0.380520847614613 0.0668008742725824
-0.135194924103103 -1.03710009265964
-0.407521844003792 0.0353956572983758
0.358184726988218 0.288100415950423
0.780322004724038 -0.665887382286095
-0.486545106767038 -1.04362187978184
-0.622897748620497 0.511298673846069
0.784819139793461 -0.656127593112584
-1.12345130170037 0.169390376678373
-0.902530339607842 -0.258339974116737
0.919210346622183 -0.0863147801949929
0.241346217910359 -0.987351859867071
0.942091074330707 -0.0838503451024734
1.14451249653743 -0.108056989779863
-0.0379169055763334 -0.885122552385186
0.667311669785959 0.922326601843952
0.956710198315766 -0.138787368505329
-1.04754741658931 0.121212653725535
0.0553131748824007 -0.951940213204904
-0.601479975776763 -0.619530363777889
0.796579150119049 -0.247963555644743
0.215648959566861 -0.722133779532135
-0.370077127081465 -0.464243205693808
0.710017630362665 -0.116685240302058
-0.583129145736137 -0.41441627493292
-0.206139875158225 0.572262892082261
0.599107029993684 -0.145701353524624
0.259221143568557 -0.694751932316101
-0.409563443332147 -0.390680129187934
-0.383563651620333 -0.369268089863309
-0.154600388063437 0.481319628415466
0.115535256716443 -0.501825680256151
0.0515504308214846 -0.465462172908012
0.107980528991832 -0.416777494701399
-0.279206346491127 -0.175283843762678
0.414342108750124 0.103136371419529
0.45458874341795 0.0438695162007181
0.0964006351330273 -0.323744040815352
0.091800844962878 -0.310240150186317
0.100562319537012 -0.270968033806398
0.543818910034869 0.168931817728927
-0.609373995734002 -0.0817626866890255
0.205285482414228 0.840516399122594
0.551603124171318 0.24123189456385
0.341723355343814 0.870618241967161
0.551971285027324 0.263154257678449
-0.1109929454749 -0.249007825979716
-0.476041775103099 0.376006956603214
-0.319104938946588 0.971838206982771
-0.0677281388810017 0.256192210932107
-0.721833284171471 0.114077485360565
-0.402565752964897 0.0323896248784713
0.462070933107638 -0.123861729566164
-0.30603542924826 -0.365904248874479
-0.524587397375382 0.401009882428226
-0.603243509520452 -0.0465118459094756
-0.232372575784397 0.833027821642959
0.526262146819242 0.795542093228346
0.544590784775423 0.805496528822827
0.874613291993743 0.070806243782666
-0.454165633778618 0.547345532290016
0.204005620138259 -0.924454512573478
0.592471943189813 0.911750668286121
-0.315008016588867 0.704869711042366
-1.09420051660516 0.0459390243093206
-0.429392797006431 1.33889229869025
0.988193309713886 0.0313862690358803
1.00808756677335 0.0277039464442348
-0.354683274426049 -0.850607482103012
-0.603886389155319 0.808891863168189
-0.386257842807947 0.971189414209401
0.647466875473523 1.30089527172911
-1.20303686060531 0.209781302755661
-0.0634503824009136 1.47744351895475
0.317072843128416 1.18976407052054
0.649536882410336 1.49006924499981
-0.425523473381108 -0.500072640802732
0.172865937426233 1.21822241248621
0.196524003787417 -0.711548110984902
-1.0632863733273 0.595622633221958
-1.13425288670564 0.32363954144669
-1.01202128154173 1.14599837967674
0.277043877461268 0.228659507440687
-0.695695524378828 0.842348282399421
0.328653510711611 1.36423251445206
-0.0463028952240381 1.02185647128498
0.242852600682768 1.31702763513416
-0.10176325492752 0.417179757202165
-0.709466061228671 0.640440638867115
0.0923011535572512 0.888688166374616
0.0723507101720846 0.449137926041156
-0.304763320172488 1.07607597994542
0.502372049071259 0.431028341023724
-0.314021086580635 0.727728519845981
-0.364225618830473 -0.0188940553760576
-0.660000506508162 0.357829043814024
-0.385864928564579 0.161553032549471
-0.701158969926576 0.405831915447312
-0.28254420876504 0.827776107219458
-0.271072900636934 0.69390923311315
-0.55018920246337 0.200166253694156
-0.571235564022256 0.243718224778256
-0.399141752118477 -0.0940587396904014
0.313712288457909 0.261054349902313
0.073895007890258 -0.387241477165258
-0.278103322580617 -0.244749848703493
0.272292407457228 0.0587791305964147
0.453884402309859 -0.0508527744175946
0.105824316565572 -0.462490043871749
0.293341231569322 0.269392163488569
-0.147046954180354 -0.324386687781593
0.35955398166781 -0.176737758680236
-0.365367549279405 -0.0788058585434151
-0.156192596066469 -0.399074244551177
-0.0943006521642594 0.201363698895854
-0.117293413563405 -0.323086373324619
0.12376242819017 -0.0738934682940866
0.111557914041898 -0.0750507064064438
0.235649384508008 0.056066850368662
0.355583607549521 -0.169662310879675
-0.204811181648913 -0.127632027031126
0.178438369373097 0.0868814977696061
0.0707458615921591 -0.0910786066034513
-0.238548459631469 -0.120660248125913
0.0232159093219667 -0.126630544398593
0.155574554276651 0.0714415720510862
0.116739825533298 0.00794309635522589
-0.152365512191353 -0.0958461311361069
0.233004177956524 -0.162239706963654
-0.0492774528992397 -0.17726199499806
-0.137103925992048 -0.0179668297772154
-0.122998710794174 -0.113725125217051
0.0295353099859421 -0.150149985295557
-0.040693412261123 0.0138513454927219
0.0372850338086244 -0.00847373150053879
0.0322791959392234 -0.074419473768813
-0.0506373970370242 -0.0750761833635548
-0.0265402465006089 -0.100270584980981
-0.0108712010884743 -0.0813079908598257
-0.00379715915497138 -0.124065122874093
-0.0908502520213769 -0.0595879996223098
0.0172493088242883 -0.0452771859004294
0.075959112230319 -0.130416565608378
-0.0745058689589947 -0.153830762098049
-0.0335484990350121 -0.100927715665815
0.102873484903639 -0.083940184282785
0.0717941223538572 -0.00316488324941519
0.168112212924077 -0.138445661551567
0.188470135485787 -0.108098053162379
0.0089816164462132 -0.177020404276096
0.167825128627852 -0.304477207091259
0.172684304874638 -0.0557793997461358
0.201585799922084 -0.0768180732474981
-0.28683553433915 -0.144450174058717
0.112277592564495 0.173585820477378
-0.287655701823677 -0.281666441002263
0.277231844013171 -0.0491616833681395
0.0678410000536929 0.284488963822066
0.379600332451091 0.114660336192692
0.368273931277407 -0.183146967239025
0.0091082002445183 0.341230034697872
0.392100631513251 -0.0155531841051509
-0.508631900831935 -0.168945975678526
-0.622649019097498 -0.112326612832852
-0.304738059497559 -0.687332310347313
0.454025997464947 -0.21807088589375
-0.59729968877353 -0.126706012834554
-0.326096644328956 -0.771538368357775
0.580979228414084 0.31918018321399
-0.704160044320041 -0.161274551910086
0.619532484270459 0.400854557644855
0.554673326561974 -0.426312386951967
0.627511314085598 0.462753483827785
-0.340312220923166 -0.948445118287837
0.989294207467431 -0.402889407881032
0.691578211569548 0.562861563790361
0.764312907478758 0.483176709568292
-0.317980550587895 0.600223082943292
-0.820847685077154 -0.269365225603983
0.859011748242706 0.485530630751742
0.518207526820808 -0.789822060529944
0.88070412421865 0.725884383421249
0.905055245408969 0.731986156968917
-1.08278827567179 -0.273652048042398
0.447170702868778 -1.00983035251535
0.453109241521339 -1.01554887338101
-0.956619770107949 -0.492173621591649
1.48078095957657 -0.531218785430079
-1.20745694701744 -0.293162540515883
-0.939637012593478 -0.613336345321561
1.17967961185975 0.48746230577046
1.56844251397589 -0.541937309813843
1.63138097228158 -0.609613933087234
-1.33743390563129 -0.378601742681933
1.32669099545277 0.44089466920993
-1.39639030054844 -0.35418947297452
0.356125448240832 -1.36454443957533
-0.585517178665359 0.380824650099582
-1.4544110563564 -0.403895836773367
-1.03227618685774 -0.866499953514417
1.88759974604342 -0.745319081793838
1.91447871671758 -0.776337030527856
1.96695227079074 -0.814464394601397
-0.781893552196799 0.59773740403316
-0.862341898982322 0.687297699514579
-1.10302401996709 -1.05923284647098
-0.379607107141725 -2.15033836747367
-1.06470947091172 -1.10611397415328
1.71064546504615 0.412667642751643
-0.908040089713948 0.80938946565386
-0.950437383616508 0.858799473390891
0.433688699909094 -1.71849952449231
-0.920846597899631 0.885723884296867
-0.663768959275295 0.48385621378713
-1.23484946577 -0.92594896209511
0.415964297478763 -1.60758259596389
-0.438111026139406 -1.99535009704592
-0.59292810724981 0.550118085609953
-1.10324453936463 -0.839327523332454
1.91584198432524 -0.747762593445456
-0.569477515254971 0.499035808539134
1.25631993149387 1.07052002059031
-0.532460895060857 0.489862187754984
1.76826797189019 -0.718453079908724
-1.3819849290677 -0.354942711922992
1.26667045481052 0.481050877731027
-1.04731702322829 -0.664339640977789
-1.26646081459085 -0.330454269024863
-0.424285854935916 0.507951356273333
1.1353839076688 0.490815477110949
1.29019600970886 -0.803609733813163
-0.10965235750042 0.36225229935387
0.937344518706096 0.623745812794879
-0.383713434782603 -1.33335651816383
0.931012840357437 0.67007711398504
0.708481739836263 -0.675883782293477
0.85256628689828 0.589752795161843
-0.925222817740593 -0.295431702101766
1.10900037348891 -0.530034332041693
0.618856436708056 -0.562770956618566
0.93816602426124 -0.522787266206539
0.946344716894516 -0.47424371925715
-0.753411498151295 -0.203044035230031
-0.17289418048995 0.383920144393163
-0.330308036286091 -0.91248540841845
-0.684791182306494 -0.207608257850315
-0.124890087223109 0.344980597963841
-0.358516627284938 -0.694779466346859
-0.190745692417378 0.317445368938701
-0.0652195798894186 0.358788532068428
-0.20970176143375 -0.736287890933205
0.550473578799494 0.131452874116363
0.384232256940909 -0.2464696386094
-0.215373612761072 -0.638651904128052
-0.476504618029196 -0.236273236548493
0.363075310623334 -0.040972887599603
0.404427716027882 0.168425448508796
0.272322917192921 -0.183185876862394
-0.155684861396433 -0.449617802807328
0.317041430130206 0.0108146395207536
0.12944313577587 -0.488735280909934
0.0328269860670786 -0.0784109138454481
0.076688390771017 0.152546325987405
0.116666019694572 0.00952821249987159
0.0946203618900053 0.0269165124274931
0.190988435728386 -0.0126686941195576
0.227428267120913 -0.0244173589556941
0.0945574185618991 -0.229344777691385
-0.0380639060391477 -0.0151862709142722
0.00918080727982864 -0.19064316731002
0.207353435214873 0.00786490730061447
0.058666049107704 -0.191343617995473
-0.15482517940495 -0.0770490645162697
-0.121355641230508 0.011290782279264
0.105782462983595 0.299936011210049
0.00766773229247984 -0.0909958845332914
0.0969450051066436 0.324074379736324
-0.265997347661783 0.019775201771649
-0.305511413286706 -0.0565635522752494
-0.270178328690361 0.0526000873552715
0.113267367659912 -0.101115004166971
0.00730141502388698 -0.0793177801153782
-0.450657512046669 0.2300344108147
-0.287399003126298 0.18927771423645
0.0102639203295636 0.486795941409899
0.000578578191343064 0.0499593561380904
-0.301989082190344 0.222222623917004
