-1.55077459926695 0.134645791196437
-0.496068044910214 -0.253165498279482
-0.879812331721043 -0.55855445899005
-1.08454082715609 -0.242545892655483
-0.701858067743125 -0.0818435123263277
-0.760655908010485 -0.0517660935903853
-1.06660585262131 -0.0136908800397659
-0.684618265203024 0.358224077104155
-0.545433272600002 -0.572873252458625
-0.932717266899364 -0.104560540628992
-0.221685839373196 0.524305389093464
-0.605378468208579 0.313827122854243
-0.110068508345599 -0.609493779714811
-0.600874915859033 0.295805625912034
-0.473862554492794 0.283496336827562
-0.827874597491646 0.0456941936321151
-0.965749806084619 -0.0510077626814588
-0.541479398721905 0.487561890564843
-0.217651877620048 -0.61867510880521
-0.709986370334588 0.122998775849396
-0.699249131949625 -0.261320464827368
-0.664874945531052 -0.186985948801492
-0.592555751053076 -0.0811325327616268
-0.311833180268377 0.60360381823156
-0.285460062367215 0.528196290669142
-0.142248915507765 0.52068109292425
-0.409587242323592 -0.355873234255862
-0.0720392076004255 0.569836183895618
-0.0583242425167791 0.493870557120784
0.0269962581231138 0.518840422333245
0.0100232832793757 0.504604606365775
0.443472472459496 -0.112101897569134
-0.440708349431519 0.360372022772772
0.0874289033388752 0.434350912016116
0.59768450405359 -0.0549948736329402
0.298661835680351 -0.433599388005621
0.369944628240881 -0.258794970046329
0.378888532395991 -0.393111108967809
0.699878285875458 -0.0645875157130434
-0.0516852718947551 0.354768589688737
0.682637120057035 0.0962073210686727
-0.204443284129726 0.290671028238248
0.439859883837156 0.0136338059239866
0.706606383454848 -0.159691380299843
1.01738328972479 -0.169294350050319
-0.329082908905537 0.344503782110422
0.89389967666852 0.120295908239907
-0.802140183786513 -0.0515973347273048
-0.926227741283563 -0.0753816449944648
1.30087890427401 0.525496013447415
1.43822120882678 -0.824645780794267
-0.586503054496187 0.196410816949065
-0.157131591469172 -0.341146788227159
-0.498224673816165 -0.084812446944258
0.529072015885805 -0.95523092528443
0.749454183557518 0.606948409806988
-0.166200839552905 -0.0280393196421874
-0.122509296470013 -0.0222567759535497
0.999944312235851 -0.369166931978349
0.955202542700865 -0.345782533528214
-0.00300805079954367 -0.0558688462554682
0.494284500048253 0.228867784785574
0.3718862417172 -0.443231289603839
0.654548136907921 0.433815946172249
0.756807437180115 -0.118948354060434
0.290461453732235 -0.0909548453874066
0.506629219869168 -0.0226968704369127
0.689901359781469 0.0692304518229465
0.529519490067002 -0.185698805159549
0.284374572537313 0.230871768109629
0.768189619270356 -0.014871426248699
0.833979310486606 -0.0165850396092302
0.31595220926106 0.331930733339782
0.67826513356521 0.555836993347587
1.12803952294665 -0.00934561520459804
0.565238776232705 0.513933696595639
0.743842914278165 0.686274725590308
0.938849523146402 -0.507518335259645
-0.0965601749888394 -0.270575290596994
0.435080470193961 -0.733707532536941
0.390957423876101 -0.700462541474818
-0.238579674923421 0.044445027070569
0.513321154277511 0.626280317744829
-0.340566185952968 -0.00360792408454557
1.14451558112804 -0.501302480648616
-0.486035053563022 -0.0190882014467721
0.497913007974602 0.81084414510006
-0.652331680907485 0.0204465798775715
-0.649087281659172 -0.322461095939791
-0.191858954271258 1.05029312929097
0.330376046242319 -0.732587838019891
-0.924818685468032 0.215010589531183
-0.0724392536492535 1.02384471473432
0.594606284277073 -1.08024099361076
-1.35966222243366 -0.109707812799654
0.0100853172558237 -1.05875597427617
0.0132319753606455 -1.05778405735004
-0.657654277117487 -1.25532660309078
-1.13227362676651 0.736111505399648
0.12070899511561 -1.09367926717137
0.0997188598957564 -1.07562835216721
-0.24335359399976 -1.04025334766596
0.00908256842593015 1.06513498447501
0.77958052004529 -0.166669225707683
-0.613418972188481 -1.21399708531741
0.00957789868361503 -1.03592162930106
-0.507669895290772 -1.18987890182702
-1.03691399654645 0.185753703203252
0.841577825071746 -0.498057941193665
-0.195368325991844 -0.930748706180564
-0.694217987728953 0.241412866738043
0.416078679168196 -0.89640111723144
-0.347588566359646 -0.76026492138478
-0.568937694355124 0.540522446821016
0.409713699524392 -0.301493114772262
-0.65751754868711 0.108484028497842
-0.436802632708373 -0.128125243870534
0.00599925206479539 0.458737075756353
-0.131544109080035 0.244785927009574
0.117627635096989 -0.280614511482454
-0.293867773691985 -0.128212180354163
-0.365572708567452 -0.167052124927359
-0.232553157427453 -0.0551403361119716
0.114950636527281 -0.017388585305846
-0.032417857050757 -0.144194200606437
0.0337708012593897 0.165788278398503
-0.125443169083249 0.0880372112964497
-0.0178605185110405 0.00624552574430702
-0.195659359780345 0.0298554631761
-0.0369400062455972 -0.1057818553674
-0.143903496671375 -0.0376521901181408
-0.223917198570835 0.00756686188874192
-0.192280945663015 0.0172380184495835
-0.137395076466131 -0.138918068339251
-0.01902870816199 -0.0292606458941861
-0.117470210885908 0.02163473436766
-0.15357304076274 -0.127712883759264
-0.00267807545199199 0.0646153084617094
-0.0344861930780146 -0.0233314638983811
-0.0215116593593839 -0.00722870704552436
0.120601434247991 0.0113493094571954
0.0201601799945765 -0.101096228929589
0.200034019414953 -0.0530048579511185
0.0444276770481268 0.0286631877404354
0.155699426321949 -0.0879306263199847
0.175427315096762 0.00543203923901967
0.156752402027957 0.0151247945706723
0.0859709245905872 0.0463288255048664
0.100683316831894 0.101716611531466
0.244978224485916 0.0482395621390555
0.00555646386457164 -0.188302333922681
-0.152973213421788 0.129653687079633
-0.24017431684961 0.0886956503269127
-0.176536352139356 0.0181690144385406
-0.0654700113337907 0.224934254485267
-0.00258785296345876 0.147279930342124
0.428312320664477 0.0694016918145214
-0.0628871256212504 0.144620741571053
0.283479879558436 -0.336402547554941
0.47716702431207 -0.47255513693188
0.524507188130908 -0.362068357619792
-0.203221604377239 0.497974908799123
0.427294753193876 0.62322021054174
0.150661465410279 -0.387558864975661
0.0704063772871461 -0.372317547721272
0.0337814402094602 -0.184342836225095
-0.311942618087667 -0.36255139543352
0.201005153458032 -0.0174612874126453
-0.274746393038856 0.155865377447461
0.067691521470746 0.307367289932941
0.253372828645928 -0.00281302144102728
0.271315754578675 0.0738347472353426
0.0453856324326116 -0.485966942744596
0.278620091497909 0.0360646957805472
-0.0894129615721728 -0.221764990398193
0.17395583009028 -0.0148090468310294
0.601462035003361 0.181035654025643
0.695693544360225 -0.100124145410387
0.70555054113647 0.244141795461411
-0.339762987740155 0.642531141054879
-0.104606873423573 0.345335007729731
0.689471228523777 0.414352042431536
0.733341001592309 -0.471651027870405
0.174008165590723 -0.00548765138583121
0.473005353394147 0.226953779385649
-0.145464622133348 0.421930587362816
0.260851500470378 0.0413235197471238
0.185029622224444 0.259378791164863
-0.0884784742445133 0.0161940675869837
0.177841765261912 -0.0393729152708299
0.128466474657835 -0.178662866227215
0.0641619660140116 -0.138528530654274
0.0787278157051725 -0.0139956760083506
0.182753342962806 -0.158746911529549
0.186732640901126 -0.0670843679859478
0.255398119297821 0.0249115039608321
0.124514237298683 0.00268961538805318
0.0971808910246367 0.205140883677108
-0.143233863626551 0.0141037445085766
-0.161217690731927 -0.0276957849805929
-0.200805309910027 -0.0269956688850865
-0.0778859133915558 -0.284691844927467
-0.25639588989102 0.0089436878630896
0.0871906979772764 0.298603839975718
-0.196098580109654 -0.0796591900242961
-0.101707922979391 0.086099226227775
-0.12065655448609 -0.42776460424762
0.0419029114779789 0.0884808782477208
0.107562663928242 0.0638215818827683
-0.317156538566476 -0.692319455655122
-0.0514722468304693 -0.0316521081752641
-0.0018701199207281 -0.726409154586823
-0.61338516716406 0.0346714528613816
-0.298841382058091 0.157524664536361
0.0716068151024078 -0.663477411311234
0.432762644980488 0.341279758138065
-0.0739118619483333 -0.476873229949278
-0.232299381066692 -0.0492168559111446
0.174220598050848 0.202958599436338
0.144841007042117 -0.362930182146239
0.300194494794402 0.0694884459332155
0.267282995919347 0.199387946804923
-0.00917797733041276 0.0495894671201731
0.695831737220633 -0.195895867486913
0.063512449914558 0.160701564910509
0.287765309514866 -0.503517538283657
0.590226740921563 0.334017917733758
0.67975488552204 -0.290192317130464
0.114933149213874 -0.514063457516475
0.221754459903579 0.293557598685843
0.142543478534639 0.444092772834276
-0.277510257817836 -0.21152747681026
0.311522978591933 0.36753306301156
0.403011110801712 0.250662101837752
-0.0386450431780445 -0.0301507648759444
-0.0303967777222405 -0.0395976820761357
-0.10355714545016 -0.00536576395339425
0.255774436141055 0.196606197371267
-0.147109096894344 0.0570905718931239
-0.269727958310065 -0.0294118131400907
-0.132933544183159 0.306094412366207
0.00030026763955711 0.417826189868392
0.436092798652001 0.456710559074771
0.580823836080623 -0.456396918291217
-0.456417221121536 -0.105540162563071
0.0578142809000878 0.42201872867778
0.166363945541901 0.456924338655995
-0.234504882738082 -0.0625691516043121
-0.276994004361464 -0.147974126583495
0.661351049816254 -0.235281763689383
0.22146977640648 -0.52102891656937
0.244031405818456 0.446885096910767
0.160642321131165 0.475245451904931
0.0595493415875645 -0.615396573040684
-0.36700088212988 -0.0727426418974533
-0.443120489476258 -0.00388089549153455
0.420461197975425 -0.4503058318419
0.339792289603976 -0.41315602150729
0.299864903016297 0.541360998912517
-0.157908256869738 0.426358438295657
-0.218691281894424 0.408481224152769
-0.449597987730279 -0.134293848865097
0.228022000349473 0.505203013008304
0.224938289279892 -0.531430191815777
-0.160224616173269 -0.569041142541926
-0.166883739573143 -0.538044956097731
-0.205965913487235 0.313291383627269
-0.233774321704741 0.257333970416766
-0.143218226077688 0.247120489828835
0.140514951000904 -0.34594797841423
-0.0684387355170073 0.15696285564395
0.00921501308205017 0.0890741047040621
0.0329219366575132 0.0314452897493604
0.0649578070859699 -0.0347797356575792
0.156476882781625 0.268559353059579
0.248791396814339 0.0341485936607831
0.302550330933616 0.0596539745685015
-0.183226517065729 0.26592693776781
0.114684365577689 0.266286310974699
0.117624932291048 0.248246967494596
0.102031294706609 0.281905353342466
0.275046143056678 -0.318748913369595
0.0603522565493649 0.20334263606336
-0.175843006746302 0.242382716448778
-0.317000260764133 -0.0629954020733127
-0.322039919685143 -0.0558422762715054
-0.114016362874878 0.241390693154021
0.203671462585926 -0.329299203675744
-0.50747208022557 -0.0542866669911263
-0.274003905480066 0.203508443473535
-0.411616231751791 -0.0189858726996831
-0.375854554527155 -0.0702125877150373
0.175245703262824 0.441127704017258
0.406193946348887 -0.228513815485581
-0.221131016473669 -0.15654042381746
-0.278792162384505 -0.0112606161670696
0.0507867969893192 -0.0362324459780781
0.212266598593643 -0.391521093320616
0.0276240385756194 0.242603101009485
0.0417568591105764 -0.0992326944200962
-0.0299758168700587 -0.0881641471496037
0.413872551743369 -0.0703145993872278
0.41505431663131 -0.10872620148818
0.139551945843115 -0.0587771019697767
0.0816260635903379 0.0487218662086545
0.137044815556348 -0.310795516699381
0.256210774526126 0.470739496155391
0.477457651970258 -0.108502676464026
-0.20802867318935 -0.166123355318532
0.0270031560702654 0.320501665356051
0.315705705506696 0.166767984514921
-0.042333403314015 -0.524774626804797
-0.360286473806917 0.443988910880134
0.203975622090465 0.144169622144357
0.144065689241487 0.111881957467314
-0.402829168241041 -0.00892838974764996
-0.134007883013512 0.0920551858003751
-0.0606534770173936 -0.0681808420110464
-0.0369587425401663 0.134366660700876
-0.170482069182546 0.114192889743712
-0.130174026757403 -0.0826771364552702
-0.286113358980863 -0.281449111690999
-0.214362020505925 -0.0146422265779985
-0.241705981204912 0.0690658520928218
-0.209740504129441 0.14152920085127
-0.155724972500161 -0.290563434179018
-0.097269310481915 0.111308620888451
-0.381836064872068 -0.0409437122335699
0.0383643252901437 -0.0493513258917136
-0.21493068219246 -0.0635164304823327
0.0134302566668092 -0.0734472686526326
0.0887757111078614 0.103015792442363
0.0293130217820177 -0.256470575270445
-0.115452203627966 0.073414520949928
0.0233529126034795 0.0149122889897842
-0.189817304862141 -0.300766861169917
-0.382284025383107 0.181935900356061
0.189256566338217 -0.0595855489983092
-0.0111406066884349 0.30840840929133
-0.0945901145610273 0.175809449327076
-0.225893172297468 0.275140384172915
-0.0407802154428283 -0.298048167273024
-0.0395404816033471 -0.269958478619099
0.247875951376533 -0.102554470074068
-0.0907785042677717 -0.332913747578925
-0.0160887966773083 -0.272338592365572
0.118997759321785 -0.434738260826303
0.175617558129233 -0.166948280181634
-0.034327801871561 -0.400796818488531
0.284661369506907 -0.175932726562598
-0.126475418673917 -0.261359054041478
0.26091735813356 -0.571511723762622
0.142303326297151 -0.612457071372791
-0.400924905114856 -0.391745584137317
0.769897484347769 -0.175867634290994
0.202892595415356 -0.672647908035368
0.355996298080032 0.292432456511717
0.676741050059557 -0.584636412682879
-0.203521511268065 -0.220600839230159
-0.390726113740937 0.137845282174275
0.540385692501771 0.522912832087088
0.163318108386324 0.581770795588189
0.708795569575133 -0.284448779606206
-0.452124284830727 -0.00615170094885988
-0.360380538607018 -0.00281285748540886
-0.334352904367147 -0.00198189310758001
0.874409806172683 0.0210915149152941
0.611053870518152 -0.419289767053934
0.551453139003543 0.603703290618643
0.105799441506718 0.536436148390781
0.851578104188094 -0.0222013086893469
-0.218250515737157 0.560968356832784
0.0634023718122099 -0.636828339353232
-0.25586569571868 -0.148072993350835
-0.326683136082822 -0.123921076183412
-0.253857976434729 0.633647913188736
-0.544500741168126 -0.231945764133298
0.306494182981623 0.715953477727765
-0.140642252256182 -0.730899379088087
0.0235879970875092 0.609184809038327
0.01985497987167 -0.790635933662901
-0.210803901349326 0.619014088344296
0.004251513564087 0.647324647354579
-0.532637428451334 -0.0208041253686961
0.521568788983572 0.788432032972157
-0.646432035477635 -0.170079534061001
-0.576759743441424 -0.159736273710345
0.0359687045421533 -0.852218273127875
0.136639034780353 0.728950970134276
0.147368249785713 -0.806612368680111
-0.450089167361879 -0.0216648318706495
-0.361544082183696 0.0625394214988882
0.323757854375515 -0.666693540413718
-0.56790185514684 -0.265244962653447
-0.672595237127742 0.0637516623116525
-0.0788270448103772 0.881908064358727
-0.343690018633159 0.75063676282473
-0.612958717658379 0.13308196205636
-0.485669624189306 0.736041302384449
1.10887823928168 0.0710610898603547
-0.1224062164644 0.721093617365422
-0.191656164363816 0.559000771784755
-0.404627731261738 -0.3476130903918
-0.404705855733844 -0.326380478197102
-0.635802515202187 0.136961687783025
-0.267584043766154 0.267917954535973
-0.087260699251668 0.373039702012337
-0.00207257542277929 -0.636251118962734
-0.150209133623102 -0.627596426157962
-0.357996758246011 -0.692081515793868
0.264385536606472 0.162505718579131
-0.73778570424425 0.232369576653964
-0.260203926178788 0.540557917294064
0.171368914517122 -0.0773358553066543
0.451450812787511 -0.244861118565481
-0.250498271153742 -0.526581069422741
0.654653578512138 -0.132694649216369
0.54220171445139 -0.649795041063778
0.964060602232364 0.0439601646302788
0.503455554098223 -0.345853565044544
0.572817801493567 0.184845047120921
0.56281869446605 -0.299864638167932
-0.671091315882122 0.331032859455843
0.48773123142304 0.89307204716228
0.518867718995733 -0.434741910001746
-0.224409047224463 -0.234218069458658
1.21515698421832 0.0597625206871708
0.914235812572787 -0.159873748860299
-0.414697567279799 0.321011031797464
0.403308041583306 -0.675724198610394
0.381111677894511 0.661019207153951
-0.0359037278756304 0.756718800634635
0.953535921663151 0.0389919171356524
0.452340135375966 -0.308460979529639
-0.0776999031150127 -0.635131157481137
0.336666104789313 0.659537907060487
0.296625690499585 -0.523283512345438
0.624128268789405 0.114158730129838
0.131655231743782 0.504643292196071
-0.442850349105104 0.306192276511702
0.424388126815863 -0.147380543917703
0.185376573636722 -0.668678773919284
-0.469700111948444 0.451095238805325
-0.499975029316657 0.429700576889823
-0.455712762383179 -0.593990951821717
-0.584966369805194 0.464164101126079
0.0230968261364314 0.604673985444711
0.462401895961146 -0.0194980229518878
-0.123460679839416 -0.554855567354669
-0.00709149305708079 -0.686898913985674
0.367491203310116 -0.0140638578920706
0.361057008789964 -0.0532625324897935
-0.691901758927136 -0.627177168826321
0.614835303328619 -0.0130536249150939
-0.0517227673412271 -0.773041114006563
-0.798541126167813 0.54449400464536
0.00533984720674409 0.774331649334528
-0.245931785794391 -0.70396512237284
0.360644587298039 -0.17288823030551
-0.72995324490504 -0.871207066537411
-1.07538607540088 0.524356432677604
-0.307916618327772 0.822393244203919
-0.986910967576085 -0.792674798148631
-0.544038716773242 -0.800615931851563
-0.366148767787988 0.938315357685465
-1.36472195742459 0.608958719123417
0.338251862781178 0.0783484047015358
-0.236724374162134 1.22984861059817
-0.834025229689698 -0.875286765022286
0.494716091522444 -0.22854159177569
-0.867753543619129 -0.876986763012071
-0.14273245510754 -1.33451448727592
-0.0262345184281746 -1.44186655139931
-1.50478852834369 0.669053318880057
-0.886402035832062 -1.63912198267898
-0.106506714542209 1.46204338113621
-0.224527262098375 1.43946921756357
0.324595515397098 1.6651185186264
1.53354200245495 0.0461592915693532
-1.36692140259208 1.35560622033003
-0.473365668601431 1.45157790907747
-1.40890930386364 1.36484564729348
1.38638403202257 0.0472080603200417
-0.642706459044157 -1.4701577265262
-1.77379939215106 0.176857473284477
-0.0455266753091696 -1.06949920132409
-1.33154824703257 -0.35523924496267
-0.816083951682719 -1.69337527677692
-0.428002514687129 -1.57076199816232
-1.61377771919817 -0.00322999715137477
-1.76004351904998 -0.21037969509771
-1.6474139994843 -0.179468003964782
-1.2931790233781 -0.205462573652278
-0.672336257616226 1.36708760349009
-0.300410434290812 -1.48804074342993
-1.22039095030674 -0.126479091631537
0.80004374388648 1.39162817916373
-0.297022691671998 1.35183826982899
1.18837611517804 -1.07469847269051
-0.391737979939294 1.32274465792565
-0.26079322335581 1.29868437838018
-0.831631556062336 -0.134257566100409
-0.842964575548943 -0.075016655379144
0.53085910052916 1.1683086173005
1.42931161660575 -1.00273725213812
-0.702921265756989 -0.0475619449658985
-0.644253123951645 -0.150128075882812
0.789998773570187 1.01335785259958
0.89696265774399 1.00550637969203
0.70304730264671 1.11198500785904
0.709389271204845 1.0972222010073
0.75002429825669 1.08460615409279
-0.256396684708909 -0.246978283543914
0.772535349506272 1.03029242281804
0.849867533615816 0.931816660184026
0.881459592280587 0.867241324989787
0.921909561887462 0.838796683888921
0.95808007978065 -0.733172053017545
-0.022460991114247 0.13175632540776
0.196608360099133 0.220820294165345
1.5979051289474 -0.326114412594422
0.797470465034582 -0.781967730307528
0.879873977036649 -0.748652440360111
0.848278371158509 -0.660543656400127
1.08887589690338 0.264495526622773
0.229999179114146 0.0844605585089615
1.3980145375002 -0.169251873563775
0.675278964274043 0.495782568422006
1.52318288902973 0.0392356858027507
0.831163025191198 -0.395016006900582
1.0583875584045 0.187232246846451
0.69352922338332 0.293828549098674
0.795923626041384 -0.257531104231461
0.179723340533806 0.0106937897355995
0.30654041303824 -0.0538197166976867
0.752286282474642 -0.051522906960117
0.460018006399114 -0.076810800762142
0.347101580123605 0.236126585939809
0.604898250138244 -0.220426852641133
0.00880401057613263 0.0282209448894578
0.381876747934408 0.0666899171883946
0.559092875120281 -0.091140556007272
0.0456126104424829 0.357096062029266
0.394492071536189 0.360338818101181
-0.0135469468028549 -0.129136138648735
0.205296621419465 0.11724110136098
0.529652718167652 0.0894160980103903
0.00755789736311365 -0.22419319224288
-0.0797406916673966 -0.00850094508656709
-0.125619231920345 0.161203800479805
0.0277384449645414 -0.0784774383467376
-0.0485447708302903 -0.114773717398503
-0.10686429956471 -0.12704421333449
0.0722820564778349 0.00640528717923276
0.028153263536249 -0.235866515632829
-0.0440827639174648 0.0967662947904383
0.239219308492237 0.0731476102108919
0.147945461530272 0.134110522520263
-0.190433194545263 -0.0194249900007463
-0.158200139317846 0.0342672636290317
-0.139205320129897 -0.0892698344509506
0.0565156480695779 0.448264074923154
-0.378375570353896 0.0936672239079476
-0.433712301104795 -0.0976710810409582
-0.248454853459329 -0.553184991884485
-0.244961078387029 0.227039606506602
-0.295276973492116 0.285284165917212
-0.508537845165426 0.293128622428418
-0.320145401270298 -0.409174916217914
-0.611303084342983 0.173322777708469
-0.56427696462014 -0.0789094563950506
-0.325793938478336 -0.302255836398372
-0.408316509221305 0.224176768298475
-0.365045314096993 -0.149736828398124
-0.36208029249767 0.13394268326378
-0.209408551621497 0.0237128159200004
-0.40562508669737 -0.412353697073186
-0.418605648235965 -0.129511727400604
-0.335742434134071 0.114181346932849
0.195887164392851 -0.284329598591411
-0.358024970290851 -0.0442428952338752
-0.218322364625945 -0.549673250503493
-0.146643656440623 -0.559961392129201
0.00046549715262333 -0.542963746145115
-0.0769026484091716 0.482576721794856
-0.231231925937088 0.743863741261132
-0.935237017527843 0.0430015189220409
-0.422452468743903 0.748455501703714
-0.554567830520817 0.724854076957163
-0.722266401925798 0.980043947153189
-0.752015253836364 0.273726338812903
-0.124551571266228 1.02041181380257
-0.727266852553987 0.36199997354804
0.405574288639458 0.493981283397316
-0.911859633801563 0.978543497903205
-0.272236472405132 0.835635236581826
0.495961740626792 0.433057181073117
-1.06547511983404 0.286113403915602
-0.413109522676257 0.684284713397169
-0.635232861323267 -0.324358909902253
-0.976529239782881 0.47176946221143
-0.0357704636930078 0.0996685482917864
0.0429824669945482 -0.128688291111162
-0.84411578441946 -0.582872348542898
-0.526774709055415 -0.473845416033431
-0.973894898933205 0.343860675443006
0.0679321584323987 -0.00313164673883065
0.256926266697645 0.029954538937348
0.16763291608107 -0.0448069421248177
-1.24082132110511 -0.074159335419977
-0.861440621165241 0.358793044310333
-0.696525333358174 -0.72035051231227
-0.378474988177809 -0.699310254989405
-1.33808142081908 -0.110553805719211
-0.008399909279898 -0.928484240296606
-0.0591176651059056 0.808059723070427
0.437543281464364 0.0525501768227657
0.520361858258923 0.0398475054422509
0.115783195090587 -0.836965927735192
0.550089156915167 0.038209737887204
-0.510302461875262 -0.798564245469194
0.0493399739729991 0.745445410384609
0.297139618748172 -0.67318259686785
0.123926956772788 0.726736027520825
0.186144215088079 -0.694058917129872
0.366601203264375 -0.545777917092034
0.747345584617198 0.0431323955501794
-0.433159940165464 -0.725622141276221
0.67526861317172 -0.0313842249514718
0.67360291386521 -0.0636497108841188
0.26707243592138 0.649914601246904
0.437036835875708 -0.446576414971809
0.27848682829333 0.630107196736096
0.829206496224412 0.004338465802739
0.714124634292533 0.0793162476734514
0.265368704551982 0.515792468663693
0.815285749525903 0.0499315030719511
0.847741734409108 0.0785679227906963
0.493037367307632 -0.295582226263989
0.431462229598526 -0.401755562126139
0.690907296370013 -0.0520694929621214
0.386784830776463 -0.244713709840671
-0.360339970922434 -0.0709401791249599
0.278409124095544 -0.21091292916675
0.252718299200479 -0.399509462561056
0.467635806046107 0.0596201446822768
0.402085413821127 0.0454731114182665
0.464131460922452 -0.00316163468353455
0.550265029301722 -0.0195476097726042
0.165085305288593 -0.42888482248083
0.116547232875804 -0.334877530914673
0.0143175176437906 0.502010362160785
0.076310585557445 0.576882084667264
-0.00361384028718842 -0.476975116652872
0.483484270737071 -0.0363404882791414
0.273604356928477 -0.0900904378103467
0.246677383812108 -0.0688702146961045
-0.231881531817302 0.431924659430283
0.184053697332417 0.087485343614299
-0.6589424075085 0.239863558681805
-0.71122401055615 0.432603509014715
-0.947187356363027 -0.104131042021824
-0.22776998914292 0.403628694962396
-0.375410645215726 -0.340404575991587
-0.336725028545473 0.393508817862752
0.260948965437912 -0.0783964916543164
-0.352652852296266 -0.491192897233282
-0.128793731787447 0.424798284412409
0.214036853425641 -0.0206422832286516
-0.731561880680161 -0.0999954486313844
-0.509106617152267 0.349857070951368
0.203373263569132 0.0899204636370795
-0.13284095361517 0.448778967575028
-0.184649339727218 -0.291428945132841
-0.187944506381516 -0.339630886099319
-0.745140493841034 -0.0356739086300136
-0.102529826146448 -0.640242547388136
-0.243762042811272 0.267104489282737
-0.362012881468753 -0.34871267912654
0.0654528746652855 -0.440156598170875
0.44119891489556 -0.496636999260659
0.571439830864357 0.271146482333957
0.439441499525644 0.171624051510919
0.389421473322248 0.667291018700003
-0.390997730994923 0.102584491827787
-0.0988596312735683 -0.167786129370503
-0.160223197269567 -0.167229629168725
0.377830730070203 -0.513175178708388
-0.0325102403291983 -0.153689667445039
0.809698642823688 0.469321003920239
-0.498161753121179 -0.000802718415441018
0.350955760857782 0.566229459084072
0.296291745126436 -0.648934412430359
0.0234441594597418 0.564900300836309
0.194508936471577 0.490474384608625
0.223125252267428 -0.397604544326097
-0.302785298167451 -0.0523833883336493
0.109476533908505 -0.515630663173927
-0.285140596774445 -0.0917168660958801
-0.219979191000795 -0.0777684836194516
0.186588764658669 -0.39362435856252
0.397686488160471 0.331879146525553
0.102011883027163 -0.397790279005968
-0.102630870295269 0.00275863682493584
0.169673546059863 0.2016712276919
0.134311473485873 -0.31376688696322
0.228559840866398 0.0780656547793829
0.139381030343195 0.166053947424406
-0.0218110726835785 -0.0294023529485876
0.43362685587694 -0.0840715846777445
0.132593398715869 0.140352722630262
0.193286361837462 -0.149490650569786
0.313625461662963 0.106624434194356
0.322738681957233 -0.133064771829899
0.195449699200613 -0.152372984790837
0.195908909214531 -0.140140885771917
-0.14300892111279 0.122971727248959
-0.126153906937122 -0.178783238254054
-0.0360192782021639 0.216711152125556
-0.0172124918245299 0.187024910288198
-0.0798486181765386 0.103642551081744
-0.109890281269702 -0.0236644264842203
-0.269828183751091 -0.0138133232112001
-0.0837481381033703 0.190244985417204
-0.324638430786624 0.0118201531694831
-0.149350839177501 -0.0282586429432203
-0.0464164998276312 -0.0304986273884252
-0.0738010056706548 0.191383208728641
0.141384909293214 0.273676603581669
