0.339661753244445 -0.328516451697548
0.333348819507021 0.0130471240843368
-0.129322180788663 0.120609199921424
0.0524271693056406 -0.226660982651098
0.355639939378097 -0.0368761453876399
0.069094529791604 0.143113385399974
0.370385606108022 -0.0694183515505806
0.18498459918089 -0.193604578573811
0.356163609482736 -0.0901066834424235
0.313057764932135 -0.0302997439916118
0.270983894855943 -0.173873264021484
0.314155718240769 -0.071868974913049
-0.0231145378168413 0.00206906032344297
-0.0218830166184178 0.023840200454906
0.244803484844705 -0.118718828800849
0.347735660416838 0.0797999124727083
0.24440501952722 0.0373189806363134
0.138809815668581 -0.171272723754798
0.344242519319632 -0.00648971713650152
0.223929659253008 -0.024220455532328
0.354362878833915 -0.103845924695884
0.419764483013673 0.0718960963546128
0.371430091097589 -0.185105256471659
0.188086433818887 -0.0994829656835429
0.311714731979936 -0.138956438938577
0.302334095115225 0.0720373371014934
0.412443336695277 0.104580285529482
0.250136612431784 -0.26894599355217
0.496146253657033 0.0858636679339671
0.116402447901804 -0.174850355290433
0.28979650907309 0.111479604624756
0.354444890932914 0.200989119253359
0.157509165262533 0.0396515385315516
0.533241199430583 -0.168786471299591
0.367151915912784 0.166971493110009
0.464070315815536 0.20414132966628
0.24858900783816 -0.340585109951326
0.185268171022921 0.141243917386126
0.0499042886956593 -0.307060819087255
0.443329128594429 0.237149601216165
0.406539174739827 0.261704451614826
0.333671881186465 -0.411650510788224
0.563348336789449 0.281110384500019
0.259837405739311 0.154438919330398
0.289206989834348 -0.361115848949964
0.539756705229808 0.352774418746776
0.247075933821463 0.320334889715688
0.224792910957697 0.298370487168191
0.496919255767583 0.339143169494533
-0.149502733987037 -0.461493763837015
0.619991263013982 0.386878076895633
0.830773616235307 -0.152636279385125
0.762447184406418 -0.169541601604597
-0.139730326345476 -0.597200908942702
0.49019318731518 -0.433601870772159
0.874776214056349 -0.191478893067233
0.85428894131444 -0.185273317321057
0.484045618764209 -0.547458515144413
0.964833486299709 -0.21176582507819
0.581673584410162 -0.594497308579689
0.607987346932567 -0.662474522868004
0.0110205990882504 0.670259691602777
1.04931340873515 -0.308423339850671
0.345702353452424 -0.74039558241211
0.631724734253068 -0.78133084836337
1.03157147593999 0.692363333902105
1.29646769444381 -0.291211157364145
-0.349576441688315 -0.707834612641949
0.977133808001206 -0.170309047167725
-0.817835241183017 0.195971698638104
-0.905878041398436 0.201896889642531
-0.38158142318943 0.855401650415178
0.298737742877334 -1.13982487958931
0.48072902265579 -1.0608475520574
0.0978423777299699 -0.911164732480934
-0.211775183344799 1.21803097172144
0.705624911423715 -0.138432456547927
0.471185250863921 0.84687257314254
0.923665064529266 0.0129741670611953
0.962309508989539 -0.17456130039966
-0.52569955835541 0.876988007843342
-0.622749490495695 0.723940918975062
0.384534802376355 0.848123668261418
-0.84468503770967 -0.682832611765385
0.324648910292999 -0.0510642073254191
-0.816159198870439 0.765990737131623
0.391129951984623 -0.12638488094995
0.023803747951742 0.930848245697165
-0.568976973573503 -0.656287665143621
-1.0396211690699 0.907679823068334
-0.724153584391222 -0.60495593737973
0.17801223606635 -0.0102275641857511
0.0677420476062004 -0.00485528839095618
0.0650551993866326 -0.0669070489630618
-0.923797189991355 -0.306231927279473
-0.874252752178493 -0.259792711803352
-1.12805852058132 0.661796300536487
-0.148146273401723 0.0501475116095914
-0.77493261053772 -0.245225150857787
-0.143815758342251 0.127584809477604
-0.174374259205273 0.131753898581481
0.075085442813535 -0.0199224027357646
-0.675305190675336 0.151335099242601
-0.0527502094781392 -0.157771059450176
-0.526950515598368 0.360541683473094
-0.552688974012778 -0.391894321672866
-0.608159399863488 -0.425720976173731
-0.804963694872179 0.284000851890806
-0.00059910169481896 -0.365190253433143
-0.473765964680222 0.689697278765281
0.264202842772445 0.598509246422848
-0.0313608607553914 -0.675073239595771
-0.648912685143293 -0.534795693933688
-0.194001870904846 -0.688392228579585
-1.12115542323577 0.324699772533216
-0.773101011381369 -0.490008456000589
-1.23898471935603 0.0617860239397792
-0.892981283600326 -0.531328157103663
-0.54498048117739 -0.687435600144558
-1.18148066114454 -0.565419967086188
-1.05805047748594 0.0796009301809095
-0.752118225542382 -0.561041170815933
-0.222647772643025 0.963153650354265
-1.05582872322486 -0.0193355982349854
-0.375960009148472 0.966315054083161
0.122827052494811 0.14394523686359
-0.89814302141893 -0.506613483760873
-0.823843253785743 -0.564699995484987
-0.734134526981357 -0.67131029547757
0.266647604226464 0.0153925988115777
-0.172956307560234 0.933517663560538
0.437543894009378 -0.0200559794951861
-0.508771440904248 -0.756196814902319
-1.42965402443309 0.333575341030841
-0.616868902227183 -0.441652566051292
0.409916108470525 0.0818397158762324
-0.831625762723251 -0.754380684633002
0.0834535034643756 0.790272059680575
0.033749063639358 0.80848683024431
-0.760696930532478 -0.796493606376778
0.205543001376924 -0.955089221412135
0.0636348582879632 0.804787786617893
-0.854187397882977 -0.157772185905707
-0.372321503105406 0.435009660279163
-0.797145283107976 -0.115063571016962
-0.226750969753935 -0.849369020621444
0.308350700564972 0.745177031010489
-0.403040497911321 0.382352378984618
1.02491499557098 0.496209052478734
-0.624989279349192 -0.0176413619010077
-0.626454385400987 -0.00330866930154248
0.58050745734332 0.7860803868367
-0.0682336348120524 -0.973630858681746
0.883238571852492 -1.00632485036303
0.0450275391000459 -0.967276982478571
-0.297008133364114 0.0483596521054552
1.21293250045395 0.541319521293242
1.14715029073564 -0.68418295652136
1.08117905051177 -0.640565848590433
0.212125576696582 -0.843688639417287
0.296299412679483 -0.762313405907046
1.14071096263838 0.281503590708678
0.00797487740669888 -0.112605989658883
0.508304570896131 -0.5675247848416
0.67103150066948 0.315349380896495
0.945153034172125 0.138566907613338
0.304557780957272 0.191075544241902
0.884853946432883 0.0735842710388555
0.766153900815935 -0.286607644718645
0.799818924506674 0.022978298591334
0.605543617063118 -0.112240741501884
0.432853658807673 0.392459201967032
0.252614611723552 -0.376212083532381
0.268587869322284 -0.534809374802984
0.64073197729286 -0.230999337993951
0.816340028711932 -0.247805553934884
0.681346118961244 0.591975339483205
-0.462497579928871 -0.544549121788396
0.323294806488997 0.58527907117674
0.716080179376851 0.726050266433837
-0.643648897901602 -0.597135870259115
0.29868391976933 -1.04046573888758
0.45451664221318 0.867949011260454
-0.569526726808665 0.762300882998829
0.357331062299529 0.925905978562477
0.814725116446499 -0.280661248310613
-0.616386641567321 1.10174543958866
0.654330248280527 -0.21506083286661
-0.304186118711395 -0.978883641242376
-1.09979347954789 -0.737769067554077
0.293899169223341 1.08202021742419
0.349383335739916 1.0998786904477
-0.496140794626951 -0.88392444998688
0.701158914958368 -0.0273345071512894
-0.760610976903841 1.24073613550575
-0.608834400989028 -0.703278280777563
0.889366687293026 -0.417379507330193
-0.315081166877846 -1.05709975936167
-0.704758097301204 -0.37687635265051
0.313904908688769 -1.27779409174476
-1.27060601682089 0.300333809046958
0.175416820831077 -0.917666780171773
-1.03821569597896 0.281542766901442
-0.607908321079874 0.545047108023676
0.402170480310555 0.800759375602002
0.25242730376018 -0.0648005338077149
1.06781531409059 -0.205164606182078
1.06535423032419 -0.237925000489305
0.446131850646186 0.822470846472783
0.0354550565511948 -0.894773975183032
0.0103077229478761 -0.820379453740267
0.817401757404981 -0.0391211917648539
-0.301754205231544 0.780353203360518
-0.426025087419559 -0.676422734080579
0.616945670501727 -0.0415434210986819
0.195363367713512 0.567921395214133
0.0387618627257014 -0.457591447027882
-0.438315744193618 -0.548856984190838
0.00133147588765729 -0.46791697974022
0.305521374967378 0.4962880086372
0.174767045016655 0.423969723985524
0.0374725805856704 -0.425523688770094
0.139239376364935 0.449987505621272
-0.412361416264689 -0.507581078641464
0.420827083110035 0.476484945948983
0.24831409779327 0.410769147974128
-0.221546012437624 0.430250171977689
0.374837163150588 0.0110135108624254
0.101320144586575 0.467396931232015
0.0784014603399827 0.294010444502505
-0.0161350423150266 -0.266942041249273
-0.20533043512243 0.37734082710724
-0.450655064374928 -0.385425635836466
0.00179182226285362 0.305247607250184
0.0716062036934142 0.260147027604742
-0.1025403028513 -0.199117230836785
0.102532946926122 0.336810287526279
-0.31403466191243 0.270302944953479
-0.144592636943739 -0.0988817790202686
-0.0134341495882027 0.229715586659953
-0.250387056315058 0.271595917957877
-0.182164785267116 0.254829533682535
-0.0380206294965709 0.19537522759071
-0.244783275922897 -0.152433013992221
-0.0595479637371305 0.216629902992861
-0.00509888826653925 0.0809584018344828
-0.0109765833845118 -0.121949327079635
-0.244872806752917 -0.0603134929183211
-0.095268361006663 -0.037811604862328
-0.0373016823790299 0.0147292891588514
-0.121735228703251 0.00285883975817959
-0.214220999645366 -0.0471956339181141
-0.0132387898703888 0.0977157375112465
-0.295207766791656 -0.077669382606408
-0.269097371522886 -0.175239508883807
-0.462627382496828 0.203247019076082
-0.0763267381101163 -0.0834386482235492
-0.294036434373233 -0.0673462478073184
-0.290222948218463 -0.147272145697112
-0.028921952683349 0.326342409048358
0.0226132129933787 0.00870898393129705
-0.438088470528243 -0.165857659437327
0.029664374493828 -0.0121258720674658
-0.506791869144529 0.10585412019332
-0.558882569068927 0.1370138770855
-0.397307923279752 0.179637314478555
-0.157099804121373 0.010357766475655
-0.174083436621527 -0.139294899119243
-0.153724484600102 -0.112352737206685
-0.272434430308177 0.121389701193071
0.0372174160660255 0.03247137613563
-0.0615839600772009 0.152753745978598
-0.16182169922627 -0.172713728786042
-0.20534109434104 0.0531464234822342
-0.235118306717853 0.0335404387647041
-0.0928566950109653 0.0987530403609875
-0.32861741952627 0.0790005570137867
-0.182462200583274 0.0917634798550994
0.141974917153472 -0.0323105302843915
0.033771643930255 0.0782057880141584
-0.210060176266298 0.167443068838337
-0.291492099149905 -0.0939469867939256
-0.160930733480136 -0.0205469857330455
-0.141188242547792 -0.0430941029220489
0.117237357259143 -0.0291879219966861
-0.423958224887845 0.0940538438251582
-0.384858781705908 0.0564060334460834
-0.141875790594396 -0.175144109794585
-0.270360223882825 0.26223774693603
-0.0316525504771108 0.260079843445571
0.181224057084409 -0.0860253015971362
-0.124630043056135 -0.169812248354793
-0.0550065228937513 0.305225170983027
-0.181410080232856 -0.0414659791492296
-0.175922261017104 -0.0686162744318661
-0.5728724963352 0.165326789592703
-0.0890209883124205 -0.0538617586107061
-0.412955031678237 0.234054665914033
-0.189199208713633 -0.133649671357201
-0.00396179061781161 0.501976129428571
0.102163943864897 0.389018210333347
0.379906574662097 -0.24905027429833
-0.44694709173935 0.279668818437276
0.137045431768105 -0.522194896173786
-0.447547202291329 -0.0577055633601146
-0.431020538588215 0.278578482694538
0.15529765298266 0.526320330294313
-0.500339859734789 0.311696848319017
0.247648723135767 0.343955172587985
0.156155632536734 0.588150616305931
0.0687694480675433 -0.456988255129036
0.0709533410935611 0.662143944564688
-0.539607203752148 0.251134852363519
-0.280303554396987 0.324423086580885
0.640390917082647 -0.438351830841691
-0.559714879912373 0.290149917943231
-0.647240447426012 -0.0951842582437583
-0.189273147041627 -0.74686310337151
0.326997509245911 0.611753896252662
-0.455431457463747 -0.875487902768016
0.16479773455725 0.7960882031473
0.178696955279021 0.731877671101697
0.215357271068727 0.827933677235315
0.494051802849545 -1.04693125177925
0.895961896048326 0.521736212188385
-0.31341784828181 -0.938438983837535
0.293490939664812 0.883164731431261
-0.261662229317152 0.0856197235667315
1.02481701953698 -0.729274381250552
0.699477950846108 -1.15590709723783
-0.419472718068541 0.385520822146974
0.68768017051936 0.886247662402071
0.609679900643925 0.947585120651589
-0.551468648713635 0.28445823837406
-0.747893010145954 0.227481650262566
0.611449404364621 0.969119019413867
-0.180734744513457 -1.11339679122902
1.24015691737295 0.758023132701804
-0.25953998088224 -1.17213530739994
0.230964608578243 1.09407453831606
-0.203705044876329 -1.0785109264263
1.12371065941312 0.893233276140519
-0.0483494994323452 -0.937587730296882
-0.492918461236889 -1.08899032621045
-0.580852220812323 -1.09828371878744
-0.306905187077689 -0.99759599484874
-0.0973114928410682 1.04806259223858
-0.754823075649609 -0.00132006509454042
-0.174225475299974 1.00409764664438
-0.747954287423276 -0.98612242920464
-0.604461143302275 0.550624564087253
0.131224071310449 0.642347026423027
0.188788615125488 0.52969615181244
-1.11846984649976 -0.144608206192832
-0.645942925527648 0.625689929330531
-0.142713134759316 -0.48531566657395
-0.859860815007628 -0.733653624851596
0.472400140171387 0.31158267101773
-0.108373743442174 0.721507907769207
0.035233866791602 -0.33961656321567
0.337298715288975 0.670428506827008
0.109131689869828 -0.280021293419949
0.279131044849712 0.0354287479307838
0.203841133451073 -0.190754267485089
0.348747473823519 -0.0873344879149136
-0.0329064856253726 0.549981159066399
-0.327769092641991 -0.363951070253695
-0.32247557028726 -0.251276412974917
0.0911801495848002 0.0132407907651325
0.0304853188113184 -0.0260775954910455
-0.225514119280777 0.474099528697564
-0.742970957731134 -0.192193664679631
-0.296053088699698 0.405270501347073
-0.238728576116241 0.419707951481119
-0.731611779984757 -0.145171452690951
-0.445112474114681 -0.0739267790891337
-0.360452217880712 0.348976229989951
-0.643531881469479 0.284146508631751
-0.423158023981421 0.290235368523833
-0.375252305763793 0.164333475706305
-0.737092575025014 0.248213270786204
-0.391284486753371 0.23325139746115
-0.683199237886955 -0.0873619763625232
-0.857673997679517 0.154905577343514
-0.344837485495444 0.428158000911876
-0.314404646704467 0.402146996448047
-0.957123483176095 0.30928918692259
-0.802854303183791 0.479918569000263
-0.549411010957252 0.265491463002256
-1.03802526621973 0.362440422598561
-0.738353245880182 -0.0619732472660147
-0.716525829704855 0.502073445241783
-1.04509572525862 0.420170282233294
-0.512289306351318 0.154598476636341
-0.463734652982662 0.107727514584209
-0.678103554742949 0.439256839705666
-0.393724889969477 0.102672605839122
-0.593658788593065 -0.0427689746177347
-0.721261095270108 -0.0530311192758539
-0.818585184953395 0.242541167590367
-0.907688598290148 0.234941150823333
-0.933796038818365 0.266494665277895
-0.715817224182835 0.004901438278455
-0.603646372938939 0.442374382046647
-0.618877361541323 0.458679169323011
-1.01590019249715 -0.0793825663093164
-0.369867318965766 0.0548675439589772
-0.563054473235493 0.613667604523053
-0.848934351717295 -0.121006790169584
-0.268850064112932 0.164326476909667
-0.25117116354729 0.096478751764845
-0.590480773584356 0.709634661329703
-0.858996953770012 -0.28106117766365
-0.9093942068913 -0.103276184954538
-0.000202448575370922 0.154299157832097
-0.864980452269527 -0.348473604352489
0.0605821329074105 0.2192895584163
-0.632550344606291 0.640065501875835
-1.12013503040607 -0.123904762185918
-0.822208469371287 0.0472861990063584
-0.771601815062573 -0.0213517637924211
-0.873899252308373 -0.532300940271778
-0.606461496987324 0.0573383259805301
0.440866513359445 0.368100273702267
-0.454405150701451 -0.567075205491258
-0.622123491769625 -0.0608334096231489
-0.483998068171552 0.399985894559014
0.671675810519063 0.410061625072916
0.724770074286231 0.404790525908507
-0.212091797531072 -0.745068718990952
-0.000673816152688885 0.664042834863307
0.212915192319384 0.494573162663895
0.498662618252739 -0.733853255822676
0.662491291527327 0.510389844557228
0.000457487840295447 0.558421573464344
-0.513233179076512 0.203303183013183
0.0419062534072859 0.579480880214323
-0.617082569011536 0.0247808080601146
0.360375962337879 0.519536353555298
0.181863702467487 -0.339593818464695
0.249934055023411 0.278251126724745
-0.48453701548939 -0.399813342332665
-0.398159848254067 0.0043946371511564
-0.00227352392087561 0.0777275853533242
0.0584665070058386 0.076096293255663
-0.14282435745096 0.00101904222957023
-0.0150830852515099 -0.0194905883291443
-0.0647148168270188 0.0167624687962301
-0.00620899120173144 -0.0279131736238451
-0.0826171812494995 0.0931469406350804
0.145347752091245 0.0181117846263412
0.124302023068319 -0.0605567146110283
0.0912900828489344 -0.0702974299224765
0.0443970995072902 -0.08133276528113
0.0335370714300375 0.0413925120457138
0.268408883623615 -0.0101932862547929
0.178021626082076 -0.0281019488977874
0.418609170984014 -0.103052929528073
0.469859526219661 -0.116509774468265
0.353518081621714 -0.22799058400763
0.247944548283166 0.0608821408569037
0.301856744993481 0.128157277689544
0.304030952045187 0.154521933592242
0.573382338114797 -0.194384635904556
-0.0799149168932079 0.0116722313848229
0.229677910808091 -0.471766476859109
0.172294648288813 0.136786697959995
0.205262592217753 -0.0826047490315285
0.807043562882547 -0.525154656133071
0.603025357728809 -0.848037134122122
0.281437650853158 -0.648891072454878
0.915314982640516 0.310421546950661
-0.592414622689548 0.14765628311306
0.476055050458908 -0.861543891364819
-0.284570314632849 -0.131689879240075
0.197101321776209 -0.448080374459602
0.171458487615896 0.64194823142941
0.446939963644757 -0.271951386232723
-0.361824124073873 0.733375149322574
0.0355046677847064 -0.0257520268282998
0.0752399515862022 -0.00780668932525982
-0.709794107948122 0.457761055508879
0.130044461254984 -0.0363968180314967
-0.467052798048516 -0.237837295543004
-0.497523573422502 -0.177577841048245
-0.718580342885838 0.517800009360186
-0.570357097023804 -0.25561161731948
-0.68236309176718 0.628615814421426
-0.647515005738285 0.53347244071298
0.22951093252317 -0.0617499480496398
-0.294698679762063 0.604386180769344
-0.230159984422244 -0.461817376720476
-0.272420010573074 0.615945100880986
-0.474768779609776 -0.444177296867947
-0.425455081597837 -0.531742743698269
-0.727346746645623 0.154265048446561
0.297460854397902 -0.662860437201785
-0.0889178026170032 0.60999902804222
0.552833703476981 0.57822196151603
0.357874451571804 -0.702968120107972
-0.237091646410409 -0.67237950815289
0.640355212518068 -0.59507309861018
-0.44909134836231 0.123127218699251
-0.0725481877611224 -0.67729788501012
-0.308328429907108 0.0776900685871723
-0.00155675177470126 -0.655421662287403
0.727671895676623 -0.560551769132536
-0.000648980044894136 -0.625539768914126
-0.0759990879359661 -0.015626187597805
0.643917260116752 -0.507933794579547
0.666153557620288 0.341083422988409
0.505741507499775 0.0822084094075514
0.509275729861076 0.29780165102487
0.808288555897433 0.137513539197627
0.285572823406909 -0.547331768260704
0.362016499071892 -0.528406599398307
0.417244735563261 -0.548945548906813
0.80440713208763 -0.0314410242285519
0.435566114233003 0.0884409588144866
0.984885713538304 0.0192588395203284
0.613679545464179 -0.398275544253371
0.312948068851852 -0.0595705737828001
0.600722838195745 -0.219957350260719
0.74861815371388 -0.151145363906348
0.531626499431077 -0.257462285839002
0.741857635701507 -0.0814970580812064
0.735092095754907 -0.0537292774192046
0.575365102870371 -0.152753379224755
0.599928080920566 -0.146026640379582
0.64858228686489 -0.117552823220265
0.685465181432156 -0.249659312446836
0.712334831197646 -0.109412592261195
0.639253410264393 -0.171942061476548
0.555885615260828 0.0617654522503614
0.422675363664375 -0.216422456651437
0.552516932876279 -0.2085793008145
0.147160607213736 -0.195278533954716
0.693510700734504 0.053464924286533
0.753861576758825 0.0828057733925696
0.51442376566349 0.0326437807774909
0.559844124916239 0.0675854231158056
0.594562020161628 0.0271728352881014
0.577988572156331 -0.0256434260887518
0.76250716649836 0.247977743082811
0.589860168339378 -0.318501238839626
0.407027884119785 -0.256331346321295
0.437152627607431 -0.286545863579046
0.77118678165361 -0.134815898081102
0.462030497533655 -0.432644231279709
0.598696752647926 0.301173804984258
0.506534482091822 0.24040996146071
-0.00113101456565746 -0.539449849722152
0.379253866379717 -0.375492239381816
0.682367816920232 0.435013793119846
-0.164969431616561 -0.375050081492419
0.721619173643747 0.491149875866764
0.660791977282638 -0.525210663424903
0.668882742076329 0.491100543916917
0.069788797948304 0.512672814221451
0.45260824381887 0.23686350901958
-0.24656355121735 0.225568408358365
0.219793049308569 0.412542923840888
-0.200622236034752 -0.481455565173498
0.235908356517193 -0.413386711903685
0.434979860680094 0.19377124681514
-0.123319907158912 0.132197335652236
-0.20502767628233 -0.0139952609913638
0.36100213555208 0.224399974139415
-0.0978920983735522 0.0541538171233875
0.17834606044499 -0.175324316911432
0.0703914817320822 0.100276631467773
-0.0826687203549822 0.0447189278435686
0.122577629893188 0.109934342816319
0.177096181087843 -0.0643973633805014
-0.0596732498331963 0.0948708499043921
0.233599752037735 -0.0694458559334282
0.0567868955924487 -0.194216346672982
-0.190643439968996 -0.16127759491244
0.134812343806517 0.300805799768009
0.267550888956874 0.360375211218546
-0.124167495011959 -0.205886751628739
0.275498351499156 0.0203409563115349
