1.48215358651121 0.312382195454961
0.486280938747786 1.30547148961332
-0.380348584164551 -1.28823710615531
0.116252305047007 -0.0622723810750535
-0.763051148776432 -1.27927435191708
-1.43808067385232 0.178582756831842
0.632097894615139 1.12258829589672
0.612700845201271 1.08842900035877
0.0935379618943086 0.914689459585734
0.870454230084103 -0.396559936852981
0.966242295014372 0.204845627593618
-0.431344683733642 0.713617758011784
-0.65808225798899 -0.420648775554095
0.662750174344256 0.834768067113432
0.252971245676799 -0.668956635249962
-0.355827386120051 0.729570405119163
0.0696596850769797 -0.775904228425145
0.7796304894778 0.661056507233146
0.615502263547018 0.561649339378154
0.914422807507806 -0.560374800342653
-0.483921009609957 -0.0117109558914159
-0.420516213266749 0.162407308557586
0.334758437268604 -0.755174950496983
0.0862142894514827 -0.75322024462003
-0.00307943827964827 -0.644069020418557
-0.0225448385386113 0.363090920732057
0.681458061640498 0.439445936266399
0.477502788008445 0.304222722662843
0.846970638016154 -0.142240888092982
-0.29587771688772 0.101629444497269
0.213879538316403 -0.477279458587339
0.301529574878285 0.330615951815479
0.0118925509122022 -0.487289349178304
0.0927638924114178 -0.166441901841972
0.638800534163585 -0.301998267817609
-0.20888599728578 -0.0482828877228694
0.589869450434249 0.0540117173294139
-0.00263617923858146 0.190706865282213
-0.0610969112550293 -0.325081635539446
0.417875992870879 -0.132603360605915
0.239481089148698 0.296033584214782
0.357286914225411 0.357182037078353
0.707692424580349 -0.0315153268732189
0.615634198115593 -0.0966539787570916
0.132370245946675 -0.293792987609442
0.505942101164464 -0.179305024105454
0.436713726541825 -0.106164611778606
0.455571369431059 -0.171662668295076
0.478192523450512 -0.112589849667128
0.394584095979056 0.0905686536318983
0.309558874984117 -0.270685091624759
0.34479228744812 -0.301843171781092
0.413398520582168 -0.0974198875951843
0.332887374102156 -0.184114402767418
0.426077207979725 -0.0891763583978618
0.432075135625169 -0.0612311125534698
0.140147547234562 -0.0591775897293299
0.191311591571223 0.0872490726340587
0.181923249010058 0.0697875973137162
0.259692945924108 0.0374420625584693
0.156981611708213 -0.147747513027125
0.150980268098392 -0.0392725009418291
0.16814460211859 0.0674591493477772
0.0551635995668583 0.0623435436452394
0.300490690530613 -0.0487541696935299
0.0816658640417734 -0.222199713049968
0.357096794682876 0.186335817117701
0.156507215272143 -0.259188600625658
0.584447351084638 -0.20685685515433
-0.37989679425975 0.0666346995494956
-0.162833435988022 0.127458623981253
-0.178054576879348 -0.575968647499986
-0.158734834082382 0.0440958274027881
-0.145390791590778 -0.0199500990241821
0.0489587342683921 -0.363670744216559
0.197486070243246 -0.337460551063747
0.282408601285388 -0.229900938116009
0.0490163145576169 -0.202373217780719
-0.117909120651221 0.162526835271717
-0.0255101030454779 0.00812049326611485
0.081393223179399 0.137231865401894
-0.004829464118752 0.0495871945441101
-0.140412456923873 0.0638609987522969
-0.0233466955285057 -0.102208104554956
-0.132975559270072 -0.0596152570292043
-0.111043447672437 0.134943035802583
0.0404313430254738 0.135613947353789
-0.251563138291282 0.133079424244598
0.0787955118098494 -0.187664633918871
0.0202414477462438 -0.11242002568433
-0.0226471236545836 -0.313879746705753
0.410741763844465 -0.347068796635594
-0.176738854959407 -0.142903224457006
-0.0224940397045555 0.484774098140445
-0.177830313749015 -0.0602807886339587
0.213551762245009 0.114227131722623
0.437367283826917 0.62089774063111
0.324823823100108 -0.368702132926665
0.560743718400849 0.355760609971872
0.17721136259709 -0.561297561375532
0.966165458900934 -0.164099030745706
0.328817109188109 0.605924014764612
0.500823392068682 0.589068904030018
-0.501436551543623 -0.0775207303409672
-0.432585529219155 0.312100387146703
1.0775625440749 -0.168903035357706
-0.653237002400405 0.135712222966158
0.792881916016081 0.802479264781201
-0.853315841469074 0.20491797243024
0.925363058920071 -0.591492122515344
0.488177148372499 0.519541157410754
0.530112206934109 0.822210077954258
-0.779426292716687 0.115903502104616
0.429832919856872 0.624843611581694
-0.370952664694486 -0.625568104404769
0.338800516634477 0.536650779901407
-0.4622628205442 0.0518703263895098
0.0747113882893769 -0.560407704753133
-0.719791848161371 0.554241901638018
0.135984984748827 -0.451194231085687
-0.52177253008279 -0.721796417149432
0.0689678677446101 0.280466419660295
-0.184432695642081 0.196153425259706
-0.268746544203821 -0.630930725459609
-0.509732820572983 -0.106160806494722
-0.380645021224656 0.521484037149356
-1.16034938526139 0.137124607046003
0.0133685794175272 0.0244126200758185
0.0923959062898653 -0.113269566382106
-0.62035436668719 -0.294616000879808
-0.150741039324831 0.570686880234752
-0.17346477495565 0.454738244677225
-0.547830622600053 -0.177304423525095
-0.612796705570717 -0.271805352439754
-0.769029071056585 0.494025972560185
0.180273568983279 0.146158047641979
-0.0632585569061733 0.588528879771973
-0.676767220584974 -0.0562967897541038
-0.307432209658086 -0.46973128589164
-0.962801249534997 0.193835088249113
-0.579005421089243 -0.378862864608446
-0.800164136027833 0.144571155839087
-0.7817284332261 0.0948701739710714
0.544699930507342 -0.0414656569415776
-0.34204740626243 0.522019586911385
0.313039438094408 0.475342152719027
-0.371745751911421 0.344883231653697
0.50565634167006 -0.41006409627372
-0.486401119644595 0.0369521887256149
0.12477607882493 0.297812865501187
-0.232754526960082 0.278849623015468
0.299519067365218 0.418786294129551
-0.472056226832978 0.0423322396620327
-0.228959907954382 -0.590425020391645
0.238614198613089 0.13056283871674
0.382382402548505 0.196211038738211
0.404665865228794 -0.214368761332133
0.142492048950099 0.258774060460014
0.273595560075832 0.200023709065731
0.101243684254098 -0.367249833777431
0.5535400019781 -0.141826151656502
0.426783657377802 0.0119974679980284
0.445386191740542 -0.0236865144614164
0.218522431603513 0.174503953289311
0.094299618086681 0.00364107181297035
0.485520451991137 0.230144008110971
0.0398297240246636 -0.4952657431705
0.0705618988053862 -0.516139190207473
0.0296978117722713 0.209301250497481
0.410166370410716 0.346384554720215
-0.12344328246262 -0.0302919678017186
-0.0248192478975173 0.150279854832146
-0.379789622771804 0.058828171657848
-0.369593284569898 0.0652668462154194
0.297864305236659 0.380002649035242
-0.138213170148736 0.261758972202557
-0.239853528838216 -0.474812237665419
0.0245539322569796 0.37693078884575
-0.359808412781217 -0.369212924003937
0.106150933816885 0.4033453612032
-0.45173673248058 -0.427328790012704
-0.347997139876763 0.0441251457396296
-0.358107323455677 -0.257769457108043
-0.242885602107892 0.35647896368362
-0.333978497255088 0.0131967987943342
-0.176038128408571 0.326339661184234
0.0270386720439049 -0.0836571905764671
-0.461685333240261 -0.158695889308093
-0.212555886859911 -0.175793446818949
-0.086561904253417 -0.0418136042576941
-0.35792343611808 0.181061273425143
-0.406736472889655 -0.221691738539071
0.209141600833616 -0.0878747020844777
0.287479903473206 -0.0319508642337182
-0.129673994218725 -0.363508835557223
0.277015523778692 0.262259271170762
0.373778766633454 -0.14104200563853
0.326028729647213 0.335761068118179
0.0776262399202221 -0.405420722047904
0.17779244104435 -0.274664067193078
0.00162334619335044 0.0593510012865302
0.620186795689469 0.16012089950136
0.317146570377799 -0.508317484250709
0.466543163123638 0.380601991310312
0.0768432759361754 0.243490780851111
0.226326264646556 0.421107218065048
0.471786788133396 -0.438886986376197
-0.337421431908474 -0.524379688416894
-0.274923684258489 -0.32708016971433
-0.768997285551311 0.0859365550034405
0.338070504192248 -0.0937864864095848
0.143793037298003 0.416605768993724
0.225402323272306 -0.469512939426047
0.338041022296355 0.412042250586789
0.542784161108779 -0.0720085257601116
-0.279629447448258 0.374430263930307
1.00397573534767 -0.204977846294757
-0.226279004730681 -0.283210341025926
0.937108681802193 -0.637120037070147
0.980630829854002 0.372587487512577
-0.640669532697159 0.396629557219839
-0.0519630555762393 -0.834424556369004
-0.0027478631197836 -0.864572658941975
0.202728361023702 0.753384407272607
-0.335280160018039 0.897733066162159
0.787137481249139 0.0773906142996256
-0.585921056853124 0.705595388978949
0.516721928666626 -0.593261494677053
0.228112453490397 0.768280375642835
-0.233368895544563 -0.815699311370235
-0.380358174072329 -0.802245566917557
-0.557511181939747 0.929976977772022
-0.342973705735251 -0.741797590110849
-1.24639352957161 0.183098656429554
0.226593780426294 -0.233532303417956
-0.755771953288501 0.52007297116587
-0.783046075583311 0.406947906126745
0.620755082908888 -0.139999241794392
-0.0813197244288009 -0.771297488617984
-0.355732716975373 -0.757269991380624
-0.81310231321786 -0.222660742125791
-0.0300566972862068 0.777777909834737
0.840607421173236 0.383336583444666
0.910313145645159 0.353499514227616
-0.584576859695236 -0.110379925781376
0.310051358564948 -1.24057095537278
-0.479127663882951 0.194026580037189
-0.376051574483641 -0.0630291995972108
-0.0918957108732816 -0.728092708365554
-0.385068978614937 0.723818329568382
-0.607800320416331 0.119639839798727
0.883225945375001 0.855886072899697
-0.819446210392716 0.126764043107376
1.57819778420042 -0.350503006447757
1.29555507084684 -0.753786029241363
1.12638983785128 0.986327342429575
-1.01458614861955 0.189395848731832
-1.0885346835958 0.109284928665719
0.716611676825528 1.40350840634912
1.55149819776408 -1.00635766612166
0.89271227399117 1.0965762545913
-1.07742795268319 -0.13150423541588
-0.751761016763169 -0.0176961486737943
0.32846281891329 -1.6805400274257
-1.06537679574158 0.38261897713927
-0.661541631776311 1.12712242762825
0.173812521906193 -0.999731860152864
-0.256546319137813 -1.21739100273627
1.13440294603336 -0.543788184910511
-0.0786682193444515 1.05762895967892
1.05952483900781 0.342943073187871
-0.210619788613064 1.10011681407325
-0.782914674866095 0.892876007052202
0.682186837193321 0.347415957262485
0.0352474148644727 -1.35713578446527
0.113568690034408 0.499530727968818
-0.758412992648395 -0.154293423504215
-0.724571780304474 -0.974715058725398
-0.894421227253764 0.644907323104772
-1.17095569834254 -0.452671005761263
-0.517922925737509 0.6456538257058
-1.37708543841051 0.204380670285409
-0.458504143720015 -0.965416957274859
-0.548156167207118 -0.957637980291967
0.378012826454342 0.137830612452742
0.297191280342795 -0.314739113270974
-1.31912791592272 0.129979980643969
0.585181383645642 -0.186166922386157
-0.697462464622633 -0.803488445794302
0.47812651027507 -0.26260214872496
-0.550859204830282 0.351814109173944
-0.345506323885517 -0.109879989061377
-0.365846717712386 -0.696375944747205
0.743268797411968 -0.313487066979266
-0.643981022128629 -0.211061003071173
-0.152187510055406 0.415280905352581
-0.343678897918135 -0.306428078941903
0.0721801950054331 -0.0575612580623606
-0.600684464488151 0.600682987648005
0.939612020333651 -0.741516640365233
-0.646970576123438 0.662889637709915
0.533555366857418 1.10092998949977
-0.475062215568754 -0.552638248273813
-0.482030690179578 -0.261947927231036
0.0838033384151247 1.23178893519529
0.725680485637258 -0.638056669866302
0.255801009864052 -1.11378215974113
0.944648047080321 -0.137607724852867
0.234510323863493 -0.650723110522913
-0.604828935934469 0.452322193938661
0.531195183913922 0.0723227780715283
-0.0721498646178874 -0.675221130857496
-0.0700715718716185 -0.554969438932359
0.169479085749618 0.661282716925956
-0.274651139696891 0.357764045585102
0.332339732559526 -0.177337612350315
-0.206400413990163 0.226130644955273
-0.109738843173294 -0.333799274776803
-0.354683281821366 0.337456908518774
0.294632822780412 0.112299409381168
0.325228547400169 -0.0636384234879255
-0.0829854238504009 -0.203104582334199
-0.285679095786623 -0.4464138183432
0.00939509614908269 0.556603821772832
-0.0139842710148445 -0.0999589185177697
-0.391641794558329 -0.396845529863387
-0.141384694473259 0.639143827071238
0.262011889877023 -0.114159375535567
-0.633505601888079 -0.0979167760801029
0.213000854707679 0.612788087193931
-0.947610397938572 0.347229273463566
-0.499784488829224 -0.712061084030926
-0.494156918576378 0.518080477905252
0.31094857481106 0.96184783622419
-0.776972913404808 0.266095449990061
-0.978702318326895 0.522933749999195
-0.203532007218639 0.86075184543476
-0.801523932085591 -0.244830731147796
-0.762155217559084 -0.53772925651308
0.244658676147399 -0.210191035029008
-0.710210797731086 -0.378292535017503
-0.512689681699486 -0.401173433712402
0.0477774410803548 0.735704319518756
0.159490242164583 0.788919137844094
-0.338331727956843 -0.637993099187466
-0.612870637493459 0.508282284268086
0.278856832097639 0.665195835007127
0.580258377224363 -0.57169768636009
0.470853021692012 -0.544484010506296
0.077237775987479 -0.631895984134649
0.378827618564925 0.502789236164429
0.0286637150046654 -0.491242689623662
-0.0876876375787619 0.282781906411017
-0.207472294610222 0.382960080443935
-0.323711731849328 0.380586184292268
0.247492949124192 0.564951866959028
0.275295214512255 0.442277377230853
-0.331890584540235 -0.479414330892669
0.24132701712576 0.579262015600806
-0.454087038534921 -0.588077952151899
0.172260790796696 0.618084068293867
-0.648878374567952 -0.50295711083707
-0.405595998854664 -0.47458961501838
-0.350695999576042 -0.469645200038238
-0.112505235763154 0.63875331201903
0.0137002447769711 -0.0297189816349246
-0.0394717952412543 0.537722611934292
0.077765554880997 -0.0721198139808908
-0.564303641765751 -0.373081452220095
-0.415773488430434 -0.378457705030418
0.0769958306152394 -0.310410558463236
-0.229857631272976 0.138544286901277
-0.23323548970326 -0.315051098006706
0.461827431816407 -0.177689283669164
0.587805950012102 0.0307046751901121
-0.0077372808590584 -0.51662107439997
0.323529417904801 0.13171423209519
0.475461048719849 -0.224539825153046
0.462155049349515 0.120945643570427
0.284386149855958 -0.140588653245173
0.261483155744978 -0.0842142821009473
0.263248695467063 -0.0691583952720698
0.502244734120141 -0.0375949958703382
0.358158764472931 -0.10690090546373
0.28675686149087 0.0153338903400158
0.100701078331098 -0.0184838485030337
0.157921791886747 0.122781101582564
0.19811264699514 -0.113198010997922
0.197451193568209 -0.0987964427267913
0.0640388270142198 0.031261950538244
-0.158842659841504 0.00302685848099571
0.0400477637990447 0.00212203695065779
0.142770078253253 0.102584580628666
0.149424794321288 0.104735335631822
-0.0789291455570929 0.0908316481069386
-0.112650861773877 -0.277863362979643
0.0421269015432317 0.0901904141367718
-0.420972398852002 0.0390833021433694
-0.0455396792878934 -0.197869482098933
-0.383515899634031 -0.0287628569605979
-0.358588093546748 -0.210338640775299
-0.226839632707149 0.123513352689288
-0.279516944436132 0.204047289060652
-0.269904045103801 0.149199944463755
0.0677526730112221 0.129996111395966
-0.0910528234473209 0.219100856852306
-0.606562814451973 -0.40457854391054
-0.453268442303914 -0.0596759792207733
-0.30074496753565 -0.50190382815931
-0.183838762003629 -0.331376762452018
-0.299859412506932 0.572795484799773
0.310474052719323 -0.0733535586814445
0.271019758618888 -0.159622261221247
0.0843679601743693 0.677630896837858
0.456582873017838 -0.0657518164601227
-0.0733352386889768 0.624171530965224
0.375847044221406 -0.622849776188118
0.37885724254787 -0.236711144057762
-1.31081642504822 0.221563965923004
-0.719609802627686 0.847579247259493
-0.0072411705523704 0.768366916393543
0.548694214301575 0.135792137178182
0.140543069700977 -0.839435599473346
-0.60562921873266 -0.606094031522052
-0.78210109232854 -0.303459012993254
0.0627885694216185 0.0894147491406998
-0.50838289172342 1.23849678342132
0.124847276189673 -0.39394217404619
0.366757767293939 0.307862162223421
-0.374807242939397 0.854804043634586
0.744002234596553 -0.840280926349307
-0.463028444474243 0.0554438488006263
-1.01312240223308 -0.260799867770338
-0.0828028094249583 -0.487973635490882
-1.27848715944075 0.283562772800296
-0.868221300247148 0.387345350172282
-0.659722613291378 -0.835806231321089
0.299040910871024 -0.356572068333043
0.593131900138367 -0.318253571626282
-0.128486682609968 -0.676154942552202
-0.575377511792986 0.541819474745414
-0.283373299798574 -0.42147766827506
0.500223612781571 0.127355575191196
0.330941520877772 -0.0124464717251015
-0.134570257567652 0.781900880615854
0.578585296955797 -0.261769205754263
0.400881256773855 -0.400788100961145
0.170396184568655 0.496386951834651
0.239105618116118 0.66559641793954
-0.284580607958858 0.18693827221478
0.420397506471903 -0.349649579604762
0.0937209018944894 -0.55794613923546
0.457486759218269 -0.411544996201366
0.50157938199506 -0.351495469379781
0.115212484593273 -0.720739436158088
0.390071705513425 0.560542160742018
0.487135382580693 -0.539931286796961
0.707834869530088 -0.107318976133811
0.47190964455982 0.813184542287718
0.822557191947392 -0.150532525248311
0.699704351711925 -0.0950945996382778
0.641093843060484 -0.218217431865508
0.781644974789941 -0.231373474000625
0.282938700943547 0.773649752182488
0.237492190888481 0.705127508701169
-0.291806059530189 -0.556027237978664
0.143162196696408 0.835120815994452
0.447271632880814 -0.126536563195894
-0.748053368307392 0.609429697427084
0.0419109377444262 0.885671942387276
-0.971911154565228 0.72928057064832
0.507590784590303 -0.122360480207896
0.398946708744821 -0.190514292423751
-0.124887175601675 0.713583457170104
-0.734051466151271 0.541440724436124
0.26630887848962 -0.210782219453483
0.631476682375538 0.0323395451018131
0.607956657991995 -0.148355438346972
0.724042977480637 -0.0834577705635431
0.613034703233447 0.0593285433176898
-0.334080968985293 0.26695706402572
0.653057789838073 0.0804071859365465
-0.468442737900366 -0.573046116729906
0.846619620164799 -0.31281797338527
0.792382880911114 -0.252638142358316
-0.324147947529688 -0.585584325264155
-0.237761396991515 -0.751015101213752
0.149183578629821 0.638552614777553
-0.882185026789363 0.0759357465890614
0.419759163651459 -0.216976537304064
0.224485770504174 0.154077863483734
0.0250781639110175 -0.749390882450753
-0.110912077552394 0.600519956476841
0.0417294385628213 0.516048720359148
0.242074333676667 0.209043319551668
-0.447135948772267 -0.0274652144816505
-0.408171928585901 0.294323184715725
0.108788143246153 0.101696897918268
-0.148458849705461 0.434284409822453
-0.303406958932755 -0.0892513035037547
-0.271410033032511 -0.196510313827717
-0.705161327237303 0.120477484415844
-0.404536592294833 -0.138869575926125
-0.206338821433807 0.291599990998976
-0.460945185821093 -0.40177108579456
-0.150166866282278 -0.0917928989763857
-0.0583265823952955 0.317855384551677
-0.0268720088919692 -0.335221402846593
-0.508318999050118 0.203217685486693
-0.194352825001 0.229398646177369
-0.264154357982366 -0.522206021333461
0.050077313762351 -0.561950489498459
0.202180937164018 0.405648848539743
-0.147506045713924 -0.575750166713671
-0.278834086681712 -0.667339556962917
-0.264583561867721 0.498892608337926
0.00362263022523835 -0.738852775340646
-0.307487175420184 -0.806803480441059
-0.455727593124939 0.757164083449626
-0.449183070142672 0.207364430967004
-0.38436285067047 -0.254951488211621
0.187714273546296 0.582763929655367
-0.514340645828176 0.672317302061429
-0.113815716070716 -0.826346972539611
-0.228932003741533 -0.850053070808392
0.520161305450504 -0.41974473184066
0.629349126137386 -0.194074687909308
-0.139079679168931 -0.622839905216993
0.264723578780009 0.580381205595525
0.252512145452905 0.529442146874731
0.371615142160276 -0.52735906186063
-0.212834629988729 -0.263466620306697
0.538012240746271 -0.415747247500636
-0.323311501813333 -0.147011106117728
0.226977068952535 0.00325225773960261
0.403510484319086 0.273930997046603
-0.832112375999325 -0.287951315701053
0.968852987438655 0.285329270811467
-0.226904158133658 0.672612756714882
-0.0846361250771433 -1.09606962052088
-0.164689267877089 0.679803530899441
-0.656260888589045 -0.450388926809525
-0.0734033300757378 0.547816982825019
