-0.422697233197976 0.928670287137623
-0.328662390701078 0.904130158823318
-0.862963692682676 0.134646671196341
-0.855095458959001 0.165914971102634
-0.288363680656497 -0.821356343632028
-0.68628065179614 0.0556254165135691
-0.577106203338953 0.0251404229252533
-0.086578226061824 -0.868978909084286
-0.0144411438823069 -0.776511132505575
-0.373734356029994 0.0293107166483745
0.00248952652339739 -0.725771242634259
0.988814120631254 -0.0229760321987224
-0.440735338280872 0.233826424806115
0.0699275784075398 -0.757547233587218
0.977992334208701 0.0506983055447879
-0.359439257169147 -0.781806066358598
0.419291438677211 -0.249045935388843
-0.821170366625031 0.0511186420990454
0.185632251652429 0.613477144349482
-0.603817211269215 -0.00379343244443686
0.379208847596679 0.0398620608159569
0.211710151408214 0.485329718431947
0.635379625830981 0.461545360922952
0.997087883538666 -0.0607808638058316
-0.0227052504962002 -0.126280736211221
0.568201306157349 0.0603071054595034
0.279386016923802 -0.348791417608668
0.0802300332621633 -0.0446925361399921
0.931154859417294 -0.0351495380914695
0.435744820036064 -0.155025341243244
0.494502612747527 -0.179677993951137
0.694340842794129 0.213443938293951
0.618202663446452 -0.119585545798347
0.354594168262735 -0.300635079134541
0.449908927825592 -0.345417646165195
0.355836113789231 -0.336232273174747
0.627076190264491 0.303654168336471
0.702067804358989 0.361549924213249
0.459322210955003 0.439181767342945
0.105457525532338 0.261261333970299
0.460579061235546 -0.463905924493106
0.487253197078322 0.180888788436035
0.64111061271778 -0.393639295045039
0.23555470116107 0.0533945503729926
0.236435864269369 -0.0342216658996397
0.924100440938021 -0.390314841766196
0.661463344890065 0.440013258979766
0.650480113993928 -0.229492971088338
0.660762667441206 -0.273172324713444
0.325405625735589 0.0517533741584905
0.852348641615088 0.196116125897421
1.08272562507579 -0.0272480477342862
0.682657717047312 -0.260643084592508
0.986138752749853 -0.282379734316395
0.398626333668622 -0.147075480734779
0.192350988695799 -0.0167656683155461
0.164239860803262 0.0843823052992989
1.07003443329327 0.0386836820379775
0.633023878779289 -0.132084610008528
0.586740244309811 0.121523071781675
1.02128021399933 -0.0240124767038115
0.537116706638605 0.324133616221473
0.626747814945638 0.238701776795478
0.687122151836911 0.144452168194005
0.843110696044546 0.023404995022595
0.492024544921682 -0.489186629401592
0.931286663746024 -0.068816223345363
0.698266222742316 -0.634498514026341
0.0413234686732928 -0.481320406626261
0.974026587048886 0.151832165293083
0.949474450169279 0.695474651353698
0.569360011682445 0.74082702580679
0.123352963141756 -0.967446915139526
-0.529443321382564 0.0219387200645198
0.412956579752016 -0.796637146792734
-0.28587443540117 0.297941555974416
0.579830308199801 -0.57478521834271
-0.226280898396886 -0.132347142822309
1.05761284695847 0.413878774055942
0.401157848066377 -0.688490052162847
0.345151783693326 -0.640231845633
-0.123713812030107 0.0094676244606598
0.325881449628091 -0.518617908772953
0.673418021600349 -0.57249202891111
0.308573889961284 -0.479937370422541
0.516289077598426 -0.506655684502142
0.654277819070345 0.248143461113199
-0.272346105530725 0.0650865843563561
-0.306259786354685 -0.00919802709565618
0.0345672291800143 -0.244975129398762
-0.299046900192047 -0.0701919494044723
-0.158371997255152 0.0914357341786608
0.326157397524768 0.238489120493269
0.196257491420161 0.378596728127064
0.361169659927334 0.218979717219344
0.117706618457682 0.253991540177544
0.0562649434371811 -0.540532822195193
-0.361200684812138 0.0287428914768189
0.225515792840784 -0.693849558160716
-0.240382402585519 -0.277299810198624
0.829614773567024 -0.335167410321046
1.24650396869904 0.195313537250588
-0.333341809843523 -0.327228677630687
-0.176770795095965 -0.393393427272353
-0.317114522541683 -0.265351278177858
0.55610991391239 -0.990892449515938
1.54707496460082 0.350321975646733
-0.0524696901215104 -0.437727687985452
0.54770617171226 -1.03142257135985
0.218736503795242 1.25754977690627
0.872030589063059 -0.918649830927416
1.34965580666018 -0.970505206338571
0.825337107873954 -0.85254504764134
0.595506472788704 -0.982269555197416
-0.637261992306821 0.20485876580551
0.167143521168813 -1.25733308809604
-0.902205423160914 0.332781854526509
1.0030178227206 1.20014538528679
0.0229764680671848 1.35002511331494
-0.861476970542579 0.291258147657809
1.12199726447631 0.842710607668362
-1.15438594722487 -0.235058368993757
-0.409516609043337 1.48793700232426
0.255349315214597 0.790169852135747
-0.237924425620689 -1.13727474609337
-0.198651491617758 1.14728648032058
-0.812263576204628 -0.493242159941248
-1.19499699911744 0.61983195119452
-1.55168405105805 0.116131024209764
0.168087789644722 0.446058695947168
-1.18605610345723 -0.254509194336299
-0.345653093337001 -0.832633930982634
-0.341228112243405 0.790135259174827
-0.405873140672347 -0.77093251280956
-0.569973656668293 0.346363168503107
-0.586057072022913 0.797012579000731
0.158585954263703 0.249355481434586
0.188645675624685 0.245840472845943
-0.581437288262189 -0.187891723876678
-0.22163245305106 0.570956398353375
-0.323672327004433 0.417847431689081
-0.560844757246163 0.267650533653966
-0.230865509018506 0.352744382503901
-0.0311032458161875 0.0557457987287737
-0.0256405351031432 -0.0616065590865069
-0.319577587960024 0.133045015982789
-0.32401824592263 -0.160623122803623
-0.301735882441295 0.233923449880754
-0.4152160269422 0.173718170391853
-0.503248144252601 0.0922383977388874
-0.503780433047499 0.0268695283092825
-0.37562982297666 -0.224074272832364
-0.429250783242883 0.200765180761244
-0.433032913259502 0.192890364294104
-0.850728985842519 0.0897769043496939
-0.777882799028065 0.365342777433416
-0.744885683640375 -0.127279804026448
-0.792121906345424 0.428471567023058
-0.960523660091928 0.142270378525861
-1.04580834351032 -0.0692490544010024
-0.655503494185162 0.388018612442762
-1.31339568076204 0.0643101192260175
-0.525402386605598 0.186950515768643
-0.99983229712189 -0.310427529942281
-0.632101158533902 -0.089193312904115
-1.17970664810761 0.227666198765936
-0.70298664968419 0.087793519750696
-0.806752300867663 0.10243569560357
-0.999587612403402 -0.158263357428337
-1.03338091640872 -0.101741595383417
-0.997578644257869 0.108057098669084
-0.819277792058643 0.139794285240237
-0.979207806047871 0.00499698130453072
-1.10202062788181 0.0724816764864775
-0.869305210753031 -0.181003110432973
-1.07104952357986 -0.0430973781218743
-0.728791853500231 0.218765291011288
-0.720912677366886 0.153817964987009
-0.833666844525012 0.375928700902789
-0.68334181740985 0.231953608282106
-0.405418460634141 0.0331546043507548
-0.323822631177437 -0.00946590782159092
-0.510571160877791 0.173454099236542
-0.465799482533019 -0.114747758753675
-0.525928082063168 -0.133218328752626
-0.476255031602936 -0.0154392757794504
-0.326413086916502 -0.0522974407518294
-0.307958490267572 0.032414192584539
-0.197540314182899 -0.00119514162910969
-0.201878710952281 0.0185687835437691
-0.173653465032289 0.0434783088541911
-0.194313290585442 -0.0227506445713457
-0.109851476195092 0.0648157605604673
0.0340401395896259 -0.0462411127857287
-0.0246692332684893 0.0208781096375448
0.12789020811533 -0.0300129778077163
-0.247403160394662 0.00429679650588353
0.00729488596365326 -0.192506473976289
-0.0574003360332558 0.00765710247650286
0.114525180061125 0.334031695247941
0.102951908624835 0.230341623744083
-0.174055715024012 -0.22318052365171
-0.514065657603853 -0.194800074025649
-0.141552873193359 0.417023701038897
-0.141021505705735 -0.553645424984331
0.107031151058532 -0.0449088792621998
-0.646838581814705 -0.67521846972197
0.68391201325599 0.13063895393254
0.812925553650756 -0.0353875954270259
0.760065216059163 0.0576284012797956
-0.647377186356415 -0.612018323855376
0.226275860531758 0.680953213923646
0.737085147179108 0.0207990047952788
0.262004410272062 0.690096076245628
0.724355416010164 -0.0472308267009955
0.724255575731161 0.0374735361844886
0.651167310011693 0.0191528404538342
0.580940164653082 0.600992160973943
0.421147983962232 -0.564038008447565
1.03783519006296 -0.0656785312771718
0.712251259344169 0.41098883918285
0.903191590473431 -0.0876162534285087
0.627523338114265 -0.0277121057494747
0.954016197284754 -0.122108530102257
0.862256286731136 0.181670765458975
0.720778748575074 0.514641740767234
1.08994684573464 0.275929894322448
1.45612824857774 0.155631790403979
0.279260229507415 -0.467714086747294
1.28995731166565 0.810573629032064
1.3974258851004 -0.63483610278312
1.51957080499193 0.347170693897539
0.359095565361955 -1.00605893786294
1.13869753736985 0.80172734851267
-0.329787462323848 -0.102483961309039
1.07168141727136 -0.606371018048128
-0.448380968784984 -0.196523206063828
-0.4207277580369 0.324706499013795
0.995949294390537 0.268450277171727
-0.428823809147662 0.471672253011274
-0.143698561980417 0.896525858191614
0.195626634739571 0.744034400331305
-0.907430926860535 0.0726367111579394
-0.371563297992262 -0.717413278699659
0.0792287467608582 -0.622409654390653
0.27176511114724 0.764918078323371
-0.384443231123259 0.455743203499237
0.224065456587002 -0.198099151995613
-0.822132460482195 0.469200042586849
-0.769709158671618 -0.622265582969638
-0.0567826159874878 -0.239973404065309
-0.462953180859482 -0.508690491711597
-1.02307310021141 -0.212531662107163
-0.8194428926541 0.715817777219413
-0.142995778875693 -0.0904917396049628
-0.545561193842661 0.537904279761839
-0.600051373339659 0.568703869326714
-0.741250707522482 0.387453221547099
-0.14796087184748 0.00830808804720651
-0.768234268844587 0.471927591788854
-0.703710057938261 -0.45860096631545
-1.15664963105245 -0.176198035082703
-0.74818058282959 -0.361075428284335
-1.19725088470593 -0.0761502774338653
-0.45375399328561 0.287615126475518
-1.37916264716859 0.138217572350373
-0.93427642110237 -0.257322194034011
-0.91683216328648 -0.310783908493576
-0.621947854151644 0.620030715422781
-1.33576997700012 0.262123676696816
-0.920719379138893 0.798087435300703
-1.05757946231019 0.696914478662674
-1.16998070480221 -0.240350936269616
-0.304046819249698 0.0483665724343887
-1.30717081455257 -0.0526077674155714
-1.37222180495421 0.187668406478308
-1.21101545557966 -0.0416099755039187
-1.1001308016979 0.36173243775821
-1.25599309429955 -0.0721749099995927
-0.973433869972893 0.182742719705772
-1.329439594244 0.0875691579777933
-1.12703183251881 -0.0420456178863577
-1.1690018920695 0.185672815357247
-1.13331165896351 0.11370375386567
-1.12683608847026 0.0744305263227985
-1.1700204197522 -0.0265480113179667
-0.959927433264305 0.0848250457877966
-1.2591569567696 0.349760611365719
-1.3263299564375 0.0324280993434982
-1.01571120705522 0.232529455803334
-0.835396766225855 0.135982715083151
-1.1961546058712 0.238567178277404
-1.17286502797836 -0.1151251456798
-1.5913422872167 0.166313871578276
-0.9967095018574 0.603832450194525
-0.806988057507992 -0.189815768281156
-0.812454014034164 0.507787644479068
-0.395392851635956 -0.419429397848994
-1.25850855629542 0.312130582268609
-0.336370933401668 0.362300266279845
-0.138793393528958 0.384485188668859
-1.2456663671217 -0.502253426149457
-0.657103992376986 -1.03859452166597
-0.0943892246656359 0.275082245019271
-1.66632405871975 -0.746392251936484
-1.78751066950801 -0.503119872760622
-0.197860747503265 0.20192374740651
-1.69365201631524 -0.704317195385272
-1.8081692331903 -0.455300427522411
-0.827569142785155 -1.09586634198127
-0.93702765808901 0.985446750492728
-0.785067382216624 1.15809719891419
0.283873267284209 -0.109663484076443
0.375782994850385 0.0711316956906965
-0.737919284597629 1.03673065815819
-0.646109892465775 1.27574284257154
-1.43616146351946 -1.09396462838348
-1.63010211326368 -0.985132858955153
0.598134780135477 -0.131267917840806
0.00117274819891425 1.43607249231201
-0.157219600444324 -1.3473511038435
-0.161277591143031 1.3074029113218
-1.31840008151485 -0.927696656463132
0.0626136762473658 1.2581324317134
-1.05717422665563 -1.17532804959325
0.0135880149913183 -1.29912024208348
0.0348638635881425 -1.32599356302795
0.403083051192267 -1.49843844059301
0.0501051292046067 -1.3183378284415
-0.487141542471594 1.48778227606095
0.165213706671991 1.27694468775339
-0.60595094167173 -1.37363829394954
0.601610383769307 -0.673386988432958
1.57752115167291 -0.0910216934705246
-0.0490705329034919 -1.20658405253446
1.14216198367841 0.459811787515204
0.509725109341191 -1.29074361917261
1.35949907280898 -0.1067305261043
1.34798319345594 -0.0697262189238071
-1.36368076886071 0.13264957163865
0.714203700116601 0.716140300265051
-0.355418900421149 -0.854460344560982
-0.594725095709693 -0.677388278780787
-0.836885920800703 0.230386269693695
-0.990920989441353 -0.0779326094852241
-1.05654631236435 -0.0331628524304538
-0.621632841725198 -0.467209146502197
-0.889956128359493 -0.0172865030695144
0.234006740056534 0.532039131901069
-0.675082731684815 0.0186355636967031
-0.679278304509808 0.0998337017602047
-0.450100828632427 -0.539914119837445
-0.415925718716727 -0.606551539510967
-0.193472907876098 -0.534714650879706
-0.73074939863508 0.0769757673709541
-0.110948313499675 0.711877463418815
-0.0904301697899465 0.692062790724215
-0.0533635562008494 -0.660997928315136
0.59594917146056 0.640373929059431
-0.658228120276151 0.0838980232587876
-0.03071168315673 0.837949483295385
0.633931336168637 0.644402709567061
-0.124985165184699 -0.739234729806638
-0.443562940414592 -0.757560326860939
0.697726312540663 0.400418239008618
-0.625519523278193 0.189870870708129
0.138495692330892 -0.528083779653321
-0.362499290889408 0.0651993398487088
-0.20029589210282 0.690864255073651
-0.485083917010913 0.112968063363928
-0.0881369556256675 -0.303554000103392
-0.518766562054808 -0.45967411316768
-0.155124088336927 -0.468250704214436
-0.163274209558557 0.462393888445803
-0.361546780251494 0.600392965005437
-0.534820695917099 0.148551311252232
-0.264230918835157 0.482303411097636
0.13666212804818 0.336320503080001
-0.219592172979698 0.385216701431098
0.259658014592808 -0.00873049653222435
-0.297867387613488 0.415727896123877
-0.557622181373821 0.0851994950332317
-0.65894932283388 0.031140987895632
-0.238035339007638 0.429037840896998
-0.524666046282847 -0.0291709450503229
-0.363024162840228 -0.306612893791729
-0.473553730715331 -0.386378240629734
-0.723074820986418 0.124678599086144
-0.30584736198294 -0.392316224918869
-0.499879706742017 -0.082855091130435
-0.217635316979306 -0.294300574792549
-0.547559855739907 0.0123685597155965
0.0378889107769582 0.52173227096057
-0.531221179567317 -0.0139123496382849
0.463704831290711 -0.519421871122475
-0.0471898158316211 -0.614187464464547
-0.555273609488872 0.100383011338399
-0.454883193682926 0.0415364092353663
-0.373478092711863 0.0239229301489267
0.633843822755123 0.457610008988904
-0.0160252385420571 -0.622973158634508
-0.377925861188961 0.00964702707992431
0.567326920528132 0.390692435060734
-0.374010188200486 0.022246686888384
0.216297254239687 -0.600514944552791
0.75161683303834 0.32771471128699
0.328918256960019 -0.46096804069549
0.281222650483942 0.477693691312514
-0.245075445265049 0.195068476424759
0.00507041270059896 -0.573694597842298
-0.235968353596288 -0.55559000841434
0.441713117616028 -0.622858945569319
-0.262533650107764 0.13219244585243
-0.0517795386671854 0.257368138936611
-0.0362626991235476 0.550494535286006
-0.0795275074458873 -0.259849952133743
-0.228385375498943 -0.374659476232046
-0.372078832976122 0.042085676724703
0.252440792119191 0.298767511485944
-0.372229695859181 0.1635811835508
-0.418491059083824 0.0987882218927555
-0.358326471227213 -0.0366846297283852
-0.176405758505041 -0.164451657458651
-0.353786638818684 0.0215590818598021
-0.348018111398265 -0.0155322811123061
0.061599721506093 0.373260829917865
-0.335769292815507 -0.110224955118182
-0.25741287119971 0.47072858964263
0.185976531202282 -0.361643016343198
0.0826349659407591 -0.227107736699449
0.245277119477304 0.452741232080853
-0.0155012509939115 0.49209182550094
-0.175320476125553 -0.382565653804636
0.00323788259644033 -0.425586516789853
-0.460864218986123 -0.119837047345824
0.167109972904852 -0.396665181867867
-0.0114507929564612 -0.44507196569581
0.0726296686845458 0.487877314736923
0.0902526616072094 0.546256568151271
0.168892045607025 -0.452852834735613
0.0308474239115493 -0.464402551279105
0.475419891358685 -0.420550813401485
0.578157738535492 -0.486332779934018
0.629868076445148 0.420312877621965
-0.148055186562501 0.0915991835278146
0.0319521335855108 0.0133835102905434
-0.130014073004109 0.113865275990939
0.151968840083992 -0.395817977232063
0.242900910450845 -0.499058192638655
-0.137211898451622 -0.424293393259005
0.320665508926633 -0.224857354974916
0.320379267292419 0.431827863503338
-0.195430918135967 -0.40752463844582
0.491501906719866 0.191968068120556
0.339571376507753 0.348985257628756
0.0731660656545752 0.394862976444097
0.0366553495342339 0.163011982018349
0.37970652397527 0.211564300056704
0.127251527355033 -0.232521518741283
0.0421620238798423 -0.228672380937775
0.121252245089411 -0.0689456136455359
-0.142782577022418 -0.0607128327035964
-0.0638950112119588 0.36860775672967
0.103627086000209 0.169420775193933
-0.157334579179213 0.276338471876909
0.0717867445862364 0.161797242579001
-0.271075885697972 -0.420596954749339
-0.246142791593413 -0.421973762376197
-0.0892927752199212 -0.601561266121094
0.431787772032361 0.134046870061363
-0.172653554928197 0.683355239369687
0.324822613176336 0.206361299438526
-0.075155063869911 -0.257966755707576
0.199832322342754 -0.253612635318661
-0.300614702856961 -0.715275269135262
-1.0231844564312 -0.472249587977535
0.0224962597087617 -0.0335955723137711
-0.473429888540232 -0.685876726139286
-0.368187765830126 -0.664878860544114
-0.261054379704528 0.67784599159653
-0.794900124350286 0.583681704331614
-0.342002160070884 0.545470261029361
-0.234067266726951 0.0521450637364009
0.34379050350717 0.270163528802906
-0.590081227623222 -0.535104616146081
-0.348958820252801 -0.531655127729352
-0.577103088264776 -0.0660956036990345
-0.0234983709997588 0.288226909303432
-0.445930157879213 0.0389503277191859
-0.220800020277554 0.298957719079793
-0.285369086605243 -0.116440723262693
-0.164398471064759 0.134541567657332
-0.294227022916625 -0.105089518618689
-0.188894203277985 0.0815590762628142
-0.260571054542567 0.120244322548019
-0.208253351424979 0.0168462348296481
-0.181128011867154 -0.00532367273148787
-0.277784798874287 -0.163243512277612
-0.138648775163183 0.162111267435219
-0.291514040465376 0.039664395214028
0.0431812123701229 -0.302322877960708
0.157033089094239 -0.179217050096711
0.508244265337683 -0.0236140303422323
0.0467504504178209 0.326208364449188
0.133681910581222 -0.195737160826854
0.024491004780721 -0.0930299012019142
-0.0837318256303084 -0.236115142601723
-0.0035228464053305 -0.230753575006562
0.101088266152744 0.255300156654235
0.0640567558882764 0.333913645342778
0.0928336269516666 0.302185004256589
-0.120589125769335 -0.203711235715678
-0.524839191707168 -0.0669360237164988
-0.335453585465401 0.00459173424098131
0.103468542002561 0.148252927408207
0.304692612176325 -0.44624248613899
0.552586406697166 0.00526976848121451
0.298738964126943 -0.358702512192943
-0.0773790349603177 0.207566161060803
0.26336373096772 -0.227570705431566
0.440170002000562 0.232672419289257
0.225847107879595 0.25595032029298
0.531201014885368 0.249723279505978
0.209201255360087 -0.164707795869518
0.084280940091251 -0.0636442416958078
0.290681233633983 0.203792950745178
0.0441625925503149 -0.0490776092983325
-0.0226361987306071 0.133027463517892
0.435971673340572 0.162714460042837
0.145227679082188 -0.00223416829643148
0.476544985718827 0.16693458404288
0.035548989154916 -0.0779785604073495
0.476926149329996 0.0314886118492956
0.0544013687146526 -0.171640874458347
0.185929201480896 -0.117894949600449
0.298909355886387 0.174126044288001
0.218009664757791 0.0293594680089616
0.275897491688546 0.156266179173244
0.666279661969683 -0.0398819698414442
0.447728922118004 0.168754393743437
0.331474735062855 -0.259958522672894
0.405498224422467 0.0643900880140989
-0.174071445339914 0.0124286432547352
0.233885982781662 0.217468065225288
0.312444840369635 0.278191209255225
0.325534605062702 0.378874831677354
0.270646887921196 -0.42178351951221
-0.0274343286451634 -0.294230482231474
0.326567824149061 0.127629509967273
0.169892783939164 -0.283453542160493
0.20674665575869 0.227430188640124
0.0202173726699237 -0.250224526672869
0.408614430694308 0.0422599199687371
0.0158266372576301 -0.0784615445556102
0.0877128015920951 0.0767368537278891
-0.110735064679614 -0.0340853041483331
0.084801271815998 0.218239642119733
0.102195810055204 -0.142924481231139
-0.0201431158059666 0.0381686722380332
-0.0796220308216359 0.0211523295125359
0.118933392573832 -0.0685917676548438
0.178778788927565 -0.072892855910073
-0.0880372015292523 0.069313200896227
0.0890943541183415 -0.188952540651414
0.117104974684896 -0.167834749256573
-0.103189071292807 -0.0588463307857079
0.327758436429132 -0.000510345274863861
0.173964506419449 0.175910758276742
0.222961442509383 0.246483455746947
-0.0354465424460711 -0.157772434806601
0.346448061587598 0.0283667267272228
0.0152008504642119 -0.212065292776646
0.504532731163371 0.0146537065825936
0.296344538009406 0.210079463960909
0.22539674283582 0.0885764936489584
0.370128274011817 0.0476217453878293
0.370907328709142 -0.221014239510969
0.16291921844183 0.120012656741587
0.374388565035077 -0.0572272915047466
0.162662069861538 0.042428279764658
0.255119666622932 -0.0437926738429995
0.503985433369262 -0.0286270924873435
0.308346773423661 -0.0971752219044161
0.267375537941958 0.0644538018949008
0.212745532672274 -0.00962395395647451
0.326302941145332 -0.136157177727689
0.130559281438545 -0.0628270055664847
0.313536481142757 -0.0125827597292453
0.169545138344429 -0.0362398141666701
0.438190789807023 0.0548949255365767
0.0939408907344758 0.124469192786861
0.339158919982519 0.0577210558112143
0.253371543948785 -0.135698945281777
0.365938061422724 -0.28301075604744
0.178012196810576 0.281836037299409
0.0018225200208048 -0.0269838835126698
0.494227573694882 -0.0274642131781741
0.156499205986824 0.175363230429507
0.152417639998717 0.12746052561775
0.15620876580493 -0.143692887039839
-0.050134393250065 -0.0468106216468394
0.190403452470855 -0.0138803597619736
0.112039527175943 0.0751617610306962
0.150225260587643 -0.0664702187491353
0.00418402044813778 0.0630816825966025
0.129864307149 -0.0482010474503289
0.0981292293176133 -0.00914251055565119
0.0476784353770586 0.0572983368587122
0.117302142122145 -0.0521451417360721
0.232167102387924 -0.00368468577715466
0.148487389245112 0.0799546937532866
0.0879844482075429 -0.00612545263886365
0.204737651165784 0.117382689314445
0.250188613413878 0.00891214140821508
0.466834546699739 0.00287102980344272
0.0436465194338696 -0.0758220572997473
0.445931145606789 -0.165278198743941
0.164791079944824 0.0621034951241329
0.119785097719069 -0.100337467474133
0.322508287322554 -0.303867316967452
0.264746393541221 0.248709752784823
0.0820725053118263 -0.0760333109495085
0.242530996765771 0.308960568063979
0.362777077255115 0.17884159283302
0.659764799983376 0.0598859886400522
0.480148878676485 -0.232180555580092
0.354313566480343 -0.118830186917214
0.188060926539652 -0.0740112930833517
0.463680809745788 -0.227586630086884
0.514935690201571 0.220025199444855
0.170058274492672 0.0147166861302979
0.0684943015557188 0.0211823833959077
0.216912876324246 -0.0990623038583972
0.378696538929678 0.0442834999639685
0.638761341819976 -0.216187668035795
0.937799145100759 0.22681338861057
0.752111339803463 -0.23246841409805
0.618137682685307 0.396421565931627
0.64679466291526 0.418615300070093
1.00458411257126 -0.483177468416246
0.31217129025525 0.0466087959416788
0.875910304479874 -0.352621168116741
1.251928440948 -0.572434518772494
1.75907163350393 -0.117968735493427
0.773295132487984 0.730041228358516
0.219441695789421 -0.0145381728870521
1.56890350319039 0.4276242691648
-0.0353361750970717 0.034319516214206
0.0151539771501154 -0.0212581102843944
0.61774191170216 0.903664476737961
1.44807673387633 0.582028646203091
-0.0941426439221229 0.039786462708483
0.757584455068525 -0.54955041573293
-0.0993666887278166 -0.0504305613190277
0.471448178104367 -0.754390436164773
0.620577597430358 -0.478356965719431
0.476921770929905 0.696980275988332
0.0363036417248446 -0.123315282870808
1.01822961097104 0.187844157224732
0.701514499761435 -0.556971022023549
0.988637854108087 -0.399900584222051
0.859347037738928 0.151186403287112
0.497732240209191 -0.280575763029654
0.769678256018625 0.178145707716595
0.514008367068451 -0.109163422692022
0.271158168552196 -0.00741818652502965
0.617260811820446 -0.141520067735549
0.51595027897876 0.127887397409058
0.431513822582845 -0.150862036938986
0.573695149716747 -0.024094827187775
0.495342042896178 -0.020937697892604
0.463719248201619 0.0224557333919367
0.434989071638017 0.0344787910356168
0.275146340699589 0.0905051846946651
0.465038425610945 0.014289139332039
0.555137663539289 0.006756204923948
0.36851696530941 -0.0182666718848641
0.402016755679378 -0.018044830137226
0.315556623353881 -0.051077696094257
0.511089512187334 0.0285841030818972
0.382780149683382 0.147270834777176
0.460687381388553 0.0278752909372728
0.449012190731165 -0.00856679940660886
0.248221395653483 -0.00877688678607825
0.172081157320747 0.108069333262796
0.220647346431392 -0.0944967116530491
0.137740345856285 -0.0478831996123398
0.136373146176054 0.00998520974482912
0.304677313108965 0.00749214248469984
0.0262205157296392 0.113382908357548
0.174084413181932 0.139780792988888
-0.0168984207331077 0.0229316621911541
0.182312808037773 -0.0225456543157024
0.17052780061679 -0.00559509755118914
0.120111979241451 0.214772764606826
0.0929792028625658 -0.0213686583187159
0.0293322080267359 -0.0163341926336155
-0.147146575638169 0.0209579902516014
0.106971566937424 0.0821442929402401
0.0605312191425759 0.0994199422259142
0.0421626077287924 0.0364797484932324
-0.0570210021460381 0.0376674538357359
-0.00188890148450379 -0.000297107022318103
0.0342350244934922 0.107023508257246
-0.0889712191188585 -0.0755263550655571
0.0579511196971183 -0.0814388417077206
0.181511091992456 -0.118854613069044
0.0422835942893659 -0.0648775489209219
0.275565111595537 0.0591491728018968
0.0108086303220347 0.00169299054840059
0.126473333432903 -0.128844839069794
0.169489496054529 0.198690452494621
0.324318880603968 0.106665741661434
0.27694079062889 -0.12341527215352
0.475245237719568 0.143704816271896
0.0048794986739202 -0.00395317009613041
0.42265793000871 -0.231071038275111
0.622110634973542 0.213628990248231
0.0961511231734833 0.0676016264779215
0.659677249081246 0.104225974227185
0.115681370388447 -0.0317860871134067
0.438442856833225 0.216754171038181
0.213562754551552 0.104010451015588
0.261115289794897 -0.183605206867809
0.388346877590064 0.0907151648099988
0.420518454086829 0.268011277091294
0.625854638470397 -0.000665024529139835
0.312580613885224 -0.345652555352387
0.164984711062168 -0.0538512573845544
0.32644549750047 -0.181734865526262
0.176709795469149 -0.236221034962533
0.453026863000969 0.0445608236723287
0.166034586874143 0.193725995315427
0.129858860425285 0.211841483107412
0.215392900940416 0.277582496256034
0.023684902432049 0.28285193360084
0.343633024807203 0.0663087005836032
0.0116345880999039 -0.218681725177239
-0.200823881119704 -0.0822269153950017
0.223722114380735 0.0772407358076992
-0.332497667221772 -0.17650241810445
-0.0960060177619143 0.177970617840736
-0.124738503567374 0.110660731897933
-0.0981185161260849 -0.148118890561566
0.0459413262138927 -0.0800731424951991
-0.209475201673906 -0.0264408503505629
-0.186151685754894 0.152918008360382
0.0169009358314249 -0.0331146627723042
-0.0887530882347521 0.0539950192507024
0.181191156363185 -0.232694485269936
-0.0977503760910839 0.111566537519507
0.315439333751177 0.0945032703127515
0.153067363068319 0.260378903263902
0.404328914640534 -0.182236721111154
0.417161495543428 -0.259532158075749
-0.113943316483375 0.00388693482770731
0.189184473467329 0.289173918250589
0.737133391078039 -0.0543102535246387
-0.0881329127918535 -0.090298371781818
0.527681574121291 0.29563573626429
0.439550945923824 -0.203367465524622
0.603715270624649 0.49738859895091
0.48837114041697 -0.117586339987015
0.436632300419388 0.205282770849244
0.314251207005213 0.480732212031285
0.661713588864682 0.146131374408726
0.628001850779323 0.0557979568292088
0.0156264202810273 0.290570782562492
0.0738503372393954 0.338708132445783
0.110034077608734 -0.409453490952322
0.164885580262955 0.380605042092078
0.0649422040106998 0.363478388264922
0.384317626974588 -0.107642423476388
0.00880525861279586 -0.399966886025877
-0.410294744279016 -0.137887774212386
-0.0637626591554526 0.445933521893112
0.146639444318065 -0.0282169956024813
-0.0465105371394276 0.259061756018158
-0.335306630683367 0.470436117684274
-0.190744276687275 0.233457474744612
-0.0436302945551251 -0.0960395128783539
-0.259762525282931 0.284166210463492
-0.149603351520261 -0.138026586663779
-0.545971133622216 0.139245732883706
-0.113447484980028 0.286652087878615
-0.237262696661828 -0.0953165346733679
-0.38051640255099 0.011730734539474
-0.127768288502437 -0.200113263758985
-0.0167584457494717 0.269807315891317
-0.157587782711928 0.400876637525269
0.165933477484108 0.195551941712457
-0.26460313110365 0.0962388240820289
0.448886319074735 -0.0339058026592961
-0.0868773410187831 0.416061428310444
0.184209259406271 -0.194357385022721
-0.0788871399592782 0.0145681556942707
-0.182061361903589 -0.0168092024614073
-0.0886655304981911 0.559073351676586
0.298510289482801 -0.247012985867617
0.0789959452837801 -0.46893651148023
0.580956464756499 0.154229841186864
-0.132193241346252 -0.199039132281383
0.379922219903077 -0.354325825314808
0.398343559382383 -0.351492732378243
0.717563492459617 -0.376490747655929
-0.272394657785314 -0.631874678519537
0.972456148960528 -0.0232270297869855
0.455548003368492 0.643218357073402
0.663448475669117 0.0954647053708116
0.18040043220212 -0.0309715773480749
0.481454078304243 -0.0988652522272835
-0.0269273894529909 0.402483056533823
0.235435988180613 0.676285977483615
0.359600030139841 -0.15245581914981
0.359116026313843 -0.0361494830047773
-0.112151691947162 0.582988426944381
0.420702558605725 -0.301478065498482
-0.207862600627947 -0.540518019414822
0.344797808864604 0.216662968898407
-0.396641554536689 0.552544564215437
0.614736962380401 -0.0123701829638071
-0.727170954995656 -0.149327089583369
-0.264374624697944 -0.462438282844578
-0.250820786791511 0.483685229635819
-0.718563073323035 -0.0100527899931846
-0.326334183890071 -0.448638830953722
-0.305836695372522 0.561352058607842
-0.320742362956933 -0.474564517369945
-0.411931139978662 -0.44846992737593
-0.647052651821602 -0.0330300129574007
-0.222750757638648 -0.311335773007141
-0.287905383078191 -0.332307459384321
0.200904996558197 -0.375750365292249
-0.521282431322401 0.0201165845900774
0.426919266262292 0.339157249131575
-0.433612477448512 0.0470057713287386
-0.31169201816469 -0.49685961171174
-0.433029253691298 -0.0989203839946143
0.059898896611128 0.564271153648603
-0.224747783384429 0.688918440804846
0.0251694266149978 -0.567526420806431
-0.423484434039114 -0.121091817909528
0.433033297668255 0.701006601449147
-0.067376650001958 0.0270063921567555
-0.675497577711455 -0.0988927246447597
0.332294464275641 -0.431572331429519
0.169525060658864 -0.669456957656875
0.69440427675285 0.63927515669346
-0.529178836699643 0.436806933246385
0.142910363214954 0.737743921659218
-0.264700260764761 0.878281181918549
0.843743100967325 0.283339410281832
-0.332772425033408 1.00071669710338
-0.486080347466116 -0.906986651099107
0.00286941925126154 0.734845254094917
0.360503979631074 -0.296206830506709
0.952079393236623 -0.0310520340623923
-0.0971344381977815 -0.801764862408258
-0.187988901753365 -0.738808503065723
-0.177530353731648 -0.816429325347712
-0.450052897297706 -0.39848229329653
-0.0604470056856614 -0.66910341687668
0.55662130105796 -0.532063995093154
-0.37269422995303 -0.871904153234599
0.0547651281492969 -0.440611476220937
-0.402360910632167 0.862490687314567
-0.221789050517575 0.0134003315198621
-0.296182042185967 0.831425227709498
-0.115811013955028 0.768282539808598
-0.0347998637514009 -0.511479550644467
-0.668683832465349 -0.0514262152572983
0.252862650756923 0.583873487626016
0.599871793049942 0.425257880401683
0.841124089127462 -0.0162557847622097
-0.519762093167585 -0.0104129979032377
-0.363007310783379 0.0848857812424756
0.118168146899377 -0.615378454959305
0.509766295195364 0.564027761924043
0.0443053578509271 0.634443769963091
-0.405482664709433 0.058880307013737
-0.448749274709948 0.105252822056177
