0.430970299096991 1.64134545293661
0.228092967159907 -1.84664624353045
0.403066927613184 -1.53821547425987
0.304103844309476 1.51175901649354
0.189863453224292 -1.55468956609109
-0.964899200623678 -0.464214114338384
1.17607768265484 -1.26069223721692
-0.140597025889195 1.30921312291559
-0.995080758543574 1.19561932195111
0.35734356689828 -0.704599143872199
-1.11040193113611 0.98339736356344
-0.264907851817034 1.04056663508278
-0.753089279293891 -0.494202936487308
0.54302054656356 -0.21858227212532
-0.379713161943955 -0.774825785546588
0.372917262984411 -0.0490918642826465
-1.38940827052823 0.393840478291254
-1.40250115393628 0.281573790481301
0.0541908136207971 0.0808839454025403
-0.613032826466607 0.713117614276876
0.044368347818237 0.00984870457724881
-0.848613476847458 -0.391684836244774
-1.08966745570665 0.444371704752158
-0.449210461712234 0.647061684369984
0.315934295318 0.0726781527597174
-0.4288085787482 0.771704419728055
-0.597758891859211 -0.245326765363769
-0.31757784366002 -0.457107600330036
-0.106267748954043 -0.646474879075863
-0.503465863420447 0.674607717493808
-0.21256960928611 0.270985344798724
-0.0358438617930348 -0.524462821736209
0.187818353893367 -0.275226587488736
0.128035137239652 -0.3055078484408
0.112197357980874 -0.0207086266290582
-0.257918585834354 0.0387898416993278
0.02257121461513 -0.126133920928169
-0.11986719454247 -0.384033506144536
-0.447384416413912 -0.0314083999561388
-0.657930816499431 -0.130552383448864
-0.558043673980565 -0.056764500457423
-0.4174537345792 -0.190536441579916
-0.0170715053882056 -0.397144780765512
-0.158434271939771 0.319035839110658
-0.483492240087574 0.185393247096444
-0.536852827297923 -0.309063024734452
0.209234539700665 0.305304798789488
0.192368578562365 0.644070854618995
-0.123108170318647 -0.778145989662561
-0.469029855891901 -0.03373856679836
-0.782189263979811 0.107879484731578
-0.567088264596826 0.925987728496058
-1.06725041908854 -0.332641722971427
-0.36276415721507 0.67342556419131
-0.648947474231491 -0.0842103858581112
0.236767503916269 -0.646438044620117
-0.171856119615517 -0.324718063930669
-0.743618157896373 -0.263395848222243
-0.241285738445379 -0.149708181715347
-0.403211570717716 -0.149785084214853
-0.671462461954031 -0.568193258985849
-0.459048760927076 -0.170118476779461
9.66151053272135e-07 0.145095753435427
-0.273364280824837 -0.499242152740035
-0.0762861195296285 -0.611566137259138
0.221289566421421 -0.654776369784297
-0.506337589983989 -0.69218166522391
0.309284863825641 0.0880527611054514
-0.284804038537138 0.664733627346474
0.279147335275457 0.120810161411365
-0.350037995856292 -0.61204477794054
0.203107909515128 0.108056603316124
-0.7878068957367 -0.726879892420643
-0.06133496023808 -0.739379229305086
-0.182703247148529 -0.0044898712583031
-0.418493200683353 0.491996543521723
-0.214610288210918 -0.637689852176326
-0.192577953012621 -0.576550812684209
-0.467491628761598 0.458306363148942
-0.939805917821529 -0.144481175668126
-0.706117541823461 -0.115158017881133
-0.204581108745854 -0.366997176270818
0.185569365957423 0.341140275758777
0.215137269271032 0.0290460820153561
-0.282680151652309 0.158086796969926
-0.428882048388209 -0.044798758141504
-0.326070568391613 -0.00103306454111184
-0.34108014559891 -0.10862750263038
-0.436699332998198 0.0296292573175545
-0.459417737192342 0.00332405774485362
-0.492658493100188 0.17000956671124
-0.697283003131916 -0.0251051186195919
-0.574502394698108 -0.0740005606727268
-0.383192207454139 -0.229496544752644
-0.47284569812458 0.177401436205892
-0.564145803753009 -0.143466078595494
-0.203363795321415 -0.350128164711224
-0.630576606122533 -0.0799569157363551
-0.221988966382378 0.420910780077778
-0.512823176597021 -0.454210780720472
-0.467668596772092 -0.337821840081704
-0.612707278412529 0.203479627505439
-0.620345901549757 0.130895388162329
-0.693514567130243 -0.0642745621773084
-0.648168657893615 0.251898313163256
-0.660949853350142 0.0419419888345822
-0.42837066939818 0.0368670890014257
-0.717623009450982 -0.397025897972793
-0.724571679395629 -0.469310022592073
-0.630025915743883 -0.483318457277501
-0.165944772591927 -0.118159372941758
-0.291975313995741 -0.0419496484777003
-1.04443014312752 0.0973790157818814
-0.621726487954874 -0.254631468643535
-0.713585769994251 0.114686000807945
-0.586197837586525 -0.269372866540388
-0.717344720189174 -0.232808827389933
-0.56842132134296 0.0715395382723284
-0.57575795792588 -0.276180252294556
-0.885337950649223 -0.365235997457465
-0.361611389369159 -0.666457649386238
-0.535305531011033 0.551161645012022
-1.08594989100558 0.227764528027214
-0.00526031415071584 -0.221686761184058
-0.912995400127225 0.355337689695692
-0.30605046703778 0.639563977346528
-0.564751889029444 -0.217044078608338
0.400124472576874 -0.292197988858678
-0.192254685466997 -0.4530531456823
0.224941384014338 0.00549903086880961
-0.384827160454192 0.141184275767815
-0.375588683763097 0.0993617381924354
-0.0533520020272835 -0.0612791102583383
-0.295391078232396 0.095611833137855
-0.4178701112582 0.176060257992135
-0.655873292690344 -0.0744967863129952
-0.540818840785092 0.163293921990176
-0.322167099491075 0.283045498014779
0.0745824025362275 0.0733142865844411
-0.38353114644666 0.267160230096881
-0.210786569159091 -0.212496144962875
-0.272145737970824 -0.239562701877019
-0.0542072666450285 -0.556050738432004
-0.650243237152342 0.180869486911422
-0.0741419290075302 0.856759306700398
0.0423456685592302 -0.764924399186687
-0.347626167436045 -0.408963778972971
0.22868707806004 -0.0604903133033467
0.242549778612515 0.123031449968691
-0.87208704794916 0.211160072140358
-0.0972574989641982 -0.0183294595926525
-0.732453111748705 -0.523926527095929
-0.837098800034667 0.222183366780831
-0.696018529292035 -0.36005877229897
-0.348451778333943 -0.0896918073880088
-0.697211939566184 -0.294006539983471
-0.67873029623927 -0.40837674926757
-0.648012430165942 0.436182397291535
-1.03313520570746 0.324715973664788
-0.994906180978121 -0.39140945365237
0.118034596986372 0.138306927096983
-0.223410346432633 0.746643836909021
-0.629488796656428 -0.801225184534621
-0.511177777243822 0.603277425307265
-0.844541088105026 0.646980298098704
0.00487276016131294 0.857912312539642
-0.347906821715726 -0.84188069515445
0.640942201148259 0.07026573933363
0.190148794012901 0.778258410292054
0.0269082226473472 -0.478841311544602
0.454344913768434 0.11480278742867
-0.26341975979761 -0.357380965191304
0.00340368465190521 -0.121722524478008
-0.242663211016931 0.00518822127800182
-0.380990805795465 0.00667374176900896
0.201840936639608 -0.0939040290619236
0.579897468407433 0.0405257759101763
-0.0611601391874748 -0.53975198887382
-0.226593605172333 -0.456809525001441
-0.561492435633391 -0.164524315609361
-0.422154518017662 -0.219514601277704
0.0413121744358083 0.219493941972341
-0.148028044603299 0.184635365055818
0.161059512498738 -0.0502335422948296
0.10657595947956 -0.27884199121973
0.573578793085593 0.0745009888410298
-0.334486475798717 -0.513226143725682
0.407523236095297 -0.730256893570734
0.83805897580598 0.0256349367614451
0.202372511398086 0.814190247216506
0.592081351361989 -0.589563588877934
0.485296668252072 -0.310114434119587
0.0908206223607461 0.655470353960588
-0.339565139089929 0.286138933235397
-0.229459599012284 -0.349157170078442
0.317326279758333 -0.276167276925909
0.203212284560023 0.846981318221615
0.615412181576699 0.107812364619559
-0.254374928159843 0.628273907459876
-0.973594763707494 -0.0783779321078589
-0.335591375113524 0.909057664853324
0.485782829256845 -0.972926659832174
0.109939119356318 -0.903339660682202
-0.150039328725715 0.719843531704526
0.106724978692914 0.737015892187274
0.878299569258999 -0.38842590826724
0.555281776178987 0.231160268516592
0.40657793926558 -0.651109670037614
0.632386557638145 0.337025990440873
0.362437199292393 0.419429027582878
0.222831256525279 -0.515170333214599
0.22759120049042 0.479905542582323
0.132008132412207 0.384013947392075
0.36870766340819 0.589530988248686
0.291924638517059 -0.264874748909552
0.457423298228904 0.0496288450173442
0.328334393017623 0.0781284033127691
-0.0171176200472982 0.0407766839104638
-0.00786188962985632 0.312611204667943
0.155895597104345 0.246225799812725
0.354447491567683 -0.299993791523404
0.0245166226016626 0.349525517070757
0.258776306107721 0.487990742907113
0.32439455015028 0.393834731948279
0.00344277167260632 0.454557540382293
0.679483275828876 -0.523645439808748
-0.0561026949633514 -0.0203974261744684
0.286688545051383 -0.257636071812875
0.273466497709508 0.236615006936718
0.418161543642065 -0.0916402380156827
0.434363038870328 -0.261559303236981
0.345040608969089 0.354570234263468
0.532090537019226 -0.18450854279266
0.688646881251996 0.553367289313491
0.721444354115141 0.20049110081442
0.59903780300393 -0.0175762399399157
0.58874971857877 0.0597268549481923
0.379593780403159 -0.330188860516798
0.480181724500082 0.139842166955445
0.241143207051597 0.416995107720984
-0.239982031524457 0.0210163613276097
0.76998768566887 -0.553627893525328
0.412467039358791 -0.643850321847043
1.11291802083164 -0.205293427152899
0.808670732358719 0.288303603296836
0.836453410902452 0.160984744143593
0.461482775846158 0.470154362793333
0.637840820765108 0.375928409413198
0.866134496155152 -0.026634255600409
0.757166942764385 0.047144177536312
0.733217649206853 -0.03210889424027
0.627544182073529 -0.152308053999175
0.346678647358263 0.041457455290162
0.652681608233506 -0.348184736928471
0.579464402429027 0.247364190034324
0.529004058613148 0.463585332141149
0.25381231620804 0.327320772285586
0.537802205870448 -0.307477017550211
0.21348078473482 -0.0219136912152421
0.279466360115833 0.073476604315568
0.181905930797905 -0.0483870830708779
0.298835797976481 0.123037177768835
0.501392474535315 0.00714379664473341
-0.194661722369715 0.0614493185823228
0.38384437037316 0.140981688756225
-0.117477447817806 -0.433530375902302
0.0510283131885462 0.384799508220607
0.101148191181059 -0.377103941133951
0.6623293941216 0.218066689135849
0.379947668591057 0.02234753124421
0.289939401813188 0.155010873637496
0.307082656116869 -0.0896827956578602
0.508439201233512 -0.24709668099031
0.636227916227929 0.493156334641712
0.0456355537305825 0.0355363807610469
0.626492657730733 -0.209102760589715
0.781486489513099 0.258644132434296
0.283039793868424 -0.181778832580252
0.333257023800174 -0.163711247011771
0.46660232064443 0.103008607163979
0.385084250302246 -0.0139380966908548
0.69448471341474 0.0292834595771933
0.610606043704442 0.29227587443344
0.506091098992183 0.018982038481682
0.746045045967737 0.0415932089978286
0.451056586555159 0.030482016434237
0.694281291474857 0.0574777145620849
0.406978719144037 -0.0393508174673902
0.353207350035833 0.24272451179635
0.746175940155722 4.08622642051916e-05
0.72832840914516 0.0227569422617214
0.486746309838968 -0.101566975944183
0.623042554369337 0.240729343294969
0.034091565133652 0.56833631850894
0.506407049789956 0.741204176698267
-0.18805235998132 0.436046335150134
0.132009386442714 -0.614053720642121
-0.206194822104396 -0.0269566423124986
0.550867046145485 -0.157566864793428
-0.0135898433994575 -0.0504890561917425
0.304142779990325 0.447722256520573
-0.033558159530942 0.231705599816291
0.233038034026721 0.0467731506124287
0.173650864457582 0.218445788685094
0.431055991673258 -0.213379593354168
0.305990493977407 -0.00914880365230089
-0.0517064778860148 0.324940606633321
-0.421423719109744 -0.0255924407617624
-0.287823172140985 -0.0164743359262799
0.185817632845031 -0.3236012372866
0.3897843384639 0.374499147631685
0.766922079362982 0.118943203878991
0.161350819041038 0.301323603030922
0.162046020076595 0.0206159616697905
0.0490493494145556 0.0831523341725114
0.319631559827383 0.111829367578775
0.0121760997218115 0.334042883567651
0.205567854034704 -0.51679781130397
0.152228731202502 -0.536996211937494
0.557638691236434 0.10912869169002
-0.564166846412809 0.250091734719449
-0.0764223238263594 0.4240076184027
0.169084795596313 0.619687803601114
-0.291124827350806 -0.501451259443313
0.499759967244852 -0.061161609179343
-0.0577856419753713 -0.129467970796021
0.499911364184791 0.156627805309493
0.465696828522337 -0.225036281311419
0.472691477819997 -0.386970633481971
0.448585356820382 0.378665069402655
0.573073354609728 0.447537850268278
0.215811664784847 -0.0602480452872312
0.621323700982674 0.563734275134848
0.681053054951785 0.629033412735264
1.37487131689867 -0.279310824735927
1.1067769660218 0.281000705621747
1.30964488467115 0.21869561764736
1.33146283767018 0.412378352490036
1.12400410725861 0.917062121846596
2.05416981909706 -0.589258955000597
0.760551718155939 -0.122964301328193
1.60573200168491 -0.934439124944905
