0.581242874640763 0.804170496838567
1.00022113234074 -0.843958184129808
0.0994194534253037 -1.09247758269878
0.852174733129298 -1.08150676966278
-0.284366722038343 0.228382113360601
1.01290860480865 0.715402540942741
-0.0441129064537164 -1.11065848168784
-0.837176621310698 -0.0746150070784458
0.203521149489109 -0.888409759921064
-0.91361628351009 -0.098340719551868
0.305093495226077 -0.935914936866167
0.125407135493063 0.913395696199039
1.24597718055208 -0.0348649436420428
0.333541816503212 0.349708018307783
-0.218239511007424 1.09834123637914
-0.0696637956051512 -0.921503727164971
-0.755546757839957 -0.553000652283513
-0.924917371045247 0.0751073185726559
0.135764895201213 0.34007541441356
-0.310479762793885 1.01095379764824
-0.0103594222459355 0.875597611208062
-1.00032369359489 0.411819412432536
-0.416512938969639 -1.08781523885727
0.599555956992932 -0.589552773485569
-0.581548486891192 -0.394419963275171
-1.21102279615007 -0.0769286087574378
0.78011614690355 -0.278368714242152
-0.504031459758998 -0.990377688784582
-1.00574279799386 0.35346008325196
0.241177107637781 0.948407783459541
0.0591547773066608 -0.558388922477882
0.807125386528756 -0.00450579183523048
-0.06597578470522 0.130842942195349
-0.217218422903315 0.852156757372634
-0.669425613327757 -0.298762490747488
-0.548322743228493 -0.944095735875932
-0.0602111675950665 -0.887268913958817
-1.30028803434164 -0.0858332920144717
0.526621375774683 -0.614245605126785
-0.134942185763098 0.076792253440704
-0.290617175669259 0.756120909859792
-0.243898762969711 0.108831312087317
-0.31853737976936 0.720415559612843
-1.07976890682221 0.0757217022425738
-1.24720641786314 -0.0975313457701358
-0.283535124552066 0.0795419316933656
-0.389299554651568 0.672503062105487
-0.711028665304474 -0.770438863355331
-0.627198688416798 0.735109101642264
-0.436669852129515 0.0424713514550273
-0.384613793695876 -0.485143070460847
0.213275312078737 -0.0298172937377445
-0.70046383761208 -0.0292331669099208
-0.435773606225338 0.0639334052791685
-0.951286805184723 0.0233323722185263
-0.434422008640208 0.623077204756214
-0.915524286386112 -0.022909096234628
-0.996132599028274 -0.134511877157083
-0.503313363388077 0.73624600574102
-0.206960508847879 0.446358327173516
0.297023361496381 -0.294802320981746
-0.91891808591862 -0.0773019128118573
0.0518020028494421 0.77126856684255
-0.493954972288102 -0.813583601372908
-0.47823871890106 0.104865086257344
0.638467146201018 -0.0227628470372983
0.64805535252634 0.00708851483264324
-0.873837088063813 -0.078777808822539
-1.04338505592022 -0.092205095002296
-0.258338721856674 0.78960015384095
-0.110919516788579 -0.619462542136243
0.213114697361525 -0.686377150032969
-0.324394157148761 0.872739682375719
-0.254475513966941 0.845343560500228
-0.169328254075946 0.83549073998011
-0.254818532472001 -0.840918980759966
-0.651560435427813 0.254603900695057
0.788658747293957 -0.326331566979584
-0.619629742946616 -0.261253920270859
-0.102705413692647 -0.894164389186383
-0.840998295349159 0.348796176922091
-0.488901500222984 -0.244567301920166
-0.570479676109921 -0.295692167470933
0.442861284631893 0.872220900279057
0.00514390490522501 0.805889202323097
-0.432320940829559 -0.110245518332372
0.38052388189292 0.584322020023696
0.0391168386821935 0.712178422586778
-0.423459063861402 -0.238566496043213
-0.131046300636254 0.500422788959511
0.717989739094409 -0.426673133381587
-0.392260325509771 -0.178167120852884
0.406599856823886 0.717676567864733
-0.0869521902128326 0.476167775278279
0.398971386761629 0.409634811951766
-0.109244336281035 -0.667026516808054
-0.488474904521757 0.169861558713634
-0.0534599866898544 0.689933427122031
-0.523244138156375 -0.00153856184311165
-0.660180769618582 -0.113922810723386
-0.0164422075448586 0.112643341468898
0.611535943059791 -0.317359083667819
0.705035993467413 -0.0137233926224086
-0.263775542037381 -0.163272615789495
0.066818689379101 -0.481597325425417
-0.339482992839503 0.13339308667507
-0.227811927137235 0.131136283671665
-0.00369439632488609 0.435232082263324
-0.193596041818748 -0.156909942617794
0.105780349633916 -0.406172743880453
0.41247470414799 -0.233942215521177
-0.295371506893588 -0.0563359408736307
0.289151901111274 0.378312540519597
0.0860283195398503 0.0886680162838579
-0.192735549602935 -0.0129794225922518
-0.158404069746511 -0.0169039383058712
0.21194323220101 -0.353782842062629
0.210205954767097 0.307670245503141
0.0749120929982554 0.258983075656889
0.115165285021797 -0.287837918896108
0.350793298531706 0.20923153337148
0.394945332447633 -0.0214850826885132
-0.0788842445120558 -0.0489688603341564
0.349499976740675 -0.129236386811467
-0.0614887910623414 -0.0512730280906485
0.202459097410486 0.155306937693553
-0.016107890929144 0.0210450085105278
-0.0245272793400077 -0.0545756093911903
0.342911807728998 -0.0407483153225129
0.00304780245043185 -0.0431156676556598
0.199979973949699 -0.0994024114062152
-0.0719714190321849 -0.0676946474653625
0.114070255592935 -0.132366690330846
0.0607600135118299 -0.0797440712131
0.147954762570023 -0.0134118223520088
-0.0662534960735639 -0.0537674140313667
0.172374126347042 -0.0608019639488985
0.156577134570991 -0.0241110173623505
0.187690966740926 -0.0390326358248979
0.0465945082622906 -0.00398253869594239
0.137449553677394 -0.0945120836436945
0.080511149699624 -0.0587133797932593
0.137181952588767 -0.163078392959956
0.120585201953763 0.055207430247316
-0.0246850555914753 0.00201437677133816
0.0639393283475021 -0.0550605706243028
0.376876396275644 -0.0293408444097368
0.380488286140568 -0.0205048508756397
0.00803731342751661 -0.0213295042560683
-0.0553293829963008 -0.102019408504194
-0.0637110845588943 -0.0703689235612521
0.175834708810558 -0.215163069064032
0.236956781189061 0.256020545716944
0.0420398657144357 -0.363299005326977
-0.096461359217131 -0.064108708133455
-0.135422902394351 -0.0431866192012681
-0.153887589271293 0.00174446297567975
0.568923460147185 0.00721688907823524
0.337820849783559 -0.301660565332674
0.0563577823627581 0.160186020989004
-0.174779534996084 -0.181410103578747
0.221992855494165 0.222359404081463
0.0251832269352119 0.228009803696797
0.0416153368780025 0.199952003617572
-0.0316105501300509 0.244880466324467
0.180559627929012 -0.428220750595166
0.203719425814114 0.127488587840766
-0.215015309378902 0.0890083714650092
0.590795391684449 -0.0957044805513467
-0.250262880815293 -0.235573930205425
0.633824311537739 -0.250006894594852
0.060078551528691 -0.580483329175483
0.0572650706352545 -0.614079695656456
0.0475745080388201 0.364143035395875
0.444506197994714 0.617573842477687
0.472851484084106 0.214849354684116
-0.126560995572276 0.250838306715084
0.126003670702154 0.483518781229593
0.0734853147179883 -0.648013994579013
0.727447670961459 0.361272739606746
-0.595624764280236 -0.0547584019091817
0.109116047313392 -0.726709101957904
-0.58811501349522 0.218347754254156
0.76168757991799 0.397204734103716
-0.103565774179222 0.320818548748851
-0.140311341833533 -0.847606044983113
1.06490910307197 -0.0122596822656233
0.13417885204257 0.56662066644234
1.07804873117535 -0.014610226230408
0.363016491883386 -0.963395388300723
0.629609281491415 0.296007706519787
-1.02586242077509 -0.102263496015127
-0.586096378603471 0.601399576034903
1.0093529442923 -0.172737833626402
-0.577799118669339 -0.69097733854059
1.01269049558071 -0.397507524998257
0.993897378238868 0.364222746844317
0.222454724992753 0.899840781748606
1.00922357439528 -0.129538670634659
0.812771327744234 0.466997928576057
-0.372161372539272 1.0884962980898
0.217031310656289 -1.03611116325324
-0.992233877763782 0.388260574336502
0.195552762534122 -0.0425050095741456
0.99751369246804 -0.0132915359700015
-0.42781195003969 -0.530398447640359
-0.392278975601704 -0.94311352008126
0.332489499301225 0.849196963733377
0.337886841612103 0.847036184689701
-0.519210782604068 -0.519491895160941
-0.605606509375523 0.0632489323663416
-0.424761904233841 0.437332120905922
0.450165746773784 0.199680534684255
-0.433979105155859 0.470973961756203
0.213410975362006 -0.739211159586753
-0.564690300843726 0.168489487461994
0.808366798156286 -0.0279248358243167
0.134158007990926 -0.756570782786251
-0.406823531538351 0.448922752516891
0.38820000464548 0.125022051028184
-0.38715914092065 0.407571785173234
0.343213602756566 0.120776426262145
0.364820703922636 0.0228837889582769
0.632018755993205 -0.0400335406967052
-0.056301120465969 0.38551401718316
0.290453605203802 0.0896374775643203
-0.320054912527466 -0.628097993806183
0.454186398688989 0.00875359489813326
-0.440415263269291 0.508465273273701
-0.613298946177296 0.0487876686114656
-0.644544742432935 0.156898915200274
-0.467217830446898 0.512135780023878
-0.0551154716987465 0.602537481744189
0.661838972911953 -0.0953324089010327
0.459633181006886 0.16711080591355
0.591536167336574 0.431633787971251
0.841316880775905 -0.0217187906168125
0.899950342856306 -0.0174595184049738
0.0928649302130169 -0.390874288257189
-0.501315751125455 -0.656745132710251
0.682468530319075 0.220546236417313
0.369240744397416 0.790144867362786
-0.332362714060759 -0.850528695509035
0.161047765898225 0.673082689962652
-0.583227952010186 0.103566614639221
-0.800419900127393 -0.0821726179625591
0.520621671851368 -0.333336626409393
0.889102027926234 -0.0104254622251099
0.765179795384033 0.151936393920222
-0.312954465651173 -0.599784784999881
-0.515655528884212 0.0912044916778568
0.607759975869026 -0.0638634755086275
0.460090776336696 -0.300743137226022
0.428482095018895 -0.379530221015043
-0.479310208946231 -0.659886935737536
0.50167046865261 0.0332089778367015
-0.208467687733883 -0.561051968966846
0.24711986141683 -0.441542259415667
0.000422267202703315 -0.762580170223115
0.0460123478806042 0.639210970701329
0.32205895148122 0.0306415571716022
0.0443596690615375 0.56979963363807
0.163354948789673 0.565071468702852
0.454667277547385 -0.195334134171699
0.382146268809334 -0.420687898590202
0.495243436815226 -0.121064720630681
0.497719231140304 -0.20223693344924
0.224331155993816 -0.254553809184973
0.238943498637662 0.507156050861642
