-0.912976690150451 0.339224942829245
-0.820250424675152 0.498772699687677
-0.213109478268969 -0.0109213160540877
-0.704344303196099 -0.515338356128835
-0.0577672320870136 0.108796084882625
-0.459639419194193 0.690738287556204
-0.518278875063601 -0.66742050869978
-0.9901361432448 0.250086112539159
-0.921687697308161 -0.824662663046746
0.503301053109392 -0.866018764506866
0.0594863436249995 0.754573254695454
-0.0356858134151223 -0.951507281165549
0.0445502694639179 0.963769989299626
0.549822502352363 0.031995374353193
-0.597011235411091 0.417321329206394
0.40505839669216 0.706461013919479
-0.613140013429456 -0.0374194103931596
0.744539603228814 0.759323438945205
0.941536641302167 -0.0982747687047298
0.716685204011156 -0.257191832981588
1.18368852255244 -0.114648062129566
0.940858420085666 -0.433532970708245
1.0177372466318 0.521402285483718
1.1284085614567 -0.324888771638781
0.731858394362825 0.187155642059913
1.17796532584648 0.503535208937265
1.6343452646406 -0.0910904212383887
0.864411160372968 -0.0461281004703057
1.67425420387248 -0.392315457963565
1.8331549063591 -0.52881505656172
0.540817480523511 -0.0955605933002588
1.90094320160464 -0.175553280206824
0.162534904820342 -0.0491803396362988
0.96491509607809 -1.02723688975249
1.01004610217191 0.803855358778123
0.118539088958999 0.11225896250189
0.731790905017795 0.905442897859819
-0.451461952753172 -0.0917005559465919
0.415346210421629 -1.08594987286704
0.356700780055363 0.935610024551546
1.07237420469018 0.506733543824136
0.234933408463332 0.0493731548264624
-0.0132993110257552 0.65969927241348
0.729735503440529 0.336385823739264
0.764072370367664 -0.0656111323028317
-0.151190351375597 0.176233229217588
0.702448849092691 -0.0339831633908417
0.269898249884573 0.404645718532592
0.507777333593831 -0.197412918108795
0.428786213210807 0.0204400423432237
0.127552608300163 0.0996514495563564
0.497739045979017 -0.0166035291109848
0.397075027037063 -0.252977398723406
0.398728251268162 -0.0819445613963596
0.0286591858080342 -0.118936385669326
0.245720865641563 0.106304686141749
-0.170667655336015 0.100344761919438
0.19154720606123 0.17318122934777
0.226040914710449 -0.0409498982170752
-0.148321823640712 -0.0612825996233447
-0.0367671468203337 -0.0260568623525852
0.0236311131917179 -0.197215470559771
-0.0983431045212899 -0.137212591938486
-0.273554071459584 -0.366916630070381
-0.270980482452005 0.0106420627577094
-0.0454401255110568 -0.0756421054054623
-0.126228524845606 0.323492975201107
-0.397396705702844 0.390345171665172
-0.0542592646836244 -0.298464418703563
0.185940975854696 0.13096838640045
0.233925683324902 0.406648896217779
-0.069001320177218 0.325470476949895
0.0471109386378982 -0.311491466673131
-0.254964937153986 -0.401037783086428
0.211684506039724 -0.0507499641980451
-0.130620692192829 -0.155436018032165
-0.371101912642163 -0.0757607404054979
-0.756655079611894 -0.0936798186510421
-0.259559639201094 0.0412828855005955
-0.433868281784429 -0.0900046590489155
-0.355469238118816 -0.0272529855930839
-0.641473113003027 0.144115215839641
-0.245549782232064 0.0321810404331019
-0.141752034999474 0.0539752760564515
-0.484781503957469 -0.284853754157132
-0.43838134339435 0.397500811409659
-0.675416877679458 0.218080355456989
-0.0479942653850448 -0.0868407234336262
-0.557907645180183 0.364992781481146
-0.0942909266893343 0.0724973200801371
-0.145900238346415 -0.660090498757931
0.0846332124108089 0.170380842869001
-0.249646508749527 -0.570560141213622
-0.761135282788668 0.201574665431407
-0.357096996557939 -0.173243705832375
-0.391099566725467 -0.679238707902981
-0.735321253973493 -0.333293295704085
-0.298102001444186 -0.969575083426597
-0.615864200015785 -0.512748505761832
-0.0600462653639578 -0.837204738250104
0.0689199959596584 -0.874089538334263
0.137003162201628 0.191578757975149
-0.680821005933754 -0.413354452166902
-0.568395460661202 0.155628127703447
-0.67609487213294 0.0334758161552053
0.929411117818978 0.0463866378503673
-0.926987199910328 0.022767058631304
-0.409241271137214 0.274499492448744
-0.176727244043137 0.712971008471298
-0.823196759640945 0.638887070358567
0.155356111568192 0.604120196575264
-0.419699519170649 -0.609608216108945
0.342452920537093 -0.411345358002947
-0.534187409817191 0.589868655251496
-0.66220516943038 0.294811441984218
-0.828288004456316 0.354635143735712
-0.0951057897521937 0.605434605769053
-0.304658298361192 -0.77996638429963
-1.01742914438862 0.509580324537969
-0.369215832179026 0.76062439608862
-0.139985724076326 0.829581177554833
0.0647375204052443 0.791049509521839
-0.672813806400394 -0.00643438651498768
0.706582288974926 -0.618933077554618
0.511198617366791 0.581039507378232
-0.0167186747210785 -0.703380076464509
0.757634763950022 -0.540916865638325
-0.340813185295732 0.020637063696666
0.0855026449079927 0.550935249278122
0.078349661001532 0.327028148260444
-0.0591537889834199 0.360803905541543
-0.373880109004571 -0.157149217033469
0.749657871368647 -0.136375731542077
0.442250744782437 -0.322196469862088
0.529292864119413 -0.635803501602802
-0.868809129874888 -0.196120176839281
-0.159639831521338 0.52476792253666
0.288021007400628 0.014792413486952
0.11058316497969 0.570835097249195
0.464893154378919 -0.105557429310928
0.181564852875744 -0.142326844343142
-0.054451706789021 -0.264391765891812
0.0831988276602416 -0.254246326336312
0.243493278660962 -0.191004225656125
-0.202046384315152 -0.263270549038805
-0.124921449067732 -0.000200870000079216
0.046677237968981 0.0922892320088878
-0.192904282670109 -0.0778914374472557
-0.190349438791265 -0.07137948441021
-0.0769096382482274 -0.30882552252051
0.0403436052256751 -0.0368871168602193
0.0956614291342768 -0.136670881163614
0.135408405605517 -0.226471811005079
-0.451058753972825 -0.435206520734606
-0.505542929201563 -0.543782498493047
0.130333484382552 -0.227801828016732
-0.358801216091136 0.127287792825974
0.196189662119278 0.0809406690115284
-0.587088259162451 0.323710979366856
0.432197189347434 -0.137566152544791
0.00614712046880243 -0.55507931918277
0.260447396118626 -0.240575854127435
0.229219990933468 0.883728217103073
-0.631275445904114 0.0964226850300195
-0.156864752840298 0.800309778285594
0.269977178530218 0.74950248323229
-0.041886724148767 0.907839979148751
0.924286316247859 0.0939838327782748
-0.232456970393735 -0.127286987849914
-1.12081852838618 -0.0360068154064945
-0.456497703983714 0.521267533415776
-0.828723582240956 0.0815323382350726
0.412801399714404 0.768336437538233
-0.603345349365846 -0.0702314671841508
0.627411316958176 0.707631601528238
0.471970048089633 0.803130904665743
-0.442538854054345 -0.0966317143578738
0.0137188999025053 -0.588576725597719
-0.529839500821288 0.005761640118985
-0.304937182245583 -0.0647103420513641
0.610669489250053 0.557735802658464
0.342821266317676 -0.548390587601511
0.323941190570194 0.498813845155647
-0.253853387008233 0.11371737935395
0.869793608844235 -0.284800983422938
0.401120590878902 0.231612284098479
0.563711950439155 -0.26622691244553
0.485413586442663 0.112652746939943
0.38612310988698 -0.641406625297892
0.401523195988112 -0.218077881625348
0.183869751147989 0.521882306630394
0.356146603186783 0.185522958298325
0.260179249104738 -0.599437249783168
0.117077634469788 0.493364207507895
-0.0813482575695121 -0.0348329736871672
-0.144012655884705 -0.63534551665396
0.214316583499309 -0.64132975825755
-0.172735011796324 -0.46865406847249
-0.0737637486158981 0.166444040213852
0.313425919250548 -0.593462529704528
-0.0807952537340679 -0.456638674173595
-0.29098868221571 0.323919618257829
-0.30135478963338 -0.409145930305738
-0.688936777648933 -0.145051466572107
0.439793520501879 -0.48910004137445
-0.459527967184558 0.862970444659234
-0.829037143881948 -0.064070280034957
0.330086158165785 0.651937846886138
-0.506097929661724 0.441998263015864
-0.38696936927097 0.350367445379641
-0.0594151188368372 -0.327299807121911
-0.421101579572103 -0.237741150135074
-0.631049621999177 -0.704526684901974
-0.244007885184449 -0.470717411466415
0.309699791026554 0.0273414479803715
-0.153432213419691 -0.348823476155266
-0.554143888578567 -0.00799112941751376
-0.313812565221127 0.0227137374506271
-0.171106296817264 0.0211361352187726
-0.347449733468546 -0.263856080435532
-0.289825038898458 -0.173700360567564
-0.319961157126376 -0.178644097000156
-0.530313629488091 -0.293601051404988
-0.48629782188414 -0.0154799312219092
-0.594826023943552 -0.206001856172194
-0.83749172219396 -0.0997743390259305
