-0.717737834490391 -0.0300304144787583
-0.446041367601895 -0.00301099856183563
-0.466335874414582 -0.0610493975971907
-0.574333004583882 -0.0402458469420292
-0.365761667364806 0.00291547791401135
-0.378181098039479 -0.260327667112746
-0.555754367744864 -0.110224759730648
-0.524573448458544 -0.393160284855441
-0.664601388073308 -0.390062331403167
-0.0657627056015766 0.421178769193957
-0.438882110012491 -0.794521062281641
-0.228860126740164 0.187968117013256
-0.80613759589962 -0.294522212127435
-0.635690508200753 0.0632329850920393
-0.119056806270659 0.00200111983842912
-0.271519498611783 0.137536832780352
-0.0830666579068844 -0.199898235804536
-0.483416225609684 -0.143908312640014
-0.483398536500039 -0.102024976650545
-0.226392386083494 -0.280101020075758
-0.277441146396313 0.359951034304927
-0.702861477567027 -0.0778550079990453
-0.620355872802744 -0.193119894428372
-0.308247062647689 -0.57508166598793
-0.616981493728527 0.485733150787958
-0.946839800987293 -0.162219280019788
-0.135286705141082 -0.441486414071147
-0.891443493245481 -0.298927477165564
-0.643939193811221 0.2025402228147
-0.32548109438404 -0.178768381927079
-0.645116835387694 0.296912072279205
0.0217786157295485 -0.0970259207746426
-0.567557474980325 0.377949913077026
-0.605432384432231 0.519340080177596
-0.545271861696943 0.611772440836594
-0.799484801099052 0.469102615849092
0.341361210903326 0.147471815496642
-0.883376438861497 -0.616623033402925
0.070933576681659 -0.591165888476779
-0.810769466962093 -0.178266549886596
0.0756564286473377 -0.625156571196608
0.217377047229561 0.0971078047059659
0.244222510739074 0.0654507506304674
0.366591990941126 -0.0733448182480634
-0.166982303186075 0.292059013473096
-0.00699457556568824 0.358266022699374
-0.405293459183958 0.347458292018929
-0.0160791079297941 0.00282099959385357
-0.0717312887128842 0.215172059610234
0.0244400876702696 -0.347247334781983
-0.0458863299160085 0.151942017481886
-0.192333926327882 -0.138412660758818
-0.182279810861356 0.0654313337368691
-0.128492396646663 -0.180175986681221
-0.20358781557913 0.286551245714178
-0.144247139420369 -0.353940466934424
-0.288078199845723 -0.303102487381847
-0.0273263217647931 -0.366979158301179
0.0574383266125199 -0.606839768411262
-0.647909566699434 -0.316567388646891
-0.103278349944355 -0.495585391999765
-0.117503124629073 0.461406314278638
-0.869505017350236 -0.596176979400505
-0.825688562986 -0.704077292194026
-0.514437262076864 0.74026167876879
-0.371854212075684 0.627406705516616
-1.19558431438451 -0.408599400724146
-0.0970484630347251 0.639804574381165
0.914520836020281 0.649531339812142
0.00767398764640718 0.97780650401775
-0.486014666790764 1.21233471307146
0.861234279781266 -0.565491820840828
-0.791288484698648 0.103912039574519
-0.563159872739496 0.0693038039161985
-0.349217688027958 -0.430936275251412
-0.546609202807551 0.971123085943203
0.762065966839381 0.533836925369928
0.594996568185006 -0.380535342641382
0.786964419017579 -0.298040273382407
-0.157707705175802 -0.436230012637372
0.916241581087694 0.317330439432829
0.187050568675827 -0.882776901379614
0.526530065927364 -0.0404075355310072
0.399799543172195 -0.536806331208331
-0.449371700372431 0.734362904570131
0.38625429386859 -0.584729448512051
0.323251668374928 0.0107361851359682
-0.00464751416325364 0.130448785682149
0.241322464507464 -0.412300951379987
0.431268937504563 0.0272139351597906
0.338837862071814 0.208521012732179
0.440483419163726 -0.190739790098961
-0.0136405643517594 -0.0691802103570618
0.178163934358306 0.313405511463525
-0.120855856364572 -0.0608533453879724
0.0763621298456687 0.374849504344526
0.346292634267782 0.459519994693172
-0.211869876681897 -0.0372735879554411
0.0944166845189027 -0.324597824439033
-0.140257787054291 -0.0481688945601067
0.349373094864218 -0.237272708651185
0.656807787677316 0.496166051406247
0.673007707054649 -0.526145051072363
0.0717466346262391 0.787443230304997
0.496089399755387 -0.72712307486863
0.443396344913182 -0.538136746109805
-0.31162840927951 -0.926685960024174
-0.654077169763584 -0.047251325701413
0.0930893904035799 0.956245736681527
0.446290814618218 -0.830773602753943
0.597627938152934 -1.01161669689554
0.72075890164042 -1.04833073586832
0.498582109474018 -1.06496288146372
-1.00520668654689 -0.302776205800701
-0.514076616095602 1.35282256896766
-0.969461422342002 -0.181980934754545
-0.707050792975523 -0.945911128368852
-0.581590435470744 1.16965363857379
-0.101256128324158 -1.17756642728858
-0.942360624896586 -0.175355785549683
0.720180381438952 -0.745902196203583
-0.482515126435837 0.851891319288318
-0.0884736901289866 -0.991777183830327
-0.3424989703592 0.74167254949004
0.729036153248386 0.624269231176176
-0.0406464501608793 0.653307387257992
0.293613252243235 -0.678820926249524
-0.0770575616210343 -0.653382800219368
-0.372443291235899 0.449458497818819
-0.551023348371811 -0.475334160333568
-0.215278537252935 0.461458495262136
0.0626634587715227 0.271400249907386
-0.560111215009185 -0.179144663399427
-0.419767445007702 0.264394176555925
-0.506358099190045 -0.290497220114979
0.0869904825167268 0.0524268664113667
-0.406172066188522 0.0546765781651065
-0.366683636759027 0.180284120933387
-0.624866160412474 0.354964527511899
-0.0118217977372585 -0.437193820722656
-0.189087781811831 -0.264736457057
-0.449878914337331 0.0687189413927154
-0.603534593538831 -0.478869494051628
0.188791399145489 0.209389673223656
-0.254613794030867 0.130818779135382
-0.423840121224319 -0.229019864069453
-0.100670177490068 -0.583923990275241
-0.235870847754932 0.535445459336546
-0.558574657974041 0.0539527112591279
0.487921579931746 -0.636878296800509
-0.382865932959275 0.0201801105091054
-0.0536413050608142 0.699041866840613
0.646699373892248 -0.512014721937136
-0.215318925006722 0.86433207434255
0.800166469577596 -0.664358489527167
-0.0034331486479869 -0.827596090439495
0.172395246564902 -0.603388250351483
-0.334128183629094 -0.7227626804858
-0.311920481379104 0.986836831229663
0.478915287357117 1.16093751645586
-0.913895248035529 -0.244200693725412
-0.648740996048528 -0.41192459231025
-1.19711428616337 -0.334323505192899
-0.339792157410558 -0.391345633280617
0.104342288382656 0.365085764866987
0.619243616600158 0.15040270044842
0.299473197402923 0.033119316041582
-0.0383033395802923 0.314034585034795
0.200626846919138 -0.0115698472597312
-0.0931855965857415 -0.0630403880910404
0.00457830936632725 0.0441474857454412
-0.287261676464219 -0.0125507433961197
-0.24326508068235 -0.12472319452839
-0.189834917659621 0.0635167524498092
-0.262273849255803 0.0617722623419917
-0.157328440669658 -0.0242044042709136
-0.433210239317972 -0.0509656601527019
-0.157107285932216 -0.382811646784794
-0.185984399490818 -0.0602429707366821
0.11231299452649 -0.300456011254096
-0.239033989714723 0.208998789453227
-0.313769501589043 -0.147562987616922
-0.260853918936827 -0.390363850043083
-0.257902437971657 0.376347755236417
0.165058795923525 -0.367961853942707
-0.643764506263419 -0.126568952155027
-0.65278367318112 -0.165827555750455
-0.553976662761224 -0.277137059024394
0.129275586582285 -0.385543994122648
-0.614860604929554 -0.578586315715272
0.341121542017132 -0.64291489654942
-0.269134971907971 -0.746760822341431
0.385989010065371 -0.410213792310435
-0.935668878787732 0.223310089740848
0.190292999987183 0.348867631460031
-0.529021840835064 0.589388350690507
0.167041335309266 0.651151843006792
0.135462118361942 -0.821254941771475
-0.501842860410741 0.524230261611875
0.366418906364975 0.237698039318946
0.400932218914115 -0.139343246230627
0.300971573812873 -0.0428388058022197
-0.197184728473648 -0.337736477174755
0.7677696306458 0.379962358771193
0.346737544448432 -0.486234135255786
0.14704342241941 -0.358506772916454
0.141112870161979 -0.493416274988668
-0.412586729968102 0.464382381231369
0.268738926635187 -0.277050071480667
0.0289776071746669 -0.142107830836775
-0.584452179763303 0.0131152021334589
-0.37981435839564 -0.303491396508224
-0.131029191796977 0.144845575047591
-0.306077469910169 0.324054915493048
-0.474908877276931 -0.342499614196945
-0.738357333422319 -0.262673319366805
-0.643361408137521 0.142315537131784
-0.934095885689428 -0.155394366420242
-0.694190043849826 0.144758918152336
-0.664840955527852 0.031767829973168
-0.507377155981232 0.147197352486398
-0.487239852743314 -0.531923916038781
-0.0109964164941358 0.0480468333422764
-0.473698123836715 0.384375541666194
-0.0808235755308033 0.037879304051544
0.228868091000521 0.0945222974959917
-0.0718150921107595 0.553411593411732
0.23026861858988 0.482545216417151
0.103086673751055 -0.624882119236435
-0.421821011830111 0.588168058023803
0.0976259744003674 -0.582903308685616
-0.210621994857317 0.662953108671441
0.350312899238117 -0.690897056291091
0.522716891306451 0.813684852091833
0.255704386898166 -0.800883327857195
0.29935991830915 0.844552708731385
0.626911670808662 0.905222488863848
0.975034988623785 -0.0618182374970137
-0.29281378008038 1.0161978686438
0.0472683363605559 -0.986457915530469
-0.56533790456147 0.451835036426656
0.124367402493054 -0.679570167805472
-0.604240921841704 -0.119680653264953
0.184807879409777 0.330130811740253
-0.110353114410062 -0.0430327713217148
-0.0167682898222297 -0.201239679144077
0.0754692594888698 0.0477891860185991
0.280101812580173 0.0785729468493836
0.331284072421703 0.0677852059154225
0.232660964170586 0.282761459345226
0.494108800672047 0.244437620945213
0.681918116939813 -0.162666942020883
0.647009357902533 0.0897837719512612
0.532254515439299 -0.0156351858604931
0.403284619145082 0.112285052157237
0.25173164617082 0.131769724526704
0.42445399872195 0.126306987733634
0.00568223350906466 -0.032595364211403
0.302297582186214 0.391736093790739
0.430148323952157 -0.330243977862516
0.321166010038161 -0.158137111049326
0.58717034956089 -0.478202034259963
-0.165640857098197 0.45421724619653
0.344034427245824 0.399861828484872
0.756722980963508 0.0125478803029696
0.744656298157301 0.42595734124095
0.000907331543721024 -0.524489429282984
0.836751480043179 -0.043968061777323
0.726054264199366 0.503751256786702
0.414045475491381 0.720688230505183
0.726841598823706 -0.71701585379448
1.09214077267121 -0.155801334805097
-0.258164902226274 0.995548092200694
0.608538453475204 -0.145878348347013
0.49569364134066 -0.565907252150574
0.059962117416606 0.498415866337637
0.246652662151249 -0.335074057276116
0.0366164838188018 0.657347737490776
0.142473502146015 0.294670477868047
0.0530880479030914 0.233526965338601
-0.0223554093531837 0.202483300330074
-0.170622705803356 0.375937952829613
0.304829260156949 0.189119080979112
0.0523496558524353 -0.0806142391953055
0.324332076620345 -0.0917700067223763
0.0692683105229343 -0.0206151894920398
0.456962864669107 -0.130158866938105
0.547615908113864 0.393172439581975
0.861560911990163 0.116369718507216
0.909457320593474 0.126985385031355
0.650193912554336 0.272393691804286
0.724929374640198 0.13662729071458
0.631383661244246 0.192788772483037
0.413763116409366 0.00325707766542406
0.526100146226447 0.174164773955973
0.441718875242464 0.328816309294894
0.464022893694177 -0.186770509856947
0.410406163525526 0.422120164917945
0.6446201618385 -0.045370359831552
0.391158149970706 0.693456259181762
0.292063749272427 -0.522664656388032
0.00362476043001221 0.65929508781626
0.0777340233392713 0.782302584975434
-0.331768330270485 -0.644364203346729
-0.0138800386832909 0.59050128101527
0.871036642677035 0.60771369723389
0.0408717038002705 -0.835276241132223
-0.473953238789147 -0.0972367860474495
0.962240050682191 0.547921389339475
0.713332249210679 0.599033285978259
-0.059169186455544 -0.78065223093169
-0.788587634866945 -0.0555715264523528
1.1592530850851 0.74106018021862
-0.683025606873012 0.121776924051139
-0.414457483958302 -0.0199534927199834
-0.496057417788303 -0.12060877170096
1.38948992648565 -0.728633906222498
-0.240110371450781 -0.122620756331126
0.815419796223429 -0.435524036291166
0.68604701404269 -0.209414855189808
0.324684641556657 0.691998624965132
0.79585136047387 -0.372207651235508
0.0771869636482398 0.0524396031890813
0.291685982612315 -0.117943038881635
0.27719168013697 -0.0765641173608228
0.161673286255153 0.312626144847476
0.470731704227293 0.201347433184337
0.384397607423128 0.210076122718936
0.498034617257463 -0.211843295348625
0.590059507569438 -0.00428575566663528
0.539061722773787 0.468974979092622
1.01170870834786 -0.159588105025401
0.391321878540212 -0.255869914980671
0.284092592429925 -0.133331026732802
0.623630991943875 -0.150084148129534
0.137174648326678 0.622576146312904
0.130948048837732 0.436688673631355
0.0601826486430703 -0.224871109363497
-0.257082522058965 -0.264138219005378
-0.388427592560286 0.397097934278843
-0.629015654640725 -0.134112494586663
-0.212306121896976 0.426107656376025
0.287805520597596 0.764804598322178
0.045732199929507 0.167905595542754
0.503904291242335 -0.335720664881375
0.395967584621919 0.129223894113584
0.692656509511127 0.00704946161947871
0.910532028715827 0.399315941086155
0.762692326267723 -0.000433573241080565
0.509138206133551 0.459287902674023
0.671579522357797 0.479320746827793
0.656324907648366 -0.554535830370107
0.0741717137111098 0.449707021409034
0.460598389069456 -0.477124263538794
0.138835640895325 0.703278007775749
0.481886003151665 -0.664964699966638
0.444765928474334 0.562888359906866
0.394107577081621 -0.780352200628617
0.457092013929263 0.811787371035795
0.617138347864624 0.638473020344088
0.761910963715949 -0.0905597483159961
0.00072582717487682 1.09289004907544
0.30336218982009 -0.964920644846636
-0.828056689727282 0.536768384363881
0.172071890161536 -1.15267628573217
-1.5806027291227 -0.353564026744651
0.386761266826694 0.724925694210474
-1.37116904882037 0.431529109317393
-1.31148820092455 -1.1501588128645
