-0.0354372920937525 -0.906245882761028
1.02271915738227 -0.421146150058521
-0.022828817574151 -1.03855367464979
-0.616369551198204 0.0806128692379211
-0.490189478402195 0.0679236127423053
-0.63616221878935 0.139631993202831
-0.137668649019414 -1.05086176357865
0.251293368434494 1.02625782644222
1.0741515767524 -0.333048316688734
1.09863833468702 -0.324018398155369
-0.777336343726771 0.305161667792687
0.872526011667346 0.73095489849952
0.776881722692179 -0.874393601739506
-0.291580615918132 -1.08236798095457
0.0439431960347085 -0.856515873906017
-0.293569605800031 -0.0467978521725167
-0.0963336273676591 0.048096374689054
0.190271162837973 1.06736951631245
-0.897122529075993 0.638841459407651
0.996942518996235 -0.291414967407477
-0.71340632922013 -0.476169387979813
0.531801854105637 0.400741074316603
-0.861557052418912 -0.597093246692859
-0.65671938305216 1.3898797191269
-1.0975753651382 0.855956960290153
0.83065219920432 -0.0388013773821253
0.473967346971326 -0.384923167329172
-0.0492377767442929 1.09413201686762
-0.618906848503005 -0.822466598622369
-0.173380442027313 0.124018082900425
-0.561301042934379 -0.648348659088693
-1.05184056599792 0.408292383592541
0.00617372247303146 -0.288022362404038
-0.215932271811803 0.764090349246187
-0.932112291228838 -0.555678077763531
-0.898353676945666 -0.0730052569183766
-0.927509120282655 -0.0745201926702562
-0.928596980461362 0.280463117744649
-0.723195106012657 -0.282517794174937
-0.478072355903388 -0.284220206384994
-0.804141462706083 0.16637842643307
-0.717962104091195 -0.351791599485816
-0.373416280756673 -0.0640136276475633
-1.18713112779235 0.0448024136437881
-0.290004854267196 -0.0863999841401691
-0.14315421666003 0.0497921235973095
-0.233703025556196 0.00145780079061619
-0.155951689719972 0.0547783926329391
-0.599275763801507 -0.315120333180806
0.0269868491855461 -0.013357087546711
0.0426387202750021 -0.0735872784375806
-0.92924232741951 -0.463179708379153
-0.474080861190543 -0.541618639306382
0.240140774749851 -0.0812787424434014
-0.631085075009123 0.766635208375899
0.289221978257981 -0.0690274359327372
-0.211625468780254 -0.671347327311626
-1.07057247946443 0.28820897112827
0.559683615579384 -0.0369499837572348
0.287925897757579 -0.712863525391396
0.698470384074935 -0.0501821336737242
-0.281235622759572 0.71816196341834
0.45175377738085 -0.330477370061707
0.460555091718082 -0.535857605753254
0.835753284474997 0.0430358685000643
0.585242692904775 0.676334050586609
0.567366889582557 -0.657514193995485
0.556094458769928 0.457160574854021
0.134630670743868 -0.751766989743568
0.255195549660951 0.292014165739277
0.484126482227612 0.3723063638781
0.12179732304204 -0.416898234951781
1.05438666255142 -0.914366932008826
0.73642593609765 -0.0270810243105035
1.09520498342275 0.0869597861304682
1.01219762710257 0.667859531933206
1.59708640390206 0.798588624015423
-0.113013182575088 0.0742314109860723
1.31962728827956 0.351451491389391
0.867395632554463 -1.23389244417287
0.225581573336085 -0.145535020321572
1.35413193679007 0.809979666685137
0.322345785764239 0.0240001619802911
1.39978204444245 0.63205513861177
1.24315843945514 0.805630249730661
2.01472237326076 -0.471795141734714
1.80404315322194 0.818452428742186
0.603539844528812 -1.25446601655263
1.46811870200464 -1.2219632137309
1.45142200422916 0.257274855864334
1.12890103188141 -0.736867487882334
0.317702040102686 -0.418485011471263
0.110588635008402 0.425777870593775
1.49373942449799 0.397631026169547
-0.0865415514937881 0.485685032753785
0.867128141011036 -0.683248240387319
0.713682625888468 0.79611386474137
-0.102463332022339 0.296889911679653
-0.437393564710626 0.136060826639524
-0.287861889386211 -0.306396072451107
0.354857358447374 0.923121625561099
1.2876941241512 0.485737339982622
0.264468664340796 -0.904959464574221
-0.342466902874429 0.0570338378099769
0.379835542569599 -0.771017368365492
-0.289738569466035 -0.25446390191274
0.807569253994537 0.725643034409593
0.98339064149319 0.539225806409082
-0.10170998015895 0.162086371192894
0.157137083479196 -0.0557862456698786
0.79496057693421 -0.63129684167328
-0.284577031252628 0.037806902561451
0.0708401471311887 -0.636688330440808
0.0875006686823519 -0.612570868979371
0.242708196769542 0.556704519496571
-0.160836610047847 0.00685811617505762
0.563917505839884 -0.460254898391676
0.66286653295361 -0.217370895217493
0.0658250667582513 -0.586684807667527
-0.00163456787538063 -0.465971573438338
0.119274383015859 0.359506160806954
0.450293400348277 -0.201785645465638
-0.14339265883606 0.0428359889405169
0.0881816426853878 0.331840679504798
0.118130518749001 0.21414132500339
0.029928412313824 0.28768747006168
-0.100890642567304 -0.275688398891385
-0.0961853189563053 0.0261619949979534
-0.0112376256106884 -0.203957288556312
0.140175431488091 0.248720644703377
-0.0751447244039016 0.124975148656971
0.0736018778322713 -0.136623130796753
0.0994276001744786 0.164758364202018
-0.179990542669246 0.175275866701424
-0.370191449231337 0.094673788975156
-0.198046086896543 0.0984620810418024
-0.036665438772392 -0.0152380070156285
-0.111309045941317 0.0621205544772664
-0.0453650066441735 -0.0310073474406224
-0.114869434314336 -0.00276416320198734
-0.0442906110719413 0.0131863114326621
-0.12331369778596 0.0723063224623016
-0.129456320613672 -0.00340219680012035
-0.233866996649842 -0.00360927484749922
-0.0218138037870735 0.0873387190327354
-0.213441057403495 0.158527984121922
-0.0531553413756918 -0.0588784965763512
-0.244346734251978 -0.172755522889353
0.0657691251682281 -0.0257121029521308
0.144890500874171 0.00567266680841622
-0.16179712264555 -0.290410935794304
-0.00319431408790444 0.413825694513378
-0.0931852637545918 0.441764313685425
-0.0465516082700141 -0.338402459084666
0.20632208568188 -0.219551481405639
-0.122952232976522 0.325080894484305
-0.353547443205082 -0.205795720603124
-0.107789900866713 0.368316472430507
0.297676166322933 0.0695430337124328
0.262209167286419 -0.0638369651679296
0.190440427605727 0.188884206616218
0.31395049051102 -0.00211531875744234
0.0074704613976464 -0.266289633734836
-0.0930049829771538 0.324257781552968
0.268493218027666 -0.082540907642945
-0.304552486955488 0.280318927634959
0.0623345636049719 0.522509890133956
-0.0371640036523024 0.498287229618382
-0.313875337201843 0.621632316656874
-0.221984409250933 -0.210344903113597
-0.108111833456001 -0.168557843979916
-0.36075817057359 0.0203249200835463
0.318757889877553 0.0948994597524913
-0.166719696171067 -0.143583083244608
0.057072622392217 0.0869571193451186
-0.151585335207017 0.254118616774703
-0.280119228195815 -0.212377806267062
-0.10648440369904 -0.0119918335480976
-0.402741521233638 0.217911488549476
-0.175073245670428 -0.018038632065586
-0.278433059908612 0.0569938180563369
-0.390312130324002 0.00679660102680686
-0.4412344407453 0.0734491141977885
-0.567735371798253 0.0493131667299598
-0.527845139040276 -0.0483033249123609
-0.491499864003925 -0.0500688236435148
-0.350720658191549 0.111521384631223
-0.309522151962355 0.154116566921141
-0.395476827382766 0.0598065800286715
-0.34871579226552 0.12483768386116
-0.179640669223507 -0.109539727307446
-0.0284380761858431 -0.0895274801850812
0.16708052162993 -0.0179815438147928
-0.260198844005535 0.0422597391761278
-0.0693035891478798 0.27224573071714
-0.270329440950147 0.0723707070322375
0.191981011213523 -0.184115616122422
0.0402383842808176 -0.280320727210763
0.57954694979547 -0.0774706420347301
0.00431495556706749 -0.0118998343937139
0.502693738484074 -0.184149688263148
-0.352284107005945 0.110493597180502
-0.0938266591369402 -0.364430474524674
-0.288960204629989 0.0269672474068389
0.103427505820096 -0.0821889530007299
0.0752001514844821 -0.0155661449895506
-0.300777000218774 0.0681116045933048
-0.0153551433728768 0.187336551367826
-0.277020207128432 0.163567713476454
-0.335869266569813 -0.0184234821613106
-0.425834400161007 0.0803643120081889
-0.34059237117178 -0.0186192949802546
-0.485133403603582 0.203822391348542
-0.345542893310793 0.034399056131531
-0.225552961894176 -0.0398017206467914
-0.443998577085267 0.28069711486164
-0.172890472713881 0.0418372173037404
-0.388973309827903 0.0359544496389693
-0.244319687608956 0.0658316566792166
-0.210555094445245 0.123432207816106
-0.305980283451492 -0.0170703000187102
-0.210504611535332 0.182530804954379
-0.423346700021 0.0672248938241161
-0.334643124174844 -0.0684103183523178
-0.284608223004118 0.21511509723691
-0.126633383060058 0.0778880696074501
-0.371460132008478 0.196914558030592
-0.496315677478215 0.0785666951965422
-0.458048812905865 0.1693169381227
0.178704577675636 0.338024801103541
0.164514664803704 -0.43778819671874
-0.341165805122451 -0.607346479082818
0.383751134468599 0.373436124454903
-0.788833695898069 0.075133755919381
-0.195111567047153 0.484869859797575
-0.442145841126845 -0.166865527719129
-0.734901156215269 0.0793150627843319
-0.323767093302885 -0.24566051148642
-0.0212285568888265 0.0733637521235667
-0.19573600839636 0.280205869296172
-0.0932926341275221 0.0926352983737829
-0.319608147093293 -0.0494022116410378
-0.68649187519096 0.0457636395698238
-0.578553277023187 0.133552957277784
-0.47429337556941 -0.0934715507942915
-0.590875348063978 0.109102914011554
-0.427705366571353 0.174279262678303
-0.664461378465386 -0.0737346164385716
