-0.575258481608046 -0.901017975022928
-1.24014817309984 0.267206088218606
-1.26463490061336 -0.83523773686095
-1.33833889319861 0.994698984316911
-0.761348569282857 -0.830705374608666
-1.02917803036485 0.475451283632779
-1.44645819780087 -0.574234171107942
-0.513257267489385 -0.96092428894852
-0.487989105905709 0.791835670557587
-0.164173924173541 0.167278110763369
-0.991738223430569 -0.776255749553136
-1.24139966855339 0.551642781501251
-0.912394334163615 0.803783992879101
-0.74198084217662 -0.491267292966143
-1.11698789952184 0.46350565709158
-0.21972667427898 -0.773726151133924
-0.250474158802651 0.328451705313688
-1.25025846882784 -0.00882008490223087
0.022843271283034 -0.801798110201706
-0.953383682503579 0.234295504295718
-0.240105167546223 0.620531589875983
-0.312226875007474 0.876388731956489
0.226151495051037 -0.907544461137613
-0.432193545215861 -0.528757148665121
0.0905604726746094 0.715576904029361
-0.111917345553916 0.605737557608013
-0.789594158859427 -0.057696786336163
-0.747481811696869 -0.078014032214865
0.142753872924302 0.428969086403224
-0.628415191465823 0.34455495264043
0.26855640792609 0.404403549218675
-0.0374185597106392 -0.695008362195928
-0.137965996459366 0.674564421680196
0.464318133622299 0.218443029655668
-0.631159981808547 0.496611409274573
0.186960414593567 -0.173222049044734
-0.79044438793256 -0.365258746440772
0.0668122509701214 -0.159428036704709
-0.213512291961911 -0.46689566019561
-0.92965613166876 0.0131884899974771
0.0530631846757414 -0.021674117034265
0.139796105208179 0.146244752240445
-0.16859960426821 -0.544578598096327
-0.549725228238673 -0.225185616068616
-0.518920104581277 0.331198122960998
-0.12810256092606 -0.475102400563823
-0.0524962527200307 -0.494429528374292
0.0130715386090685 0.399472782942656
-0.168050251161815 0.339083130474005
0.036506902522241 0.164277112382284
-0.326567548968661 -0.29071251673463
-0.221799695981021 -0.280791289596044
-0.23189226365584 0.0116188255391048
-0.390700307243658 -0.0282533437739682
-0.231841727010761 0.345737423671863
-0.292950999706587 0.127831351263653
-0.425677345158035 -0.18237148006061
-0.405097213562199 -0.159736467539918
-0.366514723957624 -0.000698728379049956
-0.388343668317475 0.113060563034726
-0.250304598286759 0.198808425567389
-0.191102178620452 -0.020917703984361
-0.194636677433799 0.0474134166460184
-0.160906568811325 0.0138269589901801
-0.490526566772545 0.0606916654094552
-0.263794902552468 -0.0848051436029977
-0.147485586930267 0.021577366024251
0.0487343370886805 0.163812197335688
-0.278026634909646 -0.0166855921195943
-0.283325586154188 0.0264451982774283
-0.110946011840501 0.256306978172566
-0.128705779070128 -0.0284032091679033
0.150900047689848 0.219023967214063
-0.0135267628750645 -0.174510970195435
0.00614170428075617 -0.175990989416335
0.103897070339659 0.281769775830014
0.33566928600164 0.292668814456393
0.297771548628004 -0.36268689400101
0.144968671950811 0.317696624158673
0.226909887287822 -0.299217866178255
-0.127140337741706 -0.00229714476747839
-0.105954523356122 0.0768037338894413
0.227666401054128 0.33878905461854
0.300798725300661 0.406945584442592
0.565400119320145 0.433140280689083
0.627569472317971 0.43681280176065
0.0475919725902495 0.0232315115918752
-0.0113104195140051 0.0340966209590567
0.383487259105097 0.467823414604635
0.765509376591961 -0.32768489881319
0.498863903951169 -0.430668881262929
0.0403477901178104 0.0350333986874209
0.573789263538645 -0.2398890425874
0.568627699882408 -0.401037451674436
0.513631643253458 0.471993116239575
0.95332241901269 -0.527797812952799
0.362467449189386 0.696549610632399
0.579737848026255 -0.478482136967163
1.01822413682524 0.490619843566124
0.572530439233555 0.478718865826737
0.672250939033903 -0.611432704085938
0.602757572775859 0.660390788501643
0.801054854639102 0.585952569454035
0.288559496898438 0.121615660257681
0.910064622076248 -0.473233200618427
1.87647787351612 0.0154062288335711
1.00683127923874 0.690488806745518
0.844479760940633 -0.72035017198555
0.928461139696356 0.15623395411892
1.42079256122912 0.300882120332977
1.26935409620209 -0.769595966662588
1.1817711363709 0.675098939720569
1.7683483935355 -0.0128394094139437
1.13418324311261 -0.66330023429622
0.663328541707163 0.640963169102453
1.51066727073585 0.0418657769535615
1.14257746521003 -0.615789855125096
1.06366841349801 -0.5546663062542
1.53677655264841 0.134764430071797
1.3408868016717 -0.194671613676074
1.50290178423357 0.301780049104487
1.18215314721891 -0.318700464357542
1.48133235297826 -0.5182610841429
0.624302850230235 0.0404692555920564
0.617691232678666 -0.0730951669079363
1.1297503556429 -0.436474685996586
0.513986815559893 -0.250973225524567
0.828999048505702 0.286645832364166
0.87822070905262 0.258685923330332
1.51320914926187 0.160611333779698
0.875306005292613 -0.554971784426206
0.627944646709611 -0.435290084655956
0.690486654572819 -0.300288091867094
0.207062164514368 0.0415348879045274
0.912271181220627 0.0614833905599066
1.06566266379053 0.0881633091119124
0.782119389075447 0.368432507001061
0.992852363930821 -0.0175533665154808
0.964123071492115 0.0239287083919268
0.684759473079087 0.259496468909818
0.413297771457464 -0.525925217007484
0.982685786433369 0.282497729781231
0.493069241031008 0.162383763928061
0.67428863443423 -0.491903578592024
0.70544598350232 0.13616257643245
0.634325347306651 0.347764668601602
0.599669061286741 0.286280444529993
0.569279016754509 -0.205014440244353
0.438947810242298 -0.0880425146766121
0.48326114180413 -0.129243062324622
0.846192547419743 0.00115426482226201
0.737638333597514 -0.0422892848621324
0.511971108320227 0.0429915547317391
0.650825553157962 -0.0152697500805823
0.64613495628876 0.0918034421566502
0.666258833174469 -0.107366611220881
0.467391346943481 -0.0247075092943503
0.574534317809882 -0.0424333102661098
0.529967449087987 0.201619420318834
0.487226313870793 -0.00848344764190721
0.305206284623836 0.0346520382685526
0.264831656544572 0.162972287529154
0.550030973266842 0.199655176011203
0.338090116824607 -0.00436996591132725
0.230456232754676 0.0765467301272924
0.597022349015344 0.000159616199069626
0.276924943845148 -0.0155764534277347
0.122939672318121 0.0349642081050385
0.0507704497993957 0.00328068860152446
0.249863007190939 -0.172082244165038
0.390544816815337 0.292404325511879
0.34445253367153 0.191463780463746
0.212727289139432 0.252018125561964
0.280295703604362 -0.0774135431497593
0.0720038186553997 0.0028346925974107
0.219062684748213 -0.0317305962991774
0.0443323721983564 -0.0268171652495284
0.0610708706494191 0.0906044544034401
0.0448547135050971 0.064584121101829
-0.0908017698178267 0.0680658264251662
0.111044833190259 0.0579005899319169
0.207208607710429 0.0532104032083078
0.203771538233126 0.133223592402602
0.24953383249819 0.19091206669261
0.0597595031278476 -0.10833049431715
0.0551810114405106 -0.01802817509566
0.0127752289675223 0.00929035310450134
0.320492209747905 0.166447481961953
0.227015169815077 -0.198988212174769
0.120242649134858 0.117091202543969
0.215717201711608 0.0657956513261583
0.129936253611938 0.0784815159848026
0.0973480749015729 0.168840440628281
0.122951002250698 -0.0264136936866624
0.202485877328295 -0.0472485222777849
0.168680976876734 0.0117236319074769
0.142860762631326 -0.0352021519276555
0.047232176083774 -0.0639813783916178
0.0395512837968339 -0.169739528917801
-0.0198000844608936 -0.192086030367087
-0.110772437829272 0.100089626085644
-0.0142491671954578 0.247677219267751
0.0106122339195849 -0.306256784696714
0.179570544531456 -0.18459795609477
0.701596322759243 0.00134480249629788
0.271639460203736 -0.246867634546713
0.246384260009824 -0.119497872919248
0.191068391504935 -0.116215503864874
0.140584962301444 0.309428676455074
0.041245497432566 -0.0617972695528621
0.423908295779489 -0.123439146251059
0.359876988464631 0.23293148647361
0.349713726800437 0.0674458417917171
0.24138543879729 -0.201174893048479
0.36812632430762 -0.133401121099303
0.45655397157059 0.0226185614160521
0.192138214001609 0.204655378049787
0.238973182214787 0.176817787038347
0.299038929901704 -0.0429990267343732
-0.204141274518804 -0.203225119926792
0.100328084225398 0.356950808296323
0.140838325777927 -0.358969261096593
-0.104686648652008 -0.371875373268974
0.403024176455255 0.00502842128767128
0.00785486718387716 0.17815319543453
0.0630823468768246 0.129687631743513
-0.00837929419833155 -0.081881349481557
0.0543084638402237 0.086141409939283
0.0357735593036955 0.00822424445739356
-0.14972514700038 0.0125382762782203
-0.146879609685106 -0.01100323443103
-0.144559167878896 -0.0267147262864035
-0.136084305004136 -0.00343979192151968
-0.243148204535494 0.105512787426054
-0.0697812530699864 0.105094230970992
-0.15991169089398 -0.00697347183539642
-0.266221242885343 0.0274654878515182
-0.0625308449203353 -0.107734213467063
-0.0910374320557019 -0.131544525651075
-0.238555479853404 -0.00928262148310153
0.105318426776678 0.192575257296674
-0.0393588110946982 -0.146318957755583
0.213986311916348 -0.172349613309828
0.0575804786216295 -0.113458816884181
0.175716816879921 -0.25771368039775
-0.323594211672217 -0.00541328538125557
0.30501506104922 0.197163310090751
0.166352471333043 0.144793192035571
-0.262116384174881 -0.11487693269728
0.185814154197422 -0.0223920406299803
-0.20451096342934 -0.127485116910732
-0.0225962916634162 0.111412217055381
-0.3541053290056 0.0267391803070695
-0.0923898389650914 -0.0138874221539622
-0.105119290227496 0.0164598672032655
-0.0818418881330056 -0.0283700235356927
-0.0366376694924326 0.0028038777194035
-0.0858343840511438 0.0876083610376642
-0.13075745867054 0.097182822377741
-0.0714097485143091 0.15786226039375
0.0451062077797049 0.0560785495009025
-0.0451065176919879 0.0452131230911309
-0.47208951956859 0.0378287300218616
0.00348836674378329 -0.000909812358646614
0.209547516743061 -0.0200951308590002
-0.285696465050659 -0.0766014413559583
0.0906493744804019 0.00437010719678712
0.0609244394764887 0.135907790090169
0.267796716762132 0.0337439638816469
-0.187494378697867 -0.033900044941409
0.0956818932310747 0.197217832966692
-0.249454720254316 0.0713309479373154
-0.0518522686040441 0.192180263921813
-0.0239357211132118 0.137416693531207
-0.202307580570742 -0.247003371941237
-0.145823783064431 0.299960202223542
-0.215573348322621 0.306649542119463
-0.742916717583727 0.0126634478309073
-0.0610701504172582 0.167872418311924
-0.631199242899135 -0.288591712226094
-0.660757022055964 0.335898716952341
0.0271360116429516 0.305355903567654
-0.595310165562414 -0.295579350789549
0.146395313039658 0.682463749733345
-0.085151000052152 0.511307245229375
-0.248839758877596 -0.616167860339554
-0.481665035444337 -0.129427091867083
0.464233909353564 -0.377439970576498
0.45067920421778 0.533489791439383
-0.175325615327171 -0.138531632295962
0.20420755529642 -0.310852360625184
0.133697373096465 -0.15393701722694
0.108112993137523 -0.350305665735539
0.643260188330398 0.0241008047497561
0.243515749364173 -0.0528744909389863
0.294119158018501 -0.0180622056231799
0.385134526902119 0.109848648661949
0.291119978211885 0.0743306132395472
0.244566252002824 0.154380992265086
0.223366105944569 0.168777829561958
0.258301056289854 0.0797371603788295
0.0492001502105737 -0.0524923267931976
0.175828995955787 0.0387994050790836
0.264768761295812 -0.113557398609761
0.306452821500782 0.1736465798242
0.0584738901562585 -0.183459935112835
0.104640110843386 -0.297487345404717
0.106714107039347 -0.273261652412547
0.0342984897332011 -0.346606938358476
0.342684220746963 -0.0834379797834418
0.408180413993986 0.00838204295660329
0.330625188684431 0.145442729730894
-0.191025385208348 0.121142967735464
0.0390610097757334 0.0118485439131647
-0.124483212559165 -0.284709228439623
0.245893066585647 -0.0874742857622741
-0.299449870638138 -0.375331934119963
-0.500910251573186 0.188835064865974
-0.136962518083088 -0.362451570671248
-0.358863511350152 -0.154908857789285
-0.114307631454578 -0.182593315337173
-0.281773329452717 -0.403557731317846
-0.408324637336843 -0.223010559073562
-0.0335123710140567 -0.161189724931456
-0.440483927618948 -0.363840436682503
-0.421278203668756 0.405582400430325
-0.160214475508495 0.027317102261722
-0.82362329761973 -0.311232837580904
-0.898383548135598 0.38566423429374
-0.917634776976148 -0.438944231325702
-0.185945271942056 0.066859464828428
-0.600853858123673 -0.532664718629175
-1.23892684256451 -0.250290233518091
-0.168646596844379 0.0955922509824201
-0.783189058301725 0.657383099719736
-1.4542634037332 -0.313313100137504
-1.52576751595043 -0.44394804280409
-1.35551704857308 -0.804021053921095
-0.661105251259551 0.95666101403958
-1.30394384265246 1.03891325774803
-2.01937437240362 0.0420575822563032
-0.385339476669958 -0.303640956905039
-0.489939626785476 -1.0260259217625
-1.30716793870525 -0.588133594590654
0.28264238509266 -0.0201180916075602
-1.47397107918014 0.328613707020771
-0.42229024223624 0.481445580660279
-0.407425632616281 -0.562705056480354
-1.86317805227413 -0.127566535271465
-0.902613728039691 0.759184113902437
-1.14917218749917 -0.179565396349448
-1.77889136898909 0.00547644973904523
-1.45186540447252 0.0454653154072796
-1.03743113231029 -0.206537654751677
-0.851577745930956 0.0162665317938633
-1.30260465599368 0.0405281307217376
-1.1611326006707 0.154334065831415
-1.16034180541287 0.00862307143270418
-1.16573517105035 0.0268051581954374
-1.08533766215992 0.0352476116642124
-1.05729029955539 0.0149280940897748
-0.985632038912301 0.00956501897689463
-0.775483104133444 0.08529205659439
-0.917010888644229 0.0262699641568266
-0.780125334272581 -0.0975653382524557
-0.712833166878236 0.190347945488419
-0.498827075346524 0.111509356801248
-0.568069922503547 0.113660843382615
-0.368658071438556 0.124077095543444
-0.810214115319056 0.409333905053454
-0.540115458420828 -0.413698176343999
-0.247094837464333 0.159603474016349
-0.708538883041258 0.239220163207148
