-0.838684110448557 0.78294020667728
-0.0599164967132543 -0.52974254921001
-1.02058936130554 0.68937783942269
0.681348663625793 -0.846816147596017
0.71477511634997 -0.802491292818908
-0.705654840595338 0.82112057874207
-0.245431646183027 -0.295842858946448
-0.353158250529629 -0.287252645811869
0.737992817925398 -0.78482286837027
0.805850725331754 0.661534631268703
-0.369529891680844 -0.15375650691369
-0.494950842969283 -0.0517638039465057
1.00799745661709 0.596860217492113
-0.340497837693361 -0.430752873365638
1.76672510760119 0.0533505180635377
0.897868036195393 -0.945268613707476
0.865792432756923 1.63447969535075
1.12311698530651 0.830452072606407
1.45309503113068 0.368963126120521
0.722971487461154 -0.249705898062023
1.15915511041617 -1.1511002465695
0.694983655148209 1.42195494893154
0.58816694690161 0.76918046705943
1.95981273962775 -0.192317855951042
-1.14331371255831 -1.08125949716089
-1.4507779759477 0.228535820615438
1.42487527626264 -0.62171162704087
1.70540724589478 -0.395778321811929
0.575926757091921 1.16656311713275
1.5578181209515 -0.353810924801853
-1.51028255348024 0.487801854227609
-0.658543709897635 1.08179135144499
-0.14407512675052 -1.29000297501983
1.03316760333078 -0.658145242852935
0.844552760456585 1.03469061605657
-0.762054025030395 0.389431024647189
0.290169105365575 -1.2921347757647
-0.737714372236311 0.187619108368656
-0.291678068141573 -1.02571915385798
-0.667754946315685 0.00546468589938924
-0.895803914747334 -0.20478182580349
0.622922889413007 0.0866189420373546
0.489165730817353 0.10706827374898
-0.0852878902835427 -0.068768951196631
-0.591036652090284 0.177104617349805
0.215904289297032 -0.606624708719452
-0.36835631539361 0.209344414687392
-0.581192760804049 -0.191384172322711
-0.533130185167093 -0.141450648663563
-0.533326149576857 0.0742101615805183
-0.762961620463118 -0.234827214358175
-0.426953339674102 -0.492565464578719
-0.199433989209726 -0.554974178212711
-0.387411087563497 -0.40314755440209
-0.344241625024061 -0.40110011035257
-0.705818587490979 -0.261271015593567
-0.670408386366931 -0.158639365525359
-0.602639986970276 -0.0646943468032927
-0.202227519451463 0.048771662811703
0.231533114775655 -0.412803690737006
0.00529967064144766 -0.279424957761244
-0.493201182266902 -0.573427586058377
0.556536629714985 -0.204775794708926
0.223088967923563 0.230172904572331
0.139948153190039 -0.712545772408892
0.361787138568135 -0.106329831454537
-0.241397325724772 0.385188615769854
0.262099878444399 0.195165374160997
0.317224843268721 0.268044685775471
-0.0265398756164204 0.848621365766161
0.336671043479852 0.428459289584276
0.290085923898334 0.893924263727645
-0.566816156412784 0.433812269884347
0.381839979363688 -0.518763940087035
-0.0205892393279802 0.69035004974936
0.699683409505557 -0.171629451219796
-0.307202070601368 0.685456643572544
-0.390629328162072 0.497731535695456
-0.346307306854349 0.34968301591831
-0.526791562371483 -0.442405874294535
-0.541949429682194 0.0311374788097154
-0.270603832634117 -0.479152181340239
-0.664938827287787 -0.121223219917482
-0.249478870163102 -0.381056490774904
-0.190138212313691 -0.392135958838084
-0.364390481494815 -0.405477888291158
0.150147484623486 -0.265929167478026
-0.432352803000908 -0.106028393965365
-0.0887963179954227 -0.484809142432116
-0.453518350611264 0.00600547995834218
-0.275475894162889 -0.556413619321252
-0.340451806484474 -0.154062146887183
-0.356824317898308 -0.121885758323217
-0.221088659138506 -0.124903535230773
-0.234062301374741 -0.450703443376131
-0.0607475409644889 -0.441541218766758
-0.225507413125772 -0.372829897652573
-0.101131354177379 0.0480908313312647
-0.169466385878866 0.100760258790184
0.0164709669003928 -0.184457600443613
-0.21305827047281 -0.120832530242679
0.0749116950151105 -0.0408241719135404
-0.191506735768761 0.13015564585053
0.171512873349551 -0.0117723974378432
-0.223790393782772 -0.153121125503051
0.154426543321744 -0.024234292556613
-0.0855324463299631 0.107544215456916
-0.259468418438048 0.208056700672769
-0.312589525791819 0.278716126080707
0.139381539838681 0.540203167642004
0.59951908102105 0.0212623697142938
0.197676690610312 0.4332612058082
-0.233230570537138 -0.197338795929822
0.487840034470482 -0.341925505440437
0.46277338728065 -0.512534981445047
0.495625274521655 -0.606282836260715
-0.457881469541152 -0.190786718233164
-0.346887816603232 -0.395165750972008
-0.386483635680708 -0.0346850653946893
1.03568973571943 -0.0621997094777915
0.66379169634478 0.423502726438784
1.19103799623949 0.215687192269944
0.648062435505295 0.633199117713644
-0.612887549432214 0.85205915842674
0.676024951611124 -1.0011939535345
1.54969916161135 0.154126320220607
0.260426608530297 1.52164733279705
-0.56611813717444 -0.297169939072602
-0.573028281994051 -0.447425177195659
0.853433296935972 -1.01203180163104
-0.928747076670112 0.826405272681353
1.04527336529668 0.698940504544918
-0.840317620356609 1.03148393005061
-0.492216780257163 -0.438907627707241
1.06681364655851 0.615271119299686
0.993019289366997 0.468345421879286
-0.545291630664273 -0.555088657819944
-0.86704029275942 0.804914440005027
-0.457190990965177 -0.274663040646461
0.295541596670673 1.29556587376124
-0.427481134988098 -0.382349922907183
0.113123304403165 1.25069873936715
-0.422300643496994 -0.280691056987614
0.0511238351939213 1.23040383596611
0.703730438408892 -0.591103973818465
0.681425630852891 -0.600269526131885
1.39851877900017 0.116039602403959
0.237661460552238 1.28040652025763
-0.449863644791755 0.732721411910806
-0.56431075916754 0.569152456187422
-0.304863909751269 -0.297232113628836
0.0169994615365503 0.920308575901203
0.449979866569284 -0.393773115227788
-0.458055003928945 0.447201707634194
-0.0943712718921899 -0.307101607804861
0.661776531668531 -0.0708399413849421
0.0849529852892621 0.291202281135506
0.399445378157218 0.38583938103129
0.108313083929554 -0.250638119709098
-0.266959334245996 -0.289512379481443
0.0566029745066374 -0.176828923831447
-0.261346548219291 0.0756126799380474
-0.286008085544494 0.0820489885314136
-0.211587718645492 -0.0270002055448996
-0.134324049597434 -0.308459793299074
-0.308418239415991 -0.0902601756281873
-0.271000302955545 -0.103502829379974
-0.260293881904325 -0.259621429253896
-0.199587457087078 -0.221190377555623
-0.10885558236178 -0.120710960355772
-0.181561224589984 -0.224735748112134
-0.194583605335838 -0.335598869258131
-0.0619767309211535 -0.160365831578466
-0.139640536762497 -0.247409243431951
-0.203744298673876 -0.347631050140193
-0.301874580931355 -0.283070386111788
-0.401828678183232 0.000366529112941373
0.157767274845025 -0.1114711841218
-0.40579538685441 -0.329700640147502
0.0543836580003459 -0.493807188090178
-0.542003016708347 0.0832203488647583
-0.601403995375809 0.114595542351677
-0.529296531333653 0.215885300377788
-0.368555875906694 0.219376602396862
-0.423659821319184 0.137434254702499
0.429335975611449 -0.13306368903466
-0.472083438157997 0.275927937451352
0.185974990672468 -0.166710673221782
0.100314787823062 -0.579192471506339
0.14956847553946 0.41648313152753
0.43410808748513 0.142436119246011
0.00971292302660888 0.387349418855687
-0.594532572784917 0.220328735101465
0.333446977061644 0.602236002785619
-0.045107510046961 -0.199302561314342
0.461539528596878 -0.356497758344246
0.383939505681949 0.398403331767193
0.797577708740213 0.114250314902159
0.438196551087668 0.20713874997636
-0.130607107931517 -0.231045284514159
-0.142924096129217 -0.111284898406028
-0.253011338884887 0.549331370541147
0.832655686612728 0.065677055654145
-0.102118952140413 -0.169298539385188
0.41669929458525 0.24417741757372
-0.363963696176958 0.573742679865526
0.425513175057907 -0.421086079174538
-0.503739582126541 0.394010774835614
0.34636613794118 0.221709018088167
-0.508638573128984 0.509936899025737
0.303046387525249 -0.328539990653821
0.27034342337781 -0.437594801717899
0.382525402743172 -0.226273452799255
0.453003895829092 0.438043375590472
0.0113013205127502 0.426324089284006
0.29164585346017 -0.223074987759992
0.154095926241619 0.125912217892645
0.01087660849533 0.101221641630204
0.107376779665792 0.122778255640264
0.0989979257858838 0.109402507296583
-0.174370648403735 0.230993558584306
0.298102841385736 -0.156175099614022
-0.0118394347567556 -0.00894449926642585
0.0534610024418608 0.182241497860325
-0.195140416096083 0.28155393721476
-0.117173156957308 0.313030875416224
-0.111034814952619 0.380294051344082
0.533573955886976 -0.0202524669380071
0.349988492093258 0.296034325714198
0.0513655172551807 0.497746612498184
0.425324850556002 -0.0569615253924437
-0.0355402896306951 0.312049182934528
0.286206150576017 0.217360990806536
0.192501351740059 0.0413437556774334
0.450891024908198 0.0885256487989864
-0.0946848700216113 0.378667879543227
0.402085646540831 -0.0374718809304223
0.113783601380415 0.0472526619158811
-0.19671066837857 0.312493720375861
-0.14324437675569 0.421927086755772
0.0127215656078455 0.043814982928752
0.161439933676187 -0.232485378292858
-0.0297153806257939 0.112466333102173
0.123486301062845 -0.177139726192886
0.0624623681627915 0.0522240035574899
-0.0111814179684499 -0.0734349484819127
-0.0267889353276994 -0.0675845739808314
0.0818729029907856 -0.134620397823149
-0.0550140477248704 0.08053909168448
0.125697789004919 0.0457174901910231
-0.0407265781760571 0.208668114904181
0.149900473756298 -0.225641747458863
-0.0313615580547396 -0.0379777909976223
0.171641360330273 -0.209408296740931
0.193032170769899 0.0789382002614776
0.440700384347386 -0.087102710198418
-0.199892248091493 -0.179821561392642
0.142400011673206 -0.292885971167447
0.224418151659453 -0.0060655775156749
-0.183026629934953 0.13513394742224
-0.114682666390033 0.353285761549061
0.121180102701408 0.271508933672806
-0.515361686553513 -0.088872338042989
-0.277369608356586 -0.19579268551798
-0.36482256234817 -0.0663323625501564
-0.111778540762652 -0.432383480298604
-0.0509577058240085 -0.270405807463614
-0.295951988963931 0.0366540705030274
-0.355557746403554 -0.142436439831705
-0.0369108314239369 -0.376873935028678
-0.300266766040782 -0.00590909585392526
-0.31714543611047 -0.326638580639655
-0.250259423334195 -0.129887867071954
-0.487160759828958 -0.270700690294195
-0.292302672531512 -0.28962800535203
-0.323351822255726 -0.236837072010425
-0.466574624278611 -0.307193617133666
-0.502848056023623 -0.207940841877646
-0.312365937814578 -0.418776677261385
-0.454800988626634 -0.495307480213816
-0.186618056844819 -0.287969757988893
-0.540337563553015 -0.293150163127187
-0.12410999210134 -0.198212056653719
-0.359584953090711 -0.236065723613623
-0.0733857508268052 -0.405171411008676
-0.0142374771246398 -0.176014419512209
-0.0694383900386875 -0.459380202777887
-0.095503984536097 -0.328886761643642
0.310305799324011 -0.26893033126455
-0.557722755193846 0.0806314782541113
0.185674868422955 -0.292102627334584
-0.134007191137718 -0.201420680973025
-0.215778635829387 -0.31664133495681
0.130498407977092 -0.308547648782129
-0.533659086450011 -0.0910251133192466
0.0136157713035197 -0.478766125865767
0.017261425370454 -0.538839699563804
-0.0890087419871948 0.173541834309211
0.12908482377073 -0.0649925693879184
-0.2063555475403 -0.192895886067055
0.0921406740537085 0.421914152399075
-0.337248224052177 0.403629944736822
-0.363419741691536 0.298615597663887
-0.347610544175105 -0.0952197472831841
-0.118563267186654 -0.228509615064103
0.716866644023262 0.245223460871114
0.137778435545195 0.586715090498079
-0.550646459899236 0.191975930914275
-0.230115316989426 0.697897212599621
0.816845090437254 -0.145951243047963
-0.120690116128251 0.581623828322772
