0.850930187905331 1.80887283065336
1.6385294794175 -1.04525449337042
0.576861929576621 1.9447137371939
2.58326682173803 -0.914122108582812
-0.580140790657726 -0.136661527361431
1.53110135349812 -1.1776955502031
2.48811657517407 1.19535699575417
1.55623966195222 -1.25006592271467
-0.945895207161741 -0.034956012180237
1.52072190943874 -1.39358238660265
1.34686777584559 -1.42422113152813
1.23108319050224 -1.42616083830471
0.930924747863188 -1.64765418989047
2.02716201241178 1.12304336230179
-1.35193550484427 0.0563091805788776
-1.52145923546255 -0.290974819635315
0.810122193367031 -1.96419515708837
0.519789669737526 -1.48386627429148
-1.51612112586123 -0.892606980406441
-1.54378866975894 -0.812970144693386
-1.27428048796899 0.0153039904253197
-0.244875706036726 1.33165615945642
1.24070517574312 0.765084077011072
0.662177378231695 -1.23302671331875
0.207644663426366 -1.15570889476484
0.60905545273444 -0.988329418441546
-0.565993596027768 -0.943099053689324
-0.864516757706534 -0.122475287295369
0.566774412641792 -0.668794859956598
-0.312198192770025 0.861757358839843
-0.125404569181875 0.967470697560294
0.115177520844582 -0.625138887624323
-0.591633522909157 0.0116935663373924
-0.601864051891333 -0.0394423079393644
-0.0699454750086588 0.612333514432264
0.0568285978400136 -0.313391748342351
-0.517085264719795 -0.0322677670928238
-0.106894774204226 -0.171577747594273
-0.520521353228971 -0.00401482921666453
-0.333853581022153 0.0164420503835855
-0.243488878732177 -0.348275671809907
-0.505698685598699 0.221454848924236
-0.376102530366156 0.0290142338248613
-0.349218909760032 -0.0197759770345145
-0.328977995213589 0.125920240200189
-0.245007271578182 -0.174604937211752
-0.447341039242204 -0.0846868712407245
-0.263393387093954 -0.101914912444927
0.0663558546464339 -0.0743432095331719
-0.400732046365908 0.0795838884284368
-0.0184352199615757 0.162307900098763
-0.125188988159608 0.0614301729142004
-0.467907902046711 0.31522337293173
-0.423389939929996 -0.205972047002711
-0.211923537753715 -0.0954661409802911
-0.123858830930023 0.209585592949513
-0.0487005925787581 -0.086411492768463
-0.138138687322222 0.171022063352365
-0.277941166120305 0.0534473024068885
0.0775331170041153 0.19784131054976
0.0741890269979259 0.086852706529174
0.114128981789576 0.343790793299637
0.158290505339831 0.206680455138548
0.187358572836737 -0.0643491502393766
0.241449667594679 0.251152580642445
0.474317538961772 0.175983301655287
0.558967337401511 0.220205658069943
0.228892270715817 0.270474544699891
-0.0491816055070531 0.106990069983016
0.281954555799665 0.159240145788226
0.305671488917574 0.15507025646414
-0.0599756782524651 0.0773991966243597
-0.122940819262696 0.0576373242984403
0.208281442982839 -0.173270036291304
0.0338808881798695 -0.225999746758464
-0.260408938246477 -0.0243174101094724
-0.133260267539345 -0.298934857039785
0.239209456954203 0.626226935561368
0.0185221823791964 0.456683522563894
0.221560733180109 -0.339495513010722
0.296014851082992 0.390859413901068
0.159989536871109 -0.0307906549757292
-0.237376212797221 -0.00273686813485405
-0.023586041885488 0.215164362123695
0.265643183401585 -0.0431301224036764
0.267050581882666 0.0490693083942806
0.207140622001266 0.133091120119026
0.223884762381433 0.0928384431504407
0.446895841862287 0.265707244478974
0.343273475402389 0.255993706349166
0.566838778783959 0.147070115455362
0.300679852523764 0.160681352359038
0.391206683342552 -0.068966722219271
0.758085109534857 0.0159587151069667
0.286665023748749 0.0724289149030269
0.123865666800151 0.0885395473390895
0.114097504937975 0.0352598882347646
0.619091141755863 0.182324641086494
0.57962211728467 -0.09283097868162
0.184834123906434 0.147534822350476
0.227979127643014 0.371248329742324
0.20032006783825 -0.124312831486017
0.240408380068287 0.0946307057639953
-0.29449084093864 -0.131253348674424
-0.048919170536712 -0.169160710306449
0.065485720812696 -0.248462403679073
-0.0567350489254979 0.166559310810341
7.29170121755751e-05 -0.274831883847044
-0.362688723255914 0.285605542536588
-0.0672741563397926 -0.297493950458346
0.305413583097877 0.251920200155564
0.230823403531632 -0.253814734070961
0.0238428688958424 -0.484972330506483
0.0627905122470172 -0.3454210057959
0.274064016343508 0.201731495064587
-0.0763800270179122 -0.440338526772857
-0.139748493773355 -0.415986623885768
0.219343847147925 -0.416966734085584
0.153677816001966 -0.366660668134176
0.169548630426197 -0.389344038886539
0.259476271231704 0.113311328535745
0.125595978636528 0.530985287113965
0.444101724730052 -0.176944343763003
0.0230804051580751 0.0852458246224757
-0.0350139987263758 -0.0370831672553392
-0.127286153443991 0.0800583745635199
0.549896865114662 -0.256950955844231
0.561890668771797 0.252903458693592
0.48383605480527 0.210799598854759
0.409833678347281 0.375763476701776
0.45200879431746 0.42514278072924
0.38282232809336 0.387237264130759
0.0370868931442528 0.27942335728649
0.414190677326423 0.173738717084184
0.572908870418532 0.207419971937927
0.518130950497879 -0.0883566320589571
0.454104932391276 0.0482749475498491
0.139624613763444 0.460104032008942
-0.0175786957780768 0.264779186613222
0.262579949036903 0.270470240911017
0.367051914139504 0.107776033218784
-0.126244450084119 0.338034652994885
0.337393722788281 0.337381886509337
0.519452835449819 -0.00146988981105686
0.294561845523915 -0.222679688048872
0.829292495621476 0.261637463312912
0.341561965412378 -0.252774318931609
-0.213108570113422 0.119882553662396
0.0908912181891737 0.600171414049401
0.504074153822668 0.497110327192449
-0.277252068777275 -0.463600391771748
-0.354499012787689 0.582504837562885
0.0876396615341757 -0.286840773194702
0.0104545057002258 -0.341805121470332
-0.343833586065975 0.462144746923553
-0.338763045013923 0.159504932360277
-0.281429707177162 0.429137265261104
-0.4370597122433 -0.134374070123228
-0.470745478744885 0.10812766386824
-0.0393776509250924 -0.231211196323173
-0.158442317838771 0.310459304959508
-0.311457037026743 -0.110390646520974
-0.069940504289964 -0.103340483173285
-0.356092047845902 0.391865147144516
-0.258983799652135 0.369398286482937
0.100701729793166 0.0630592534566628
0.031535341014597 -0.0117079024526113
-0.0876931894034036 -0.34909161601746
-0.399312978262098 -0.222633045366313
-0.341361239647453 0.300652271223939
-0.524235475122473 -0.111209584530626
-0.171262467831127 -0.269685231525748
-0.347386781757976 -0.172619702271928
-0.301386098121522 0.208527558810333
-0.175217317181199 -0.0511014614160188
-0.107051343019575 0.161138232300095
-0.156615162968834 0.0256239806699273
-0.166160080257251 0.133537588548398
-0.0534631259774733 0.0939727719655964
-0.0380399587411934 0.00368979805452963
0.0750681751151783 -0.0849854812303012
0.0435829852210227 0.0707082531831928
-0.0541632650853832 0.000768419592376878
-0.202255677350689 0.0102256434793147
-0.0354113936678075 0.506697623864088
-0.0701089576185342 0.323919962145556
0.148050584658892 0.253329769822156
0.501260127387858 -0.0491409623481227
-0.056193688518543 0.0970398089541738
0.355334634502887 -0.0554601098194988
0.196757742968074 -0.194025129826323
-0.0913204916906599 -0.101527734278459
0.328870484228978 0.433527089321602
0.282294156693946 0.264488827264924
0.0899318390463083 -0.123877716285673
-0.086604341278284 0.143410717197162
-0.123584236167772 -0.0159567748945613
-0.0419974520067453 0.313328138789889
-0.360151198524262 0.0399084464850137
-0.0546238857046663 0.0670490126076117
-0.240262465151464 -0.132322572871828
-0.281782059692757 0.10302768861717
-0.0309628383087661 -0.150316225215432
0.0202553721306203 -0.212446294532787
-0.153892379905199 0.452528312979768
-0.43437378780428 -0.0107153703678563
0.432137321875338 -0.229432123610763
0.216844711745445 -0.44826319122389
-0.49343389871718 0.0197984445390276
0.218657860105998 -0.286617678962673
0.269314788210397 -0.308065358149505
0.0429451343525707 0.611653904518284
-0.263620730476924 -0.502056288721669
-0.180597068082276 -0.0855780077559828
0.18188358722668 0.371622373292506
0.0257905871033607 0.501640570390422
-0.0126128084319449 0.688731314380054
-0.21579553617895 0.0184054531830005
0.454423231906099 -0.406854691960438
0.530090721249229 -0.292957560003932
0.887374350691501 -0.32109932729891
0.46317323212325 -0.301680652542019
0.486519181472818 -0.242774339087311
0.0990436274051499 0.597343745120633
-0.00399957832898546 0.576951882875398
0.473907795713394 0.425687376216753
0.0435267816057748 0.118468577719071
-0.0359120124348208 -0.418412607236194
0.0477672679361024 0.479160517775945
-0.157730582523027 -0.141670934925503
-0.198373782081347 -0.0626306168448134
0.00926577470247165 -0.125971096655594
-0.0431984301192315 0.273669209820495
0.122637468330336 0.172895686648148
-0.352600742713916 0.207498174816323
-0.317324071242775 0.49736262758273
-0.252231138035796 0.320363213220955
-0.235425164987289 0.445809376567453
-0.33983662844153 -0.147686612817739
0.100611220250206 0.129711492183448
0.151007625019894 0.216037518830584
0.170474357578801 0.185124398842361
0.139764827244965 0.0209101558391327
0.150606720271058 0.0749761113367016
0.114859503285847 0.0918925952766567
0.000759058332285659 0.0886165883621683
-0.0218447267157255 -0.0189936534801384
-0.0384343253894556 0.0340579379957902
-0.165601257433064 -0.0464208718283649
-0.222083037068522 0.094042960257332
-0.260998484589535 0.0452505641737121
-0.24457789297727 0.0403892443760358
-0.639885147702373 0.165406976293682
-0.507828135632121 -0.0971087208868871
-0.327783777413512 0.210811297625784
-0.346240851248482 0.00175276424853898
-0.521195898540076 -0.0937999523383166
-0.259088261164892 -0.09989581843071
-0.146734511896686 0.241089315885189
0.123981125804754 0.144752465694659
0.0211074305577491 0.0496318228830865
0.209206569252978 0.0265011374528238
0.155839945228284 0.0501387663489778
0.0162469491791693 0.0172562557079194
-0.118734691900179 0.24927632077927
-0.0853978615109533 0.425918160635748
0.285737165362458 0.181523693887373
-0.28213507673059 0.364877674552997
0.30015271512222 0.310073523491677
-0.568221934031783 -0.427501603502331
0.306665876284597 0.052108008158615
0.509173677052049 -0.0307919704720385
0.369237280753387 0.000817702644223466
0.11568287635966 -0.0448649636675974
0.0348215207890001 0.302698916677065
0.0838102725422067 0.226097407109342
0.171441094933373 0.260184456503557
-0.334307560033607 -0.270077881875114
0.167779614777766 0.13880058260578
-0.10603881960416 0.324053099767408
-0.413107570606035 -0.171000146857927
-0.344981777861658 0.510932513644444
0.0293365043351881 0.417203256317268
0.398975318216687 0.0895433280574083
0.146027613101673 -0.377161765893185
0.0505619149014514 0.303568951859243
-0.00800038538929869 0.411087168433005
-0.12880009617519 -0.330476302647645
-0.49341576069774 -0.211844597085665
-0.145422961986305 0.292557656031651
0.243642419139428 -0.0107894143248662
-0.4560036506411 0.19819631907922
0.233751834564959 -0.299453668944992
-0.124822124761026 0.490574243131331
0.0540541017106555 -0.084523630460277
-0.105145035853396 0.3370991487613
-0.301392748641523 0.340091529957379
-0.673805212140671 0.232118736465805
-0.07950748924364 0.0978915001877249
-0.577105685103212 0.183441092539535
-0.47195306742745 0.233288017596342
-0.457184405223553 -0.475267349932106
-0.717558705535124 0.24500883696484
-0.356844859438205 0.00931912257482076
-1.04216672473557 -0.714575915488827
-0.866370324235904 0.375244205719882
-0.260102512903854 0.0241764900651295
-0.381206107792094 -0.176838853374746
-0.913269713110548 -0.869241247050073
-0.827754716858767 -0.906283233338982
-1.34849229814094 0.447816632249519
-1.48801003675728 0.571764061002654
-1.00451178947192 -1.187218705912
-1.12542303507643 -1.2352410769392
-0.75291329890516 -0.0229473061236937
-1.0699352807565 -1.41175121808139
-1.22126930997014 -1.29917811327227
