-2.47388449369262 0.624688643188511
-2.39271208549695 0.652073831635511
0.282845650765803 -2.0272223626324
-1.95862273125451 -0.214366328509631
-2.4780677679504 0.690065224039737
-0.669374830053656 1.75784004806928
-0.553246761195372 0.838418953929524
-0.727105363140199 -1.78542578912415
-1.80407432859358 -0.346949390424869
-1.75287502146083 -0.116845979472827
-1.76471451727988 -0.063355734252207
-1.66159990666416 -0.125530079935243
-1.75805461174743 1.32070570400227
-2.07871641809745 0.826349849340438
-1.15501613795374 0.998360220410951
-1.07246279945712 1.07856360046074
-0.494276181684055 0.504872312286073
-1.66214622212236 -0.943125882271488
-1.01176434827903 0.881577113844605
-0.475591928212467 0.321573610557943
-1.74715957124203 -0.571624107568271
-1.64754051625548 0.491539612318661
-1.10051238478865 -1.25172990925458
-0.183063860170358 0.438267507591866
-1.45307062569994 -0.671665892545527
-0.152069614330203 -0.555533466220858
-0.954823338012917 -0.714991319282315
-1.09543010886237 -0.00490937225101372
-0.641434711321693 -0.890404272581136
-1.06244588980211 -0.577846490421885
-0.937029544269575 0.529628060676324
-1.20611995428586 -0.693547488518298
-1.13339947444739 -0.600575376608743
-0.561419666387559 -0.798946729959073
-0.577741894042276 0.483721846852722
-0.255917785564164 0.331585730696447
-0.537231428404153 0.485858237558701
-0.766868199195978 0.527050978850782
-0.312715703836652 -0.400150093107616
-0.537910094739394 -0.0864195924563656
-0.55674412148309 -0.316164251139605
-0.140555358138646 0.539280371027386
-0.178352823698488 -0.658790833212341
0.176053389328618 -0.261476191382891
-0.41153226605497 0.187919482898923
-0.108290160467422 -0.698636065172581
-0.0141602171621173 -0.75054236351021
-0.167625574322175 -0.544915571736828
-0.303215543551216 0.440951366929972
-0.6359730398051 0.19968373418297
-0.0361610120748431 -0.504349941806291
-0.505134739318776 -0.407416603879383
-0.524851124670193 0.0417015375096936
-0.417226504353292 -0.00673072820629213
-0.220482592590695 -0.353081130254185
-0.53867792653287 -0.0283815884780206
-0.343662744638086 0.0726401093432517
-0.35850718709447 0.0160689550902484
-0.4106927962514 -0.061814820719864
-0.367372957592083 -0.0760809865395765
-0.320339793103955 -0.0864984017122511
-0.354702927464679 -0.00164029425329968
-0.494366628467133 -0.0681361239219548
-0.378397910119513 -0.00293129421833462
-0.310943033644518 -0.0272939536806327
-0.289592065965875 -0.197081455171349
-0.310592188066125 0.0781187119974812
-0.26255834525632 -0.0131293319488287
-0.489374734655098 -0.089848867404121
-0.189939003396289 0.10982211265127
-0.533773423509255 -0.0475401351893162
0.129781891909936 -0.0576444903503008
-0.324233075050288 0.170569302740413
-0.170818711572217 -0.20157265553834
-0.285014427610393 -0.319988226121521
-0.219224504692621 -0.0581055243251403
-0.374726824780048 0.0190759079685332
-0.533197651407212 -0.239112385779304
-0.054074998103651 -0.0550744716785293
-0.432522118766831 0.113117070919435
-0.319571283578592 -0.0453401628511737
-0.0336484895491771 -0.0708675119401306
-0.193483800647196 -0.109926868123385
-0.217741036142162 -0.00925266969222101
-0.157970068041931 0.00993015006511253
-0.172365715818041 -0.07750412980122
-0.043305614853728 0.0440925608354494
-0.049226463394981 -0.0153155257013929
-0.0704449259072927 -0.0206284491646225
-0.143099458952809 -0.00548283321523195
0.00469200737580955 0.0360657943229445
-0.0426619061297153 -0.0215646846569192
-0.180114599837898 -0.00915803703000883
0.0940846094404047 0.108770220154403
0.0596385363742349 0.13647848683891
0.112616189808184 -0.120215645361224
0.0664614924714583 0.212250142094409
0.193515951566568 -0.0681100109223052
0.0874181961707405 0.231214927444259
0.160889373122528 -0.150493671401206
0.46602727563538 -0.227859443929784
0.205950143381942 0.322605480765138
0.265881596291361 -0.29599145643241
0.0182471657723274 -0.395429782216425
0.392203570229306 0.131014270554671
0.091691134339289 -0.261189383015292
-0.104265479940247 -0.246883778111944
0.0647549548676581 0.291313190639494
0.1435292094639 -0.151012082335133
0.0445944292491856 -0.247618419424195
-0.195414066680421 -0.335130111402083
-0.0274294568826504 -0.243946814915478
-0.0443670032723078 -0.101699283089426
0.106591453099804 -0.00369683510892278
0.0223313646675435 -0.240391419505166
-0.371290279254302 -0.0597173746864266
-0.314079757742175 0.0419305161893747
-0.259771530438595 0.0752686223349614
-0.289848026960705 0.103362678752794
-0.161404679784242 0.0299070409268432
-0.0380796457767153 -0.0798830904405978
-0.497328152792731 -0.157246366805499
-0.447914851194376 0.134816888237965
-0.40770778809791 0.225621404912825
-0.163082634037237 0.239654215354134
-0.472462782851234 -0.0746698050074175
-0.0313081657587671 -0.334958902002675
-0.195747240287861 0.114362035736957
0.242833170584333 -0.0496449364239941
0.228804151326904 -0.036589664907334
-0.236894508330411 -0.253933495094204
0.115037379053432 0.115803574071313
0.272883762261005 -0.347958556446137
0.286259527525908 0.0649888272690639
0.0258633718181893 -0.219035588159005
-0.122504316873412 -0.0228339570311409
0.233018873669484 -0.0265189869100885
0.213588317133076 -0.14091686504773
0.0823409891646374 -0.103368027208089
0.0914633211000433 -0.0659014435744004
-0.0667646475602902 -0.0388322321727877
0.112405985493529 -0.0922864878841799
-0.0192480350389724 0.0328151019630802
-0.0670021666521661 0.121160090808491
-0.0796688664178555 0.0113208226294411
0.0938918117316986 -0.0874101395653441
0.0074833382804607 -0.201541603151556
-0.0368385755678503 0.183774093589108
-0.0942599641961052 0.202124819130538
-0.110124338671517 0.297651899749346
-0.145879531865327 0.268664259644976
-0.386816885288781 -0.03979831373977
-0.17058256882683 0.22381745929623
-0.178360098485407 -0.163076232428243
-0.289125263885844 -0.153745828488189
0.11673057778125 -0.110691568130518
-0.40289444673553 -0.166743374369983
-0.0367277863665388 -0.224046144302465
0.408308406174344 -0.111102590414892
-0.255058560786258 -0.494558184918006
-0.180603145201234 0.478273977524657
-0.213827386255219 -0.168301238494136
0.250671539531383 -0.237108120636571
-0.377279268963786 -0.198892766240308
0.195065307118581 0.519003077478027
0.661537831570607 -0.608202337983981
-0.0429788543913792 0.751365521081835
0.259439527282744 -0.645729896939007
0.694231391654715 -0.615128531070836
0.149515812533743 -0.654554543700675
0.12109766077304 -0.840318110188122
-0.427049110882097 -0.203082049111509
0.42545385072241 -0.55694813014896
-0.252801752868158 -0.0169492847772385
0.395876775759065 -0.791739870975675
-0.233495427142211 0.040047643322337
-0.28095551864213 0.0637287819780653
1.00712765197828 0.507857115918148
1.48560220433532 0.218659597587172
1.08379487965758 -0.704991683462189
-0.104824474375287 -0.0634988128973374
0.750830411947882 -0.638257789701006
1.3219897953446 0.519382731570171
0.997511016789067 0.875128277285004
0.921042349153565 -0.423641885443837
-0.201312382814137 0.0468877656972247
0.660421046635174 -0.88851893109381
-0.157842608307494 -0.12276744635311
1.28433544004366 0.934086548340293
-0.169774506262189 0.197217746958878
0.027084455296683 0.147084768041305
1.53967145197907 0.509310285306292
0.557513174954188 1.04696820183573
1.13705579013089 -0.366318409427562
1.30390262529305 1.07746344819735
1.00191012357027 -0.557502254131355
1.03766104414247 -0.489362179369707
0.0749776935875221 0.107814308200885
1.29744343811831 0.40815076681979
0.48834448109736 0.848206596271057
0.211710595803381 -0.126331661267383
0.482761563879011 0.596905193127612
0.376829021487987 0.613352747025173
0.852645577181067 0.350089105671754
-0.157772154608072 0.309993636950841
0.550073736633885 -0.508997815210823
-0.119100986000661 -0.0806785492101941
0.618646360294195 -0.221000082901513
0.346670835506633 -0.435311562679358
0.744084483483494 -0.267725812307582
-0.39096646761552 -0.0739963942591058
0.296784431458598 -0.33235375906794
-0.0780406874594855 0.507156642828255
0.000332078082006373 0.353715277821922
-0.136819742019395 0.0403011606957348
-0.0501772886148134 -0.098111843905552
0.0704103920191348 0.247320886655824
-0.295346125342192 0.205487245847058
0.096701552175172 -0.0569053885170114
-0.0053276335029267 -0.227053046361874
0.0252540150355462 -0.347523147409988
-0.227273656098364 0.170771689560853
-0.131111703160088 -0.176681268892244
-0.00083263886386678 0.0939443265048673
0.0153722969032166 0.270125655092087
-0.145686007308089 0.146590937210509
-0.290528785256914 -0.0406557366719721
-0.119178694533213 0.13677888393747
-0.119917996486343 -0.246822762822422
0.253973657820603 0.0225025820586537
-0.170306221971353 -0.14828768757198
-0.193675069754448 -0.197160668645068
-0.221089186870289 -0.402528941515761
-0.101871564911866 -0.38771067208051
-0.0149908405575349 -0.410009515010015
-0.0542900152250072 -0.535271534165577
-0.339755253669405 0.00317255272211952
0.29186475489576 -0.46478605394284
0.0558050840606037 0.235004598428315
-0.170715161670097 0.384244486183221
0.0832868416353324 -0.322549101063502
-0.00426233541305998 0.305764875347681
0.111779173287925 0.271642823446042
-0.104681423081378 -0.272791277605812
-0.0845020314696806 0.313935045051198
0.338798567435036 0.163413264704076
0.20274380863188 -0.206542056985805
0.145741517776372 -0.12369470779831
-0.0149643351772537 0.20140604785538
0.33367345091151 0.146437687951274
0.158120249357997 0.283785688430942
-0.0201985482678082 -0.0341367199819671
-0.00254874078484259 -0.00843752209759245
0.0840869125957279 -0.127523779213209
0.315986355742552 0.0300563210684965
0.060005468379159 -0.128421518915857
0.168226078874016 0.210442503155551
0.333646616830511 -0.216672470940671
0.279083361783138 -0.125211065885554
0.251862150962958 0.208503959142761
0.149796756128109 0.0193511916486551
0.123194846912309 0.0270453633283798
0.0972157462882076 -0.0623368034847022
0.625941049054113 0.296827580679948
-0.00961166287183299 0.000908072798879575
0.556789180066551 -0.28751164969665
0.111266249243084 0.501921420502757
0.689941194265765 0.514956962657233
0.60562252780268 0.539415344424401
0.262243870362277 -0.738603610653959
1.01695664258342 0.458465119389958
0.0233879778224904 -0.100466162189022
0.620086213965022 -0.299516244290623
-0.0563715400300177 -0.0242293363732969
-0.0267425064140253 0.00757744659480467
0.103020089900825 0.582435988964896
0.0567304384910548 0.51232347556087
-0.065354616015496 0.034752789895215
0.468206309281528 -0.263643837572946
0.504849683931811 -0.186867339777573
0.0417033421443094 0.312339660265359
0.18509974829724 -0.0819061794092787
0.29735641192027 -0.0536387377045584
0.197453575328563 -0.0163820454124667
0.0406334192323668 0.0115641809746743
0.14850873614071 0.0633672017894373
0.185138866627875 0.0137182903079743
0.227071215878762 0.0385649674496826
0.231294818699765 0.0526849396960779
0.250918010717176 0.0997663702894114
0.151591483789563 0.0420705975815897
0.116674089570799 0.141867550601801
0.2292903922857 0.168138993216003
0.317785932509003 0.0624682214300243
0.387337737777986 -0.150473463745798
0.0652964921193447 -0.122292400173753
0.272679640774713 0.118735719660441
0.538794401307851 0.0687409062947433
0.283143495912064 -0.200040969557111
0.168992544725893 0.305574573679282
-0.0747200062054695 -0.158862482122241
0.445592513296759 -0.060233424676069
-0.238126067443405 -0.134946895132864
0.293920472713613 0.401322234431863
0.52269998121787 -0.577918038520924
-0.0214689594215813 0.612355778088102
0.268369717525984 -0.540188722490731
0.592783242113988 -0.654594752144449
0.120640930102235 -0.617814807812045
0.210104604533344 -0.803147082624839
-0.396673480819457 -0.0191973907568861
0.372884752844667 -0.422556547330069
-0.141031090795497 0.027803997817321
0.4405010908627 -0.272402631001706
0.0427815156387611 0.0595912781199001
-0.122155458991939 0.246320899108458
0.767124541368237 0.146103805097768
0.899834036621447 0.122854875330547
0.754966919659611 -0.433226574635337
0.381774737368254 0.227302241612697
0.745274929703069 -0.410225074860083
1.14827850575805 0.24150619319736
0.830236597715095 0.669948301882477
0.717148654338955 -0.243153048063186
0.256292064943195 -0.112701627200975
0.657284373702323 -0.196811150611721
0.0870675563846158 0.0853765203018717
0.580090329748475 0.5273557969046
0.213884469591439 -0.0511319788389543
0.0708984364659558 -0.018383127582694
0.823868638983693 0.311765695447696
0.218660928383774 0.389619531730218
0.391420269183467 -0.145707601329788
0.455848404845378 0.209801961660141
0.349845548481908 -0.0609627216548472
0.319268100950731 -0.101801072130824
-0.140473865278775 0.133468840648042
0.511918888709641 0.162054104563345
-0.0195115292326587 0.427373637920497
0.0289165491388474 -0.314890977294731
0.415190073706093 0.18299356009407
0.209383113968847 0.361448596882655
0.448471560571222 0.0672786461576595
-0.234696104004309 0.487911209245851
0.213554280255961 -0.438377979379896
-0.200582752183335 -0.379972173918213
0.589995914611538 0.185894424671786
-0.44718844985581 -0.326690208805159
0.164599450756689 0.25183777163586
-0.708997564534588 -0.104561208462786
-0.0212137224557659 -0.534090779662018
-0.534373376208708 0.293916807096595
-0.2185199911209 0.396983046531423
-0.0647802795091645 0.357783723139159
-0.1255247116419 0.290849971081209
-0.222969725400143 0.190790810894179
-0.184495420786183 0.536447913228174
0.294280805188544 0.3748345148822
0.202135745615648 -0.510203952762464
0.536281060024951 -0.439119869903171
0.374551541889787 -0.349118561570372
0.0218368067294317 -0.175406116199859
0.415192840830203 0.469429379438566
0.949120858795511 0.407057989089007
0.389148251018235 0.443774712426339
-0.0627526862950479 -0.0207906705045554
0.290715140945718 0.374239452345377
0.351954261084441 -0.257697161448614
0.922296637912496 0.128390655315176
0.306577722532482 -0.420225740635597
0.118494325972715 -0.567222293314427
0.454837483146008 -0.0555610641895068
0.357539262660512 0.321008798063433
0.4483188278206 -0.560094749453733
0.339401528068009 0.370023810634584
-0.30742310430215 -0.18353191455204
0.922029509246446 -0.292184094502661
0.0723241095993216 0.721648083081586
0.190881020362824 0.657307282649614
0.406263115420163 -0.545198229355894
0.128585626956574 0.823035278535722
0.547343491732275 0.634595823985058
0.36092129912864 -0.430975801611602
0.182255615849207 0.541270067591665
0.701202486879574 0.317751239630609
0.160398131604243 -0.591447791527434
0.325754878453969 0.24946899119883
0.0715999757824972 0.587958212297335
0.141996117259764 0.518984679878537
0.0927619416484827 0.595051141884975
0.00368575411032349 0.438689224666676
-0.646254089856279 -0.0698120247327265
-0.421244694099882 0.535548166327103
0.491572576164853 0.0878233186321471
0.534529570171045 0.0796224490744086
0.0771066728313097 -0.604150708925024
0.459119331280342 0.188052791241073
0.0346712722271119 0.528848345920885
-0.390868803476836 -0.610460489413053
0.411080116160663 0.0593540391736467
0.459279267430967 0.0259464238221445
0.489344108074554 -0.0161303806816428
-0.353993240158132 -0.664653287538711
0.672382260551848 0.126520964736857
-0.334388107682745 0.696552501289231
0.289639348087049 -0.629787874100771
-0.38911898397729 -0.30126006609222
-0.356389983339427 -0.36807406759306
0.425517201144167 0.818063829921956
0.338004017460379 -0.64065454980834
0.279534732612998 0.586948522153835
-0.118968140908446 -0.012317165451139
0.709272696754287 0.728575036821999
1.05418702425174 0.131465219482728
-0.221215617319722 0.0812147692153361
-0.292643179780656 0.139158332143545
0.571128057345333 0.797287535864127
