-0.301456815794907 0.836037917684986
-1.4337248981892 0.118824086945703
-0.975852877745367 -0.425864580809208
0.0685561725433741 -0.45712177125267
-0.445488512225568 0.713484141522004
-0.574505080820444 0.788660666157207
-0.812940187432417 -0.442061452549413
-0.466902083797796 0.672719609950187
-0.0508650953415147 0.446546213721013
-0.297565205577116 0.47848053801178
-0.363101406268928 -0.125522191656939
0.0256674453217002 -0.637245089279197
0.547519172969489 -0.00203943728553893
0.550212182311493 -0.00685944676669
-0.571349351712221 -0.323318365651224
0.0922060677820224 0.318563862083271
-0.756971819057874 -0.0718059834397823
-0.122432406695269 0.316592926743601
-0.386696834127199 -0.494139903609266
-0.899670316784099 -0.276555953123285
-0.617598880899105 -0.420948282851281
-0.326021501071179 -0.221898602334553
-0.739232849269124 0.0857537778256687
-0.662673435556997 -0.707240827133307
-0.441499296340544 0.601919436332873
-0.155841986192991 0.683065602233976
0.15618062564624 0.27468416928855
-0.411536400382897 0.627366603377352
-1.06476657189507 0.109828604908469
-0.27525402318651 -0.654675680229688
-0.893454184472749 0.136421031156348
-0.248231280594241 -0.637361913971583
0.563676975885632 0.302928467612882
-0.812259235743494 0.243761166279855
-1.07545756240887 0.0432368670062058
0.231427264506705 0.836188071098295
-0.17355945930272 -0.732301187168198
-0.221293641416261 -0.616492169346703
-0.765493340754913 0.498669491156153
0.109466429764924 0.647844751147011
0.272823797767801 0.35694697326631
-0.947181592013538 -0.590997992128601
-0.989386018955042 -0.496537632744156
-0.594718755189293 0.49731295977542
0.0435527521100772 0.0329006904562079
-0.372715738345676 0.419911849195912
0.0169600697481571 -0.731362038012347
0.405594611701659 0.545982744535242
-0.246368835776944 0.28148429449282
-0.0419743090073909 0.736936355457254
0.00657174875857622 0.698401807366855
0.350116296451944 0.763971511996103
-0.375336408617739 0.304241895704766
-0.710358688361023 -0.148622189455585
-0.803730269892465 -0.0495959739483809
0.536065001296775 0.44991521655289
0.534289483549769 -0.546902168946045
0.679735017744121 0.140693284359424
-0.0580281664164576 0.772619264017361
-1.24157397022454 0.065244396252468
0.647758379313542 0.220817811733679
-1.16373727496367 -0.240549056626343
-0.615556285041916 -0.659479930731932
0.763459030814043 0.131615196026744
-1.76192684695171 0.0726093768365485
0.68466001274695 -0.464527836761435
-1.28487603252077 1.0072839131835
-0.305473315200706 1.34514880713973
-0.613740935433304 1.00873421649804
-0.318448776646 -1.14656646385422
-0.814819693675098 -1.51792040294579
-0.759671779852914 1.46259371575065
0.185325993350576 -1.38034478341231
-1.29712014459298 -0.617357461986929
0.163423666060184 -1.23162162633599
-0.453973786240398 1.41483528561012
0.588752401637968 1.33036752781423
1.38118780727106 -0.177477492735922
-0.857832840492343 -0.751776748690718
1.26625810626712 -0.0870083455215349
-0.0712830167369853 1.20778290554565
0.961483859693786 1.11126508054022
1.26897563951582 -0.09859153737499
0.145634066264182 1.15231476256298
1.58859647849834 -0.339615799681969
0.496391343466862 -0.906656840820213
1.28263610759179 -0.251526086631635
0.503416146043254 0.85532940535717
0.675420804684887 0.101217230470292
0.416491707287382 -0.155377414107691
1.00624243736779 -0.303431629193778
0.840427322525291 0.571743412228227
0.936621949018532 -0.347748207131208
0.372277042046343 -0.0368106433051138
1.2772105666463 0.424282889896656
0.159753004736231 -0.0383233258911016
1.26806050278378 0.18400611186801
0.977489476830433 0.566642056944644
-0.0869231850123443 -0.04713706823012
0.0205557713122172 0.121204190037909
0.295401816822283 0.571428501380008
0.720829846074502 0.621143285843162
0.381300153261215 -0.375723603288274
-0.0380369998126049 0.0309411667273869
0.545087694941123 -0.617576078237613
0.202548536087379 0.441573262446032
-0.330666478050474 0.0262400556415258
0.404167475307234 0.382509942194884
0.370799793904172 -0.457891532944428
-0.300798582876199 0.0253704016145912
-0.416933985351603 0.0551205027506444
0.0163156637873496 0.261157646138877
-0.358593260244289 -0.0130091971057761
-0.244577376989047 0.00790136208372353
-0.173883592460682 -0.194899302127287
-0.262063452093126 -0.355201029490025
0.01721133023948 -0.467640654082187
-0.0732653112020537 0.412686507682568
-0.621850713378355 -0.302754517298009
0.330330287286838 0.0256201542320561
0.379145185845654 -0.0403571239104865
-0.765509918087564 -0.324757154277353
-0.501846894993892 0.717256958733308
-0.0818637612906772 0.666805744614193
0.0805778383073657 0.867381781099984
0.171043913511317 0.867414245635855
0.185183868916569 0.91160691033599
-0.873393936896293 -0.546580584494703
0.912092911447427 -0.174946666542801
0.00189480234553579 0.723502024656825
0.80033166815668 1.1324010420955
0.063153986294645 -0.706881854148801
0.371123286416338 1.07220942629655
-0.11997662208482 1.23341295790985
0.714438340849217 -0.808621173096224
0.0908431039642007 -1.16370496978913
0.82581156596906 -1.16315302226887
-0.0136541068670011 -0.033918111252678
-0.328945377710163 -0.323683420185872
0.699906162770579 -1.04691587760077
-0.0707072308205609 0.9597881908035
-0.209863621890629 0.956659193257197
-0.16378469823032 -0.796634229329028
0.160728979262875 -0.866061276483402
1.14904950298763 0.320211832009348
-0.574398783396285 0.0158153069443267
0.218589580136425 -0.732406894382857
0.321934357528596 -0.850346844798865
0.383651501707994 -0.817891707302995
0.240559464812387 0.848107802337577
0.849405064895211 0.84483232997323
1.5342645475487 -0.101523023261574
1.45638259817455 -0.119541288421528
-0.295114043538432 -0.0525804720625849
1.07112486083404 -0.847295332480742
-0.200877366218186 0.0714429804925687
0.752270106571982 -0.992558435713821
0.938969285328968 0.545322906661288
0.424562821887584 0.557980136372151
-0.519968348792068 -0.154859027651648
0.602649171651151 0.850920776739597
-0.418397444183869 0.196215008124395
0.539087118196693 -0.352542550257018
0.886439767138421 0.267104492761817
0.162339026465406 -0.670022734163207
0.546390751620628 -0.438969760869723
0.0267156459386731 -0.599493212761659
-0.478423655211978 -0.198127346991724
-0.619010314266316 -0.437513412056221
-0.768165253153063 -0.0411271382199006
-0.568493248310764 -0.44041923988461
0.259155034046675 -0.41055976205219
-0.751050554374956 0.242941853270354
0.00536306950216298 0.505464992319869
-0.114689967509617 -0.516539851599062
-0.681376093489846 -0.435256595047427
-0.665987310065427 0.362249122526814
-0.677102191831304 0.244263371885093
0.353420215476613 -0.936317968704915
0.899853013760808 0.396938553659932
0.175371697816883 0.551202137392297
0.0949369237808518 0.569947731554684
-0.675167151486808 -0.14204665861016
-0.672270794839215 0.319184576537325
-0.413048141607385 0.761454115344017
0.336100806326766 -0.122153581127699
0.392970158690738 -0.277325329104928
-0.812206518705694 0.0203260232296099
-0.0595436618871312 -0.557859239882218
0.278279192413862 0.0464284232149656
-0.121836965223077 -0.493489802464981
-0.740796474019724 -0.197173544093435
-0.0467764815981524 -0.0574765271850359
-0.113071809810476 -0.0179742644449921
0.647996843540519 -0.0635050573317064
-0.602699338770216 -0.407573680314792
0.277805607418541 -0.691200751419752
0.410192562635732 -0.300147189220562
0.385705432895211 0.338772054985417
-0.170721200201113 -0.901246689605356
-0.136539396491338 -0.374267426820783
-0.29611903995377 -0.368839127688821
0.657606375192238 -0.342736803178009
0.428461887475177 0.255185674322629
0.213368344731293 0.415027248880813
-0.199842076894521 0.384448048736622
-0.0797184731639396 -0.572746313696865
-0.401325295996389 -0.185807379941244
-0.104044468498192 0.235001370845142
0.310079299552725 -0.0894539060084767
0.438895180963476 0.0250888806256776
-0.261796007347101 -0.174376877588934
-0.107680639805887 -0.291209231641705
-0.0706930842241636 0.140525801998461
0.028358086129222 -0.344863666325288
0.178036247179059 0.00200805933384613
-0.586964862183739 0.092755913430177
-0.0104620400126963 -0.283419731289057
-0.266580752385145 0.16070555704407
0.0977944630106003 0.0507251403800166
-0.179462480356036 -0.243381681002604
-0.284848554820828 0.235472894758481
0.0514347496630251 -0.0238466093046027
-0.133089144282724 0.064217624571968
-0.0664886393546303 -0.0832932582978236
-0.356709625154974 0.22437370673036
-0.115671148969658 -0.0378570567557902
-0.448754057320088 -0.000709271922773452
-0.024760057218241 0.00304289709742365
-0.323431418083439 -0.0269683494664372
-0.275112757718651 -0.0214505973840343
-0.467144504116273 -0.0113054685712875
-0.283238449932337 -0.0838133400537399
-0.367656757309718 0.0758126482767254
-0.107694916658875 0.00938419696821411
-0.618248686502364 0.0203187202823264
-0.269925928767033 0.124374374942234
-0.220073988301852 -0.126654701641057
-0.292629260261266 0.0300133154126582
-0.402022725740381 -0.0381936068566272
-0.313759433668566 -0.00582958337900617
-0.300574882264913 0.0223050949228953
-0.459161540685201 0.0387571810386276
-0.348135625427984 -0.088236697250848
-0.369358160114933 0.0610999674096173
-0.188368466224281 0.0354016988586396
-0.152470491186812 -0.016761831314309
-0.168415687097436 0.00316133493606294
-0.253913135971587 -0.146455518909868
-0.324638847188729 0.143509760595537
-0.179399817277964 -0.123759838994671
-0.164505489722114 -0.0550448175089929
-0.117104289402551 0.0852148184606707
-0.0446549055614169 -0.0135644028786933
-0.264416506128473 -0.0891862356697687
-0.204927434355842 -0.165637695018054
-0.0520585242320007 0.121429624503463
0.0167607499876809 -0.0499204580500649
-0.192066621105043 -0.239341078672944
-0.0127470698566731 -0.0524517671192646
-0.223010918094057 -0.0458976440260906
-0.222463067983448 -0.204800136522846
-0.207202972349944 0.118902842469737
-0.293504172728902 -0.0431795557619745
-0.307102812428853 0.213815996935379
-0.19950955391936 0.235282340573538
-0.336917589905994 0.121496386101284
0.197279699331187 -0.0782737861140821
-0.190807984113046 -0.356929717732907
-0.244319889759518 0.361335558478434
0.130331357691561 0.188074889148691
-0.436108653390569 -0.0296216149623779
-0.517954462452677 0.00777665473474346
-0.159840417910219 -0.455248587152867
-0.657394135441573 0.0255424753879074
-0.192895768920165 0.429463866342914
0.493582206407443 -0.00448724439499833
-0.107546814002026 -0.411369047567017
-0.298513734399541 0.092132508356522
-0.357983388335394 0.0854331008104075
-0.444365913227274 -0.0290592762240787
0.268601817526271 0.177274658668735
-0.204822508105581 0.0265284971447118
-0.403063203412842 0.176672284855506
-0.219978158336366 -0.0259660134329148
-0.155579424760624 0.176520856282227
-0.168381467162679 0.151285222918448
0.103725859166196 0.234325478289668
-0.426182308636531 -0.222968679620095
-0.375854643132543 -0.132019650346229
-0.366191967977068 0.02329929976737
-0.204428274087145 0.0963566056201498
-0.134175246101361 -0.0250602847640219
-0.0401088883843572 0.129203830695935
-0.173900932928637 0.00722402104348778
-0.0631297052246137 -0.0715027702655439
-0.175840025984766 -0.0479120807980399
-0.146741599745965 -0.0553755304943987
-0.154162260371298 0.0329763172874386
-0.160317150903526 -0.0535380491175987
-0.200729094835415 -0.0909211923553665
-0.0583581613957867 -0.0549951177179777
-0.115856307289849 0.103681750654688
-0.29892492983364 -0.0999488298508992
-0.044690755449542 -0.108618462302628
0.0992009390304251 0.0633973309259254
0.0114833218268975 -0.0974524504200374
0.0335709905327341 0.0645128955829643
-0.152528654429854 -0.00603001708313066
-0.0740269619572699 -0.185946552146328
0.0701325627800882 0.00788160801541532
0.122504703374276 0.0546523969292398
-0.0398507152073785 -0.0226886502352439
-0.0639663269133128 -0.085017748754783
0.116458740508986 -0.0452177982571398
-0.015319509192157 -0.0667638146063537
-0.0170496009531197 -0.0200015660402635
0.223135480529535 0.0236823405407209
0.119863249369396 -0.0835366393325461
0.0252220067381886 -0.17415130380106
-0.0817121420158388 -0.165235776018866
0.31554380542247 0.0109120923086294
0.0915680534293904 0.130371824124976
0.249576336432667 -0.0391841612202379
-0.156527560591583 0.237040447085883
0.0912590369618833 0.351116619792927
0.196959428413738 -0.447440534211379
0.113312309180432 -0.451507060022094
0.0184508795523037 -0.246790072634135
0.197393261716083 -0.46241850132463
0.266024705501299 -0.589951095899602
-0.382871951632398 -7.73732551841502e-05
-0.162524234425007 0.305564106938436
0.286580736432921 -0.0737732001677478
0.567233867443078 -0.364836732053667
0.188702838185696 -0.387894552830192
-0.254492360417992 -0.0967171609060126
0.0682557868006221 0.343356446978416
0.127740802512936 -0.274195827586913
0.480172050574703 0.0802250795005106
0.120294034461849 -0.248768923906411
-0.100818574327157 -0.0265555122455507
-0.0179519928855056 -0.0478998913707163
-0.037398971689444 -0.227558570994148
0.219149335470794 0.216850737638605
0.212984870720677 -0.310278368794414
0.617938171008914 -0.0524521422793328
-0.0169396452610265 0.305783576398507
-0.258585270730205 -0.05935267494841
0.570117078606275 0.0239689787175811
0.158850551442295 -0.362320719858495
0.544961510199178 0.145680884496107
-0.0823714498113708 -0.0097340546880461
0.314263101712392 -0.362295347280561
0.458945830309367 0.208984165299579
0.575911942778493 -0.390458859920184
0.695058911497216 0.115236719662964
0.427518581286642 -0.203996191360789
0.0605060077523936 -0.0157689805307201
0.835356837298943 0.16067484326209
0.499194728803415 -0.328196019083524
-0.115787125806121 -0.00805359497770652
0.430348562226398 -0.483497839486581
0.391884262366489 0.624730782020497
0.67837012511934 -0.270806250434777
0.50613275330073 0.62432216142775
0.983395624699723 -0.53242148668235
0.0393435051030182 -0.325464698778825
0.821674847208806 -0.501880346383355
0.180456351747253 0.663386120650276
0.779859157031504 -0.466394093223181
-0.0142244260530834 -0.022588860240393
0.83386446875267 0.120555363906007
0.643194641166349 -0.553916096901561
0.353773315105013 0.49663745431183
0.894347815591845 0.149715046853458
0.724534069396075 0.56529441857092
1.04948949843366 0.266457352050138
0.499279908248915 0.494732713010758
0.426864527368416 0.472562599512395
-0.114546985426428 -0.683439569259757
-0.164360311159253 0.070059047610896
-0.135149930257301 -0.841286106226845
0.914148532441799 0.176398798508043
0.802677782600595 0.654159328618936
-0.142406191051922 -0.00600924758765817
1.39564208820784 -0.141446985259906
-0.452551337286396 -0.863908636931925
1.05631442255797 0.355298232620783
-0.588876570864139 -0.129910070817983
0.723967819842506 1.01580311264169
1.21108943569443 -0.11970061606419
-0.759277588724176 0.252329065082473
-0.501705712081423 0.0938077219461647
-0.70068600611924 -0.00576506247885359
0.102331887132032 -0.78261248003149
0.656881332077233 0.314724296826232
0.449203479588536 0.408199310272794
0.374622694856551 -0.608369573605432
-0.478107510006233 -0.0706097505359329
-0.308367953603843 -0.432839125430791
0.0746290506480035 -0.440789778370464
-0.323109326540475 -0.133138899497034
-0.0743925371494049 -0.356079524012961
0.00689607962982109 -0.367821984384348
-0.0894629522815157 0.274364270766592
0.0178237078347355 -0.40317946421177
-0.232844233519934 -0.362700161117004
0.204972308886526 0.0756593591357827
-0.295148457133727 -0.248584839688042
-0.553743658877682 -0.127580822276341
-0.315776163343965 0.288726284515623
-0.411775619938612 0.259061799423156
-0.462505387219252 0.207233081374219
-0.232051134395808 0.477728770358307
0.117258262443999 0.00463472142318767
