-0.305531916856231 -0.552586447583208
-0.225380553278573 -0.581403414239603
-0.250546240711829 -0.651585725335144
-0.107025752608278 -0.654597753154935
-0.881021582499688 0.122003483196933
-0.434860305589839 0.644144295823265
-0.609044068272431 -0.605058365159106
-0.108732885605281 0.779856609917257
-0.496773328296544 -0.382407384391782
-0.17399180331838 0.643564531408367
-0.158274884901638 0.805188667333072
-0.200677542945251 0.701743427868315
-0.61019167293376 -0.4567118651528
-0.130983265746224 0.71762978714134
-0.542532239165613 0.315389134256261
-0.499010154263545 -0.191054667323189
-0.935797993722327 -0.0704800030146499
-0.0706410764998289 0.73305314925998
-0.296283888587551 0.594322108012806
-0.422716752321591 0.593258731011936
-0.233934098143155 -0.433042005904381
-0.354546948634709 0.495243734562578
-0.429329913015334 0.538972746456554
-0.752997219725363 0.380395573529702
-0.519697906209151 0.490385268034662
-0.724296854438961 -0.150424620487168
-1.15273769214228 -0.0454092700736984
0.235481067252879 0.0834735856853134
-0.818917923573266 0.314165894941501
-0.819189382261485 0.48991132656557
-0.833092133319605 0.484032621463279
-0.579269301883575 -0.432426134428351
-1.26720459204554 -0.141888481152542
-1.36189995055246 -0.258696105591117
-0.546050024496793 -0.820286621970479
-1.05332345594607 0.688960156459384
-1.51603513386108 0.273242305707674
-1.44733125211356 0.682783159105164
-1.80096381457502 0.0446631894547275
-1.02108574020526 -0.682347501746069
-0.0549201955983571 -0.297249115665312
-0.989076344390186 -0.857564962671469
-1.12337846975151 -1.40407534986189
0.0677611717333775 -1.32061873641124
-1.15241780396051 -0.17970818671036
-0.904295736950306 -0.668596773202658
-1.47121283752287 0.493502116510927
0.114330914843079 -0.259162298322472
-0.0904666284768571 -1.08310458298375
-0.4799896754764 -0.819128086187084
-0.0360070154963115 0.0241601261715126
-0.0766692015433446 -0.79200438640352
0.522768390032428 -0.0777225949009036
0.259930492922729 -0.23409828661639
-1.04508873238335 0.468184695704099
-0.906087613153993 0.699481745674202
-0.630438648269364 -0.393989454096748
-0.61544747280061 -0.412891036096792
-0.735169310076526 -0.441055672802859
-0.662182611471043 -0.543759059135557
0.5822874683768 -0.985354112060092
0.0359522045435605 1.21032298493249
-0.0884078603835773 1.16938238924529
0.803724886667568 0.267660148756491
-0.0994948806304613 1.22303091957928
-1.85224861431507 -0.274485376076296
0.329016466692497 -1.26436382086407
-1.64929580700525 0.38955137361535
-0.90223029734953 -0.586414206002422
-0.265834568539107 1.17183415076528
-1.25021950034732 0.850005402211429
-1.23392319266584 0.901798744293776
-0.58139319387848 -1.31231259082919
1.03583709416897 0.107801964043166
0.848362038657814 0.298515592042756
0.551452104190735 -0.899717958116519
0.892349303275453 0.028680489594895
-0.342537791419423 -1.1959819708578
0.788473478364465 0.0771275109295145
-0.383487047696011 -0.97222437446015
-0.651610073182316 -1.1188673950106
-0.873251052503451 -0.988540739825981
-0.787716255556874 -0.997279393397991
0.468913744474393 0.189529326048787
0.486711059156142 0.0717045159666585
0.141623143162039 -0.97888036743402
0.50475577851098 0.0799243182753814
-0.674382311504762 -0.493439360570571
0.383761384703217 0.230222528254159
-0.901479451373304 -1.08300068021704
0.390960434743788 0.342808545814541
-1.24895252766637 0.42073010748091
-1.19563039687183 0.641118115737139
-0.000991322266241323 1.13142668352999
-0.836241355507745 1.29791938479949
-0.153248738995183 1.32822965638171
0.578814596989783 -0.359554984620761
0.987371261164135 0.181881127004408
-0.0245087171873923 -1.03242181221697
-1.24928048410284 0.795316230341268
-0.205490149266115 1.06553580905357
-0.177003493431927 1.09737306164289
0.571418487579363 0.177388924708461
-1.04596038655367 0.724000628133641
-0.660434984327341 -0.658249308584581
-0.50165627829015 -0.754520298819417
-0.510343035222142 -0.912506102623182
-0.643555056788145 -0.325219547975338
0.00315478219742938 0.89082868995376
-0.199683546750852 -0.958129995834622
0.667094262365827 0.282570692141335
0.736757196191753 -0.122260958386189
0.728510811030074 -0.179628340883303
-0.212528192101817 -0.320361341263184
-0.79303306465477 -0.0475663759163399
0.179475982950035 0.871314850940963
0.514991051979787 0.635166290369946
0.210463342810206 0.736497211447965
0.858520196217131 0.605302016848058
0.600234106014534 -0.274481083718701
-0.332459902913808 -0.494531830100721
1.07740232036987 0.231121123946384
0.325169114759404 -0.604767384952911
-0.284697760809529 -0.35616466574841
-0.126319877885628 0.474455585613164
0.694067425155093 -0.122452742502151
0.625527061217082 -0.513241533298535
-0.236117686740276 0.487883185453319
-0.483489717360899 -0.0171369347585024
0.161343904872955 -0.630835868937667
-0.169081960339957 -0.0799585393297561
-0.115170845465148 0.168562272083472
0.389543058067768 0.604989213650889
-0.100608753235807 -0.0412064870699537
-0.185253751716369 0.0129617224674796
-0.0831637310905625 -0.00265157264460362
0.744984532479668 0.836363315631112
0.873300304176623 0.713018092025943
0.46040025748703 -0.668364490259914
1.20959323241322 -0.16265858112998
-0.252486023755999 0.895008222683587
0.0466905218126753 0.0418107935903507
1.2238679646777 0.301446909728999
0.0296337313206829 -0.817474328293339
-0.467888887552166 0.766847476674012
-0.593830991950299 0.140225620180855
0.145198944053331 -0.68431481798535
-0.318580561892685 -0.256639580575442
-0.241857628307384 -0.833966646822893
0.127101218862215 0.93292643568738
0.288049672619902 0.236957531192095
0.434251016058112 0.375832172242893
0.310568952785274 1.02556765234038
-0.582784313717126 0.285812462603906
0.237471303886675 -0.768240745910184
0.549098018372137 0.48576488626045
1.0666087120215 -0.0605249215371057
1.0596705995618 -0.0982446878911313
-0.313040733196648 -0.0334462008029115
1.3581266539974 0.265760407283183
0.247788614813308 -0.657229164543071
-0.357356343669652 -0.0990293015016114
-0.457809810048793 -0.204146328792367
0.867196976859417 -0.221100467030764
-0.306483373703996 0.659328808762219
-0.507950791560901 0.597774258802309
-0.574838144552605 0.401850738458661
0.178720503758609 -0.79709862194808
0.68300126252879 -0.897994761043829
-0.564114764854876 0.644168020252236
0.545618221176138 -0.923922519504367
0.248479288820924 1.23532759649108
0.641840546138367 -0.749152641876266
-0.303747933155139 -0.501376283066663
-0.259218337361398 -1.09911216838009
0.364819898724597 1.12832568260754
0.609873587824628 0.766856676142485
-0.19627879526484 -1.20357658044632
1.02173504553923 -0.631036241376913
-1.01276440095767 0.0781124748832073
-0.507956401004452 -0.329444874344366
0.236636006880079 -1.03540156918502
0.944315414349116 -0.963156861357323
-0.373711423422886 0.64588051188733
0.843016318221133 -0.894400299330698
-0.100754315924529 -0.516049905236127
-0.753037910094169 0.204456198382011
-0.17250424721254 -1.20887954925115
-0.386588268908122 0.83610049635042
0.371844860699916 -0.88202109068462
0.768638154397954 0.585773488673423
-0.306955821791241 -0.392673888166817
0.325099460583627 -1.03720291725007
0.261782342510271 -0.940221691890427
1.2375544592573 -0.452809541773257
0.497152742801785 1.10898464116228
0.0787785766210065 -1.16009741865158
-0.395812664607051 0.251940188838665
0.808722629256823 1.22676999964936
0.197384684395253 0.950152223547545
1.47382247484347 -0.343969447699549
1.23296707691138 -0.144091526865002
0.292240301483359 -0.77587347691034
-0.604766693026558 -0.0174241989721881
1.12526388898053 -0.501017920571473
1.1483558531157 -0.48984682016297
-0.0157329288453497 0.00726167683258441
0.508377976437862 -0.732989128085875
0.43760333003837 -0.737171536788604
1.15358173030257 -0.178770732020623
0.407633006073009 0.676635168187074
0.390162768496217 0.63307411089034
-0.321046949249111 -0.0710676689383502
0.425830072049028 0.483729389590276
0.338582042280977 -0.148575625600905
-0.137196410530905 0.234826115946396
0.306486132038258 0.451582225251025
0.606442754967907 0.206711035801808
0.561851117706412 -0.20534871912725
0.0772022672526573 -0.366544022070292
0.376428363337308 -0.284365295998371
-0.0166291875197199 -0.34733773120442
0.284638643138004 -0.171712233590823
0.266859073521184 0.0249365215047754
0.079928366887553 -0.153505285212872
-0.0133895314945127 0.497625073716326
-0.652131025974063 -0.0475944355719931
0.241349855789597 0.187903817553658
0.393721244940214 0.123868941498366
-0.0516473735316294 0.515666152180782
-0.170957365860086 -0.210085997976159
-0.375597448336529 -0.323199622295741
0.138684137756112 -0.0438166753302748
-0.0476763438244067 0.167398323725359
-0.185453348541368 0.0319971889220238
0.0461507108030692 0.217680190398473
-0.145251654125938 0.156697378621142
-0.216328169022937 -0.0363711843760124
-0.209991928099281 0.0236049224769298
-0.110537050295075 0.02062724410299
-0.00938478268706074 -0.0661726746679753
-0.172403584998809 0.200915525769165
-0.0489669795254728 -0.0264456864625905
0.00639343291930294 0.0850541403443098
-0.218374702283048 -0.178793199634139
-0.0736354844812818 -0.177348312182414
0.221816859340798 -0.352550143912541
0.138860568100058 -0.44556868247527
-0.331728540936718 0.352941583789796
-0.4604654890683 0.38779352799571
0.252953866489581 -0.397841741419956
-0.514842938761823 0.119823018781318
0.225146032266107 -0.288011775249235
-0.469020555000879 -0.0559192021712736
-0.102717901589824 -0.100064837371667
-0.159757076103599 -0.118551176541131
0.129423881734412 0.0554659634611299
-0.198655226310241 -0.0500416814923113
-0.0971522861430992 0.0809289040041798
-0.257437292399594 0.0479083889644302
-0.0204269876128481 0.149431277522735
-0.339982054979772 -0.00852941955390484
0.00147796675135774 -0.0888603146341793
-0.0663483719160319 0.198544065352762
0.0525790424037449 0.254052294847818
-0.19928961470819 -0.0204149180559454
0.366068327320725 -0.104443742707557
0.152085324481732 -0.139078722456783
0.279195077345569 -0.101107351211966
0.166791478013607 -0.246792002671984
0.149280643751003 -0.202228843493494
0.170300671427949 0.20182410006584
0.220334353288903 -0.05782281128598
-0.0445721890209095 -0.0284687469835853
0.0605108142552324 0.13370007500294
0.0791984527424826 0.0418739513224647
0.238255030494027 -0.00060116165683655
0.478173297369039 0.0727960818716592
0.222456091997462 0.203879010336703
0.393569821414523 0.0441081730778614
0.297785067393668 0.0586010352267475
0.295260709430997 -0.157825327129781
0.171925526235859 0.235323781473239
0.256105397477963 0.241043903748639
0.441963403902778 0.0657607648961999
0.211144713521639 0.160779269178077
0.190772314238622 0.0867950949450993
0.344248963505357 0.00850612223542273
0.124166158053965 0.299638030311539
0.480271802031128 0.100932398555794
0.282235507134727 0.00826972728551612
0.39212767126351 0.086076595970114
0.0129827199477006 -0.195114408939253
-0.0671715278433598 -0.441738711898766
-0.362603309194359 0.358686670582137
-0.285837618621051 0.167097398178961
-0.126655504334668 -0.359548747237059
0.307094098764711 0.117859837816519
0.196236652932472 0.0450354763132637
0.192102685149492 0.116590174205587
0.0710621684946264 -0.240370856966146
0.181961165255414 0.38326255188934
0.285175135232777 0.288077081029589
-0.158914678179044 0.00770569571236598
0.0038063649191297 0.249026468687991
0.3586759459782 -0.109094966345668
0.16111256568805 0.43430956312089
-0.223399337494294 0.0256656192835836
-0.320433432670105 -0.0137623302989595
-0.174659575379077 0.0776052327475653
-0.25674975675179 -0.0251563580130107
0.051163045670738 0.478819455429943
0.0221895356797276 -0.299297025915465
0.116921640892678 -0.117343327307559
0.228835896366326 -0.0973653307214775
-0.061091196104562 -0.481591253332461
-0.592445517703348 -0.0439097042894517
0.0575212859851681 0.188270862605776
0.26140349293533 0.0770180544638707
0.342978674371498 0.307141647323
-0.278582530076726 0.0940545494351664
-0.0486933005648195 0.667588208586671
0.522921068118789 0.0105454749453009
-0.145747783645944 0.272126061572774
-0.418461681644934 0.213354701909872
0.147981817676419 0.49621533569271
0.21232465988625 0.466514371759858
0.0615402848499435 0.40287328968586
0.224920765689613 0.408254436603592
-0.157840334496971 0.118161015433758
0.115397715271402 0.0751779134797312
0.461745728750982 0.0583731607496534
0.139534505244526 -0.0793559148845958
0.378906844070169 0.116056126982802
0.287932965619127 -0.118263372295551
0.352786684058462 -0.00519604566313807
0.221087750617216 0.00347583829028825
0.287946374753863 0.154055910417074
0.268860212486802 0.0170292523685453
0.38587310118301 -0.0100828122500646
0.377446050198693 0.130822238124524
0.369569719631526 0.132921993211642
0.425038684328776 -0.0185260491960821
0.224235106906422 0.0518283688719068
0.142771608482953 -0.0270505141262949
0.207462217333885 0.0624363991404317
0.232967232481198 0.0157716341882488
0.0194063294485906 0.000533259269880293
0.0448791946625383 -0.0688000556444907
-0.0346016878648781 -0.126213862052971
-0.00196849178203475 0.240552092521814
-0.16238282093627 0.0960737256975489
0.0608402256286083 0.0647794439869573
0.0241517199292979 -0.150392498382311
-0.0592700478463334 0.0814770997324591
-0.0977308559748997 0.189716274901189
-0.0534159236021272 0.282201489318264
0.433096579494174 -0.189273174287698
0.051964961495664 -0.437698518627694
-0.0454265398418993 0.377795151076243
0.124012666510834 0.128884794309608
0.319166182577064 -0.145891352159665
0.117411005520405 0.15232808396035
0.166585585867641 0.205872095297987
0.0843225606431053 0.122285335406595
0.111061115820884 0.0321881334946255
0.151458619256367 0.0250134852237952
-0.00668424100162742 0.0152078146401021
-0.00406301180948986 0.0950207036253211
0.246929583126247 0.0521054641102463
-0.0269506739089838 -0.0489727930130293
-0.0422629465266029 -0.160820365346048
0.156343632001443 -0.148576234302182
0.00278157081899365 0.27392264145042
0.0130075637004294 0.390120700469209
0.26548317767794 0.048346815642115
0.0601271519663627 0.35069445761417
0.352198559540831 0.0557074087674558
0.236026057991714 0.104472819921277
-0.52306577460241 0.220998381324843
-0.271108991866413 -0.144323296124071
-0.1361074315634 -0.204901470833776
-0.125899361773988 -0.1254091763177
-0.0736019370240446 -0.156307490471621
-0.24932840348374 -0.0435999996421187
-0.068475107287351 0.0719409065587323
0.0794528281307036 -0.116580577651777
-0.117422900937515 0.238297848912732
-0.0665342595226392 -0.341855253785122
-0.1975035749628 0.0522179109123025
0.0162499343590607 0.210073299690617
0.15745642380055 0.291522259440583
-0.126189499285776 0.0462994110027856
0.0886105198483893 0.202737926196166
-0.22837738158772 -0.13721892031002
0.375154580220219 -0.129469098099317
0.0618097457470853 -0.464367311498767
-0.0372595361341654 0.222527531959985
0.392633537984773 -0.299362847471172
0.2337893817166 -0.0630288699281459
0.077586532744333 0.0410236522431287
0.517637569819946 0.127587882787602
0.340636762829285 0.193950145145756
0.424752158494282 0.0234835614231762
0.280663616711949 -0.102562832367407
0.31458889878653 0.131877064278361
-0.0465480155182619 0.00424475401600527
-0.0456309429816419 -0.0703012437746609
0.0762381045189792 -0.16325066950852
0.15392872793106 -0.106130735588875
0.276021332801011 0.17513882050733
-0.168918592539618 0.158037574999281
-0.413197848730034 0.0159878372744667
0.00655701704324668 -0.18679674352672
-0.269736013862749 -0.304299639579355
-0.0292814948263678 -0.0535664235762819
-0.322115928519642 0.158955101836036
0.0212817540778709 0.483237815404956
-0.116033750404626 0.416197890402204
0.283025211061427 0.0146364701735468
-0.149379006444956 0.31866652145836
-0.150437587662762 0.468073987972251
0.129239198296844 -0.300690734633355
-0.163416803833315 0.0550113231435937
0.0029544546087129 -0.391292973991428
0.0202728452293236 -0.152559121063656
-0.584099665652426 -0.00555407547617077
-0.384567369936214 0.300220326135516
-0.260442307626369 0.269453879452449
-0.112256867315949 -0.278690299028304
-0.185164776399319 0.259342229916682
-0.454524019678728 -0.109842472946586
-0.0786347886457309 -0.412393744924431
0.0503889130653033 -0.36083947573565
0.11434395484842 0.419311721398469
-0.0368941862577172 -0.485073221181262
-0.16084419086449 0.483655689997164
0.0231852821499058 0.396692013315319
-0.312141835266856 0.00567130834123752
-0.291562392562975 -0.0579348011101883
0.146915155776107 -0.474089476301559
-0.118794422272413 -0.571524985903055
0.0515123033071197 -0.355534169737462
-0.0348555800418873 -0.378305776939558
0.115589478570778 0.540502284957345
-0.333495514016571 -0.405370942613666
0.471388257736867 -0.0226323534788918
0.375954212921677 0.165234523118031
-0.350536343836928 -0.483848797497473
-0.138126755599744 -0.257429779810688
0.465746474169406 0.0313344263226572
0.359508061103653 -0.4406114029231
0.603628844472714 0.0910448059962285
0.418200982251365 0.121025004484258
0.406511624635784 0.156052523745717
-0.357783757092606 0.268903641935723
0.0769408325529161 0.370780244911454
-0.190703629112099 0.1664232847977
-0.298262021538048 0.356812257402321
0.0651940018508912 0.292409191716247
0.233915531900313 0.114582552316663
0.312087275361874 -0.165965109951815
0.314057023712041 -0.103790154971642
0.610281756067852 0.420553930021507
0.599695751770283 -0.367509333957514
0.352892712282369 -0.248693331989563
0.0245260408068633 0.0350948259986505
0.685626363413385 -0.0986593803486122
0.561547843163498 0.443550088524491
0.309693060356144 -0.185141473908293
0.148420694347201 0.263260639603369
0.461299100415931 0.0975849082295268
0.104147029205337 -0.124871351719717
0.450104792492423 -0.104622516150876
0.486690295529968 0.0801503380394597
-0.00941962004080205 0.293412865229155
0.093696792234666 0.200892264256754
0.614067290971121 0.136812866282948
0.241958363302166 0.459969447004881
0.570637654376997 0.0751125104600572
-0.281781473224548 0.0189589967337395
0.488914733634792 0.0511290790403501
0.292773124366738 -0.334264016209756
0.0430074718738372 -0.495762759026519
0.572404233068242 0.22308644863482
0.143201088968674 0.565777391509814
-0.0673770603699383 -0.608933750852913
0.658026528504542 -0.30236625482863
