-1.12256076201111 0.724112926176575
-1.0011968285417 -0.791370331834247
-0.95706386684612 -0.658108369462859
-1.04466212382972 -0.389106274624129
-1.05382706593378 0.148054542231747
-1.26918674716522 0.196897447689741
-0.844384842165404 0.236102732718342
-1.09599534007839 -0.0634925534055971
-1.02092202819014 0.0691015061550477
-0.79075449549656 -0.0848389270250099
-0.743277463980199 0.047753649422508
-0.715637198564875 -0.109457283950626
-0.972023314314921 -0.0614430536384311
-0.827191507050371 -0.0890658638010449
-0.881349088652446 -0.0443055631061626
-1.0177983612609 0.179724831815306
-0.577349810415271 -0.0124040714832216
-0.261765207857726 -0.02234643683028
-0.63978627771386 -0.17932880077812
-0.520954346530269 -0.358966391271647
-0.0914985470153629 0.0763718596238771
-0.87886223626875 0.126887933963882
0.102887172885787 0.0422047133316652
-1.27567267856996 -0.0847082434730577
-0.294450549425002 -0.636949261580534
-0.193261458452735 0.66503928230881
-0.0559477841471994 -0.727214936701579
-0.458949530182835 -0.265303289496801
0.682948499246863 -0.0108438811847982
0.744267909811082 -0.0210768720334783
0.154878777817005 -0.55399114947403
-0.105607469465238 -0.77286727556898
0.479802011880276 0.724687333753089
0.401266527967418 0.532892105567739
0.177945760962702 0.571827384236608
-0.35250701512353 -0.0175864276563984
0.227378956912487 0.542946300517726
0.177091826656855 0.634373793266692
0.1250493164259 0.765326759722105
0.00276139664266588 -0.916552370191308
-0.410209424232314 -0.827004820597967
-0.569880590677102 -0.236835663909333
-0.39014974244993 0.249512306753228
0.975149392628475 -0.698902181529044
-0.801332502260016 0.0493622728177063
-0.117917160292814 0.81365220841468
-0.265736112787611 0.941297571657019
0.650072452131743 0.648724833780824
-0.0206358024456983 0.737868262751976
-0.124693772178378 0.633031101581663
-0.265884197894953 0.729070092572363
-0.757518421589644 -0.602520076350082
0.546657143628745 -0.49074783503709
0.249327971549971 -0.890145190527206
-0.291945586677252 0.560014871501648
-0.161310911703734 0.58447611429017
-0.0274669607925715 0.105309619651401
-0.431249458142965 0.637031204425103
-0.353067939481344 0.719070140972357
0.0708303134266704 -0.349014769164819
0.0657849859245883 -0.188996919665057
0.316693781788314 -0.0563530762269101
-0.458898349736709 0.650898291985533
0.186886717745141 0.217426949432828
-1.49055505334963 -0.111872552973324
-0.0345537866505963 0.0127213268327582
0.0111006862668142 -0.0662971977177509
-0.548165230876113 0.477611948874247
-0.670239001446452 0.671129837584454
-1.18435569718899 0.557719935575582
-0.880183005065065 -0.447518776895254
-0.638919317319748 -0.531717155300176
-0.531571415053647 0.48454226031291
-0.481628165706391 0.497823061799474
0.00341375523054098 0.00286699215448665
0.217266367310457 0.0582079393095983
-0.0824601230026976 -0.551838039375738
-0.549462722610725 0.224481265795211
0.0070405608696081 0.561555461684072
0.233096641858422 0.26180277329288
0.346081732805549 -0.172020718791591
-0.0617106092428445 -0.487335991722386
-0.0418573543422432 -0.453812625174434
-0.35986783572202 -0.0583464134466237
-0.195526822097121 0.681943003422957
0.181635881553945 -0.0758222073534156
-0.890695271688402 -0.047911216829581
-0.119330027352693 0.16489829822921
-0.299602121919654 -0.505645182404382
0.0607231925951047 -0.434442093732468
-0.939302967589912 -0.0342175326982203
-0.149020672777861 0.75013335368703
-0.63244869817285 -0.957117110511728
-0.499523036486318 -0.653388887806039
-0.302261400851318 0.0905575697590139
-0.679062768307409 -0.307724600357525
-0.525765230280133 -0.585054289035126
-1.16698713833243 0.0337253053733694
-0.919461600775108 0.195734598361808
-0.687603886374074 0.231726268562267
-0.73121543800368 0.353542240840979
-0.368047339916019 -0.331582939972976
-0.146579271838564 -0.309434880636223
-0.301005693585565 0.275166733137513
-0.354092446165616 -0.162469026686684
-0.0101548248663201 0.0137464405397736
0.00990098933660753 -0.0881578776728773
0.102139087285431 -0.0244393405790735
0.079911355361262 0.0818961415916957
0.0453976118478795 0.0531812594622445
-0.237926429291972 0.00463712331510652
-0.291281280260113 0.0473573604825901
-0.274520620237515 -0.0928058305831689
-0.382020251568043 0.0908931682663358
-0.451684413990704 -0.0386134881168593
-0.396824202369983 -0.130125494993774
-0.498333905859511 -0.195340340528358
-0.473968517315424 -0.127310498156134
-0.622193467962346 -0.0620435775089609
-0.0290177656854419 0.659080994093952
-0.588067567592355 0.0629065989457087
-0.796256676682969 0.0299501881086148
-0.317909654034934 0.547604491499557
-0.683100866792936 -0.149430609176953
-0.246431122443555 0.550355406928961
0.137221082597885 -0.450513867189806
-0.516960293843583 0.45454320211536
-0.506763547124614 0.218313046531826
0.1253885453545 -0.279056515924531
-0.622399987094432 -0.00870371609856822
0.0647013170596527 0.249190851771773
-0.152574576743894 -0.271435010995967
-0.00198725691950299 -0.0634116644463446
-0.0803394048292089 -0.0401836142910046
-0.095497248157805 0.108716072096463
-0.350162235986623 0.29971052584566
-0.217665926312847 -0.194761312311958
-0.145809154029204 0.0384907916593769
-0.46023379955862 -0.116892686346476
-0.340043999275959 -0.501791512468685
-0.712915584578034 -0.220238149225406
-0.305457072302439 0.149444642534863
-0.636822326290073 0.588201519473483
-0.849945347663953 -0.114705731227751
-0.0775777474458645 -0.482841128509228
-0.637911475775164 0.527203813480692
-0.331231591590236 -0.533661102066865
-0.581612392026465 -0.0167658817831764
-0.0141806721163529 0.391690352412504
-0.36875375195937 -0.0885493173805914
-0.180159216091899 -0.111906043340372
-0.107690452227827 0.0203006081388146
-0.263627755136354 -0.00398287844626484
-0.393305035659537 0.00332344244604231
-0.40837074008702 0.0681050693741358
-0.360470219128267 -0.0246425893712749
-0.421114164828503 0.0738660474224497
-0.424571345543135 -0.0239350460441612
-0.513070209257033 -0.027112191248191
-0.448591861292227 -0.0559974269519307
-0.462852665822235 -0.0036106895663751
-0.643177137143722 -0.0223432433292648
-0.520046919291564 -0.0145550062111905
-0.663742544198065 -0.187861562111705
-0.426580220994297 -0.0483037967764815
-0.636203542334145 0.0712806933801666
-0.35333279327912 -0.216660518415118
-0.396329480464674 0.325943286758754
-0.119680664648358 0.0317721430042299
-0.614122739673003 0.296275693201327
-0.471200148032966 -0.473559835826035
-0.357441411575407 -0.289835408884148
-0.374882490628231 -0.00707011531954194
-0.2686337779644 0.307257533853527
-0.118870563199033 -0.200690974752482
-0.0590076230226538 -0.122931156647368
-0.0388546929672558 -0.301479577653898
0.0302020970494825 -0.276911617778516
0.0442225437408645 -0.147585636785619
-0.11764339489097 0.395930128049897
-0.373038573036395 -0.0303228070917313
-0.344056790651343 -0.0816201631845257
-0.260721701652213 -0.00111829946414092
-0.334258479291417 -0.0344515444295171
-0.299430361317255 0.262694266540912
-0.485883733950826 -0.0502226725304174
-0.570935186147913 -0.0131245254835653
0.0736239764259615 -0.0169282705269106
-0.552816818044134 -0.0314048417240534
-0.36764418939958 -0.138545080301294
-0.39396194244396 -0.238609803811201
-0.462085953689001 0.331520408640767
-0.604967942066803 -0.129457149284157
-0.559893228925576 0.0722770410008802
-0.618868850372952 -0.0198130373153065
-1.14597551136963 -0.0902119052689408
-0.475935259035001 -0.00125724161591252
-0.43526503408669 -0.0582262086849873
-0.794391531715624 0.25596161572306
-0.397635636292723 -0.0125412355488361
-0.630745303816219 0.331875216550699
-0.744536477558851 -0.0257393153482687
-0.43843286245733 -0.347213124365974
-0.642967914934845 -0.460862915941167
-0.552578236541554 -0.434643595193889
-0.14366075601214 -0.388440604549692
-0.00466620454997466 -0.444721441173563
-0.542937984637835 -0.274558375534966
0.303595640633413 -0.278447191260277
-0.325869763438708 0.251525148678483
-0.216800564841812 -0.56697512273897
-0.644720315787583 -0.147095621068363
-0.560155221825847 -0.281238312608738
-0.0190912162063451 -0.269565527996381
-0.0554035245809605 -0.319634614391753
-0.973458121619815 -0.051175729350199
-0.517082672723569 0.340031817990822
-0.699255466435949 0.226032329203381
-0.72287435557612 0.556209766092454
-0.379001971932738 0.65138755091002
-1.16522987359961 -0.01713002813812
-1.46064468686771 -0.0514826653708839
-0.924642925911927 -0.534883538734454
-0.240600608799267 -0.570077601164587
-1.75738735337898 -0.155436001174223
-0.694967916175396 -0.804555065513024
-0.0270538941216839 -0.239207924705639
-0.971612346836248 0.526430598977975
-0.370031695707777 -0.0255736653479548
-0.525318090482972 -0.611673888391224
-1.04021200061023 0.0328249576328867
0.230395541075026 -0.151763973772659
-0.359673006934284 0.646401195772377
-0.943697803026632 0.236192309108339
-0.0404034369106501 -0.69525346119293
0.546492216661656 0.0201815673043227
-0.0686978480142701 -0.840026206753348
-0.598354197326685 0.579532840060044
0.283843095883776 0.829049914575941
-0.566892568253677 -0.311249786615154
0.440545865121811 -0.720107369413818
0.528447827218158 -0.685334001231432
-0.477993166045084 -0.0393581218308022
1.11007433866243 0.0911071915855012
0.0289736387719498 0.252661667844691
0.792665897781448 -0.583956179501612
0.77086658551957 -0.533295081379334
0.340829158757143 -0.154826829892764
0.48523048974093 -0.218535036111523
1.09546868581498 0.208682398122948
0.192338939961081 0.00457703516318127
1.04086457868239 -0.102046013001432
0.923116026504303 0.371904614539023
0.868512865792001 -0.0361463727414172
0.572990506075703 0.224881666186897
0.665824940704989 -0.0395191564721682
0.711885163123366 0.245769395965737
0.906894363664988 0.103192501885938
0.626446072358283 -0.0858499523159532
0.784368811223942 0.235807056754681
0.885798294447776 -0.118742748024597
0.976261442223908 0.0483010937404368
0.731906057936189 -0.172749094443288
0.484768299924223 -0.233217375598097
0.531430620059524 0.46653153030178
0.851210258061546 -0.407130550823976
0.852968859850319 0.582577992076185
0.646527936423255 0.535413893044035
0.939170264535222 -0.261526827009107
0.985078590323425 -0.28812127235405
0.560355907253276 0.494034723880764
1.13789610947765 0.426407682166965
0.741210408792741 -0.603565560430743
0.110069058117886 -0.231741224193329
0.279541235400761 0.25124680496717
0.631069253279753 0.124950882199815
0.601615031397004 -0.0389649073431399
0.464596655510688 -0.135949983242583
0.393780217335717 -0.0176197185946598
0.480321434389814 -0.0824008088461324
0.343300793696648 -0.025426536316621
0.468446728224461 -0.00682448575106926
0.53687569168132 -0.0417905666291237
0.387639469118447 -0.0598760763692807
0.403387849636307 0.0104700133270464
0.512069701435838 0.166898509427169
0.520546955432033 0.00202766556888469
0.486910942899124 0.0078199120285592
0.590386118609247 -0.186799797238427
0.765762843204567 0.23678505811843
0.818266467609032 0.125910417353645
0.825854562656563 -0.162213930974825
0.843554621908182 0.0967530830045139
1.08818880758642 0.00892998861171644
0.993484340124095 -0.149021295063526
0.906106697422594 0.17702682088117
0.93940245379764 0.0813943283659334
1.15533102685955 0.457792431239442
0.641675123379273 -0.062305702196498
1.36758920406192 -0.0494467676411197
1.26455786854883 -0.374572062644853
1.01504156003758 0.319498406841339
0.961019336675788 0.427702593347372
0.472054066606476 0.00712835100907184
1.23401776902796 0.563581462996475
0.79833164584799 0.4727735338005
0.832838565607226 0.254508325748029
0.672913739383064 0.262588129382592
0.942537212563658 -0.274276969839833
0.825844241666668 -0.0744095574399714
0.519485028171006 -0.278235720695126
0.417834102194285 -0.221343456010607
0.144604912735133 0.0592428633942463
0.310302962953648 0.102930443666937
0.327513924230796 -0.0240759507660117
0.377980754012545 0.0944249681121505
0.265294009500753 -0.11756000393908
0.0425243482030341 0.39944227673514
0.436859416588345 -0.428119490602054
0.489494920664237 -0.143287242635451
0.116069453720003 0.0845973278097835
0.284940174713266 0.35718458191874
0.206000119923366 0.293024745474745
0.714975340518674 -0.322867488239733
0.666015831043689 -0.350529995246129
-0.109411979377315 0.0621562043072695
-0.0873816038675787 -0.0426968638229662
0.322147405732517 -0.60445514728548
0.248151696937866 0.741132235641715
1.38717892254327 0.188748549040576
0.113312418545804 -0.102848094576728
0.88539617909856 0.337526825291057
0.787551557310473 0.530186737119198
0.605495052392019 0.48478889276223
0.757044577362974 0.377935116204112
0.118355825718659 -0.0964792541942544
0.514103172439656 0.239663292671546
0.249310414481424 0.133730350465523
0.539722710434955 0.16356010618718
0.434931814775631 0.0204400008942187
0.177744841795136 -0.126771293281923
0.115703865693823 -0.0979082532289591
0.077402930398483 0.188852236015703
0.179498624335567 0.379301923227033
0.218235610267337 -0.0304053862741013
0.42972260598524 -0.016884990401717
0.594012669392899 0.0107874786928269
0.465304545942884 -0.245413418152534
0.683802947814524 0.416295660531842
0.857660837780004 -0.112595921268733
0.652360289068824 0.188031599019449
0.951452822854399 0.0743826857868743
0.832927496331057 -0.0577192590621037
0.419328333490148 0.461077106095464
0.753076664283609 0.0652638613646725
0.834669632357473 0.0852962741162368
0.467880745415726 0.359573161865647
0.629443648559525 0.31972226829877
0.490000014934832 -0.258064249093051
0.0470851680060507 0.00580012481319083
0.297828540841637 -0.023232364957405
0.168590365218146 -0.0673626130793614
-0.0750587436915833 0.138473671695329
0.0605868121036877 -0.134910004776087
0.134977293903939 0.0525746991699675
0.275431515551671 -0.040704831078572
-0.046053784318811 -0.150663568568429
0.485649911717752 -0.0658442124811833
0.251271108520779 0.0843603895581749
-0.519054166801128 0.60172219191995
0.426270369690453 0.04252801281229
0.130373505984417 -0.00689126393077672
0.028272457481494 0.297163169916078
0.426800067850788 0.00467409405306157
0.269883135502767 -0.122487922673679
-0.0312205328968024 0.210652445506348
0.364033592277619 -0.226385605732678
0.308829419081816 0.416712072659961
-0.00829023195929702 -0.085529446234201
0.586115244187788 -0.284965738748148
-0.172363534899957 -0.244824413777254
0.66957642820796 0.367057076620737
0.231854930643856 0.447003854374049
0.340208650821072 -0.324130220520858
0.237767755056643 -0.384328502543589
-0.200688919364039 0.128961779280856
0.134142135221033 -0.323361805110462
0.481087826164585 -0.255410545091409
0.253911573153521 0.445414127221285
0.268967744285867 -0.479763117468586
0.811971627653914 0.169659053214588
-0.336295560700209 0.351299265746258
0.349223850932393 -0.644350161296603
0.995165650316812 -0.159785886133278
1.0556815659453 0.266790913434928
0.69071642083904 -0.238354339869418
0.449166474212254 0.557141691265975
0.240998436733426 -0.476982691185546
0.687909793517638 -0.433257806866937
0.596751259451225 -0.334648743804479
-0.0361999516432498 -0.0204039564708458
0.624649539942742 0.450961992121831
-0.0313599061731599 -0.01368873656209
0.40470654600872 0.721685993436624
0.216189006643462 -0.29331192477187
0.717274294234689 -0.357100139715762
1.20098436741673 -0.482107998720742
0.366573728221623 0.599486834081815
0.481333692452101 -0.606603674772744
0.608318601769842 -0.561432894437895
0.0350885849700227 0.00220119884381605
0.460941257565254 -0.318947641698087
0.279628614878471 0.329982296310217
-0.118786870233364 0.579854277452864
0.452929220245584 -0.0718499821080719
0.335421069198468 0.440070009906158
-0.0479125752739623 -0.358462149515869
-0.00429630356237219 0.16456639521217
0.340954510749222 0.0731652433662123
-0.105690695647524 0.418689953608293
0.278625521675924 0.263182433946463
-0.175168701782469 0.138419162256097
-0.111499581377298 -0.183832602120048
-0.301756622903453 -0.227606431420529
-0.229443796794079 -0.189167774353656
-0.422942907818215 0.167662631448792
-0.525818771278922 -0.413595698624878
-0.158969835411807 0.111297802646442
-0.389100270036045 0.0356499094911762
-0.250434548398293 0.039483549505141
-0.555859415437008 0.277549700664732
-0.739409601677202 0.0905409088486175
-0.588431199986719 0.190429435841636
-0.898548819804356 -0.03685629151493
-0.902820044369496 0.29507895424668
-0.774742246735073 -0.565900773274868
-0.677509599876773 0.181516834770625
-0.27098377891389 -0.637303820135084
-0.123258834292026 -0.309836799854691
-0.567910276187613 0.245165666090597
-0.467223610271955 0.163556487941601
-0.121647377889218 0.388013527741353
-0.428169427950742 0.0954686293737478
-0.287512080487265 0.325747248315224
-0.302583205331005 -0.439850905213186
-0.116623169112998 -0.360086660665507
-0.11166437143163 -0.301958075451271
-0.261695810961956 -0.495658997710407
-0.382288744380602 -0.353886704644938
0.169462187566343 0.112592879147944
0.136383249474027 -0.136084818560097
-0.245017955216288 0.282229552919908
0.207068454315145 0.0688119660896153
-0.705340139370099 0.392467618376351
-0.787916612987025 0.435264562561662
0.0787596112236919 -0.126808375225158
-0.301784702255081 0.483266945963787
-0.365736907026535 -0.579731312015312
-0.0180737582525411 0.0209131908166895
-0.343675074127916 0.579458635746358
-0.912846970581802 0.0144130011654614
-0.0688847150336788 0.196299502202452
-0.416680589529671 -0.287885346330907
-0.532408695239755 -0.662815211011055
-0.17133145673455 -0.0842096168398156
-1.08461396229234 0.0383227067780647
-0.217182622617485 -0.0625043934711983
-1.16644458694134 0.372455535798405
-0.516760432388771 0.356462508550195
-0.615140481298438 0.408164144758015
-0.761566938814379 0.204767835655388
-0.904675012591261 -0.126420384403042
-0.396227672430709 -0.493431729528061
-0.539993850687814 0.143426691945074
-0.461645950493157 -0.386594974960847
-0.0653075520259312 -0.0724002581846546
-0.511764104298951 -0.0316949325130937
-0.540885621342526 0.000787646205807147
-0.432423010817997 -0.299071643458636
-0.542779047248072 -0.0443671904196581
-0.239363855420835 -0.347220311126621
-0.0157289652379436 0.0383999644907898
0.0349937436722752 -0.0539001564412508
-0.13872442380369 0.36238253444406
-0.0350236411769102 0.0922347851919381
-0.287049367376619 -0.0183544659721389
-0.222360758891555 0.37443783544109
-0.70164785825409 -0.189691317738071
-0.161703412482326 -0.515804160720524
-0.602715668480974 0.0687878166831492
0.0750581022285677 -0.435145123779528
-0.495358697599086 0.679823409942538
0.235756892395628 -0.675337182776515
-0.277603292203957 -0.731759812767802
-0.655250647921043 -0.413510178359663
0.607281174542564 -0.453186574254549
-0.654501812492533 -0.00310129159951549
-0.698757945115149 0.114057454024337
-0.974109925178283 -0.103056386628639
0.688539072150324 0.0104049248108522
-0.14021694548343 -0.791832047455935
-0.528398660354922 -0.289191196863145
0.202395318098561 0.645475329528092
-0.0430019496887522 0.504714606909661
-0.346845374681207 -0.0806713201545338
0.128193827658675 -0.241636000140288
0.333220406488204 0.598291127647124
-0.180242847194553 0.00640714509604385
-0.230283181467738 -0.114207298903655
-0.0297861312511721 -0.0305753550436484
0.375620075744407 0.201207074691689
0.226402769449595 -0.0677125630240497
0.234428962249995 0.29692558555434
0.252159420011179 0.0511542358437937
0.304991330510562 0.303861743457425
0.267456041934555 0.191284666908854
0.446351730731314 0.170199509527907
0.865355597624876 -0.0737772631530711
0.48192150610627 0.159668793499967
0.99022859361785 -0.0822567907778568
1.09841184768352 0.204757942895224
0.544710831449342 -0.372583571813035
0.755229836753152 0.362631315588037
0.926498683209916 -0.300784263330017
0.838076911772079 0.663916295716065
1.395484427796 0.0906127939248776
0.729689080330488 -0.714520789013683
1.07125026811641 -0.0457015586176719
0.860459222851428 -0.207142741220024
0.539071341415946 -0.607966753028912
0.291921986797985 -0.819511872883241
0.414662837692839 -0.645384933254177
0.304463136449388 0.641012700143093
0.382107371254921 0.683162817761131
1.3838956125103 0.124987114289402
0.369907633582484 -0.648789993163997
0.259140794738689 -0.651061487624346
-0.143668301150365 -0.0683357255532267
0.147960436575308 -0.592055834717654
0.140186261217529 0.378066316371035
0.73383552928476 -0.549221606169594
0.230606387727886 -0.494856411662176
0.79666952021104 -0.109473156157791
0.0083910842961198 0.828566612568313
0.458059664278006 0.764285846256472
0.124796623997646 0.446672337529396
-0.215177663985873 -0.320218213842659
0.482694272535245 -0.373662882963171
-0.230126722124947 0.776276409501898
-0.188166796016303 -0.754756623459086
0.611755451830786 0.35862969478487
-0.164747615392194 0.308918152182826
1.17522644764795 0.0902853083544705
0.095844509831652 0.859374783954724
-0.549791987965899 0.442389182420357
0.182324710126332 -0.624137069780423
0.890524738267821 0.0409287925644731
0.772584965689117 0.397969362437378
0.8351388950625 0.463658429290462
0.0938161085019773 -0.40517293676064
0.233531134244108 0.537708969198524
0.592258847617884 -0.12521070426774
-0.100659502745837 -0.521898833752211
1.15837122197318 0.0699449421341433
0.829813497982685 0.16350038824035
0.689277609853346 -0.333542509399512
0.357074510082028 -0.517721594731733
0.435747851653335 0.0616972108303904
0.258702137754755 0.564151779670756
0.071159173187683 0.584141458706463
-0.128568353539339 -0.418592578937301
-0.206878951385919 -0.338574778920084
0.429270404688096 -0.00486539599121569
0.281854840358792 0.105340578429343
0.0424244107514503 0.455102064853509
0.147775228135496 -0.270976464138395
-0.730323515038652 -0.0172385896036037
-0.312160638518508 -0.259992477163681
-0.00297377984201292 0.181666159272262
0.0312930382322658 0.124183495448284
0.15039896974708 0.134814386275285
0.142475869645833 0.283165062701453
-0.0198683972136544 -0.229317632739414
0.0597524542795719 0.213514408711608
-0.268629200529918 0.060849067562222
-0.0215760280245705 0.335137529252152
0.04900998417796 0.354210873127207
-0.698422086681985 -0.216952065617469
-0.163722213685008 0.088189414999792
-0.394188590181144 -0.409195375557176
-0.486539589177233 -0.694265957497825
-0.426446492345518 0.55066769650885
-0.195211627324905 -0.618009655175653
-1.01992854554277 -0.241348652483525
-0.990929516187413 -0.290510567608182
-0.730251791127833 -0.476112376207756
1.09131362209007 0.100638797592104
-0.790329604915613 0.146165655403693
0.707149319379452 -0.890876680836409
-0.658933493044803 -0.00230619520739085
0.0937865980088034 -0.897156899522163
-0.683824170586473 -0.0311854381054626
-0.577348176461457 -0.0205803624101656
-0.224340360327495 0.7734807539678
-0.108564705524711 0.705520973773837
-0.0527765991045087 -0.79675504798862
-0.418118535273848 0.736030663253755
-0.647726128656624 0.018057177445225
-0.0952613689252864 -0.693130468268034
0.290181890010086 -0.588936975514173
-0.29480299761941 -0.195521672630881
0.362598238909205 0.439316463719612
-0.151839324048889 -0.614426710961121
-0.613163685200188 0.127653411375158
0.468549910916289 0.27587822081164
0.0682169060379741 0.734166440828377
0.366932847804956 -0.695923963934728
-0.4303033414418 -0.591002823585299
0.731701940311042 -0.92509465159018
0.866116787724767 -0.158677034601589
0.20881408498737 -0.711551817963191
0.358625562204669 -0.652349744438682
1.12114411182419 -0.132815793954514
-0.0710113846415562 0.815056168139237
0.363418743738383 -0.789709992751418
0.775201005469649 0.149796933527352
-0.393878058981586 0.720487028907714
0.738989020382525 0.00166576931710503
-0.489144652781175 -0.832628373507284
0.0672954158438569 -0.652943343927021
0.634178480492394 0.0948167425459848
0.33551214469071 -0.674924166692235
0.276828983679245 0.682585606361606
0.37513163599785 -0.55733665864543
0.655265676546456 0.133352094180345
0.717219445122192 -0.119188065154304
0.127955249784502 -0.0727603605402731
0.302424715305709 0.0118577686507721
0.715024366572852 0.023583761204913
0.449207573006406 0.417427571691521
-0.0271804652830203 -0.0157819502161876
0.820368544352892 -0.50213669193554
0.300576444583858 -0.722327477297038
0.517719154043977 -0.477788415152917
1.30796572188916 0.171160329189602
0.899508019678691 0.85618772548643
-0.0819268785592076 0.233314126485487
0.91639953701477 0.448197937366608
0.123519607505518 -0.883837226880511
-0.525103950726358 0.414830155918898
-0.544572002731472 -0.472164630716443
0.0756347640817727 0.866348986580137
-0.426062909233776 0.0557542403373707
0.147825324650862 -0.581305646323604
-0.304500044588512 0.303587647680347
-0.074629393327176 0.457282329542245
0.499947682292237 -0.140022975821809
0.32209295123952 0.00748636363204906
0.301240524855867 -0.240424106806678
0.555945095267826 0.0870788243544821
0.194342089223942 -0.296306725501575
0.460178344543371 -0.408433509028306
0.745682667311827 -0.103155496598207
0.299281648436972 -0.449866773171704
0.0970002319817661 0.538918110057429
0.798701063979183 -0.00430797125825526
0.389113948130765 0.247974205427699
0.56151931682075 0.0324464423087792
0.818977919905891 0.120886958475642
0.110698220096248 -0.668455563445454
0.66358661650243 0.665393284701069
-0.619009045799504 0.0472216303040155
-0.495173571967379 0.80776985560245
-0.0155861579496994 0.892774833116539
-0.0645173284107033 0.943504971164827
-0.0415340759091427 0.908179433773855
-0.705076616487726 0.248111805727869
0.338063279475923 0.238600110511325
-0.843593040622312 -0.592718553231623
-0.344777497794863 -0.851328210299623
-0.65725562064319 -0.332989811887143
-0.650830143860378 0.476052482415836
0.219402191790845 0.142196328648463
0.0924874296501342 0.166597846613992
-1.15383090998767 -0.148818529306162
0.35724398472116 -0.254612375200717
-0.977873785107693 -0.737996543412878
-0.212326103515861 -0.898763660831548
0.18852581057931 0.971396455121589
-1.5487851320438 -0.119965967244948
-1.04353885518246 0.951796256957399
-0.24014329053164 0.886099178617757
-0.027471274777505 -1.10588878579965
-0.997753563744779 0.98390015694633
-0.170911291507168 1.00393907153734
0.1952843752404 -1.05683631365506
0.702744457782993 -0.0174078541841542
0.854009168680643 0.0126811828107331
0.0339381504142277 1.17288362857088
-0.916033849064136 1.17863240289125
0.94772399742917 0.015947580134488
-0.124163409671924 -1.15517168161602
-1.05284416309922 1.13024243834217
