-0.262149089932472 -1.44675973053028
-1.36416570905025 0.133966275552578
0.582880160020928 1.31652180070748
0.451240239034398 1.39474962079742
-0.762324508318739 1.40052883151443
-0.653072619986393 1.3143735981665
-0.688186408631145 1.25449460402053
0.319660874655589 1.13368066979471
-1.56999855122294 -0.0699742474090407
-0.631539736010905 -1.25050334495388
0.104537145178495 -1.27524592343813
-1.03833884394664 0.510381345469478
-1.49396134348989 -0.0749870339301597
-0.785706910103674 -1.08668603730919
0.604320354144053 -0.0204716577890299
-1.46724737787244 0.438431753453396
-0.618406988617562 0.564904189049331
-0.792638912633332 0.745582805342048
-0.911021101739241 -0.292487967587751
-0.564012722410729 0.239221700020389
-0.980373877781837 -0.0471555772150585
-0.115213750766149 0.780633132601613
0.13256618183876 0.638186488461225
0.14195122239281 -0.637603722787856
-0.28897725235523 -0.58738246215699
-0.248647205672975 -0.544597637734966
0.206152701554336 -0.510027166638895
-0.737293538476056 -0.0402832129302452
-0.636359115082651 0.17374144911769
-0.514492946866665 -0.1751247836872
-0.786929933075454 -0.0484290821885562
0.159292952435225 -0.0985687879750868
-0.217482088384224 -0.381046200472593
-0.0913890998221557 0.112849416124182
-0.923469775832339 -0.0548130338771028
-0.670339660073075 0.261507407163531
-0.735742895640011 0.0916337334968904
-0.668949402218332 0.25721947862907
-0.0612878104601049 -0.140372585741088
-0.439331591993899 -0.245292156206435
-0.160287510893165 0.0200898299091652
-0.383171077305654 -0.109847822255609
-0.386165462818158 -0.269604311704312
-0.447917476168573 -0.104204491546421
-0.41257876484335 0.155091776640636
-0.446408418577729 -0.19018036977276
-0.648012866758825 -0.0232585983611579
-0.460664927384974 -0.108300028448992
-0.308314200970055 -0.121874735262298
-0.524071970728237 -0.200478865261408
-0.498720664697343 -0.083999199020998
-0.455762180455197 0.046474159098409
-0.357974919062247 -0.0270014589698688
-0.362763332896342 0.0321462603770023
-0.486441776703613 -0.07032696154934
-0.527434087867637 -0.0226676045327747
-0.525319673036505 -0.0285591993954852
-0.548146221566843 -0.0424580095097252
-0.671269059981939 0.0431906556183323
-0.577527102538019 -0.00402446511595019
-0.478028608224842 -0.182413158584428
-0.324562998035323 -0.00929935930807767
-0.574813406185176 0.192740014132579
-0.783223581756684 -0.341378221338578
-0.926292102301298 0.1390823466126
-0.72528712053298 -0.404739839197699
-1.04811329848163 -0.0459446796442362
-0.789378902929775 0.173694151318746
-0.428640411780177 0.278591919732151
-0.427900774359626 -0.15388814385759
-0.529091692017794 0.30385022478297
-0.242755762092391 -0.341729493177903
-0.469001589139822 -0.0435682924404914
-0.162142952781324 -0.0557279031112835
-0.466525367479757 -0.182888512010113
-0.262451984907281 -0.296110005306583
-0.290595571658498 -0.263444392015951
-0.315443238014782 -0.24411237784877
-0.137714177148129 0.032898232556472
-0.391832873670597 0.168061723719303
-0.209150331434485 -0.0865988146109562
-0.226919425687209 0.0614850048175471
-0.496620348236986 -0.0379668279866386
-0.374353484148073 0.0961898055720004
-0.46089898109327 0.148875030067611
-0.654049814045378 -0.066639940603528
-0.524744719891896 0.234473264387373
-0.622394231834958 -0.375983276012545
-0.298286006525061 0.324337447614587
-1.03902521691851 0.0268207030883332
-0.864904225216033 0.359429580436116
-0.1667664846865 -0.0213306229161495
-0.605324861159432 0.259748433377956
-0.548580984890696 -0.157161944837612
-0.381054248344957 -0.0615895400591556
-0.646254315493093 -0.106524426073384
-0.359548065220461 -0.195321386543622
-0.351451655642325 -0.146386326874802
-0.600262370872533 -0.0495513198709264
-0.335486398419485 -0.0630958242955725
-0.395496088380746 -0.0980012441532646
-0.361936530605447 0.164837586289727
-0.382734429250805 0.20214106415896
-0.407824583022479 0.240609616285226
-0.710466972690605 0.181643700945397
-0.632150441608073 -0.384569567565013
0.00541492238249167 0.037587914730562
-0.258769566086024 -0.466854779516694
-0.443079733998829 -0.390473175329436
-0.321862232075972 -0.383470141503372
-0.275159940963795 -0.377157587635381
-0.138602465126309 0.366668537024333
0.44360875622302 0.0144595505798807
0.0947681669619818 0.662112890979624
0.268371438137876 -0.667053394857947
0.666784680436997 0.0288238676490093
0.126045384408574 -0.65678788814908
0.242487961902286 -0.682746048704101
0.141149075496442 0.699993024285274
0.0624127842061561 0.60488124094268
0.487683038489619 -0.171210188964824
0.159095013538672 -0.713447962159459
-0.76376275221081 0.196491205688152
-0.000998855906635815 -0.522350830802724
-0.0624349866723175 0.382523714380373
-0.847863442690064 -0.0570676119973484
0.386762186404567 0.587295535537653
0.229383695475622 0.605153120531685
-0.455570554903733 0.36658551402352
0.397506948705131 -0.408895081508584
-0.277490948559288 0.349831960987194
0.01948808505452 0.684588472322935
-0.758090734531738 0.0517284718533107
-0.64916405677815 -0.093301541917961
-0.775932154178098 -0.0758615378339524
-0.836165618434549 0.0314001107075139
-0.131667019904887 0.600887920890688
0.209718355966536 -0.471076811003628
0.657744612424623 0.00454126542103724
-0.806425042645886 0.00723995011248358
-0.134973010822461 0.23651620036027
-0.102511582117775 -0.468102807601754
-0.102579094676395 0.23222484276023
0.249570131653865 -0.677341399309784
-0.17979385593509 0.615210770182555
0.380852441374086 -0.673570714911301
0.548027499367122 -0.530961690876907
-0.0794642238445505 0.64831533124476
-0.0977197300235349 0.609978572685961
-0.511063441933418 -0.0447415592669602
-0.375360509093443 -0.0123868599580568
-0.0467189800915431 -0.638309703745586
-0.0326567609116975 0.678580167442459
0.730828174714629 -0.192641000724971
0.0530850428064513 0.402860451591671
0.510843721003523 0.557724307500807
0.134027458895586 -0.416644531464551
0.49679315948582 -0.147560837667753
0.273758167453748 -0.30551274268002
0.012368882658733 -0.111743455803733
0.150431594696487 -0.207626069535304
0.189298061910118 -0.32371282394133
0.299930840931558 0.155969699864432
0.464335182767045 0.0903496031432447
-0.193107230978585 0.517315419232305
-0.276875536109902 0.523656751309186
-0.384942619687493 0.481645468964861
-0.359455175568165 0.5734425975528
-0.512635116760162 -0.301687485423719
0.266504719790257 -0.729826014578947
0.208516041538188 0.611948190996207
0.444284303126861 0.393671566107731
0.475866530092534 -0.720368469577961
0.0258828733565561 0.430912705745378
-0.322320429400163 -0.387973725731729
0.336528456744305 0.65011475037852
0.65715101148218 -0.732079828841451
-0.237931564482749 0.201931537147147
1.06305942326988 0.0252549977577235
-0.250606393598857 0.0977324212710459
0.31010278931212 0.45384530366417
0.260358318435238 0.644114406269949
-0.224584936556715 0.167370349217673
-0.361652612337017 0.198912295269251
0.468854541685927 0.741004425856671
-0.0612549248775242 0.793774398143481
0.521060428147077 0.454893017895924
0.799055571151723 0.00133738281419783
-0.247170623664405 0.617127731990133
-0.517538802405446 0.209665911522271
0.0403830784294494 0.698743335800565
-0.777959080083392 -0.0284272772756854
-0.640298508217289 -0.337701755010112
0.281559981692034 -0.776820043398301
0.00124722189707677 -0.747046162554005
0.548240896457624 0.367651637924412
-0.387139779902256 0.366356334751791
-0.389688343159164 -0.702288955705748
-0.412657746851161 -0.337573703224697
0.166548373526134 -0.714413267845646
0.30533553342116 0.244286725675211
0.414272454790735 -0.127437280909267
-0.114540514711253 0.603291811615534
-0.72844575655735 0.469941518636735
0.228617540794828 0.120984335412863
-0.322952079610548 0.487612654002723
-0.880157120732638 -0.0238045599906953
0.111283541640155 0.101689869772848
0.225005350177655 -0.18295473585653
-0.105675800848565 0.429128275843708
-0.507034712841065 -0.201199880999013
0.0290261425722948 0.221350704126001
-0.326170593484725 -0.0800354463431629
-0.00626536697260029 -0.483763327192182
0.0367282541103502 -0.496061606596356
-0.154244443251422 -0.560399468770196
0.110255436747825 0.340997146871416
-0.21628226820578 -0.105160571949992
-0.182356652493441 -0.713860644311957
-0.23728345862151 0.555341102668688
0.404112045526746 0.202851629422937
0.0918924658373633 0.483341586575411
0.230255427976622 0.649689353186577
-0.723613706434927 -0.00928697613432542
-0.239847020244783 0.644335364492539
-0.494434590328849 0.387049374076292
0.224891114938891 -0.780465397855966
0.672899418637276 0.18754045847776
0.203939712034639 0.681142253029136
0.728513105710934 -0.208030127455393
-0.0945511200434874 0.600618620250363
-0.708218345174626 0.268925387258747
-0.4294231248766 0.696665912011414
0.123108951019442 -0.683146618290381
-0.341611195086444 0.520473333765984
0.270517395189622 -0.336561593657346
0.142383142480425 0.525030425726172
0.410647719942144 -0.00377260156113765
0.0486834903996384 0.385015487848445
-0.00743996737333717 0.303800883830873
-0.0600876152687563 -0.17699560071583
0.0844903251314679 -0.153606024214489
-0.00327028865492981 -0.2364018286866
0.242205740213142 0.0499126690817613
0.121672818803438 -0.134609918983606
0.358285566188864 0.184222725463604
0.0821066069898158 0.159686125513549
0.0718665499838534 -0.321419762820479
0.228741029055663 -0.182438193319957
-0.177073330246888 0.0557288072397144
0.2298800700771 -0.39664220007561
0.277463708181161 0.297887247228477
0.524809704312041 0.333892301463961
0.280843251951993 0.439882847471294
0.00796670693022125 -0.626892229395215
0.501880665106209 -0.222934810724719
0.210517130582385 -0.592807188774638
0.86724634959338 -0.225329566407244
0.571833754726832 -0.457594422122504
-0.029933735709267 0.296955922524477
0.582914170490791 -0.317583084553771
0.52677543398605 0.0900768733276797
0.231399185046228 0.387282218715103
0.277916736623317 0.401946551552779
0.183488810908765 0.490917494808778
-0.199328775128153 0.189255488086132
-0.0392914654843141 0.156745585664723
0.13774470255847 -0.277538241090911
0.143025942813936 -0.28391143079943
0.118228800115391 0.198338851994029
0.253034818391132 -0.0356791224077709
0.000187583231506305 0.0497176201058657
0.217375166817432 0.218161363670853
0.0525038371560911 0.204956609997919
0.500292982203688 0.00102378365007994
0.324489651021479 0.264023807929189
0.286496879411672 0.427794664274005
0.370081916868134 -0.387074730541829
0.679700711700544 0.0436290770054455
-0.229138688441579 0.282464841847155
0.547780553232885 0.0675623958960656
0.411864650293625 0.0541540142736238
0.259647237017968 -0.247279830353528
0.431110061358836 -0.0765978113447246
0.356422375920481 -0.232139816758717
0.0742857807354664 -0.259103533032047
0.217468635156221 -0.0245398485162142
-0.22964742816182 0.0709317067847237
0.104824151596319 0.291432118358355
-0.0538079391916758 -0.326980970807833
-0.288706977357094 0.185636279782151
0.303498346308237 0.129746140295021
0.115414853690074 0.0170634550185151
-0.0488696467798372 -0.326361473130182
0.012753194494103 -0.315004215719752
0.131051933837456 -0.139710439383544
-0.360145887326489 0.498026674959087
0.171957122138259 -0.609286312391621
-0.0990207750297069 -0.150346277250719
-0.0469552830772142 -0.475851395216632
0.0207971892355872 -0.548610638356357
-0.373162492150819 -0.522238814925693
0.422769786941232 0.0018944603804159
0.00136229673707272 -0.497891882124925
0.301472242847873 0.00663969124633307
0.0420708310043681 -0.260783309493493
0.217315006967853 0.0623112071857488
0.112670576268115 -0.232569997717796
0.271137539998288 0.200287206655347
-0.0232316728566787 -0.36474017337894
-0.383761792579066 0.022876362587889
0.08011509726655 -0.321389036394508
-0.315099417065567 0.0342357549918155
-0.193333103214644 0.181722936537298
0.0486423680177586 0.0205430007493734
-0.079075818316329 0.15606158251626
-0.186305667948734 0.0996730664521551
-0.127994349845933 -0.152807461223556
-0.1296522842338 -0.129978224387652
-0.176449295537014 -0.111825100642368
-0.0554753225123846 -0.26805915921222
-0.0581431654356461 0.271060371213654
-0.156949435563866 -0.209570152475614
-0.193110696379397 -0.337286837818153
-0.148791969584746 -0.349092299662878
0.108280259909347 0.07312422029172
0.149710462586038 -0.0281025470803642
-0.27354455110901 -0.303333448384264
-0.308484774608037 0.129752801832102
0.177838945056226 -0.0894935947598164
-0.582798300196382 0.437625431825376
-0.200126658584661 -0.579926087164219
0.353052212857141 0.0656914902565687
-0.0619390082237717 -0.556883835402201
0.38564809550284 -0.0874103163960388
-0.0891818594653784 0.611114591326293
-0.13109959864547 0.55112390670738
-0.450359323503338 -0.553813478610922
-0.860576235014089 0.0543050444789822
-0.0787757597180812 -0.413487718993308
-0.502046979919632 0.25885710190428
-0.10771490217451 0.406746087319935
-0.284516502009062 0.203021879467111
0.0897542076512202 -0.411830816576382
-0.260813449880194 0.254680744131262
0.0735270527202685 0.180852531842594
-0.617038131786423 0.00769812367695538
-0.367100535564977 0.23080427879849
-0.369096425425284 0.105636509549448
-0.330254961526751 0.111482722944589
-0.164716122633262 -0.0189422613113032
-0.0281027656634156 0.118185800841896
-0.399227847357601 0.353794032317081
-0.295204680962241 0.317618029519954
-0.00533721959855939 -0.000653260277245197
-0.312218820249401 -0.376844834254147
-0.290784162066373 -0.479209823498715
-0.500095177834682 0.12335022467289
-0.0990420425620511 -0.0366580554482892
-0.973232850608367 -0.0286211814259845
0.0470503367777332 0.246912162871441
0.353120673737578 -0.244885771696876
-0.313707347884431 0.40316013314538
-0.647694886575188 0.0548242423784587
0.0519955094425806 -0.146384395346205
-0.199698873121102 -0.636958063187624
0.438814156174328 -0.557399233473943
-0.144175987047558 0.510373812888055
-0.493227305891827 -0.0192255491417824
-0.0149429419692417 -0.552085959621966
-0.197678170442358 0.6103553497209
0.215353489435933 -0.603084850869849
-0.324894224979389 -0.71996310528485
-0.070824672021403 -0.416771302703325
-0.169360993636409 0.512220206128838
-0.24394562858328 -0.405119030655268
0.243733952339964 -0.0770229269021906
0.231856651451246 -0.126975664272441
-0.177125938099337 0.557556471277324
-0.1518699640392 0.5387030040036
-0.349838703439747 0.412403468731602
0.0978615886418986 0.206167520566072
0.223446226042158 0.107797385292292
-0.389172744676533 -0.309512884587905
-0.133554842379504 -0.544050940072351
-0.116407436336041 -0.477158672535147
0.268276869453997 0.0343198942695824
0.247856419353531 -0.0258704121095248
0.189769529411982 -0.0181175517719076
0.329744727844038 -0.147998977941024
0.257635695976763 -0.0461075328231621
-0.196512352821863 -0.530339238471259
-0.890392704377214 0.16329430390218
-0.795598547313892 0.414020780002645
0.0786384870926183 -0.0140303744352073
0.108550108775512 0.0460279410842929
-0.498124950462668 -0.487259994280607
-1.00823595228255 0.143160089697237
-0.466688144331079 -0.52934054011616
0.0214757982783969 -0.0193540895118133
0.215193236135338 -0.00468357896952677
-1.01308094522263 0.528664958788994
-0.541996212149951 0.584533111054186
0.137922147865482 -0.00842423152261893
-0.441610641478757 -0.665072518028535
0.123055665216916 0.109076929838291
-0.920680913408518 -0.797214980477474
-0.510346349691113 0.733349224488155
-0.879223344332913 -0.260779203076986
-0.762370671722302 -0.624404251475996
-1.64380081150606 -0.0711014286763897
-0.62982423159601 0.80690417127178
-0.99833299458691 0.0811320594348169
-0.137270038837209 -0.20306186417538
-0.81636617857616 -0.724065783440556
-0.763601820867331 0.792377775792571
-1.25990551989876 -0.958126126384874
-1.64671161171114 0.186250787375695
-1.12635954582075 -0.423174340582026
-0.234428361859636 -0.0201792340590531
-1.09670247610372 -0.479684399537528
-0.627853093187902 1.05284056930614
-1.80507480498474 0.278552548599751
-1.12962304085606 -0.729225858398952
-1.8658257562148 0.338197462370186
-0.183347547350936 -0.163773054909503
-1.31229262176058 -0.553667360435705
-1.57128880928181 1.15780730708521
-0.69927674800034 -1.21851930614954
-1.48475471470444 1.24855769767109
-0.579302960947536 1.20565170997413
-2.25834644415187 -0.0785131689854832
-0.597896655657127 1.15385963290181
-0.535352898096923 1.13091897961716
-1.08397881063964 -1.27528093942447
-1.91029262547906 -0.0935185760794769
-0.367996169314098 -1.14295794422189
-0.330372357369359 -1.07306370275415
0.331373880319274 0.15986526731743
-0.816366759033179 -1.13309298462673
-0.298452493900486 0.86605116222393
-0.317053647583937 0.840691182069116
-1.4094690773459 -0.0906994576418717
-0.809592219982678 -0.732009311785095
-0.290916878640572 -0.669428346881626
-0.69159502397813 -0.618618846916271
0.702018911817458 -0.104560548799286
-0.36983691815986 0.423136371909857
-0.410970843943184 0.328132742704832
-0.38812710345402 -0.888740711811509
-0.827099819430238 0.0596828088998621
-0.556148195749167 0.209054901151463
-0.314445669124413 -0.0232418177398489
0.165536891420753 -0.779832026890052
0.198585471219843 -0.825007241332142
-0.307528681146806 0.596248248869324
-0.660018649904719 0.163054838517478
-0.877348427702802 -0.0473163482667414
-0.587868384306711 -0.826469495845087
-1.06459735132482 0.0221592403536929
-0.800700311136619 0.29484454214956
0.0153789394003717 -0.953344842306139
-0.564972785708747 0.801769995562314
-0.819840258813992 -0.422193380941988
-0.426089179852947 -0.986230363619315
-0.993242397381714 -0.205187264988552
-0.913241086892033 0.382379265009017
-0.0839280402719043 -1.01013429909974
-0.204866024531633 -1.11067953292623
-1.08023711990665 0.959295604242896
-0.152056409975843 -0.499329057478928
-0.798481384879571 0.621025876831281
-0.663847437203826 0.821127371785283
-0.536585674681575 -0.941566654223091
-1.41838921188999 0.531047192036395
-1.57985999180091 0.140758618627872
-0.429984796012686 1.00578010513904
-1.52163905306949 0.170783869865588
-1.8254000361728 -0.0949429734291994
0.0942602182275846 -0.116517142472623
0.0722527697959642 -0.178978119700307
-0.847072770595364 -0.875936036852902
-0.954279066067297 -0.804523153057964
-0.964228461337365 -0.705153291069508
0.119158675671251 -0.316551859767573
-1.03457034896509 -0.629736406353064
-1.03423255720449 -0.671822335395997
-0.964656912471393 0.693909508096799
-1.15292474041235 0.963652754156734
-0.870413911899535 0.688468294674262
-0.79125425299191 0.864150423956975
0.230085028616135 -0.499780123181745
-0.831720335330885 0.630677576280638
-0.665377499016403 -0.875066196912105
-0.898969106450114 -1.0458887942136
-0.740909310832837 0.704306576816038
-0.940826394406123 0.797470977047394
-1.10759964493891 0.229376175219113
-0.0004615418043519 -0.965660862094276
0.688364745021877 -0.00233048973518382
-0.0677733745505192 0.899985334302102
-0.412738188498992 0.202650537711341
-0.734042543764666 0.552562470442051
-0.715626862904195 0.444810364846149
-1.4995583226902 -0.102943598927648
-0.859200390648836 -0.438541615123378
-1.42093067751004 -0.0505707297201137
-1.19346969347605 0.120455359598958
0.157039540105956 -0.28658471710246
-0.703568954690759 0.56568099966587
-0.584199038257121 -0.728501156555816
-1.57472823464348 -0.00931699384592336
-1.18430023839333 -0.576490832455218
-1.05498389427952 0.725745469298998
-0.67650683946879 -0.802746019497093
-0.394127612565982 -0.359587226075017
-0.424071678844911 -0.796441851851707
-0.3625495340043 0.283154421180738
-1.03420371488802 -0.396357410510996
-1.04890091538607 0.494305049630336
-1.22926804378934 -0.983656827037316
-0.486871344896102 0.306658601950903
-1.28688864127839 0.791079378326721
-1.50693267443176 0.0776981477736092
-1.48716362350776 0.00283786935798616
-0.548876755259077 -0.418102770216881
-1.43667032918117 -0.0216876727936298
-1.44823551928564 0.239212116950196
-0.482676558225398 0.383712510303142
-0.235678224558528 0.388641055220404
-1.11495200294233 0.198510956923365
0.282479420713417 0.00534544798027074
-1.03665464848316 -0.1243916600407
-0.768494658676366 0.322350625425924
-0.947232612844822 -0.308250577127264
-1.1746913057601 0.0378140431321468
-0.423362797994986 0.616738392983061
-0.514227860255574 0.643616021318022
-0.776613141723694 -0.267897010088169
-0.138133431394502 0.00231490396252304
-1.52691405624581 -0.0426823983257975
-0.783001097796885 -0.530739755912024
-1.57778061957386 0.00933226993385058
-1.54184241647594 -0.157918539315136
-1.26051306734782 -0.496314197599862
-0.242530551649112 0.128090661034381
-1.13736060258512 -0.774133649340052
-0.142857218618361 -0.169402777301048
-0.856276257948076 0.643117122528835
-0.867993962553303 -0.451698707480484
-0.29093179911014 -0.122938542530049
-0.689703693203913 0.771511206329376
-0.681434792159751 0.788343790029677
-0.943129538067197 0.618969592750748
-1.15296257546184 0.433441412323445
-0.983282817683369 -0.423893980001859
-0.653819517042414 -0.749174771511414
-0.819951966091873 -0.686984005230072
-0.47252453369946 -0.102692440540995
-1.15853804842378 -0.320642931121572
-0.819980270619283 -0.598500458391161
-0.858659458211348 -0.574505303592588
-1.08009912031646 0.32801927240409
-0.385065975367517 -0.261423458750246
-1.30726536161984 -0.00545454088538453
-0.762316262571073 -0.239240043906988
-1.13415557229314 -0.224918158135459
-0.629120336079382 -0.422748042313134
-0.795930940822109 -0.180311193639752
-0.526487234358624 0.0482465634899088
-0.685996944816937 -0.226241362829562
-0.42512653126669 -0.0408607246179369
-0.632174156999991 0.199772094549324
-0.396611489460782 -0.107289907352742
-0.247928569037442 -0.0699194787670844
-0.579039314461667 0.316059431515739
-0.797907187474472 0.0848688692449457
-0.257070773487799 -0.134504058738592
-0.37258130270588 0.00989835407490017
-0.337744645533162 0.0438061893630164
-0.540723113496192 0.226180718054761
-0.602648578945941 0.427902335608318
-0.392706764648413 -0.389094477254436
-0.73431033894168 -0.033343998064498
-0.46858544303634 -0.505256406720849
-0.37654270405314 0.587978602288745
-0.802592436629056 0.614024904941381
-0.385575390658161 0.618478229750859
-0.392634499527465 0.513523640663286
-0.0640076051053775 0.103103182345389
-0.806375499208119 0.424699810206282
-0.259194365989317 0.565672872168208
-0.985195852876085 -0.0332227492506201
-0.483576189866294 -0.353965336066241
-0.255452476291187 -0.568837650756729
-0.204049304660501 -0.448725068722453
-0.3945679276793 -0.216494388100226
0.118077546215815 0.0236791023034921
-0.350242578281266 -0.477974811134038
0.13682242874428 -0.0173315839617713
0.105142681277145 -0.0176315939161559
0.0675644500588168 -0.0330261452792223
0.0291250274911283 -0.0114910300862989
-0.172062981307516 0.286772711873475
-0.0592720382630782 -0.338977662422001
-0.18540861493402 -0.046368628638553
0.225040953769066 0.02426669407927
0.250156227718875 -0.00618921816580456
0.0441538888946946 0.503350177428904
0.416769580201051 0.0083209241465724
0.513197578136024 0.0267257012537032
0.491192165239897 -0.0235702215185483
0.552474174422049 0.021060571461147
-0.37386324648239 0.295578027423179
-0.17234507379142 -0.272795594648586
-0.480312538836989 0.503925839395115
0.540333749338697 -0.0687419326444014
-0.448187634534146 -0.310065986719124
0.216659752270301 0.034810739059518
-0.446704880562773 -0.398381374966873
0.151239839228049 -0.605128634417647
-0.0953519359143939 0.688847576120838
-0.302168405549698 -0.201348909024032
0.0848602945636335 0.422902845796415
-0.0136169575551288 0.362819818751681
0.188707820058946 -0.402049180771315
0.156081682036049 0.115170504256739
-0.235883322909208 -0.0608809124652774
0.0641732567498575 0.00156208017462727
-0.193798215908066 0.107131813018164
0.0734893472766816 0.197935215205742
0.0900271928689859 0.146919064250871
-0.351396461427784 -0.0816275247634793
0.0078812781733035 -0.0799682240732119
0.122180185656587 0.294800465094694
0.145600720671752 -0.22501255913983
0.377970078278038 0.0554453114646966
0.155815378653093 -0.241977475257978
0.161160145329634 -0.333935574452839
0.0833937472217939 -0.377514399369502
0.0768760404752676 0.454017185941246
0.131638135098343 0.376905783837263
0.237980362713964 0.350834186446877
0.506587311915043 -8.76789571762414e-05
0.119316352679789 0.478180308714831
0.530107709029512 0.0462229327829081
0.590760471578599 0.0743558595119696
-0.298518463101241 0.597861878194052
0.486428484219595 -0.0949893223057783
0.481912102488255 0.0546937067905728
-0.565142769948026 0.00408673168030013
0.561444893088118 0.0236051776682891
0.379200707474164 0.61381708904805
0.547534186192951 0.1068176501671
0.358031562048374 0.490512108770069
0.741227928155306 -0.0764060299039813
0.0483437939102951 -0.431447362103862
0.224539024608659 0.459843454255682
0.138242961015868 0.531747229165444
-0.0852500061691041 -0.0189987864747883
0.0251034254299366 0.144596911989706
0.557360843668697 -0.0707217382919066
0.2328259897593 -0.179033698938982
0.423521812485935 0.0337060706672779
0.27300828021983 -0.0288891452324475
0.127214176342383 -0.120704835430705
0.0383368123366117 0.0250705575239332
0.218947567356707 -0.139073948586284
0.164049124002732 0.00686716607952926
0.183999072560172 0.0583452707033933
0.42704730550126 0.205180777898838
0.0670454059633122 -0.0312331380643322
0.407926746727022 -0.10447474079667
0.260995397463921 0.100701832243792
0.0688014362852922 0.00521332414295856
0.203482271301585 0.154941698955996
0.210958242568585 -0.383557209949942
0.849825597512425 0.0166921524939928
0.240260264457524 0.445622217276538
0.31288778626727 0.470520990246175
-0.149952241591603 0.140475133170964
0.80359451830035 -0.137197645114935
-0.215755181781036 0.0134866297255217
-0.118628826040639 -0.150055468830486
0.42155539960308 -0.52242756820568
0.212034315187803 0.390246882807367
-0.0565252653729535 0.409299952952334
-0.0699725586631407 -0.0472979665456026
-0.0812720327923197 0.302279914181697
0.0293036347689487 -0.103191277915135
-0.0320522797327179 -0.0182717398084135
0.0520260322563722 0.0710547617764479
-0.218080466439921 -0.0313257129975297
-0.0413489761925844 -0.249731077289122
-0.0243360657174656 0.0714382730066373
-0.188788738273225 -0.0036595627674407
0.0732797736565924 -0.436948353064251
0.104805492284781 -0.448387695868378
0.227810723816244 -0.43192296376198
0.611600966083966 -0.18737508500229
-0.141738668907902 -0.0213376179159549
0.253649400086387 -0.416561034073042
-0.0409476299447262 0.411852422965083
-0.0761222106382349 0.332687815483551
0.317985204951869 -0.117688771195188
0.0309893695810158 0.403771317581317
-0.14302323618782 0.297003868583437
-0.3791800420919 0.0193568943962259
-0.184122273937336 -0.135772408406427
-0.0549456841457566 -0.1145280962921
0.000276920392946384 -0.0252958274214187
-0.12221105700869 -0.129960811042781
-0.114024936866715 0.0223187811878571
-0.186949582119043 -0.0422556448767937
-0.251804724493895 -0.0228137849408139
-0.246874244034981 -0.0667621291166576
-0.276008488170255 -0.121064494475193
-0.31351388459493 -0.0735909677934517
-0.337584406231801 0.110948332827181
-0.13608492036443 0.0164528606492292
-0.296944011945344 -0.0720440270845047
-0.140662910781509 -0.0614841845195679
-0.234571794301477 -0.0438661666954787
-0.00580310277079246 0.017452412549875
-0.213124273823764 -0.0789109213627113
-0.0126267716518204 0.00444787705196965
-0.107421707564694 -0.198879811972366
-0.49312834331031 -0.180185476903305
-0.216206601691958 -0.217568902617576
0.0385112356204733 -0.14791140010451
0.000874776374590741 0.320309347210525
-0.19623376119711 0.113347552453239
-0.213115293796485 0.0533645805128449
-0.206934109962958 0.100134082439331
0.143529922272017 0.311660200658359
0.0299372697577774 -0.322182113374039
-0.0685867971982874 0.248753235760847
-0.0594800907207058 -0.44374799763907
-0.00201564823216091 -0.440348426503357
-0.318674655007331 -0.0898227856119391
-0.0368186065078687 0.505475049598412
-0.00938388007763277 0.440718376278508
-0.312480517893718 -0.0296733299178783
0.0120052603913617 0.524176453183547
0.0628379309611769 -0.45021202167388
0.0794258061799989 0.448871045858216
-0.307730312501316 0.563496650578928
-0.0970547439371229 0.452708622059311
0.131037009288032 0.2460454429385
-0.192451582495505 0.391945652225189
-0.549548636720825 0.0574382075071878
-0.218849490318881 0.352164007863408
0.132486432056014 -0.0769047809106537
-0.167985007535112 -0.335141952369473
-0.310447050783823 -0.443848768660795
-0.339617478215942 -0.435333263283251
-0.355113556548659 0.1485157629152
-0.459689770036792 -0.342752342021026
-0.0404011762677069 -0.392561870094431
-0.0421455470885741 -0.257858998697914
-0.215550738129733 0.330324307755463
-0.353190886627363 -0.230893907678789
-0.236293893038305 -0.103474387810492
-0.339715529966787 0.233773922302846
-0.308314716901997 0.301465208491148
-0.21241778945505 0.0473664288966278
-0.230134757833688 0.164836001790214
-0.138450591073601 -0.148580473098722
-0.126290632911298 -0.011178900621608
0.000654634224854456 -0.021693819788036
-0.202610502627918 0.117760438987546
-0.269960210647301 0.0666433799435888
-0.171614077001607 -0.0231537600080505
-0.143356112590846 -0.057569780901257
-0.15574428587758 0.0589595164854561
-0.23757988313455 -0.0603783633763376
-0.185327864574479 0.174200807320349
-0.0762901667790986 0.124726227001958
-0.101203158168268 0.0445187160784677
-0.209568972806605 -0.061915693148976
0.0728614207078134 0.295387008583009
-0.0210095899234322 0.202825133013254
-0.0922311622264437 -0.230629476906824
-0.243096993509906 -0.0250681293054494
-0.245404422720285 0.0372981974512627
-0.0922209653028919 -0.00523529580268044
-0.479886751886205 0.102345381588531
-0.221655039890434 0.398462462083596
-0.598654948871293 0.0773182459643124
-0.39430606545908 -0.528708270229955
0.0503325422647421 -0.279961275170796
-0.255397978195809 -0.314077640715965
-0.129989533712099 -0.186248730137929
-0.154457530651977 -0.358743262349884
-0.424335411397353 -0.0891942691032021
-0.0823959724579228 -0.38613384035358
-0.2502390378064 -0.13271170129702
-0.514211633067708 0.248319353968995
0.0741561928788336 0.00619657713370934
-0.308723786680449 -0.225642550637043
-0.279938072903932 0.27477024327221
-0.282940625323836 0.157175574837093
-0.142192078720349 -0.0425933234437378
-0.212276630813924 -0.0380754183315961
-0.415285241468286 -0.0669640091192281
-0.187178489012046 -0.172969133517183
-0.438816782595504 0.0292789727915109
-0.129447556202396 -0.166244622480308
-0.312945764374897 0.0248626325769805
0.0131532538538294 -0.016927114573639
-0.106336018177526 -0.10577005571131
-0.204134636964673 0.221926904344526
0.0175610213258227 -0.0706349989470981
0.15569191803655 0.00817230209240625
-0.224640017623974 -0.0776862781771762
-0.0827630884539463 0.0746580333084726
-0.295628492889201 -0.128143290863225
0.020928385693356 -0.178857804419992
-0.0969056850701415 -0.259983397839939
0.215383369975461 -0.224302821852515
-0.124422832921473 -0.0651990613156676
-0.144784686196058 0.156107078731251
-0.54286866845466 -0.0587684973048399
-0.243034609281612 0.378133158284723
0.074922917664534 -0.519701670621125
-0.286343450170066 0.125459414968261
-0.261398262015107 0.12637742826096
0.487815824528219 -0.0250902874186224
-0.0498563182047958 0.354240052343154
-0.0214132560494277 0.35481970296726
0.248036420622564 -0.360915631882506
-0.0435303951649299 0.16477989426737
-0.0136723541530844 0.283499939571835
0.183997667445299 0.414477833515361
0.134162212805072 0.154731982764854
0.258108007160107 -0.0756643965368964
-0.0608564728947079 0.0831380926845266
0.124384241532364 0.134410788062981
0.168219103650943 -0.178938326164128
-0.0148392763779712 -0.0560126053012644
0.16611930319586 0.1083420448764
-0.0403635344877488 -0.195660852363216
-0.198006147881119 -0.0326641743531062
0.00406953270232899 -0.238818634803148
0.044760344309503 -0.190070613788614
0.124426404475869 0.00593195609946127
0.126172925146676 0.0437561043344128
-0.0133336943207108 0.244069796235611
-0.0389419623653921 -0.288714422759362
0.319963099935904 -0.22564164613817
0.295618496117508 0.107266348918007
0.0477476734556322 0.155409358363191
0.011703637587115 -0.456932365502255
-0.119860782059856 0.266229279361927
0.200639804603968 0.287532642264974
0.191173415184642 0.196582001654991
0.246109881774103 0.184777556485089
0.376520134638434 -0.00855552666790045
0.10484521346383 0.185048540614599
0.175876146778089 -0.0659732123170719
0.299462393625429 -0.0437363890070267
0.102387282512326 -0.147114043652091
0.136493425256453 -0.0973349940105021
0.183214451692045 0.131088168652279
-0.16213802897158 -0.0484456791028705
0.000198188626332113 0.0135132175761798
0.083208155923944 0.0357586481477513
0.051201936817837 -0.0775319669561712
-0.0379464555895992 -0.0227441168112174
-0.0523588048264918 -0.0289738286805354
-0.0165108219040856 -0.0441864556581217
-0.041629740678876 -0.0291044283230931
0.139732737436475 0.184527163526438
-0.0481753876194574 -0.330817054935876
0.0973452546942118 0.267917502792746
0.0609364201364538 -0.391330014658698
0.436076220275538 0.238154341386319
0.374395806300165 -0.30507980580399
-0.281830488146686 -0.16308597247805
0.236784305060249 0.157513956557994
0.397469878541505 -0.136063266720101
-0.229022441151681 0.0447234992667688
0.508520738889725 -0.392520589960099
-0.185018035575535 0.000950766667890421
0.40299990623574 -0.209754598224412
0.494749347552799 -0.339593958578867
-0.0557027038423288 0.0146205832368435
-0.0439823847443003 -0.0475299606977669
0.0248159337615001 0.409050981920084
0.563073569133436 -0.247553755984705
0.184956901211355 0.0162321546017349
0.0275798312617045 0.0394366712389724
0.3788713452309 0.445584606958839
0.158995675815496 0.00638727695816393
-0.244727261177719 -0.308906815810625
-0.362433661478595 0.18845455024534
-0.360115457704108 -0.0180289235390775
-0.0666650536663748 0.117553611119723
0.350842737807926 -0.0377760993735911
0.369166714434783 0.146185122130961
0.0692317511181489 0.163789285653658
0.342740793841083 0.179978351394861
-0.130740223832089 -0.0201405607957021
0.178048124158668 0.156702081223355
0.501327628858129 -0.104595897618329
0.139431877683954 -0.113140856684538
0.32257869212258 -0.103186669155966
0.338109753116955 0.20864700907527
0.196258705480828 -0.0175204261538
0.300554330526503 0.107484634767536
0.438751830980309 0.129641473965359
0.318397362348259 -0.00236523872110668
0.446006121340159 0.0582679748217717
0.285032641410115 0.0704136713160779
0.324898020805149 0.0569867215208871
0.579121902764486 0.145199605947004
0.323587621080585 -0.0329809114044025
0.386088832048263 -0.20510434314601
0.338191571318478 -0.318769039457951
0.155388831186572 -0.0143673025004515
0.0248666343713297 -0.0102110605885915
0.127745396389818 0.0839889637729676
0.29518345963263 0.0956276644376083
0.253498742975227 -0.223945921414575
0.15130148127876 -0.0414434669079095
0.407948733598917 0.159005074292464
-0.0539981445821302 9.42644441081423e-05
-0.1014031874766 0.0385056190926805
0.0832254429220717 0.00799173938434997
0.190937901907815 0.0539664051951495
0.304536165255021 0.179291375772823
0.19324967462112 0.145899683003819
0.207248467044401 -0.0523174587332614
0.141198838094132 0.0239603826504112
0.247542395799716 0.0899458299899525
0.122455899266155 -0.00152701179041561
0.161678128732488 -0.0334507991513941
0.19787732589825 0.00529648249848751
0.179553932409873 -0.0712805340707226
0.189859995426945 0.0931396102334335
0.256642962001177 -0.104895578379126
0.238801538764937 -0.101599157289034
0.381273713433488 0.0702848296919296
0.0485974796616422 0.0278689117975733
0.226956641237079 -0.21232879085991
0.312847944867175 0.208499295634656
0.266331735240057 0.222336194493081
0.0322528285794617 0.0548102138831044
0.47891671664733 0.193944340393704
-0.0280720329797263 -0.0597360561966938
0.430424534787013 -0.329347684214126
0.410357917591175 0.368237105451588
0.515460854786121 -0.246288424496762
0.369236644469285 0.128048247367713
0.652929317001184 -0.299309854506515
0.798174177460809 -0.0696617411139742
0.130298367494426 -0.103309905853664
0.141904561145403 -0.0818343888344589
0.373666424488209 0.323603302492874
0.344094558670965 0.252089483919692
0.346447392896919 0.271809050934115
0.114998945752884 -0.190652059731915
0.457280411905113 -0.29932498818383
0.347047594668724 -0.297470845025153
0.557452720242107 0.164562303915052
0.505103461465173 0.165123543011364
0.380196404678677 0.298620001149732
0.209529308052473 0.311996384154894
0.0216718837539282 -0.32924898465911
0.575265962595293 -0.00977330241085344
0.237869767862783 -0.366276320758963
0.20601351929827 -0.171360520053501
0.454219104720775 0.00280991842915103
0.438900141029146 0.0308008743059143
-0.10446199746191 0.0890194424303079
0.36307333789613 -0.0244306612931241
0.271872579023985 0.0150067560910145
0.0715555805447267 -0.0955734959390869
0.00055495789462176 0.264676420395515
-0.247028935685087 0.185659070326434
0.178576671893916 0.00352323666209691
-0.037259520267746 -0.216064531725264
-0.0826630684868869 -0.364691350656138
0.105802455343539 -0.00332925180320644
0.0988547492436726 0.000289511769992183
-0.0990830996904214 0.325574127251411
-0.43922617103482 0.160174420045923
-0.242549700050021 0.322643860563391
-0.384939045409638 -0.189370406588117
-0.0796761924397115 -0.0145662110918614
0.302907065541915 -0.23551714048605
-0.15696751858469 -0.546890802033681
-0.835167672906155 0.206966363164306
-0.362989091090417 0.265681358659245
-0.417387386590459 -0.600767550521518
-0.431135854241301 -0.23539535929162
-0.483236593595075 0.0821858853748481
-0.343235561153363 -0.0770749447107895
-0.279175889130734 -0.257124622020532
-0.0749666373967492 -0.0314641076633494
-0.324016530056699 -0.18760633537984
-0.349666970909611 -0.323443676277706
-0.615322053055402 -0.018506977475265
-0.343910568426676 -0.144203508924273
-0.483262598312898 0.0460757762422865
-0.201164215854233 -0.387924700819632
0.252125214447051 -0.110434702357467
-0.115465767913041 0.140391268412506
0.226968440463861 -0.163046441637829
-0.256946693933889 0.017627472945627
-0.0113114299191034 -0.297405873692947
-0.195326266391228 -0.177113865275075
-0.226708991428396 -0.192153943962148
0.402194833496533 -0.20853178099697
0.706247117949997 0.0403566117505381
-0.0163612651359261 -0.556388599921689
0.0468555777571792 0.585692974637844
-0.278230168897927 -0.120628095507342
0.100797876874215 0.585195859976624
-0.469787742015246 -0.0484345294431569
-0.452867862191829 -0.0821757895541552
-0.488261591560936 -0.0043941799932731
0.576606174177782 -0.0115722145539322
-0.141740723357901 0.235758932686265
-0.119762700965425 0.4220195429354
-0.342373610739265 -0.515518320374886
0.348571780551645 0.352311879310211
-0.492200104936412 0.0493733686617183
0.360200443649788 -0.136163618593852
0.436196283113666 -0.180517225372115
0.0100400744072103 0.517903271982856
-0.42427557521193 0.35131905042069
0.416797586650717 -0.152863364197723
0.347721459490838 0.0788390945967099
-0.077769285531498 -0.404614495428729
-0.41787395075107 -0.525002632132938
-0.0204330227017168 -0.344745619102534
-0.0358298652692692 -0.261007691226653
-0.0889616016274786 -0.206116884211683
-0.320455900872427 0.0417516832780597
-0.0509872670380227 0.171010534305837
-0.103260313832266 -0.125752177598524
-0.154108696877407 -0.152169994233186
-0.128862294810226 0.0409559604947052
-0.0670486033490421 0.159002810129116
-0.260907129123349 -0.264225093581084
0.143350045307311 0.03321070421166
-0.109267360194534 0.227870802036877
-0.541432405347321 0.0312622970408599
-0.359957180648971 0.261989657815827
-0.00381540056356197 -0.132768410987195
-0.0883865931049363 -0.264297787833334
-0.145584757755432 0.293793252299192
-0.0641810114483933 -0.158834585601599
0.143283897033353 -0.232532576353489
0.129506745657285 -0.365874575895818
0.0291040952741741 -0.39299235466379
0.0245432728017092 -0.458363914943566
-0.418973358865448 0.414405744531585
-0.0675618751379732 0.486511805025065
0.0698568545013338 -0.291284625472939
0.245909803620312 0.0116297099054714
-0.0329677272622448 0.471077504968049
0.12109218048486 0.511487051509798
0.0806440526515633 0.405478070299677
-0.198586641180659 0.263528724966684
-0.146235271841413 -0.322567855951598
0.325589996551602 0.265262338157121
-0.163915298890325 0.450568882144752
0.125885880319707 -0.539143153683196
-0.261634686635038 0.414852867163012
-0.178684760257255 -0.658514677814575
-0.196075855979644 -0.63499074633678
0.216664495003219 0.191473765194037
-0.536714376544037 -0.282884048850968
-0.698431204752202 -0.746705592320661
-0.589506477568192 -0.388741125184251
-0.38888448599124 -0.686922917912175
-0.990805441562016 -0.750019645130835
-0.350403416209146 0.870006634899623
-1.28237497604357 0.179080724832663
-0.338097947383535 -0.978627578881861
-0.464181930982441 0.916077367034284
-0.667224200309871 -0.785158148740994
0.0233631322703466 0.0769880803045297
-1.86734537865808 -0.0563088879142608
-1.89694854436704 -0.113206094320227
-1.75928632358583 -0.0615369092849303
-1.676195570796 -0.0920336449912038
-1.34090659766944 0.299442912549949
0.170892406287486 -0.0538246504896152
0.149185851017378 -0.110102547624663
-0.928484183577981 -0.68498552104646
-0.282388841495313 0.774660374951488
0.28931968405787 -5.26563990058079e-05
0.392222649685063 0.0119238329086255
-0.501785435996386 -0.538659602233879
0.356836234445922 -0.0301494874159144
-0.271713829231408 0.778617002506055
0.386648859324665 0.0071188272215789
-0.237853574701546 0.592665354613124
-0.646849535065311 0.33474325143399
-0.222773589828854 -0.597117168785064
-0.251358646174169 0.367841395585605
0.04040381688148 0.098287210060559
-0.0502976426031949 -0.0320547633997822
0.0659137783393493 0.0453582731712436
-0.550136400913233 0.128910116708344
-0.179306889710433 0.451802253814986
-0.29879732559053 -0.36275488094629
0.268852963456817 0.0484098719764506
-0.715522381883025 0.00191054697189734
-0.166553936492129 -0.583463858574368
-0.849185571516053 0.2888939615837
-0.10226765923709 -0.760059294931128
-0.517045360876243 -0.820526158657708
0.0826124186109801 -0.742298627933925
-0.000219187215657585 0.663605652167392
0.427724620874113 0.0725390036772795
-0.217783520648354 -0.333478679940291
0.327205325600679 0.0498199837241077
0.13909539344649 -0.0133022056111746
-0.544648703796959 0.119683997088306
0.0235597378311037 0.501903580231807
-0.386578539194233 0.483013223066246
-0.215450621996984 -0.301029186255456
0.0156441603460117 0.618814043740441
0.589003793071869 -0.156457989705306
0.292663425782228 0.0612069926324603
-0.384764038865198 -0.0237956709283957
0.059208638523892 0.470224389715166
-0.366837713777091 -0.251928017642933
-0.101601736247918 0.198929505254043
0.39924748628905 -0.262701785983877
0.0425619807341174 0.344127232725314
0.147145238165151 0.485153326608
0.552150800207366 -0.365811417018016
-0.0732741660737047 -0.0583540777155708
-0.244892489639727 0.0699464274402461
0.0238411893646621 0.477615934853324
-0.225976703387007 0.00205060365262852
-0.12969694817475 0.0033524242319263
0.333558639485197 0.266016731177534
0.297348721209996 0.473717152485019
0.107502912070747 0.0190064465893217
0.419043787985111 0.256015607725143
-0.0255110616761212 -0.21726312286385
-0.245064666415395 0.0604904666167826
0.79828704604691 -0.508000246372872
0.192082906327494 0.530532119416586
0.264895240458253 -0.543267242812015
0.738234452493893 0.295963945441437
-0.305017604370768 -0.386375263514527
0.266486451827862 0.321698549773622
0.0314509890239963 0.621851799309639
0.164107834034484 0.48478283897735
0.149176003199469 0.460137366131505
0.3516567336213 0.321721317623346
0.155402749477198 0.526257930831106
0.46612772967185 -0.0205101793687272
0.276530771477311 -0.364865924422779
0.143106978930306 -0.548790489764049
0.125135881740829 0.540276022792391
0.0690242592008717 0.575059798768853
0.437262861688874 -0.0263047732292799
0.16519984858015 0.529835000172489
0.112591320446177 -0.555087047301973
0.145491070757462 -0.455200759740188
0.243930052841332 -0.435964108474465
0.374171188867227 -0.382327007975433
0.472420527470229 -0.078025073632095
0.407992155702575 -0.359603040820345
0.393495344561676 -0.199608305236331
0.368900077749637 -0.101945840265343
0.317806490544786 -0.0666252152552758
0.361653478572943 -0.0877592104402763
0.311218782433343 0.140931166759273
0.427796185821282 0.0125999983305837
0.546540746269606 -0.081292983802744
0.356116059647374 -0.00214440572802637
0.425319349067443 0.063974315389932
0.374105372480095 -0.083029280344742
0.556051755924835 0.00458938721804884
0.473085849275727 -0.0371879439951808
0.395969960489921 -0.0140221620346857
0.435237633888937 0.118365563892134
0.381117632458016 -0.114516614906827
0.630950942853972 -0.082337114167467
0.2111886235603 -0.246212065042548
0.659573185130111 0.0603569706752936
0.792233600962955 -0.00826693213626317
0.533651819705819 -0.135411306912302
0.568643100781186 -0.272346612573304
0.631951161849172 -0.389158829499564
0.729019245571592 0.422339601087509
0.928176625048419 0.0571679585363781
0.0634345885079237 -0.025990159980541
1.16378609613284 -0.0206280394137704
0.689965077149287 0.26769643925786
1.02763687529855 -0.4653265892543
0.896615215925608 0.269242226345356
0.486125085653899 -0.0393117703281738
0.69710467727092 -0.408537334503473
0.735454652260937 0.36606989456431
0.809386954831053 0.196782430826267
0.704648408090293 0.275762437512545
0.54726565062057 -0.513731394029063
1.12012999258357 -0.258775315743557
0.508433098049268 0.629847368257329
0.577537527958739 0.596375556140027
0.484331310052236 0.664196858618061
1.52484751704475 0.0339169143607089
-0.206646806876296 -0.035232545061169
1.02505658616418 0.788047938008081
0.637839508274084 -0.736764315445598
-0.273749931454613 0.133792006700865
-0.244280834655698 0.183673973859083
0.53047895322449 -0.939042574695306
0.836810634949973 -0.721306805825713
0.0748691998484994 0.224016512515635
0.764684431138302 -0.959963139850608
0.825764634924857 0.962025832686546
0.962280403521859 -0.891068278279979
0.832228179092853 -1.01995433953383
0.939317875786387 -0.911376405791194
1.01378291186329 -0.85530659227455
0.968392902855832 -0.868390020854238
0.417135261430967 0.118838019477444
1.57844957086925 -0.825280401663421
1.61360761214006 -0.829844644402884
1.76097891655972 -0.549319016600011
1.10353875684849 0.57880994542464
0.326376308450869 -0.380019132253278
1.67135896232808 -0.353066322587563
1.33319914083516 0.105471255582298
1.57390936522518 0.352586015699075
1.08445342833236 0.565796964480832
1.7420049868664 0.0432439742817959
0.751156680529385 0.203546411832596
1.28722821132405 0.221778294863503
1.05867524218515 -0.436985722515907
1.14469031064683 -0.334064593470664
1.18047730813295 0.299580780266158
1.48278099359145 -0.278679719985073
1.15922094524001 0.347625021569729
1.46984124211996 0.481732782444391
1.60606401864209 -0.0482786197606958
1.15459173563685 0.522673071096697
1.15983221053738 0.310693336063073
1.09466851827661 -0.579806211257283
0.687238044081306 -0.316379931692168
1.33361676047021 0.818535549654752
1.31039609632771 0.392501373103178
0.918394364042585 0.796208544280008
0.896440626635306 0.839053736638079
0.98856465665963 -0.668349320970766
1.54306034106335 -0.0511911736360623
0.417964480304194 0.753138300923125
0.887025412839675 0.873355084449857
0.893696985338151 -0.745003629604467
1.33667720573803 0.0123059017442122
0.890617257460618 -0.75186086975054
1.34962578708051 0.062293259238118
1.4984512373286 0.328758105539385
0.924378134131138 0.773489975033017
1.07092229974445 0.486686671871012
1.48264949861375 -0.19739548896237
0.319420237574872 -0.289558680751966
1.0136050136079 0.497413235163459
0.86259241182863 0.651503473188435
0.936114721169202 -0.615418194702698
0.986820306520276 -0.524387031358094
1.00355111261806 -0.591973605507746
1.34902655608911 -0.400022946370906
1.11270465911229 0.402092711702242
0.749392871271044 -0.0069787111709568
1.33780734275648 -0.336009402510102
1.08720018536035 0.171164546345578
0.895968344110553 -0.0661883999998953
0.761877317406844 0.0512172570246826
0.740453387088832 0.0685077302830592
0.911492872041206 -0.342719261849833
0.905138925236305 -0.24204769002819
0.860160746738461 0.233568628559844
1.16526795109643 -0.109317180012322
0.552779520337205 0.139603400840368
0.658276674004191 -0.00410281705586374
0.651354796182487 -0.242570216761528
0.697425319778175 0.165748231365932
0.714704693997586 0.152266812160491
0.61102166457856 0.0864192496915143
1.07499424830783 0.0318759836061274
0.946743665773537 -0.249537985042327
0.496104044455607 0.50935940101648
0.985250980961028 -0.104334619568499
0.543733255936148 0.409982979646065
0.68474085336768 -0.22920622570233
0.0538983460794511 0.123892808090978
0.588942365111205 -0.554950474260889
0.965614601905485 0.596069165095714
0.776813629842867 0.343896944585599
0.150934170490373 0.0628623845540539
0.635919080951197 -0.593685125590474
0.720818109896539 -0.526360058142243
0.295456306745026 0.0402975338045281
0.663272678602048 0.329507024513201
0.688674091082131 0.322720653925828
0.362211824515673 0.00842522388919414
0.639670255797222 0.10464830975666
0.665924035643385 0.135128334439503
0.446223511700905 0.0435644273855908
0.670615295930792 -0.227137119640512
0.890332191283653 0.326448888408692
0.781062489635918 -0.253463392536527
0.554955026319907 0.127077272200888
0.553873709527623 0.0186748253501801
1.2216627190391 0.0259057403707023
0.458023500993298 -0.0194317974752807
0.843548955803178 0.0858678997684905
0.810868976203947 -0.207707520070889
0.86598331391955 0.29379875305426
0.904817138530035 0.331972926614243
0.927736061314715 0.154481056957896
0.922497797988407 -0.234763464048945
0.693842207770242 -0.0239131231109439
0.611776912879586 0.0159500439259995
1.0098169818845 -0.0712593641229117
0.862026690383914 -0.315262509296424
1.16905401592631 -0.00298437484488336
0.278721044112033 -0.0211127449042964
0.512536242099293 -0.474771264037698
0.695405597760634 -0.342633688224389
0.59227256190448 -0.337875797236952
0.848703594704469 -0.21897535465042
0.673956980749033 -0.192367364204658
0.97976015303227 0.0239949444986306
0.679516783630122 0.55554404605607
0.82281303363701 0.146830696759664
0.638750010876118 0.429864762548574
0.417319134646455 0.530528047602142
0.975920413266121 -0.0838068547892383
0.12550164053143 -0.0142883231037504
0.6213702068761 0.507249287798148
1.4211424675059 0.0661609830703773
0.408376180392708 0.0354681443137168
0.491670439727889 0.0740125081229705
0.469029681570426 0.0242897801722972
0.503153577532121 0.0730403823483088
0.598910101071076 0.0210445010230745
1.0579935345152 -0.28918452237427
0.150946593272042 -0.0309383207184185
1.14157683737599 0.272058826496779
0.303933172358716 0.134867696898851
1.19949674341737 -0.00509715503685219
0.588761735712794 -0.523362605067769
0.0208116695997516 -0.0441608643694928
0.894921029790846 0.545187174942753
0.562461758809527 -0.441987744619906
0.551291191223761 0.236277631230845
0.470175054744812 0.359211328265781
0.454565891164733 0.285979894270092
0.877494015940078 -0.267625455335284
0.650172054530807 0.340833068513576
0.272896159350333 -0.00533261314878113
0.382012340180927 0.0131444712517101
1.11684316398214 -0.421348020280024
0.718381197430576 0.454497580092194
0.712274244743985 0.542004053041532
0.469507346224343 -0.094233475428918
1.15925033436966 -0.0967736987751681
0.702193871495948 0.0226320157668407
0.0878461629303023 -0.0876773744287514
0.285852710043456 -0.385984608521044
-0.0574865031082409 -0.0111859943380463
0.996801521517838 0.117792317208621
0.948872215548291 -0.310670426030827
0.950407850458869 -0.229935948341794
0.836676465201491 -0.0100899608826304
0.88377614815404 -0.188057947425168
-0.0588213047794817 0.00313633702297624
0.869512456947652 0.11213151366248
0.956421773051549 0.0813191290858283
0.670835826411619 0.558033331625647
0.754686791929873 -0.128825858937837
0.993365117135406 0.120655982725033
0.869471116994419 -0.155558796537607
0.843693717948583 -0.0996845318050936
0.92584449334819 -0.0160767881243204
0.93313359295622 0.0125256182710083
0.957075896874947 -0.0228219646851918
0.649984276800951 0.0655099958574235
0.625255104122555 -0.312166798572618
0.82651584855642 -0.00721414601594325
0.699486564955908 -0.262853657428569
0.637214181552837 -0.265662098260565
0.932201617772305 0.0488316891485998
0.646886879060955 -0.2879266621584
0.605112807988033 -0.268457927787061
0.376007166495697 0.10841273761785
0.841862222759064 0.0912773695835283
0.397691503298654 0.129233325278279
0.405319141008372 0.056286038328559
0.652479980953063 0.288456038892938
0.723736176202393 0.019567226282256
0.556312808877324 0.13554996920546
0.444854259694433 -0.0490524734734768
0.825507252901064 0.373341588401341
1.07212516718106 0.0648623595688974
1.14604191095376 -0.0490489605466589
0.610991778351957 0.309840304866949
0.743170013819521 0.311500535968122
0.848365749257145 0.459470441750732
1.08904616541123 0.04415927015897
0.427280504221293 0.292179821976031
0.802472297030831 0.507859680912355
0.965101146078965 -0.465027004469989
0.666800803072334 -0.386508100312156
0.669322214293928 0.546997552788198
-0.038637878106343 -0.0345488160601277
0.79136921706937 -0.186992931130711
0.71285648886981 0.556367237578516
1.34901243130684 -0.000524811909436426
1.1688260726637 0.0723806042388633
0.986975762676949 0.361761710027636
0.388657835597132 0.855322644273867
0.594258562485942 -0.368965731988845
1.45869837437961 -0.100839390293555
-0.041850285322208 0.516898830919052
0.65674636264078 -0.00134688235219235
0.717030616938371 0.895539676629787
