0.6748106081018 1.18607643021358
-0.198360487781698 0.132695931813983
0.74394593676102 0.96318867007599
0.512268609680663 -1.05297017805445
0.92014108867683 0.535699686770363
0.921784607816693 0.61181326807319
1.34900941876364 -0.359655862406185
0.616823739441265 0.522502604333931
-0.18500258312154 -0.0825018287352298
-0.0792376928883809 0.167993677814696
0.451437262784236 0.782588183955175
1.34546260386328 -0.416551095910525
0.417984921980659 0.656354538660128
1.14678920007586 -0.297812943909882
-0.268679218957346 -0.0868434852978917
0.852819868782996 0.88552650491505
0.132546046033779 -0.980153302090075
1.25077706052183 -0.647430829493413
-0.713055883455353 -0.0650277250263715
1.07620786519076 -0.542077186593795
0.144296798899576 -1.06392867987845
0.167126962224538 -1.1388917737952
-0.698916328610894 -0.289179803416193
-0.0155776661736811 -1.1956424466999
-0.736520490519388 -0.211934343114876
-0.313811261658402 1.34281249022552
-0.952267587875708 -0.05854292296874
1.00908770698058 -1.0801572331573
-0.957919272217633 -0.107647654839883
0.938767792283412 -1.15480059786537
-0.910175597204026 -0.167446403647512
0.506964509364576 1.03860898106179
0.405738112149491 0.898862473491532
0.38792903648441 1.03592460257791
-0.500959143549351 0.866509232327836
-0.0542925826889021 -1.07007042868457
-0.157247893603819 -1.04804434361534
-0.578831905899673 -0.103672072349002
-0.60733816416549 -0.107441841361159
-0.34225252327784 0.847040807606579
0.648646198853897 -0.531201570398825
-0.127323754158061 0.624676044524082
0.193199986038476 0.567514894660678
-0.318146016908517 0.711015663393198
0.333518018044891 0.506244911561444
-0.331372258624973 -0.175435816997111
-0.430560378246363 0.661250761199053
0.21839654936885 0.261214471436053
0.157556163493635 0.430901232496523
-0.164820526720557 0.181235525318297
0.8932330796377 0.0243805121248432
-0.289333914795915 -0.0607310662166827
0.114033941675823 -0.73198038675949
0.46379534208618 -0.407285461935167
0.570561396899054 0.53883805220637
-0.0913012298039036 -0.00423912711151207
-0.0912288044297328 -0.0256660907297354
0.469631294189232 -0.512044853630629
0.7329380997107 -0.321414930228742
0.736614925250131 0.383970711180306
0.416846246357631 -0.590982740974067
0.656242013972799 0.272609863945569
0.236012350863905 -0.00323086405930458
0.951140810355645 -0.208180909541192
0.750688452846937 0.0849076772820276
0.58315186480145 0.495447413603625
1.4744433510066 0.18133733584777
1.17296146020132 -0.418661322332936
-0.0933920494949114 0.0904903112586147
0.569999779718765 -0.78046818815604
0.930321286539439 -0.606341448841127
1.18011616697304 -0.0957092074591626
0.945863673897631 0.434382981919056
-0.271278878984998 0.180427547599831
0.409262734467996 0.515529148654233
0.53284239097666 0.224447962327168
-0.0447865796688889 0.198606296546288
0.620516055816712 -0.209580723169656
0.473179238602522 0.428133831658821
0.186065830023469 0.378080830678002
0.293379246954463 0.0664855635699952
0.105619330104644 -0.338049218252851
0.107791408773968 0.196605218695219
0.46549187882078 -0.00404162338269503
-0.050395168319113 -0.0275049518802887
0.0418563862187926 0.166673716762857
-0.01777250544123 -0.0442370583834283
-0.294481945983429 -0.100938246806879
0.0271871860850202 -0.0718774858563268
-0.0817001137244845 -0.184830611532529
0.0534932017152273 -0.215105328662111
-0.307707429774032 -0.253218055878554
-0.0128907698248876 -0.331102889899135
-0.158413690489692 -0.110170411676072
-0.0144823885163505 0.499287471424272
-0.298338232940635 -0.0332300563080489
0.61309496618461 -0.345279617027571
-0.53396960316536 -0.109238798823888
0.698835807417678 -0.298457460834941
-0.328837508216225 -0.25723648953958
0.343600010349558 0.764682097560465
0.246345936873453 0.656433680391379
0.397141849133683 0.305340914682841
0.159796902019084 0.0614931750632388
-0.00524980945652931 -0.363952114608047
-0.125962795569025 -0.378279867618568
-0.675503560472206 -0.134094044911052
-0.360668825767503 -0.160381331147711
-0.250969203225961 -0.06597616772531
-0.410146398666704 -0.271197680811878
-0.586236515036794 0.185343814408346
-0.740081310026463 0.108786416412782
-0.281639919128644 -0.0250082153990439
-0.706307437821429 -0.00823234523834281
-0.517999021481321 -0.0107309816000991
-0.191172625882969 0.0356037776169971
-0.437809449474957 0.206945041998414
-0.265927358504254 0.136246436903264
-0.344274929395431 -0.128839990893021
0.176423915997067 -0.0659610123358136
0.171438451142286 0.0319183248407094
0.303626274082276 -0.060025803099454
-0.15188864402729 -0.479729631952644
0.450556844520642 0.185758560117878
0.197833200574552 -0.22400078429819
-0.239363176646361 0.0894019328453525
0.0323257591737456 -0.565580258026807
0.492642531354633 -0.0937149540344831
0.6045015974691 0.317763394503545
0.303118470356213 -0.450938520470052
0.164939201490556 0.221680748875681
-0.044645691333553 -0.0354759684329142
0.147297141888004 -0.132076468879788
-0.0456547967102506 -0.143749524496014
-0.232237308763281 0.166369970112146
0.136096823706437 -0.0423819839781482
-0.120146398016107 -0.116446845970918
-0.384584732172806 -0.0857462540766058
-0.187063512636904 -0.270800556611244
0.0659662069174811 -0.0440254296865941
0.170309191851352 -0.357764547357364
0.187648165902898 0.604988616579419
-0.492993679447225 -0.256670959794068
-0.440738305967493 0.0502967533340468
-0.450266058286592 0.33259158849651
-0.496905510553016 -0.0888006514060265
-0.286126831296358 -0.188096450815225
-0.19946737009011 0.275456799974742
-0.601865861189152 0.2156952702498
-0.196338465670669 0.175211357693636
-0.350860776496321 -0.498510261463957
-0.429654118346856 0.145127504718435
0.364561202888517 0.0029375494010301
-0.591559357468777 0.069600310385281
-0.634170309504392 0.314660386483684
-0.617523525917511 -0.142159531338077
-0.660860098890707 -0.109734481314883
-0.0145537657954748 0.466234334122178
-0.260757548195752 0.567116241336624
-0.004983895503375 0.650285831629951
0.0916347506741282 -0.694413890697639
-0.0860518890398308 0.443609596854663
0.355784414220507 -0.34802168988678
-0.363705484619821 -0.171406840991527
-0.0322782231831132 0.166661461063675
-0.308472709700499 0.168547799314324
0.227632521591335 -0.027370683265209
-0.207769792061953 -0.00167905012647436
-0.0971005737739318 -0.0412877171012601
0.0536600716361345 -0.0150181924159586
-0.176141123088789 -0.0743756781256866
-0.0360188333963862 0.0691163879607715
-0.100127110211547 0.0347333250607647
-0.137935471703849 -0.239929080132465
-0.237437584207774 -0.104758170445299
-0.186782795632373 -0.12326205702311
-0.323171481360251 -0.0522467450300361
-0.252143501099325 0.0636311598879197
-0.0278931398218471 -0.0135589943961606
-0.287886930638705 0.0491380177360384
-0.24648965510502 0.0783837650301345
-0.565885447473788 0.113826426099047
-0.252961955184277 0.129731659093062
-0.470227377649123 -0.225517116405126
-0.582362019565678 0.416864879792981
-0.328399063743916 0.214851883763787
-0.616109027220263 0.035553892811948
-0.590922028135926 0.195727507461157
0.259520078490571 -0.00181268057674198
-1.11618011552888 -0.113720980971206
-0.766030631101105 -0.790446301329829
-0.27003006891892 -0.223470608049442
-0.181724928304992 0.77688437706865
-1.09313566541135 0.0134048965373063
-0.78057261033434 -0.208692783824125
-0.271058344005615 -0.439384559711762
-0.383787086863095 -0.828307671708288
-0.191304898491254 0.997581125428144
-0.341983392171824 -0.593585827279698
-0.723874536997408 0.547211733114018
-1.0070132493478 -0.387794040732476
0.199210620692527 -0.484027487007932
-0.911772613468389 0.767223159058455
-0.336578827560564 0.478326281015889
0.644997816347399 0.00597193474676517
0.0643892467361459 -0.561904965734158
-1.4667879530437 -0.388670706471405
