-0.221133644223755 -1.05434254320391
-0.048656143750866 -0.0867965804259626
1.3785638193215 -0.339567071246633
-0.748885160288861 -1.26948046718084
1.01934818227477 1.01281896916711
0.0970570255101575 1.13251273523437
-0.632219000626435 -1.06148613240886
0.658045967240288 -0.144412566571257
1.0726296076571 0.178822031320878
0.39898125006883 0.664727224674538
-0.231215640785151 -0.772462285039856
0.299243287409077 -0.81847516666656
0.22381347892947 0.474353275701961
0.36260070869075 -0.19481255485892
0.658938380554707 -0.16616469561132
0.345066241983278 0.514839941410183
0.143132896958008 -0.581695712248816
-0.0847141466900891 -0.476587013847718
-0.0691096141926477 -0.227809085581139
-0.154619377249338 -0.431599615594164
-0.575726432377795 -0.26270462645498
-0.195043614549909 0.509062593498333
0.072772360751173 0.725587756764739
-0.118590593768879 0.78928738622978
-0.655263820120358 -0.476741756739878
-0.316639043865455 -0.637081413569572
0.0614786112342579 -0.753859002830268
0.172370791068196 -0.893029361335274
-0.0524278015587119 -0.487018896865408
0.626343156963655 -0.694215342769811
-0.184626659725497 0.772008901265181
-0.67950576716079 0.036133856674129
0.182880220034741 0.611745849791356
-0.422450821640451 -0.0110890976798287
-0.198336477853306 -0.0532092385663476
1.12717849401272 -0.291190855007435
0.173633355272285 0.607903254333201
0.216121546009205 0.878659363553879
1.17008239168287 0.692248560714162
0.00223181641756369 -1.14084181314735
-0.221736181920948 -0.0816797832570546
1.03506710480504 0.449320538209116
0.167756370744546 -1.32570158238422
0.926073381998662 0.0666519633315999
0.778873435387729 0.712640281848043
-0.117997691119901 0.0318665516812745
-0.184785346946252 -0.0981119259910648
-0.358456238315679 -0.041731001170929
-0.354145854648647 -0.286528965571563
0.175886573423947 -0.647963948430807
0.806268082348527 -0.348652848753669
0.429074669509931 0.292863225438346
0.189520975303897 0.193664101766877
-0.421076731879441 -0.590699842739554
-0.318172515767428 0.709306065853085
0.570283895875496 -0.283301349172935
0.0191572490019135 -0.5790106873088
-0.358678417071525 0.393786755911901
-0.639055388399268 0.601204064900866
-0.796538013146858 -0.222627946241381
0.105039000627354 0.260012220647478
-0.534796539307025 -0.479615205300719
-0.373470013176828 -0.10689122426225
-0.126144069461632 0.456461243638167
0.280045501669095 -0.182069825403182
-0.535839443779029 0.295354573280892
0.446546551294813 -0.251374036256784
0.321507731283661 -0.165036984523472
-0.448416790414425 -0.420881570185143
0.144303731161747 -0.535906480496141
-0.0405915416522768 -0.0688585707871963
0.0385807179457792 0.340890512148361
0.335480861461014 -0.530170191023969
0.644805944697131 0.0417378095943704
0.473467086396536 -0.245921705078252
0.383798060878711 -0.286646288607151
0.283336254229626 -0.0994469613217595
0.214049015617391 -0.0571557958568154
0.536947577656567 -0.391870698868379
0.820150975821656 -0.262295480702462
0.636743154758573 -0.0638280606258376
0.0629961308705617 -0.148609419089727
0.394477781519165 0.403826633969299
0.325919726563075 0.319732510700441
0.791452305709495 -0.416716392695396
0.29282743593735 0.345531168095372
0.341663758412864 0.40830366127481
0.291895968271486 0.160834614574069
0.0846480979277862 0.51689032223845
0.3887976115026 0.359051765745946
-0.026399101091733 0.168374349609821
-0.177781349626324 -0.346031173933068
-0.157143804823993 -0.290680785711301
-0.272401642020558 -0.287994281564441
-0.128632840077853 0.0861386167812504
0.0385691805149767 0.109968608297913
-0.414392439574376 0.0826194352363293
-0.128956065774548 0.267371516372133
-0.0166420914751953 0.075557837432338
-0.102463540541193 0.0701413632458266
-0.12955338415446 -0.151448234402473
-0.22874915133735 -0.0482446926296642
-0.02981894873104 0.0325930952665997
-0.0746481200429448 0.0215038578709592
0.024650960389697 -0.197699869894042
0.0638954214206427 0.0207987210599486
0.062303916975349 -0.0825933643676729
0.0837820720718154 -0.0435489931764993
0.179364338046462 -0.00629851765742503
0.07964830142001 -0.38779148411693
0.258460882582739 -0.0787023726364127
-0.158855898883479 0.017251510964555
0.129941097684743 -0.257517211800292
0.349796472108217 0.0998006938197739
0.411899655065095 -0.0885681234787044
0.129239848151323 -0.0802754587657876
0.898673036333556 -0.23804386453651
0.748603233276618 0.0159351502365732
0.530446683000663 -0.201461592713096
0.146861336335895 0.105334859699141
0.219141880588657 0.323150734131975
0.8595078796396 0.445515532420138
0.924386539289749 -0.463231582524085
-0.101897998808197 0.0500211618358071
-0.167919248881771 0.0458321346491537
-0.19945998931238 -0.00950244511798328
0.290108612271271 0.707529336521162
0.61423289760655 -0.127879084418974
-0.192124702371162 -0.57247320229522
-0.471853772647062 0.234667135131645
0.290122234487721 -0.719604525493809
0.150922519633452 0.577453783422949
0.0626677420761096 -0.692580642210831
-0.572801354470571 -0.745214620874019
0.869484324212912 -0.251145260537364
-0.475943414902662 0.949403004959307
0.101353115663727 -0.00128678566248141
0.535320093058594 0.279693335036516
0.56021060300605 1.07624296156478
-1.4028791974283 0.333244757076699
-0.295648295483217 1.23056631862381
-0.363220934148704 -1.10097048095761
-0.80631248437874 0.160667687523328
0.70520961068065 0.406305963001085
-0.198150880757556 -1.05386819187605
0.229780721983624 0.618511650685126
1.23514492070127 -0.305748172143848
-0.33535408247991 -0.864369890752764
-0.608721987365518 0.0945883793759165
-0.506236679905044 0.0760211181030104
0.274739649645988 0.530513462058482
0.231183330705852 -0.85852829846627
-0.232189603299666 0.260134749116719
0.265894800047345 0.595177913033312
-0.62487963188076 0.532237640061176
-0.288716074304396 0.375372080420828
0.244970334343282 0.472514219415204
0.0115472060320946 0.557708155932744
0.135244069999589 0.513412768364138
0.42580996201614 0.521556971074702
0.383086992590001 -0.636282067459816
0.481902371215771 -0.467928269825012
0.642354466125793 0.284316137176321
0.558477013934799 0.325653334043992
0.794489839760605 0.125384679339173
0.224365072402808 0.209161307297693
0.102100858592749 -0.309264695268465
0.299267404154893 0.308331060689648
-0.368645339642429 0.193128471564502
-0.282059858344424 -0.283468143553309
0.0405512524252019 -0.315700464308201
-0.018409503649273 0.302015378230658
-0.173262325069687 -0.392168968276534
0.149135887097162 -0.0104551354589953
0.257182637966553 -0.174141580523363
-0.457352952006805 -0.196782766848318
-0.902611446275263 0.0318569562219286
-0.191931421354216 0.0343769970426735
-0.450806778500258 0.20709134013402
0.0523627513427157 0.262917734429291
-0.349565178739335 -0.364204363042697
-0.271164270772487 0.0917168273532234
-0.171717614368752 0.145045383904784
-0.0788141065381981 -0.436241278259084
-0.275632373761062 -0.13589060444412
-0.250140236608993 0.331452263061964
-0.163451814019883 -0.110539002399913
-0.288868607162405 0.0300975902276785
-0.561987101240057 0.209858478723119
-0.543893696462424 0.1310220067362
-0.265250019535285 0.168487461575835
-0.120906988150198 0.163892723512713
-0.552452413659602 0.0545494502916688
-0.523757691818992 -0.214659019788997
-0.136320016261687 0.366976338504368
-0.676397354706705 -0.0869596185057789
-0.180009858360058 0.439150949551965
0.240549911123054 -0.0167879562732591
-0.946359629540382 -0.00267239724702665
-0.718202505186632 -0.0379408542555731
-0.49510916895467 -0.0734796961211294
-0.819864525211683 0.0874028324659047
-0.505102065228125 0.673638864521174
-1.29443789698145 -0.221644771966768
-1.1023798140316 0.616716186045524
-1.44458457840217 0.331342975376318
-0.0137880391741404 -0.445169278210424
-1.43212481470295 0.565621148596347
-1.47487149254709 0.470143437032645
-1.2494467784139 -0.287867286241137
-0.737408728659727 1.05610592228563
