-0.721361495906383 -0.448339820470593
-1.34140307909387 -0.0521896799757053
-0.787977106364016 0.362826535566468
-0.984949750884586 0.115441073659217
-0.896719501476468 0.381910797475739
-1.11322690041692 -0.024173789816035
-0.8032862101966 0.406792532819705
-1.07812023787389 -0.0175800983087029
-0.624374020600352 -0.738304141046622
-0.100947683165734 -0.750892665786652
-1.15073276187027 -0.160546322437505
-0.921625429870525 -0.031633331015307
-0.650005701375998 0.830193146643296
-1.04389033162237 0.829346221068965
0.0660851103783903 -1.17019222368207
0.11833412133805 -1.19017596228864
0.555694446492065 -1.14822532658069
-0.383720876941158 -1.12071378851534
0.14849803261605 0.821943473883073
0.125636267152399 -0.844066355489202
-0.43377638566488 -1.22790717935502
0.577610826926031 1.2920934758626
-0.126850651879336 1.13063267318907
-0.811510470302836 0.0437790323259824
-0.610687979356471 0.0885063601899047
-0.208515346831003 0.900381680480838
-0.207955124410272 0.771615414116223
-0.652466334348443 -0.00146188007699327
-0.245719871292136 0.63509141290475
-0.656347411026726 -0.049705365406531
-0.527068741630242 -0.0163991260791845
-0.609087672685184 0.0121912760061849
-0.251451086880864 0.53568689903286
0.657984000913129 0.0583000873966111
-0.169735662802867 -0.481679158425856
-0.364170212703667 0.549486089189746
-0.595236938352372 0.0760866167261588
0.357954998301158 -0.196963909578377
-0.273764995572517 -0.449705132844128
-0.453062914043499 0.451461824382077
-0.387874962198739 -0.169425239668389
-0.0368757470010832 0.103832739744554
-0.34128764486271 0.424190309269751
-0.00199885585466503 0.0351531952306449
-1.0695080014143 -0.00718502526951877
-0.424557138629646 -0.413541248407926
-0.312701655322195 0.545762656424886
-0.586393517957602 -0.386632051655747
-0.519281853469602 0.526834871568519
-0.679781830244668 0.398150352147796
-0.146179745427963 0.908852335296309
-0.487410397243328 0.626035463191804
-0.921333958384902 -0.347438432795133
-0.905386094614614 -0.293577232114147
-0.390984163692375 -0.877876492676638
-0.0818327618107134 -0.788784620448225
-0.156167578540493 0.690719146517843
-0.107381957428896 0.731244882356279
-0.0190380147039827 -0.68246541620678
0.0757950174965309 0.510291200946753
-0.0104910668812351 -0.634868532581879
-0.321674236601574 0.0227284321959768
0.539959097605797 -0.293929900507819
0.138341391096162 0.488243658523521
0.238161386006683 0.258575384002258
0.28266605689029 0.175782872063775
0.260091599843061 0.380435814301688
0.0450295597403126 0.294821041815195
0.0721545266658892 0.207846142680911
0.24303012710704 0.391952508724463
0.151826682449116 -0.261002568549176
0.206438160956014 0.23786783370808
0.00920699304867475 0.15887188396058
0.211387422662981 0.194679561303804
0.177220620997484 -0.154766229349826
0.231675832469063 0.208760014110071
0.227151751459338 0.10249614413076
0.218099888977844 0.188748375118817
0.280007861811679 0.0277958060828947
0.216354217268997 0.0283806736042654
0.240994501859802 0.102870814787845
0.354808736013982 0.0484207258042414
0.312643345056094 0.0482422564454373
0.249802937605748 0.0311873669105319
0.412987414635974 0.0317758491297047
0.404332838533659 -0.0338686491084049
0.32630931768142 0.0755399653170617
0.418113856348317 0.16641411584233
0.324638142909652 -0.0999571289768141
0.468134507748011 -0.153796974806529
0.453167482616139 -0.0294741248280895
0.699945218808705 -0.184207872105896
0.731673720912005 -0.176697875399629
0.251408950819222 -0.134614195784623
0.379893603764215 0.39452036224127
0.262585042701728 0.561698587559032
0.854570980962489 -0.266225363134018
0.47552232599408 0.499236671235623
0.791359762662605 0.701636059435331
0.563735300098269 0.34228158651789
0.0571656312782187 -0.131136536281215
0.442207577627997 -0.462807541680316
0.425321969272297 -0.466809780078983
0.509135875682947 0.0114200994882572
0.603565219758931 -0.332800078253836
0.945046447761177 -0.166823193124391
0.578967547508198 -0.111976786942496
0.572146635884761 0.21637421341936
1.13850076559023 0.307521310283723
0.599325363656021 0.287056401156123
0.898935049590246 -0.437566166324688
0.692001495102684 -0.640667949132785
1.38382623166557 -0.207483922259486
1.3864693042503 -0.297129929551239
0.884658157107876 0.5027992591505
1.4963017925752 -0.285281076788236
0.810318689311428 -0.742346282779101
0.0945822923583631 0.0250464012149303
0.911246509478014 0.272652091477393
1.32788443619442 0.896998373246106
1.05633241989896 0.444787931372708
0.752979112151172 -0.954287247211395
1.12664688981305 0.508155676832715
1.41188448018698 1.01836027185473
1.45660434833683 1.11471466965286
0.893094527323816 0.985828362642848
0.873240664145518 1.02156355553118
0.841016078933183 1.12444107311246
0.74902193516742 -1.19397750225388
0.808008626312514 -1.14378833735552
0.755911882328959 -1.21276860953754
0.593040093296843 -1.3184505753578
1.81987450223314 -0.64796160068732
1.64551632069473 0.966527153226238
-0.140581219587021 -0.425072246434745
1.58762641434919 -0.645263742415263
0.551962084286293 1.07868235373293
0.611036539515366 1.02777203019306
1.81475754800671 0.107076436365142
0.977852931976981 0.358215152164493
1.24727719300521 -0.604678846848052
0.956785752460815 0.0882286804144076
0.808951570503251 0.439445366802174
1.24245168765347 -0.274340521472817
0.73528135555385 -0.437602312860048
0.55519299926215 0.666852736418963
0.390139898463539 0.824225199278547
1.19594608692258 -0.289904361957852
0.434262219055348 0.673108392390614
0.337265454745076 0.770467675894426
-0.0324844757143606 0.17189644759394
0.556450693699817 -0.614868591582992
0.226600288591007 0.782923897920987
0.423626205711175 0.733426347924052
0.722064188467145 0.498106988608119
0.104122175797773 -0.974331548988909
-0.118715250875781 0.941563916289607
1.1969445390796 -0.44313736905126
0.615964019799371 0.591604229953686
1.23660390108954 -0.396070808925762
0.397075511291754 0.896745832794234
0.431599927837507 -0.781067336920694
1.13419499362566 0.598333588799959
0.418187032996816 0.0277355660644833
0.85213412824739 -0.479034974976701
0.334091891977438 -0.90290121369804
1.29207682112353 -0.0732272996523432
0.0669849823947952 1.05590468834341
0.874623791132424 0.27044738065154
0.236925149845118 -0.581489884661492
0.763044241909266 -0.534430619055905
0.803604366283549 0.206246013600149
0.786285305185211 -0.308225669897045
0.728180253003594 0.0278012058338694
0.523962134071463 -0.666518901622043
0.111507747782496 -0.797180028082328
0.862151646176175 0.176038248677698
0.485859962589378 -0.608812061987355
-0.444982210265947 -0.00857740236743092
0.663221836825518 -0.0559581860071514
0.876625801057173 -0.321981479157472
0.466650885716769 0.570438345099987
0.86990533146177 -0.0758505529009377
0.168154438628869 -0.234110754118428
0.837797984896781 -0.216344348764342
-0.506527031094705 0.0121673980792882
-0.0352914216534117 0.332928589794238
-0.0385443797823227 -0.162672899877424
0.336967279738415 -0.531144727600312
0.399689194771901 0.610036050860239
0.813963460079015 -0.405968067760891
-0.0922756746959264 -0.1489913414706
0.566844473578722 0.67285034639365
0.288530013503421 -0.63650753154796
-0.381553641389816 -0.132342944829447
0.20110527969802 0.666349425764137
0.156435431670818 0.659279138925813
0.700222448509064 0.622792497840313
0.307783068607416 -0.603590334860807
-0.272487905293617 0.27430316838474
-0.15741688450396 0.878622998336977
0.276725756595691 -0.707999545849351
-0.771781838356664 -0.00601516812424186
0.453730763673408 -0.504006068943496
0.309947216714094 -0.753552125887221
0.252021030818619 -0.721872977439837
-0.17022759288405 -1.04601591102223
0.363436562471986 -0.754942982408894
0.268444622117332 -0.835404970074878
1.01012451789705 -0.298393813646334
0.222969648639914 0.939766701507312
-0.209226172430553 0.970100496838987
0.0256146131840101 0.600866337394341
0.248435052083922 0.80905963722452
0.59999092944743 0.183488886836471
0.626989554436442 0.132739371364618
-0.353234808911654 0.513553754149368
-0.40773749369223 0.404305000316264
0.286431121662426 0.710732396527709
0.77909145212165 -0.139625727871195
0.357871218288961 -0.327527131009138
-0.242491485482278 0.367604378643764
-0.138589857388721 0.323690710890015
0.465680106577736 -0.412889195432031
0.449673164743854 -0.454327644704828
0.227836075389157 0.352608025096819
0.0469364655921728 -0.260708890512741
0.361524677743245 0.37687738761773
0.35835510638315 -0.127382584664548
-0.118483492133051 0.136210078090065
0.510267809910767 0.0689356098132747
-0.0794269668543974 -0.454769859592277
0.354783436328967 -0.197878958177154
0.195860134826457 0.560346278863533
0.139340901006574 0.572435659600467
0.378843496282035 -0.237823293423898
0.265696962803085 -0.247494183677026
0.318022699981728 -0.239101654260096
0.292176884292188 -0.208298537729369
0.503467986193753 0.358511331981959
0.148489350472479 0.388704411789835
0.558873291403415 -0.408845849065612
-0.499220700730716 0.029018809603508
-0.345245592932339 0.0762072520318985
0.544535615921972 -0.473981065124936
-0.405262503266293 -0.246653064540368
0.0655736793478222 0.706080834406366
0.139381073692477 -0.709205559634965
-0.296687521538397 0.71894543959153
0.556537485400241 0.496049406435553
0.181170674184693 -0.721147747637052
-0.310153884207441 0.724866153640755
-0.731539932140947 0.266401022825023
-0.265668511416468 -0.43778499518128
0.0586132156989112 -0.682470590928097
0.27779631114785 0.0350144969352057
-0.0133936549196281 0.540084776045968
0.218080815905013 0.663038064328963
0.0935632281394206 0.617831782750694
0.254474217534356 -0.347288982736718
-0.16412137212877 0.258785995928576
0.229415894732743 0.455949618606769
0.34996782991349 0.39810923330632
0.239961215283104 -0.182099565209705
0.372499053875677 0.42414972603151
-0.138746831596855 0.146442373776218
0.268604119983532 0.345570429189531
-0.0860515421560235 0.157453237600859
0.207129954273731 0.0168434436319792
0.249770510905164 -0.0268612386029635
0.38648583036145 0.0431792575294436
0.280778246353825 -0.0368648387879898
0.262490448560393 0.291502587950559
0.273084403207085 0.188953004265884
0.0483989646805168 0.0153096068895131
0.12027401548323 0.305693295983875
0.143892679872002 -0.0227139678930095
0.151984352407486 -0.162228564381579
0.300321121137777 -0.30413277717472
0.364864108882215 -0.0788717353034098
0.0548761189817867 -0.427224558358191
0.274304927482192 -0.220054416139344
-0.370122493399307 0.494346011236728
-0.209961145289103 -0.460723340715682
0.47642418516926 -0.195630621700322
-0.217114921157396 0.409204942518689
-0.219727999745036 -0.0660892233485723
0.085539842476682 0.21360639868462
-0.203919987801501 -0.521885400808621
-0.21612092133779 -0.131870475029993
-0.401803708458242 -0.132664869029503
0.161175544738018 0.21426123173939
0.176451374458406 0.23501642172273
-0.0926889704343558 -0.448871059471225
-0.200952012917072 0.53487048285827
0.200193448584285 -0.317652983026374
-0.293377538847582 0.418737359624768
0.242898222556631 0.129005523278197
-0.15974879586018 -0.521588980561271
-0.206807248640963 -0.640679185441896
-0.124730029899781 -0.569166216119113
0.312628825793155 0.161555323119362
-0.0354342638471265 0.744627080098087
-0.0312178646622784 0.743938162801361
-0.560177110893496 0.588772571826029
-0.667958526590291 0.539311769152075
0.0855592330858528 -0.562728494034502
-0.489295996120098 -0.456346759772466
0.244343693472465 0.0551774444184097
-0.467148154628954 -0.447681513677499
-0.172601196607549 -0.450995897795364
-0.000682705513282852 0.518631470387811
0.112095284665341 -0.415190425597694
0.082614345636348 -0.233212410701753
0.386578020611198 0.0732736610868664
0.111496166261696 0.38096245494508
0.157248337851894 0.28316524872761
0.307474996044304 0.00922139009893556
0.0143798613925375 0.396731262779835
0.15715111877532 0.0387926356601258
0.164404594640419 0.0677043773580618
0.125616369716535 0.0173446331805517
-0.0693836833805929 0.294701971618488
-0.250154994872501 0.223009186379952
-0.171322806858945 -0.359966237078063
0.121582676311291 0.0487399945639084
0.0570876263085668 -0.23158906130702
-0.00556117771995533 -0.162857833929237
-0.0300914461279802 -0.16100458037958
-0.244487136250854 0.0354186141685758
0.151702276746256 -0.0790462176583301
-0.174435912121217 0.28528956154831
0.195180869914121 -0.123887850306205
-0.311736148483236 0.0123395665728438
-0.408080220663265 -0.0530448572969947
0.211726157669991 -0.119110970713598
0.00948145735862944 -0.269210977542961
0.0169200096016278 -0.271206910741959
-0.111261474431663 -0.17931946990038
-0.481442408716308 0.095378412045121
-0.101974825282145 -0.381722749381964
-0.15836643310381 -0.141809818634733
-0.246613522459178 -0.1124347721783
-0.396494711197404 -0.162287369649206
0.0521834464047534 0.0937320035431885
-0.206378149520119 0.392069772580282
-0.0049915405706409 -0.0843044221806312
-0.631592795890884 -0.291046036667697
0.184109713261793 0.188850421871432
-0.935080879986979 9.08885542182008e-05
0.133820929284154 0.203357474278219
0.0339554551296749 0.00519515680029835
-0.134551263527418 -0.49865521716773
-0.723076933558717 0.414391937676677
-0.320290527542397 -0.398323934228627
-0.653169423624357 -0.500182744459964
-0.227745008526675 -0.290531888432987
-0.196985895791027 -0.328591587640483
-0.115760502381621 0.379711250053455
-0.124874722525046 -0.126169504282366
0.148073145106955 -0.0655472519219667
-0.0133377814799039 -0.168914722813561
0.0714872736151464 -0.117804816091717
0.132381256102163 0.401917721280354
0.114985828900126 -0.269994454910058
0.136890842031497 0.103780827797514
-0.0990776666951097 -0.0503684108018535
-0.0591052786989744 -0.11416606194522
-0.182100743223347 -0.0904388976810696
0.0913914657820699 -0.07644047188447
-0.00397935492318487 0.258518819062992
0.050015865480514 0.0408996771478045
-0.0334005789101646 -0.0456308437951075
-0.103233164545813 0.047334509283812
-0.0777151954450903 0.00665808345454835
0.0387645865715119 -0.0125754209415853
-0.247460555382852 -0.0165232015026108
-0.312457443778805 -0.124127566613886
-0.100535463381881 0.198825269656947
-0.226579396122506 0.0907001160312602
-0.151547501224161 -0.0574239595823179
-0.128750097715551 -0.156656613288535
-0.375852110947887 0.147810160590113
-0.239477107425543 0.141228157106752
-0.362374190906877 0.0531956878992386
-0.518850386724591 0.144704088623494
-0.270501665075247 0.298829936484369
-0.47837515521493 -0.075050273370489
-0.349762630452583 -0.271665706220028
-0.375689095623045 -0.346428171950302
-0.500964183206534 0.315527250791857
-0.742631842192883 0.379167270625863
-0.76432157024977 0.423083222772558
-0.459269841647513 -0.187981727651145
-0.462186582452658 0.319212846367531
-0.330661874502541 0.404845321011105
-0.0291430543085504 0.028287452721987
-0.526211708003382 -0.274504127192711
-0.0711859297573864 0.0352913241263067
-0.364020244687629 -0.0888358790187355
-0.44568168591238 0.176285492908726
-0.429577792640855 0.221078874200167
-0.450716930517206 -0.0619454811181821
-0.41046709322211 0.0107601938514114
-0.553330114642101 -0.101271295243439
-0.587371475041792 -0.0157333238412522
-0.634658566654891 0.0718423760957797
-0.722551671628221 0.0284691039273163
-0.592440917913815 -0.128323570808447
-0.564454249870474 -0.078225673683582
-0.431179516275955 -0.0144010599612766
-0.533750001141079 0.0841777601498446
-0.433746434860251 -0.039698151087446
-0.586646344926336 -0.15548862843819
-0.446164201500358 -0.106179401955749
-0.391712079137986 -0.0927317617112525
-0.0930404641089737 -0.0117006522641704
-0.484568967857595 0.0595024644178429
-0.395551031586586 0.148521935576663
0.0165437534097117 -0.0963465909725264
-0.251014565110789 0.143705908095161
-0.0144610139518985 -0.196457579024079
-0.412093347990004 0.0173471014391883
0.147025731111276 0.360882408684993
0.178218515884558 -0.184221234010836
-0.385509822221369 0.0476153776277117
-0.131242076422343 -0.22224683210519
-0.2435871561092 0.0132033098275886
-0.184727796612119 0.127642917041753
-0.139570376096525 0.175329413541737
-0.0493297485587569 0.117745251192576
-0.0540417183137871 0.0947128442630237
0.111244625629917 0.0249413414804655
-0.247928043806311 0.0144531156303276
0.161943652872661 -0.0591476366722223
0.139281307500614 -0.0456400466985336
0.0204357285017867 0.0149156389797109
0.00713177726476134 0.000380558614346708
0.0463120189928828 0.0825684531966352
-0.0133780701269254 0.0422525862320227
-0.0184891002257089 -0.00452386307096989
0.00173223416170438 -0.0570756346365381
-0.0554272608430605 -0.0461144235767249
-0.167660591073979 0.0531329319829937
-0.115230718918423 -0.0237566486795057
-0.177607170625753 0.00898388242739168
-0.257835404217183 -0.00571437189446557
-0.294501510384796 -0.00942129102402873
-0.232945039650831 0.100032616579785
-0.263134002897342 0.0201638147281316
-0.196295596623609 0.00227476060396695
-0.40133710908426 -0.0151315148892819
-0.201429793789251 0.180091824809344
-0.149357720093062 -0.0453877685094411
-0.270595984504809 -0.10598745129859
-0.341405729568749 -0.164856602613814
-0.36482004736845 -0.194763770730757
-0.367197651855594 0.0260601362038367
-0.27079395500376 -0.0782017506174751
-0.290406808624935 -0.149119847752725
-0.323991443259307 0.299601520349594
-0.11861534207213 -0.0477208306392511
-0.41664790752993 -0.342216658386527
-0.0141285566757388 0.107371432137819
-0.603201681756768 -0.29020703204664
-0.287527264164882 -0.216448284085776
-0.206936926024684 0.363915733950664
-0.311882306734317 -0.30960190485222
-0.0411667379872008 0.0226855272942951
0.0468522282151247 0.0491350471493759
-0.581684657357993 -0.347676044405774
-0.235883759810609 -0.305734504391986
-0.563834443934904 -0.577759777491549
-0.0932048605868334 -0.462475914948084
-0.647411219778542 0.263971553274203
0.156731086146295 -0.0012658620086141
0.32680883502132 -0.0375227215990653
0.341247562122236 0.0197439207115389
-0.213838961398636 -0.63549479704223
0.417948650408385 -0.00115337235864491
-0.540698461882051 -0.60103059459776
0.0793466760834778 -0.509313150344858
-0.0889837033163397 0.709662144318183
-0.630991060827073 -0.704001259429459
0.545272095946348 0.0251014198270253
0.578011993801908 0.0738849092297556
-0.0121033611717499 -0.73634261918046
-0.748007125293875 0.784815019661193
-0.557436485573791 -0.800386069644198
0.728265460707544 0.0223346037588185
0.126376176624259 0.910118805211753
-0.00149755830827156 -0.954582899035471
0.772644217245046 0.0308583303470307
0.21501915450928 0.910300750188433
-0.0620319634814778 -0.70815445150116
0.0343645934737115 -0.884618390893152
-0.0504809706945353 -0.952788442062755
-0.22201825514425 -0.699870669465075
-0.22399760085131 -0.952587831161099
-0.968650913811568 0.923044612156763
0.645952394024555 -0.0714878748506556
-0.372783361967083 -0.734564725647084
-0.167325731621861 -0.831828830104081
0.696221314950814 -0.052712723933408
0.213184956014011 -0.918158329041367
-0.829345358498866 0.851096855235512
0.452718084511128 0.0784259456334872
0.580574903303007 0.0412850084790031
-0.0603497328970156 0.834715132516739
0.017575560869482 -0.819926008758852
-0.549730796358694 0.758869037125525
0.282678754828887 0.0488039655284181
0.413504193640465 0.139719473820966
-0.0822545884567321 -0.59653040271611
0.0141452225927849 -0.509596195885004
0.493868102797814 -0.172645166697145
0.472054934063712 0.210579862065429
0.345833223318193 -0.148784729601463
-0.315520921428249 0.576475206413766
0.0277890688582369 0.0137130956569195
0.523940454150161 -0.00774470757699188
0.217030450068405 0.113882387739382
0.115265649106266 0.47245540785617
-0.173097737307275 0.324520609297996
0.432962662986456 -0.0966756793492953
-0.168727880502067 -0.439516127902981
0.277027273852506 0.49344320296015
0.00766294508436421 0.412421646091547
0.0549941987646373 0.367183240006249
0.144320821832327 0.32537304484496
-0.208009461682096 0.0885049908197917
0.027690040577339 0.368016027685038
-0.116407830453398 0.0587721871482352
-0.0206976120409496 -0.00313147738612712
0.093526375553614 0.173099328815282
0.312044925099374 -0.0827133333777964
0.140930608889712 0.167621459976899
0.220606920997507 -0.0804500447100958
0.278070655670842 0.0292311808584377
0.034573439481854 0.251904292512741
-0.0294283393826009 -0.260070296124869
0.355248986879933 0.067839787608809
0.0981518948404915 -0.0736351244758535
0.268342778066936 0.00578808156645914
0.0383539773474496 -0.223645293335882
0.225457885887651 0.0224549198499269
0.261018955698494 -0.0485777414308962
0.0984072439217172 0.358025789478139
0.192766347874876 -0.207356036361869
-0.256087568396274 0.365364960282401
0.291312941157292 0.00784199697605242
0.395292263009467 -0.107884677032717
-0.224162095677696 0.325937089185729
0.184432028771064 -0.39399795256584
-0.00272677369939381 0.468691334171712
0.275736596373853 -0.43462171912878
0.0735308305199433 0.495153683214251
0.57598783293896 -0.0392937063748041
0.684432034194231 -0.0520061571027464
0.781015268373343 0.0267868494215634
0.582224789810962 -0.553753490552919
0.483889120716021 -0.419739066560156
0.369587968891637 -0.574331504909754
0.223239317235606 -0.759081412366531
0.669534440629379 -0.623454028929133
0.261700930956331 0.83227853203101
0.86039535387908 0.0875394696754973
-0.480068003770316 0.761089031152617
0.100031669249253 -0.673658247561152
-0.400390054265658 -0.758254537928517
0.14086772802853 -0.628214213106381
0.21949435348867 -0.607106952516693
0.597083900553958 0.0446942367939876
-0.428406024553324 -0.658738138781292
-0.468392303124884 0.490443749529212
0.161466350717142 0.570876934826013
0.480015205585417 0.00266638033054332
-0.0619065616068038 0.614672547925305
0.0664761094841554 -0.378323639546755
-0.0518922703699998 0.518362143145947
0.337916626621576 0.0725356518918492
-0.0410098957334211 0.484775491294785
0.234138959359037 0.0272236503217884
-0.370929018020073 -0.478271737787542
-0.0793114135773981 0.447421825603299
-0.16047174738127 -0.244472898014263
0.153924566833285 -0.011686240770708
-0.0897640651603205 0.316656985020255
-0.147702886111721 -0.328100189096762
-0.187470571825034 -0.207829651604097
-0.0633211588360523 -0.254949093464052
-0.11307728063528 0.2250007567896
0.00864571539003927 0.0690479025762106
-0.211314583320107 -0.0210219496112219
-0.303954279452186 0.246076745317925
-0.0646202489698401 0.421830407701745
-0.4144249019257 0.217579566995212
0.108374200527547 -0.0825522105522181
-0.118944586214744 0.268394155739182
-0.0231275602677334 -0.232850199761301
-0.0648904192097615 -0.0559785076039878
0.0827125770750679 0.36721642345937
-0.141670099848041 -0.321029240146776
-0.0511928024774075 -0.351954003548832
-0.0876293876776307 -0.108860044413019
0.0795356472516435 -0.0518384285079759
0.0366077794398649 0.305852651822094
-0.0572658546332886 0.187122190383424
0.166780989380005 0.0137189311370688
0.0875547701375986 -0.101230289032125
0.0103056343382937 0.119109087302126
0.0271250565417003 0.0247082856667691
0.182110373787566 0.368652889678867
0.173844295508163 0.396798165299189
0.417413453845752 -0.258902810764
0.280825341992722 0.246196896717597
0.226519757921512 -0.364731975453745
-0.0409978866743829 -0.0428524209096264
0.541457013190001 -0.251972049151412
0.413340530506881 0.129724616444645
0.296577257354651 -0.466084735617759
0.414949170737856 0.260385929305041
-0.178770227718583 -0.0128825939249359
0.922849012217836 -0.0994215720009015
0.910956438838522 -0.173222678251798
0.0901019934855003 -0.115717816323883
0.0274788261512604 -0.260411150738634
-0.0317384205335834 0.118117263659021
0.637032665621731 0.258235392973953
1.09167685947175 -0.122508098587382
0.573559329552821 -0.620614907382921
0.13498786213779 0.295421129639595
0.549422943743966 0.648751531551707
0.820134302958396 0.23630987436177
0.926025608670346 0.270574989112573
0.882040037213407 0.424194298549072
-0.0651915145789688 -0.336406100863063
0.996755728264403 -0.426694802480099
0.700812024167656 0.818944940920003
1.36604955807484 -0.529532814968801
0.646431351917622 0.952660980116671
0.52506899773312 -0.463630243722077
0.535830183039086 -1.0090088711439
1.29441975975285 -0.705169895783081
-0.581139285720906 0.715727710822189
0.908609703051408 -1.0790185501079
1.04520713936118 -1.16191923504006
0.520226375770297 -1.13569049392969
1.10545745484697 0.368201798851896
0.406934210584782 -1.17884417414538
0.0548313666783139 0.697043862908346
-0.0607107799234494 -1.20281100141793
0.473186448082667 -0.941914404866119
0.86676604131554 0.324051918573893
-0.00528405261795049 0.580610998877824
-0.0504989793596387 0.967817707237222
0.501066529679027 -0.787530191200394
0.187458696779426 -0.987385554083168
0.635710680359462 -0.702099778097711
0.0187380415097892 0.467116534751218
0.253225808884199 0.777689623652479
-0.206442148019058 -0.497024133965777
0.517263557904793 -0.73038892784572
0.720712485851458 0.124397061451698
1.00334550843472 -0.146044208976369
-0.256814805468658 0.270637230176657
0.742284233719657 -0.44688098291034
0.956846332149083 -0.169094164179866
0.573677714309362 0.788955359403346
1.01852719107042 -0.112726743659304
-0.274171643014327 -0.314726547069602
0.279192807250942 -0.622341720556055
0.856415965703841 -0.411551828856077
0.0236349628627848 0.857249797246939
0.486383543969245 0.355962331634941
0.52863370249042 0.785367441962351
0.52541207215183 0.802309615351136
-0.437557224907241 0.26994184066905
-0.166267206720468 0.847551256100136
-0.142855984954016 0.93562336772019
0.996374512270036 0.701729392549586
1.20892401886525 -0.165431463350686
1.18177793379247 -0.346106458907172
0.483223436330547 -0.768321732245176
0.844958361550552 0.466470940513943
0.802211471231581 0.548934675813351
-0.028486328719436 0.249690000344304
0.770972844391802 -0.65505964885886
0.983727790912363 0.207278379195195
-0.0228149183184175 0.174791293761249
1.13584814419346 0.721797479793638
0.691520474797829 0.51210361511899
0.293823293346611 -0.85507933129109
-0.192349664345688 -0.147728602673847
-0.114885001070105 -0.0795583168266233
1.01423381676783 -0.608432128243406
0.575506231477623 0.493228971192327
0.529546499958178 0.533105821382252
0.9370494500857 -0.51501991286973
0.348989317339534 -0.587258437130592
0.257154616802372 0.671281418883275
0.951658680402182 -0.292474638382117
0.307963503986872 -0.531728303207729
0.26120278382665 -0.538109785676696
0.251977941740941 0.509624846691516
0.294626407899577 0.509043848466739
0.399443662681343 0.354630036364067
0.325575787058751 0.41411683699857
0.522055488271661 0.60032662326998
-0.19423405151794 0.029700209558946
0.260678825645258 0.330507063281817
-0.175538217732556 -0.00900553987399583
0.125966881558076 -0.444582809988377
-0.159899249603173 0.0283413518964339
-0.146130259637698 0.0569576255823388
0.446835240201051 -0.22607852100168
-0.134378177234659 0.0155001345393432
0.00383296169233533 0.186988066422712
-0.0634906796743136 0.235936985786731
-0.156033577029679 0.00612739240631935
-0.00586940854932014 0.200678390775987
-0.27007855540214 0.00275259990411585
-0.134661015973912 -0.210420594137698
-0.23187862894037 -0.0503069187879782
-0.165489567063885 -0.000299547876192613
-0.223228577754251 -0.0329816648544664
-0.0600638921028513 0.195117161519982
-0.110695051156158 0.0606929812576157
-0.118173016656928 -0.0409342750104216
-0.118578854490229 0.227619532673785
-0.16006987866211 0.142844783612343
-0.0766903938598671 0.0719495892333084
-0.0483093586669994 -0.0533123957650483
-0.120216473648873 0.185633845281676
-0.37248521872269 0.11622416142201
-0.0544565318999016 0.0586131945993985
-0.312334853105979 -0.16977821852418
-0.205490085885538 -0.1637372132776
-0.161474672203765 -0.236895520720614
-0.326849127932684 0.154793971109734
0.0424384207846507 -0.163327247824141
-0.345190688852794 0.196256309474812
-0.298251149440495 -0.309047918637811
0.121375639199408 0.36969503753703
0.382304770428052 0.047228579163715
0.00688016161565946 -0.251282380454823
-0.238470632503992 0.347083203243084
-0.575547618959264 0.0234453353350233
-0.580968867828542 0.127917491792444
-0.0209315932717628 0.501840996708211
-0.2447971249375 0.185440416464739
0.00959953609235983 0.401573714299936
-0.00848592284790365 0.383347692641763
-0.346571862708156 -0.314996638154495
-0.439161089680185 0.285111514721172
-0.315690465385253 -0.305903429003545
-0.541488132366911 0.00716866514966575
-0.291764423627225 -0.215181991215613
-0.47484004995217 -0.299962548212444
-0.882908965784234 -0.0423032303024829
-0.574421787402299 -0.149984408094437
-0.234118740930798 0.0519100663658538
-0.513907880418622 -0.218721240598722
-0.144224137269795 0.0832203688519193
-0.378258611945998 0.522601753779536
-0.435418708609885 -0.517026835565718
-0.792100390013895 0.480821225435688
-0.738805221862194 -0.50619235237923
-0.361769584590696 -0.324310285542601
-0.0370600393594653 -0.0356714194586857
-0.789881053358333 -0.198644363177976
-0.212324710612279 0.0693930075111739
-0.357605552720765 0.233269842925449
-0.645512404038879 -0.0992442239842177
-0.375731578562293 -0.18316903985749
-0.277155420233003 0.158814469034639
-0.449746287359179 0.0291639923475498
-0.569021382956966 -0.0114609774020853
-0.368593949057864 0.0664478090287266
-0.501108527256969 -0.0246462216658243
-0.480767997569018 0.0362337909841973
-0.490071633317201 0.00524608434552026
-0.48370009548539 0.146305638268043
-0.475236149126475 0.0191555995295141
-0.653632414212556 -0.0472449335221935
-0.522517981952007 0.101205273278754
-0.62418912941671 0.138412115710769
-0.644628594327108 0.0947598830799969
-0.552867204505087 0.054338990395838
-0.29889907317656 0.181276290546238
-0.438708758310328 0.0621425117824909
-0.662799000554486 -0.349796731193507
-0.59192876842171 -0.179635563262043
-0.562180406237574 -0.132280329857308
-0.602572500547109 -0.106087681910568
-0.41589496337144 0.0261605464483396
-0.642846163133854 -0.104635426068394
-0.786854464752694 -0.171378698213461
-0.682345051383724 -0.10192451922988
-0.495970064532451 -0.121009467397176
-0.678442769629833 -0.0105639101597836
-0.895463484880457 0.119863045937261
-0.747156927305345 -0.381337937144424
-0.784683378390341 -0.463370201170905
-0.725391933017688 -0.404872493794525
-0.219527160929804 -0.100098482242932
-0.818618568929895 -0.620922812248417
-0.309361287664624 0.606903448498363
-0.798349739826702 -0.104944273051741
-0.813843004885411 0.380587074811195
-0.0832056855431968 -0.575231723057965
-0.652750525284507 0.338368972428416
-0.6054555254238 0.339794677563136
-0.753669423814096 0.335047889788997
-0.161301126538837 -0.36274984068997
-0.587380257823868 0.339966297015239
-0.63310576246211 -0.424767126718723
-0.684770896508638 0.0397928758419642
-0.630157568953575 0.0296238860485731
-0.542578171937158 0.0243617654889347
-0.749808068619745 0.208982979648386
-0.628196022370052 -0.257102655183255
-0.649731875853596 -0.148294742420114
-0.437968141386239 0.00223926117258287
-0.321975663882249 -0.111967273421135
-0.874287517850388 0.191934805830203
-0.773788682213875 -0.210003738932624
-0.517138676684712 -0.0873995712852515
-0.840828317455754 -0.232596121752907
-1.01952784597973 -0.0262280971603257
-0.824929696522461 0.276855638918231
-0.920813927556051 -0.241465677102399
-0.855287996008801 0.3088117550968
-0.670900975447028 0.0827795312701606
-0.591182273149569 0.124864428621347
-0.977930469454621 -0.187571916851454
-0.600031020019848 -0.00135848918013708
-1.03488315390231 -0.403501390861743
-1.09384853911346 0.271252715230906
-1.41802162827966 0.0137979345872876
-0.929658642899189 0.162079949589476
-1.13249072139043 0.113269230076119
-1.28575035983107 -0.0718555189834404
-1.19493421381734 -0.0364848623031101
-1.16343340661297 0.177932666976518
-1.22651748790158 -0.134592607016944
-1.37872309624819 0.135682993391869
-1.28671585008142 -0.154034188529646
-1.54058080821704 0.131281293039571
-1.06496380571907 0.0241591504595694
-0.905309567407795 -0.164326944961699
-1.32356157043905 -0.453638796905404
-0.757641057207491 -0.131743841448606
-1.25020696068136 -0.412085911027239
-1.24087533714946 -0.37465962473589
-0.520004444286524 0.0136473197605494
-1.58439230520092 -0.812368614075215
-0.526795816017428 0.0249889005105922
-1.53458992868852 0.356749775702883
-0.487772280717402 0.137385882602942
-0.250693765262986 -0.141889412485962
-0.959284026341665 0.778452681089875
-0.902604205539575 -0.746402192539236
-1.50971364077597 -0.582884340327944
-1.08352622792764 0.51027895563057
-0.259471024732557 -0.36528032497408
-1.77190190331418 -0.0229485771417431
0.0610574215346947 -0.367928626353173
-0.35571097524369 -0.938221754409518
-0.884728694698677 0.389921483937403
-0.0572284589317577 0.937651262253643
