-2.05897054220366 0.996780988468068
-1.9485090398412 1.00865362635381
-1.77702645666467 0.346081672981904
1.57012215418257 1.46121821865255
1.50373291215786 1.39073926885146
1.50160267896055 1.24093825326737
-0.0930420805764771 -1.95971612061073
-1.49131429895361 -1.19634850196175
0.988655169603543 -1.40911930240019
-1.3129856283326 0.361186988541601
-0.395744941071447 -1.15488416286094
1.71212340340159 -0.0937872658630351
1.40968996483191 -1.57091634174744
-1.71380884819287 -0.840438171253333
-1.36792498601473 0.802182237156984
-1.46974054337591 -0.127360170077133
-0.347230908625453 1.41768602778828
-1.19152173786169 0.586039137374376
0.920149852901247 -0.293345895594576
-0.888224076862199 -0.873326626659888
0.203512124902333 0.822122342984064
-1.15326295362877 -0.697176544408928
-0.611501239666118 0.04622414736022
0.492532502135426 -0.919123610592938
-0.804926380818244 -0.020400869083869
0.175672746686234 -0.786654886712147
-0.369891223419577 0.518031364710278
-0.172614232916884 0.536499039695153
0.376037918240351 0.248877647081699
0.622001466481595 0.189060128322712
-0.312077493741281 0.297267750944487
-0.202820679743998 0.2518769405299
0.408068071133113 0.0417403915875788
0.318917240616975 0.196635738328845
0.116045398461929 -0.357445880734869
-0.00721391064746633 -0.485306634551822
-0.290308883918714 0.217007863625649
0.219790224093293 -0.497432945160354
-0.117465398542343 -0.189261604293849
-0.0701653304261528 -0.264476696744178
-0.3056368372712 -0.128007017984374
-0.0707150004451818 0.11702781440267
-0.0550408412632199 0.208606457568497
-0.215933657134261 -0.010378508318663
0.0536298771187723 0.0687437156198856
0.110282495648064 0.25033403084373
0.106151925974734 0.153048976567249
0.0022659837214747 0.158007767868905
0.186439263907078 0.249885373550794
0.113820830670058 0.192053672411956
-0.047483920033584 0.21389950389975
0.204735209089043 0.210733893216278
-0.0339130801947814 -0.0611613405881951
0.00586018106698219 -0.0219528687374395
0.180403050986381 0.391227270446018
-0.312779178710187 -0.0301781163434182
0.0364422190530491 0.359115793102417
-0.398316851988305 0.0542894005009124
-0.342971805113316 -0.0060320190943336
-0.00844544034639695 -0.111224541961679
0.0272032672850144 0.151844002331548
0.163534242015545 0.344384543511484
0.29861392391714 0.303548306670488
-0.112197920639559 0.3277878750049
0.13513602952769 0.412953820472338
0.146129307825921 0.281112888537742
0.380974480275251 0.247922368979701
0.0292019432468195 -0.300099929959528
-0.0847224172308808 0.47240936248547
0.122083076714289 0.432401474088388
-0.351491372632288 0.158076870458058
-0.230183599079643 0.107207863509412
0.0654334091839174 0.0868840086799337
-0.158777856751307 -0.257380993614157
-0.155836701866657 -0.113773900018604
0.166445366573581 -0.167983347585514
0.181675322115763 -0.254508960629959
0.113520094070995 -0.507673151285123
0.0591877156182023 -0.30246747387609
-0.0146087849105977 -0.433103266819632
0.0516041590301673 -0.417985444805014
0.146621582562817 -0.280842326675752
0.0497816931322108 -0.227997066429683
-0.0589036015054529 -0.194852823298042
-0.070633196666529 -0.224103059829973
0.064900460390539 -0.186291165667927
0.195995291874773 0.0186150871469499
0.265196661777689 -0.153387677844284
0.287052599388473 -0.152824578269039
0.340289128718481 0.121627335148488
0.351694298210022 0.207778388729752
0.231123241577392 -0.19753865057667
0.316956202268044 -0.0534662869055761
0.103476883540215 -0.0993831349943032
-0.173757664544271 -0.140390706917978
0.0173777216235916 0.063276606208533
-0.0868042531089283 -0.363018269412451
-0.117482876165503 0.0970861411610866
-0.33481436424867 -0.390279413670959
-0.139919696484834 -0.230993081434506
-0.115971383268932 0.187479394676049
-0.17434671486711 0.0812594910251141
0.197597172180557 -0.00106833484209831
0.414856019312828 -0.205599596578983
0.518738455687174 -0.290611991577227
0.25948732960098 -0.443587158729264
0.4237573679585 0.0114334981829671
0.106125776055559 -0.418682799008277
-0.0177919693558218 -0.15828445842633
0.196714467722012 -0.506506404501859
0.20176463854171 -0.344093123225425
-0.00699837612341237 -0.302073242319319
0.0932343287469665 -0.218528055800258
-0.0717432215928791 -0.172944043011357
-0.0555076780057336 -0.244255187601606
0.110185783157912 -0.272720756231891
-0.162398575957701 -0.12585606636337
-0.246100704957988 -0.0655609868992533
-0.243864778762615 0.020569581462351
0.40971634169741 -0.0107153090390031
0.524427122017565 0.0508992858679081
0.265595463279677 -0.0797820714740595
0.142052098471804 0.15495611676477
0.254808906615806 -0.049518725127832
-0.104784932737742 -0.0479686784738415
0.124670541650644 -0.125905818153029
0.0963112681472178 -0.10872611874801
-0.183555071739603 -0.130592113732596
-0.181660127134598 -0.153303942034782
0.296266093668081 -0.383450107202067
-0.214233072246484 -0.208223083322457
-0.0830797531247204 -0.0178454296649559
-0.18699347079623 0.092029024206753
0.433926733227084 0.133045336244363
0.0395815875600664 0.329722189580302
-0.433880698743942 0.0308751106830005
0.39607783640722 0.173827934055842
-0.309587510524613 0.343165243717119
0.255174668259325 -0.208785075715212
0.317535438983839 -0.218186620660592
0.178543955714484 -0.0592045933001037
0.0850372693605138 -0.170253820512911
0.0622274550085424 -0.0344003298674482
0.027973164819743 0.0790286466356805
0.0124268107648801 0.109970680603963
0.00857371839194349 0.335945061292863
0.0710292993295022 0.46902668774648
-0.0209431901313382 0.478852817795698
-0.0543013553845339 0.290577074347266
0.0919745931410214 0.105921282231081
0.238844837589917 0.344973561035777
0.22534189443616 0.162370705712027
-0.284268462116846 0.306786449706981
-0.0958365726459464 0.0728389232418121
0.17418289802327 0.153928621584443
0.00426482235835555 -0.205740280826314
0.0389748700470151 -0.334674451823248
-0.176693797413818 0.117748912480132
0.186298598108315 0.485893786716829
0.295814999339268 0.326544070670473
0.269803884157539 0.204394262012617
0.129930835672726 0.0625506197680115
-0.100042661791532 0.125580657797055
0.195499442139004 0.147954052317242
0.0530511328952312 0.0254911476682981
0.178874916757676 -0.0532447008060246
0.324343424110537 0.112827964268821
0.263714248632455 0.311877553365986
0.337962495216973 -0.192009850753017
0.191058840349938 0.439618548018235
