-0.372974176200339 -1.66953483138018
0.811540547116072 -1.81335062435623
1.25468001694942 -0.571938539838581
-1.00032183419747 -0.340923234974473
0.326777308376518 0.618374947052467
-0.728744167574117 0.994864104596259
0.868859667972936 -0.00535685926760398
-1.09592227940282 -1.04656362963077
-0.300767347278979 -0.0861225735579096
-0.844189314925545 0.358677608420064
-0.591884729642859 -0.708612140761628
-0.425086011974514 -0.661984478454927
-0.561567991175882 0.398785771176635
-0.56229301785116 -0.459221451129316
0.22346266142024 0.0461308573096455
-0.235783941081027 -0.445195754941779
-0.00951859767925282 -0.0475281284417206
-0.340900273694361 0.504070265698217
0.275468630877071 -0.027721844791408
-0.0705943419855782 -0.368290283513703
-0.09258385220933 -0.104732237529966
-0.23372033610853 -0.314399332787782
-0.0983450614644748 0.214199456231385
-0.123633307244773 0.199549108370108
0.0145028091936922 -0.0692124191892082
-0.0478965889285091 -0.124159113571625
0.11062572066079 -0.176512735139746
0.369128010032879 -0.327873248510276
0.243493631646276 0.267875393024397
0.247005606108497 0.129369571028598
0.268501559220218 0.53013471781392
0.141900269604641 -0.430484281478395
0.45357432680591 0.163968458207641
0.0725076426212254 0.0647801000806726
0.568535605290227 0.262601957002116
0.781422524198373 0.0516884598962912
0.811603364885491 0.0804407349761812
0.398625889275396 -0.0340040076677482
0.450899351754752 0.119106635184765
0.593521912318751 -0.271488241030659
0.268378151823823 0.123220257824514
0.283812384823523 0.0379218600909401
0.371060023650143 0.105393649191603
1.04383726538144 -0.301841959643275
0.176927046362563 -0.119818888343861
0.955129934083048 0.486388891329741
0.382060059930053 -0.38342754004429
0.183172743447003 0.434508331570611
0.607933131283618 0.0466981158068825
-0.169230414841241 0.586117692393451
-0.524500308923917 -0.0715636147675726
-0.726446349031783 0.653360176901827
0.687428258628505 0.199252326520975
0.413951381285528 -0.518452808371676
0.898832225754478 -0.0808587954312798
0.313664062797473 0.413177440978221
0.631452805658612 0.208295745772414
0.691723235229793 -0.150308383772599
0.45073166524442 0.396828197068186
0.827748781802163 0.276836127463616
0.354992237667122 -0.213029561091939
-0.0189688580682939 0.58916031723579
0.160760553881381 0.0128442073172778
0.361232808949997 0.131476177462585
0.679337039012321 0.436578950579027
-0.000274593366105993 0.0991047708458093
0.221797663049843 -0.434032862041258
0.389117522735101 -0.632261676655334
0.116399564686171 -0.389542213688262
0.185389092983739 0.174075641871406
0.136055812149221 0.0609790764203609
-0.155993117003823 -0.0259117719185438
-0.532367920314606 0.398054760988726
-0.322371695659354 -0.0653239328004567
-0.709797425353068 0.110661754526774
-0.496409568125199 0.0554151913167529
-0.513450682389875 -0.168542216566932
-0.424738895201432 0.388220031314699
-0.292682727329946 -0.46281340579648
0.366946009752155 -0.438798267897857
-0.157683547765661 0.788942889002867
-0.543009653858935 0.721562683836141
-1.06526437731454 0.0264244676419864
-0.768814310716099 -0.0359674968896647
-0.462738290279014 1.08560261771186
0.00826617085993276 -1.02712806880434
-0.635727291277009 -0.0554231033266484
-0.751862791138529 -0.0485734217671426
-0.0915258190484832 1.04735904852956
-0.0569987501774927 -1.04997923646052
0.251323915936142 0.757941205338467
-0.405843705546511 0.789656918533123
-0.202843684545819 -0.4468578574539
-0.214856155915054 0.110992778829198
-0.318880862426982 -0.100437625271206
-0.299842875173649 -0.0461089604027404
-0.436556077388275 -0.193777636629193
-0.786458762888581 0.133351413021606
0.0086075511588327 -0.330703793156977
-0.803109907216133 0.411001677818836
-0.026525644165256 0.407839287061952
0.2017987671763 0.914713358406289
-0.000421990453755668 -0.92933907229427
-0.475420095480657 0.00717444291004362
-0.624087868816869 0.575105111680981
-0.422541339512265 -0.717737482704496
-0.475643737167328 -0.532854486798258
-0.488111213995509 0.331661348307504
-0.230041304922791 -0.241885850400831
-0.708266863982497 -0.3377430863767
-0.134170671016968 -0.10189001903694
-0.0904080792761786 0.49337101680632
0.40033890662623 -0.148407498031899
0.00350744498051821 -0.20109854989837
-0.00225546039128744 -0.556480609978755
-0.0278181240669654 -0.395949266879814
-0.0978863615194021 0.0678845820345288
-0.569359240854026 -0.0523370827536671
0.251888812550511 -0.182273150970148
0.807708464542457 -0.52303035489661
0.712411504877375 -0.563222704923501
0.612786232035633 0.907669669221836
0.711015984716166 0.0616439029463293
0.638446929817266 0.263376184334251
0.0622312239146466 -0.062042243067586
0.622212970225078 0.284173083383913
0.182188597232669 0.657950596223284
0.260561316785191 0.260851585467582
0.762043054042906 -0.102527365294417
-0.216553182314611 -0.163006722599032
-0.285394735495867 0.306372560168697
0.0633701844914195 -0.204132186076032
-0.290707106048367 0.437107553107035
-0.0369298450582454 0.606980643111708
-1.13451626506099 0.0533226026092926
0.315723741140118 0.513134621708169
-0.294333274075888 -0.416921741220378
-0.25459527017757 -0.644670898850187
0.0860853921869532 0.720348828434692
-0.367024118028675 0.78154382364762
0.170749159577389 -0.947950443100755
-0.700786462470439 -0.0320524336047652
