0.290900919188214 1.23149017447016
0.410840311320409 0.931156445181062
-0.255660428252184 -1.09987649346773
0.1632523257397 -0.844048071668461
0.57057156503053 -0.673371540460308
0.731402147215078 0.664706363709731
1.11585969357181 0.423270470711399
0.300599178773561 0.754236216275469
-0.00999641538780652 -0.809750023592223
0.660125523879768 0.45049538432989
0.229003533218198 -0.738626255490324
-0.144149524948433 -0.021660955814138
0.88294237079266 0.476167863089358
0.742212351606541 0.306998290168617
0.879710650466875 -0.401073829045196
0.827128213120802 0.320849294987487
0.175316465397959 0.168127325596963
0.861243618065727 0.348706129884047
0.629926513043298 0.0094102651380338
0.478208733745731 0.215667159851269
0.50922439829386 -0.324596492770943
0.122461529897601 0.117059106462543
0.726135839390343 -0.151382412257889
0.607765743845131 0.189203146931161
0.75205710943377 -0.0787243813539721
0.493578619747502 -0.0162693365003562
0.611915726596209 0.0848269047837635
0.60910905215399 -0.0659075474023936
0.528062462921742 -0.314487797408607
0.942951736877466 -0.133895087962575
0.756067525123757 0.0373874179839197
0.671785954183693 -0.077831449922821
0.841325001196035 -0.264035298637964
0.793576390796297 0.204866016659215
0.920570399215575 0.345456283618444
0.747901209319218 -0.337282994849892
0.643279052793748 -0.439141528025809
1.07188905930583 -0.102323313068114
-0.0795279377158128 -0.712752337400707
0.584890810010685 -0.639941848330205
0.524326794967108 -0.537552444923147
0.415617257138667 -0.761899969277401
0.440524290807123 -0.848763557347322
0.519146190706029 -0.89749880744973
1.03486080601999 0.0751868489848607
1.14663942331144 -0.242337687008973
-0.748467791981229 -0.680588601522423
0.231192162290596 -1.2764594499701
0.88202603846852 -0.688759522730829
-1.73878364010548 0.250952035477204
0.427545258224577 1.50816157350697
-1.48295257174059 -0.870316804261883
-1.16451086116582 1.61140557530997
-0.774331561964357 -1.34814321952646
-1.73965926306997 -0.766344521094078
0.00763267062333032 -1.73450418462173
1.12762206624378 -0.684664414657792
0.428954512021642 -1.98394172955997
-1.22045387495524 -1.33860213982533
-0.92929489399179 -1.5537320727886
-0.601157988602402 1.77777744212976
-0.661689004893264 1.62745161311259
-0.591647063534786 1.59572661520049
-2.27698638501913 0.288387350752753
0.470218887460102 -1.08251275357106
-1.9155219963946 0.350612064689584
0.502996679215012 0.990572152687354
-0.685155578547271 -1.06541235162723
-1.45654614979002 0.453447890676017
-0.974916393271351 0.845005625995326
-1.03246182228242 -0.788484793985688
-0.602065707437788 -0.553581587051272
-1.32646354627535 0.187164569313093
0.173629303748014 0.905166533841219
-0.696970777124587 0.787433972725076
-0.986921870429958 0.248695283462852
0.164744717676542 0.763941645525868
-0.286575825923076 0.527874030406508
-0.432869076664011 -0.400702582819966
-0.53927455837457 -0.35693414880479
-0.144606672851817 -0.0380237502605171
-0.254679927109759 -0.0459863702080985
-0.29247593999735 0.344890631414441
-0.314951079684845 0.139115753098271
-0.141723744009868 0.154482290603431
0.0553926492446514 -0.0397034869273198
0.016330857541924 -0.185299374594204
0.062749069389788 0.143848885590393
-0.150043964391159 -0.3556566056418
-0.294792129554982 0.119925629400696
0.279182301395 0.22989495995111
-0.215458347086215 0.0878844124829895
0.239718709123243 0.317390851655915
-0.388281830592292 0.0567904429809954
0.251258770311475 0.302257828413423
0.377783086626751 -0.217206071692166
0.18523864251193 0.137510593160878
-0.263234992440201 0.0296861244026331
-0.249866459849004 0.52712208024135
-0.251514969432882 -0.466448977137161
0.315337108387856 0.0359434632063871
0.242161242381282 -0.0594666149733566
-0.196480845060772 -0.339830568826394
-0.0798257336444059 -0.199795909305588
-0.650212407570679 -0.0169986506131811
0.0959735806029247 0.600550759896592
-0.228718388197597 -0.373305567764294
-0.436742595339762 0.503487372877117
-0.156724027478439 0.0434675827389159
-0.4494476809129 -0.291911780071071
-0.180275918819991 -0.0905142783156398
-0.29692891491228 -0.14415919343334
-0.135711955771545 0.269873841276383
-0.158142244315041 0.197646606863717
-0.222060361884646 0.211170913627486
-0.235734691298984 0.13804565854355
-0.320974833809254 -0.211459412277455
0.16406458069832 0.107514940753521
-0.352191405844138 0.154436235467307
-0.329389105822435 -0.284338306759771
-0.349188804946967 0.418509289165723
0.103560030938053 -0.42611832677931
-0.334270102697197 -0.49728862172576
-0.534046397948272 0.0151371924675636
0.0434342384315334 0.531791078148571
0.190284158821122 0.371037088270054
-0.76491998988716 -0.0159845632399523
0.410136805224049 0.382202975662798
-0.0934941678845733 0.455270427148792
0.026871897746122 -0.374338403907435
-0.176742214805814 0.074231405399009
0.146096945173932 0.268470307741561
-0.588049737735895 0.524714255420073
0.0606313306427555 0.0694296845440968
-0.428417903665367 -0.239373533482909
-0.147179292127998 0.0957518053804357
-0.434060832537614 -0.0736660086999912
-0.583128360726898 0.119313746522629
-0.303447791961398 0.206095147815692
-0.0740987998769181 -0.101690658663609
-0.263832872359559 0.236715941427619
-0.333956327990882 -0.145180159690598
-0.433627112637521 -0.280000353901907
-0.200567480864973 -0.289022735969792
0.343734592198701 -0.0772325570906009
-0.066337940548003 -0.347934927842786
-0.343949067462354 0.317644706338423
-0.153705782311911 -0.282504420798179
0.288281913635927 0.0885940155523738
0.298368360030457 0.524984815302426
0.343252320954127 0.348801420600308
0.21579819551533 0.277597472797169
0.35460683672995 0.0901226778570531
-0.0767442392854548 -0.0302454418510259
0.0654246552319506 0.149097325350859
1.34212322252698e-05 0.166459096704072
-0.169376806100624 -0.109052637313743
-0.272079362564323 0.146909605291956
-0.239213757920791 -0.000428209298398442
-0.0351552054767819 0.0332377742451693
-0.354218287790362 0.0541712071885556
-0.223938501990439 0.106403401477288
-0.329341337854318 -0.00747431873136096
-0.366366811634421 0.0795578505539728
-0.362885531541411 0.195628289879161
-0.299354070951019 -0.0252075887113408
-0.397206634992774 0.0869973456317122
-0.525106107162657 0.0331782593314694
-0.629912030938145 0.0464631035482013
-0.506521690645222 0.102968052625269
-0.22053168619084 0.278876663608977
-0.529981766055218 -0.0674165728264592
-0.692758305117617 0.203017148707806
-0.408130118986379 -0.102030448283178
-0.585686811022165 0.404157275594006
-0.669799978736086 0.423155629844301
-0.121305468622969 0.418413069503992
-0.428384409653354 0.354130328899194
-0.398393902200272 -0.300134772336939
-0.264958658699963 0.265907525817054
0.0128949530456136 -0.0901387482210926
0.150219782020488 0.0775082799736145
0.0189520155672711 0.124149042910121
-0.031692027481441 0.142801828940836
0.193638360938688 -0.0370563264305815
-0.0395066011663788 0.167485670887363
0.267357953498011 0.155499914442253
0.315884274034409 -0.000703922337124199
0.12090059021636 -0.198356824662055
-0.125484862717509 -0.221945825656299
0.490045834205425 0.0953525498443489
0.37002877421761 0.114095737149908
0.239629916603667 -0.150399206518779
-0.119517180211205 -0.424314212404416
-0.145807729596794 -0.423957113872385
0.222425473264106 -0.220406783778284
-0.374820255664433 -0.0353447416801372
-0.0472463263352012 -0.484319933621364
0.492079791338318 -0.0631008530919903
-0.110543533022834 0.492516110598062
0.544807898778878 -0.103701744824235
-0.206475300792163 -0.382200075651146
-0.624521346583885 0.143951954503955
-0.443896282585274 -0.0377732849868885
-0.37887063727809 0.237469851482314
-0.210777056649919 0.456123259531327
0.37222352036068 0.223169060159352
0.148890037365797 -0.317427745353143
-0.110908244021431 0.0771579722076005
0.190228859442409 0.20271643316541
0.277299056682482 0.105365871466137
0.418060051120358 -0.0488589170064383
0.440480458460765 -0.0636265123206862
0.473172189434378 0.0125406874758131
0.564851830480972 -0.0561740059312507
0.509808147313306 0.0115692273990458
0.41263740795622 0.0110313800313358
0.177465303152111 -0.0645784832398283
0.21091450406987 -0.207925484986598
0.232914014909629 -0.44530616503027
0.358266460157168 0.308011128409155
0.615381290036314 0.43946723849611
0.324390334888165 0.512161751623853
-0.327564187352956 -0.397778685227467
-0.0818007667409814 0.404636560001227
0.355727990888471 -0.388511307560318
0.634614560363861 0.175125868356022
0.150050996907046 0.431558798504682
-0.169035547345251 0.349785240622641
-0.00314467770597679 0.283775363102978
0.377056295635284 0.284486952226268
0.428416310921597 -0.293328643213915
0.543595722871654 0.242945978407973
0.332938349259347 -0.267217496277344
0.290120541096737 0.0457278481240429
0.0552739401173862 -0.303735067394652
0.613382523626735 -0.154459674437576
0.282787107107254 -0.328468601145417
-0.0253707389761726 0.364906353300317
-0.0496911511899451 0.156561550266281
0.378841832082864 -0.137235694419959
-0.205432351789018 0.332864575651688
-0.084155631904757 -0.279654207995031
0.103751876727608 -0.053268863554383
0.16387101598242 0.0572423123002927
0.104509591795745 0.0171773550029427
0.159194820258796 0.0511475778654891
0.142570472887 -0.0868923379451979
-0.172991597341861 -0.260303682933589
-0.223851534572613 -0.221507148281789
-0.154865529755272 0.385254919375353
-0.588381518181733 0.209706091151687
-0.218703635982025 -0.157083980511635
-0.238993781539457 0.265365961356145
-0.665201063140973 0.180334720524571
-0.321681042917547 0.440955562318736
-0.0297005632008846 0.0431721941512874
-0.510811888358891 0.00564416074030715
-0.460133693761694 -0.166980520916566
-0.387037370337195 -0.100399583489247
0.000151587696827365 0.204252292190991
-0.00470597277018906 0.205901613260505
-0.0756344973732582 0.2198929232063
-0.262863637684505 0.283059648117017
-0.300930704010845 -0.0903833135170719
-0.0947681667484651 -0.36285249664051
-0.247332569524948 0.124302125071388
-0.00400334791240601 -0.436585475134355
0.124663157765753 0.313188501732993
0.0023963721865317 0.105545565846967
0.0345675562871594 -0.326770243410452
0.0370907428238513 -0.122110186257437
0.270928556819583 -0.0473467278013533
-0.14049913693796 0.379220598888168
0.0264698032299905 0.011716115426543
-0.362779107676393 -0.151941854871354
-0.156079082419961 -0.255626267514764
-0.026271577703225 -0.315876877913364
-0.466002546929637 0.263265593059346
-0.30118892901499 -0.0663679505284287
-0.476898223627663 0.447739621140349
-0.287416180853132 -0.363673685490832
0.00952494875365336 0.562152979357918
-0.591013548265931 0.307814338918543
0.202615582089432 0.467625994978233
-0.174318572939429 0.258859812800165
-0.133505494655901 -0.454214389419734
0.256809177067765 0.416875967331289
-0.242345505609947 0.0196297400079744
-0.125538568388646 0.0692693959776317
-0.203179759939472 0.105994042396621
0.441872674612229 0.141522251366436
0.0356911974231172 0.0493654161134116
0.429812020502494 0.12113721417974
0.311916289548919 -0.073601077493351
0.181226408369196 0.201890848972542
0.264219912472797 0.175981705077327
0.429583705259689 -0.197378183847992
0.0940907508496662 -0.133059965856598
0.246642178979126 0.0646090981641202
0.130888701046086 -0.0643515895444883
0.394373477819279 0.0648709912838726
0.523374456488225 0.189420230452977
0.435912574467214 0.0907179595775308
0.134784803291846 0.0190594658644634
0.712632985071828 0.40474585191709
1.16478384087668 -0.129990194198003
0.296745289313422 0.567367418874024
0.945112166549717 -0.604153883010647
0.661518295192723 0.549767143209679
-0.308730181266766 0.00550613937766596
-0.378901938428561 0.0245837608303392
-0.113923832772012 -0.870058853296558
1.13468670958849 -0.558287074893765
-0.278501837826148 -1.03629206193904
0.670670924690283 0.885153396960117
-0.614356533814275 0.0707493932547234
-0.208645960838368 -0.935965754052616
-0.207862387233777 -0.847025673882939
0.573118059896272 -0.70085471833533
0.754744852291013 0.593718922967467
-0.196706648322569 -0.596871461584521
0.560768361997668 -0.440891434698084
