-0.261432063832964 0.509104870647329
-0.861941289993075 -0.147107179677611
-1.38284300606013 0.0224981200365716
-0.849077139642523 -0.0803995485254445
0.047543156563764 0.451937297818925
-0.833569908747067 -0.124339736727445
-1.07522046521803 -0.230872742720947
-0.658334708780259 0.0752032631628921
-0.533918425042251 -0.889107562676793
0.0952653515141466 0.495496359591099
-0.478599413724993 -0.817695498564698
-0.12313183589616 0.714516841526164
-0.296733503056261 -0.561840793070303
0.436898622299165 0.0371879295444614
-0.871339459100415 0.251111536908218
-0.275729619336916 -0.663463525794803
0.415935451127453 0.0194709420469579
-0.263833715793788 -0.631932535881221
-0.507090886128897 -0.0485733137717745
-0.468377863687086 0.569288300901211
-0.478026240495465 0.294304330109818
-0.662112017181494 -0.174753216161503
0.0691947379654906 0.39832107606473
-0.163426740399296 -0.382287609147398
-0.254588107739582 -0.456267889210978
-0.371879723492417 0.150360589718912
0.193748032905729 -0.360891781962009
-0.00102912423877038 0.328250655515551
-0.201103147714633 0.0957533491435405
-0.189811979852837 -0.277486170676502
-0.194007549794546 -0.299910920790876
-0.0578880892455502 -0.227951796704829
-0.173873132641621 0.11843027004661
-0.0822803464927677 0.25556780208293
-0.246637715454417 -0.0202600720723701
-0.225000430915811 -0.0113169246575971
-0.0797022129898435 0.178351433359392
-0.283348363163332 0.0514476812589407
-0.109558268236774 0.0455840434541991
-0.0841932999285154 -0.0229646205367658
-0.146194460513799 -0.0958090715723292
-0.128794680204049 -0.0229222235021461
-0.172813074718584 -0.0498705807035312
-0.160132943839613 0.131733696797521
-0.0775605967067221 -0.0581732769878514
-0.219235608252591 -0.127728731141842
-0.237816654083414 -0.0829802354489895
-0.0786885424174669 -0.178418936633872
0.0764563516707076 -0.1844046855167
0.232397687581238 -0.1978147298077
-0.0144433786481633 0.276618824667702
0.11172481704406 -0.122003094158254
0.0391785040235921 -0.326372767059553
-0.00865675192266102 0.285248807786843
-0.363916948989137 -0.012230516306539
-0.0867804463351968 0.504161863951586
-0.203867954895789 0.236504307418949
0.143093190136299 -0.120814289891637
-0.3333197706758 -0.0768480297811417
-0.150394719822227 0.271172672339428
0.189826810489912 0.039106601570747
-0.375089235687659 -0.0612575217814596
-0.47028241471415 -0.0246447199878261
-0.317699140554797 0.0893958898384287
-0.0726123240075617 -0.114586697742615
-0.189247331801074 -0.0666597368759998
-0.144704551694092 -0.0267733372912499
-0.0954205553665254 -0.236346098155965
-0.00641247367579084 0.110006786645714
0.181208197398785 -0.0965116399081525
-0.10116763085907 -0.0656961769344639
0.232853736391638 0.202480386110455
-0.0837713416658632 0.0253657644696259
0.062121255308671 0.154812700835642
0.140844415967603 -0.20502588159182
-0.331403794654584 -0.208348428207618
-0.18580015579042 0.514159871622412
-0.388796067625131 0.240958653413303
-0.0762172996665357 0.01514857153571
0.38872425175675 0.0269895810304816
-0.197304967156515 0.325039862910781
-0.283847733253929 -0.0823219820954292
-0.176794251365196 0.0901664022049057
-0.189610747472196 -0.362333463885889
-0.364392601129679 -0.136447664980874
-0.32067676373125 -0.118842547121218
-0.340220833363999 -0.120060169366017
-0.230383493830924 0.0529324281096282
-0.420983897533632 0.05597828724124
-0.182445176021231 -0.155198838343742
0.0566051940707526 0.0253353370276205
-0.121005033765617 -0.149420427270902
-0.130887794271728 0.0601845972553878
0.00929033420680422 0.0548975202789707
-0.152963117506512 0.317398495929007
0.143650802037541 0.044979011427091
-0.00995436923226983 0.278974829730176
0.0435682538300135 -0.343221100646087
-0.31357825154258 -0.0419773297392806
0.257545169505153 0.394441092855438
0.258290465363329 -0.202114625795624
0.192710530382524 -0.276398765795348
-0.039188087569056 -0.030240531124163
0.56709962594815 -0.303585137754664
0.526084549100679 -0.239102443792263
0.170251941732937 0.364611385985787
0.360708281779675 -0.309829488567052
-0.172387206482018 -0.201752472262649
0.436170875645821 -0.424326901591935
-0.115803492024509 -0.143092795265499
0.0890534636250495 -0.408005805904488
-0.315768672077234 0.268133561922793
-0.143431925229774 -0.127606204489505
0.144210187998934 0.563509642013955
-0.0974790715156914 0.398794444243475
-0.104496331719229 -0.415673654854055
-0.33743844935898 0.560934394353085
0.341530556371872 0.0393314972661665
-0.195649218573713 0.268323196469684
-0.204713018934915 0.415481569159579
-0.276532600761155 -0.347472924240128
-0.62552511030003 -0.013515751107515
0.0602483677437856 -0.0286842515971313
-0.326408162008425 -0.275958383286408
-0.464014655752998 0.0793570666136557
-0.335235399436087 0.283234562063328
-0.338725894092077 0.200719538985806
-0.0458993711648297 -0.202559575043946
-0.0243701091013899 -0.0796430717161991
0.257889073025999 0.11424796674188
-0.12477882794016 0.316052917008253
0.0141776244351784 -0.108211318333293
0.352494169597862 0.177407210699647
0.126968033446831 -0.221169438876485
0.0548100961328431 -0.319262189785276
-0.0937277096714278 -0.252416865459746
-0.00636894684391456 0.447333634822634
0.312536524195335 -0.0447548679871011
-0.341335623805421 -0.385933287623809
-0.0156196965774682 0.542250611889962
0.166815113743569 -0.070319066832076
-0.404354239028989 -0.381825336838783
0.152583024074871 0.0131182129257061
-0.215609611186973 -0.235625534773325
-0.451576519337804 0.0973960124603351
-0.397795902164076 0.0922573832263136
0.202019455770217 0.00858268259419025
0.0128133228645093 0.34675712023215
-0.437775910774171 0.0140458397156239
0.283992855805901 -0.0154224287121866
0.117238158796748 0.329777556190598
0.0954708410668681 -0.227764725175563
0.484966600947371 -0.0269024694859605
-0.241658844659046 -0.398028252875545
0.136714967186886 0.468815804832232
0.0383795355179594 -0.331887053768174
0.401671722064208 0.0476227308504182
0.394203760096441 0.0401547799194138
-0.438803439315816 0.532051850922542
0.386563554710297 0.00333303008431186
-0.195629048422142 -0.355696633390359
-0.299030367897768 -0.50585306616898
0.0051566260848074 -0.488633129041013
-0.155532722700021 0.540923036761493
-0.212294093666438 -0.321302736465928
-0.556924374146799 0.175183651479637
-0.435766174654348 0.38030822631921
0.237307739113598 0.069455239635808
-0.414853098616508 0.106455089566824
0.211720572902322 0.0525733487802893
-0.0696064451739352 -0.212084096084078
0.124667639362333 -0.321655484302568
0.0256324149919896 0.331927182362471
-0.353337907059912 0.160736455547966
-0.0393681378826858 -0.319191319757178
0.402211565554215 0.0475104793706585
-0.153031653887481 0.125934437142309
0.397536372532102 0.0810581965260551
0.186744434630001 0.402133098559307
0.3663224607743 -0.260339314862495
0.438148712936242 -0.261410304774685
0.448133699448954 -0.231395852010389
-0.0445672299170288 0.490662238880117
0.431717634826635 0.0357975614607944
0.557348263857364 -0.00779041135536313
0.135025958618003 -0.396417488057065
0.0731892511610772 -0.434853420352716
-0.55009683730073 -0.00691063605912315
0.084127690785712 0.538559762244757
-0.0934149389118095 -0.379535370006251
-0.581825169774004 0.210140580405547
0.0107059740150592 0.602150860591399
-0.400498516401952 0.494731105314988
0.290430910330769 0.0816794290240947
-0.513616706477734 0.228250089399804
0.286658103990272 0.128766067666913
-0.0442765844755999 0.494654683763123
-0.005532216161263 0.52165696702938
-0.0591421921328621 0.445209940461276
-0.503113853179543 0.071429168519505
-0.31259459155021 0.300547941454356
-0.154177859128596 -0.179325724484776
0.150950226228951 -0.00525035619335264
0.0676299342749441 -0.271651685826536
0.14580646499646 -0.301233887969218
-0.139513529978511 -0.337170892415149
0.0870829485255692 -0.272772167254084
0.146863510441898 -0.237850678270161
0.125724561928739 -0.388848249668237
0.0261124902652243 -0.382686229790688
-0.0710207734018606 -0.587719902516583
0.183554353319695 0.574290485706976
-0.434354266056318 0.160736477131776
-0.0883869571057367 -0.340202844179208
0.0277071318980751 0.603039806349724
0.338000229369874 0.173403584072397
-0.204345443348686 -0.182808930546449
-0.414015370037517 -0.339229170522142
-0.44523861358154 0.0547092310198794
-0.211222265186682 -0.156194545678526
-0.211612495839623 -0.053169771486389
0.220071012504144 0.163307989570267
-0.0510678038641214 -0.147377560851979
-0.314074926769099 0.0607425135274192
0.0734573288578966 0.36273370812403
0.42236564065155 0.0858325093821314
0.133238488524762 -0.267831380441893
-0.285397148354638 0.126005224694684
0.642602844636894 0.0349073152997917
0.476360659168647 0.100538517070861
0.0391998288820053 -0.576416721208686
0.390262163972513 -0.514798494798737
0.440504855784669 0.16945592340461
0.310835285864207 -0.536677718841522
-0.122307746738029 -0.2638016059639
-0.0741991428611873 -0.691354343408904
0.144942724591392 0.58926094524722
0.108145484425409 0.0392080835748868
-0.412410796202385 0.295702760048531
0.0621464147533305 0.58104918607491
-0.470466557280845 0.0674796119179808
0.201709102653415 0.290396069327843
0.449998928215097 -0.131912420842979
0.415281653702251 -0.405407644117694
0.0233297544441391 0.0278905602813128
0.511791217079765 0.0387750029008435
0.277869847373116 -0.2077638451108
0.208307804755126 -0.357637833328842
0.466219087892432 0.193278299893441
0.217757596724032 -0.410008415010812
0.185139423717555 -0.235332524892703
0.106678938214304 0.317261505229556
0.422526545124141 0.47340053046585
0.264529759416437 -0.348218412376641
0.237660366411416 -0.389297803639259
0.377905222285063 0.342011177941623
0.149803099911131 0.283360134197129
0.406048891805515 -0.10264681399061
-0.0555683294481019 0.00236006111814425
0.267723712277557 0.302463598575502
0.406878977826114 -0.196908782503355
0.441435784240806 -0.253113138637944
0.43224646060556 -0.319211869845751
0.575989941347803 -0.320232391402542
0.73489703132119 -0.0327205755381274
0.614657790671918 0.102050703136273
-0.130842348395006 0.161864413689842
-0.082609183113113 0.33249537663364
0.435007587498393 0.58257932771778
-0.167802379441751 0.321777557293082
0.129907082437853 0.645961000182104
-0.279185737468218 0.340996561700783
0.492258593418259 -0.565498655309765
0.154708942926136 0.568319827551103
-0.164975122734525 -0.164901822913835
0.0976484468073012 -0.533910673849013
0.26713687132559 0.244951361146576
-0.190459931074558 -0.0134019242109778
-0.416454690078966 0.0750388629811256
0.609935419393997 -0.139518352245627
-0.343532845155959 0.225454112282902
0.0847269662186125 0.474754350699486
0.0188639808997616 0.460509900098056
0.100910048094089 0.18503614801163
0.0325546281552419 -0.42453251555183
0.196605406841711 0.105895350229153
0.321747119030635 -0.378191714204653
0.484582533511146 -0.11787590802506
-0.104171963313817 0.164294107424725
0.40960134787997 -0.16302946763351
0.480268156063607 0.132864969561381
-0.0121888037596798 -0.251711533359451
0.481388354056563 -0.204490257478841
0.114960943731981 0.246023377072619
0.672128701782476 0.356047613491461
0.0497620813215146 0.198517605187305
-0.0448768716006977 0.236391061065708
0.519907963893427 0.604868192734888
0.251577670986116 -0.496867595929434
-0.000740483906209663 -0.296983207443261
0.31116802456605 -0.452343481466644
0.668528829802611 -0.396970169932926
0.8499389086837 0.10229318504973
-0.277645878284025 0.120333665319329
0.594514755669791 -0.331330455912444
-0.207151119039114 0.116910256848075
0.0361564465249128 -0.472679562470813
0.169441821935671 -0.294850531574782
-0.162818226098355 0.0495475929719396
0.184563943535709 0.309867517936368
0.247215372277776 0.392925699678612
0.692825743943333 0.0173385217225508
-0.0347088944373719 0.0973037232300651
-0.0883093823680326 0.0195777932347083
0.40305669806145 0.109126270342991
0.682786003624109 -0.0473781279371458
0.852424294964942 0.0836316618213227
0.276394993581085 0.0882109492387642
0.39298197886123 0.257988608032079
0.429939843205484 0.283313650475689
0.255783400565964 -0.475512873931885
0.0294306390195684 0.0545776563714648
0.385845698326825 0.483117725958602
0.643334382732568 0.485446454548657
-0.0282790879663713 0.365969603608404
0.317682959270573 0.452110901725158
0.26424878419235 0.523360207977526
0.206200966605313 -0.496278454012922
0.237121786505233 -0.39085244913265
0.744012886200922 0.0932384360391287
0.116673506824054 -0.453086124899614
-0.0920608299449939 0.0319569167908906
0.601317823409205 0.0307185403866507
0.383321909068194 0.29360559284092
0.197060150116834 -0.36151820120135
0.182786775267155 0.0553938091583614
0.573480434845586 0.295336616339618
0.381706619129824 0.0961566120476483
0.516387727000503 -0.243830774976725
0.387889741972654 -0.0840808683975285
0.385004998382279 -0.250101995195311
0.77260800178041 -0.112273776794579
0.181746475040045 0.163214801200182
0.70936925355726 0.290439698597775
0.7164221231933 -0.171864460097756
0.720803351138303 -0.177368081636471
0.236531217261551 0.0329891317175409
0.545799559204799 0.336882652767844
0.465310656340002 0.324526890473733
0.108678997593719 0.0386154788012493
0.369165885574915 0.387114633339587
0.607769563218524 0.461125172239492
0.223140164841122 0.439898459376222
0.00812480152585987 0.0792712560112763
-0.0501697494940201 -0.000842086452044348
0.292184180567611 -0.383344221695884
0.508732888069261 0.505078520324403
0.290251747155286 -0.453931940644159
0.540333379473216 0.487413969051455
0.485779524019887 -0.306508306968988
0.734707259243538 0.0876922506715511
-0.0643989766948341 -0.0186321690060924
0.178804391949752 -0.279866414424651
0.558348310617528 0.00321193685687323
0.272970559762089 -0.320590313136662
0.092618547154721 0.0249625495041471
0.257224343144616 0.219921168111074
0.254344257275158 0.190885483710255
0.129920415562827 -0.0738508330387225
0.584079194855908 0.306987167305611
0.672517126053263 -0.174306787241849
0.469652619307075 -0.259010199067649
0.445132757043857 0.192388701587864
0.777323348833388 -0.0940348293710199
0.622467252489198 0.399304742086025
0.323825913248616 0.294236678368298
0.444274324505713 -0.341524860501245
0.519338682582115 -0.250429357499186
0.403157380158399 -0.400113990010362
0.501941312128027 0.32150838503633
0.49450363679984 0.304858218096382
0.0629615464208295 -0.0470041243568435
-0.0615222042963851 0.063066220804648
0.341267283110422 0.49825820820617
-0.0275596804670864 0.0405974364797225
0.190835976006325 0.370711226626197
0.683732047337383 -0.279729108983307
0.197431136589298 -0.414290066109177
-0.0453607402847591 -0.0479371599220322
0.227439899109525 0.376010090093185
0.0605761000838412 0.238066545424049
0.243890691325879 -0.210278857294391
-0.00675614582774528 -0.0428965113243236
0.0630189729976828 -0.0377418890028757
0.299653359915905 -0.248216004479812
0.525841806097968 -0.137219225281421
0.608912849308043 -0.0473421040822019
0.455687984417793 0.152412380549684
0.611345737363757 -0.125504799076004
0.429780542687695 -0.188248933390809
0.480141329993964 0.174099609235226
0.251561848173565 -0.00239933014052527
0.461487137755599 0.284367576100105
0.43458514734701 0.292766291578877
0.696403803300672 -0.107414442903853
0.21225827513173 -0.111058972565413
0.501679203857201 0.0773250793226919
0.822873470982406 0.0920694405772191
0.143895041726458 -0.0681371035874302
-0.0691827845481042 0.057565505428085
-0.03520233957622 0.264775056079699
0.458834088189388 -0.231605769786887
0.0968300622053779 -0.0569330822327554
0.0512598930010967 -0.0851680509615104
0.161760337689878 -0.315951570963783
0.301345027906132 0.197096172667119
0.402738579376405 -0.0695429984523433
0.0324803138768089 -0.0769318324074932
0.440109523513264 0.171432988878513
0.21124523426975 0.0777297410799641
0.268812132990613 0.104660874780789
0.400595759113443 -0.151072607790263
0.213641249126053 -0.000685037244132341
0.418726029317235 0.160796404661688
0.249890650860938 0.0180659527110123
0.335405787987255 0.0198204073625333
0.702215562697515 0.0574504833552773
0.553457960815321 0.00356445137660655
0.490264012913702 -0.0475058789374035
0.596720003481781 -0.0590629612121634
0.580753321626228 -0.213771582893858
0.522236786475963 -0.126716293403683
0.469267302913459 -0.122855327961812
0.455893626256522 -0.0618341566458634
0.645612466359993 0.162506226846762
0.256608129375829 0.0028751993986432
0.633256588365702 0.112300035253965
0.657984987254247 0.176999341103446
0.426502356110236 -0.0123514646669532
0.635789231741497 0.249699929648575
0.581972263813481 0.275444154488551
0.670237650127649 0.189813553341494
0.425314762975492 0.206155062262558
0.525400379048963 -0.0595739348751954
0.466914195839079 -0.172216244391089
0.451908365992899 0.0371766014782638
0.602147088832706 0.147807830269348
0.302591807720971 -0.272340951832729
0.447338917867932 -0.104614502129936
0.3243689155288 0.0709122132744356
0.495167139094772 0.0523066210139946
0.298502964053633 -0.069538812042726
0.239224674425787 -0.1183844673792
0.272169149225072 -0.0189724005911401
0.269496713604667 0.20282758250391
0.318646562284828 0.101168455427407
0.145617695105382 0.202045118970819
0.248750871310437 -0.0365409606671587
0.32696260225913 0.0143769898459087
-0.0289790738218818 0.124601995767907
0.347082821831247 0.0608964465905289
0.0898837859498847 -0.136222069915411
0.168003935285391 -0.172580876505934
0.248456190545596 0.0389484581331541
0.430534779446271 0.0152430224235988
0.0124006950157336 -0.232540773353167
0.13380839114913 -0.0975734533967332
0.302982405760234 -0.260093880200052
0.184297968686728 0.0461480839396326
0.266782609975379 -0.149007805836374
0.237584873098033 -0.132851523124465
0.205068846273943 0.0449440511664896
0.103338333113839 0.0295403315902635
0.193902479541253 0.115344235857308
0.206924299022866 -0.0994948133030185
0.26651501593604 0.0784525083168542
0.228494960971947 0.103397784099058
0.114551782934478 0.0948510907202045
0.183710124000718 -0.064130868711294
0.32201448092806 0.11575406121229
0.185733157474655 -0.0748476724235362
0.115145652073995 -0.088695699010724
0.109652154166561 -0.118037680813704
0.21725351610818 0.20379099558872
0.411964281709427 -0.0931855915491193
0.189899159650881 -0.0756250831228912
0.441916921287149 0.204553212278258
0.386879643051649 -0.0671107882193924
0.296795848726059 -0.00230093117458101
0.483593118428051 -0.0788094003255159
0.356030788642446 -0.0228255421277323
0.365155415957931 0.0763824617371959
0.343601127988226 0.121425514807306
0.634169975254548 0.0845246811997444
0.394566194290362 0.241439102653007
0.0299548610515662 0.0247354998108058
0.666385947525486 -0.0192225179876068
0.420790117894934 0.246817361363154
0.311860354572968 -0.192899964081769
0.661032806817738 0.0103330369470836
0.105694868263931 -0.263427552491806
0.34818294672251 0.315332400205115
0.244979311099814 -0.25654732591294
0.493887876094355 0.0066921684653048
0.379000111317248 0.0432287023658264
0.158556542110637 0.162416049754341
0.48722832543536 0.0471252149670128
0.268049680682447 -0.0570734823279638
0.26574554920838 -0.109691525220294
0.369948099706685 0.00542424892028007
0.386448688485087 0.0994287505086033
0.399818222523845 -0.0457825606377457
0.342887247398849 0.0772645280101955
0.371254008697659 0.096078802692985
0.602585890426432 0.0819567253275024
0.232806183515653 0.0936352010332338
0.512592397447462 0.0973747532692821
0.450283216344573 -0.0656709552925882
0.469273417210946 -0.210289081111821
0.422110849458784 0.337391553974581
0.129162912648803 0.158418831039341
0.343934848439725 -0.172252750735781
0.554643846151953 0.0329666779535144
0.0190691462110235 0.161713851593453
0.514832769411483 0.0297368691411093
0.258420697735815 0.350535213185732
0.338634525552379 -0.224349617778229
0.313320724775734 -0.109800508771614
0.255539812310154 -0.0775241635587008
0.124606315775223 0.114171969870595
0.367633660032468 -0.00508509415976872
0.421131877101291 0.0569311196912511
0.342935258334907 -0.0608521670465051
0.269179941927029 -0.0328662669963445
0.267798377304406 -0.0144161328950031
0.392354876384866 0.136135413148038
0.438523606317567 -0.00457405019276494
0.349132325402831 0.129008891585463
0.427814792327479 0.146138854557859
0.255057271758547 0.0721948643791358
0.454906360887054 0.0934108580343417
0.349336544087167 0.236924437364813
0.513784229511933 0.200572931833254
0.402726409284532 0.308453170319884
0.43516299177921 0.335219306037148
0.291359420121629 0.287603584016875
0.0273451974892757 0.109373959625481
0.105657381495759 0.251633539674047
0.230421210144957 -0.167536563224746
0.346592383199593 -0.00471724013395132
0.229892929242326 -0.104440675581463
0.170701569769471 -0.0447985109857316
0.0963340355908198 -0.130282826908102
0.23666797060904 -0.0518714255407915
0.251997991672302 0.0100386064942425
0.308059514078249 0.0470709267497063
0.313165839338891 0.026107874027145
0.398917933723425 -0.0501919457770689
0.420823250411124 0.0767354836829682
0.352021483643844 0.00597965495150793
0.440063201675986 0.100525781941938
0.483698747730541 0.138592949443661
0.396419473043345 0.173461691409515
0.375013075724925 0.116798860082578
0.387291714727288 0.106524161357457
0.408383590768546 0.00401265180671646
0.527665677007757 0.19635973717471
0.459697378109154 0.146890712340798
0.542923796966925 0.195600441425848
0.224809254960342 -0.0069115651626965
0.194589195482503 0.0389455207738183
0.421857707446938 0.327684293913108
0.386215105512295 0.175117040030643
0.345516492861731 0.068726438746515
0.0681794004712167 0.0921697744126496
0.680868776439144 0.0177345368114909
0.346909623553932 0.0855231591185428
0.151698922537814 -0.30515703695032
0.326456845038622 -0.253239703683399
0.314014108917251 0.0754740718539952
0.27433679036995 -0.184842267393713
0.10491365804684 0.0104155308736877
0.0619685612174661 -0.214212179675053
0.216194085758851 0.11747034748274
0.200595573975298 0.0215959346608142
0.25282070212107 0.0803837171565709
0.351429923651967 0.121434252202821
0.257754055777204 -0.0241169115618985
0.268465881705241 0.0622625028214974
0.477253001715204 -0.0894527458224312
0.528161395066247 -0.0185652660262495
0.143713052862365 0.0466577289397089
0.720419374680525 0.0429755464912212
0.389263285571087 -0.266463946710998
0.37483705827631 -0.206604959234314
0.623966097054216 0.325349835211242
0.701732898541691 -0.192992046814451
0.319910818357316 0.216684630837986
0.0968635411342584 -0.0172377866391456
0.612372067287682 0.397005871435148
0.283418541225328 -0.285757984036801
0.282619908608265 -0.262972375277334
0.281091913153319 0.285445352719078
0.033942635764061 0.213674908056163
0.00708519407507226 -0.030386984600751
-0.0991583602596203 -0.0146912018459384
0.0456992658360815 0.0835320579272018
0.328837545576019 -0.0990275680554212
0.206939086622982 -0.148202809740281
0.242053794510279 -0.128836948453078
0.430297358303167 -0.0653585526886622
0.288615342218073 -0.0679013547437001
0.190703829831483 0.0952856559645591
0.303507624068112 -0.0256071219497605
0.305714546707489 -0.0969693287459993
0.493720023132891 0.167528338015566
0.182103070493173 -0.130128603644827
0.474715767393209 0.105348595873006
0.440732517059545 0.116908887411778
0.555672099335349 -0.0774150979567878
0.212718475196242 -0.0143701210940306
0.0278450904387157 0.116013704953322
0.430664574824008 -0.275940991387121
-0.0223227238054428 0.330822620707518
0.349038041844168 0.380331327838773
0.17884903433083 -0.0181580479780502
0.69953348897497 -0.220511213017388
0.509203324026206 0.171716101141434
0.400635653368758 0.224990380132103
0.42231607863769 0.236231463857945
0.0476568214686049 0.23993438483051
0.30737403284843 -0.217577280850069
0.0993711104293619 0.159300227877491
0.485601601761084 -0.19581286620085
0.395884727014318 -0.161365439349642
-0.0212062696160348 0.0678901287678299
0.16634961197625 -0.263402495230701
0.165507247697127 0.195121646394782
-0.0212671216307993 0.013768645437316
0.11207193849059 -0.182497784428419
0.0395361824398849 -0.012941189326485
0.28866562179163 0.225813247262992
0.0876545491187952 -0.081530658249088
0.0676730353997353 -0.140927930061908
0.3601355340589 0.0284598060630221
0.291254349651299 -0.131007416387513
0.220404393275885 0.221842731557086
0.333334709022394 -0.137957361835327
0.505393476594697 0.0117471601838266
0.56082238552084 0.0354865993904581
0.0878814998693544 -0.157718044723572
0.546892603819805 -0.0562298793730567
-0.0413731660497085 -0.181968872157157
0.397048362670492 -0.204370547139414
0.181324368553434 -0.31042527017619
0.0601994589268079 -0.0664421825042718
0.171065688460599 0.188116623496876
0.209219236400568 0.310114134226386
0.642085726744666 0.0844364330662899
-0.0202944054607668 -0.00586896828807925
-0.00916040202853893 0.037488012109642
-0.0333153222748222 0.102238111769246
0.327134967533367 -0.183588112370977
0.354035102136031 0.0203321760700804
-0.0563002349390904 -0.0036229033816638
0.139277755488142 0.179901114260605
0.0291858581199086 0.0688411038141529
0.277339301433271 -0.0220640485891162
0.174896909333388 -0.129145476033787
0.269833342251582 -0.110979863314756
0.225168288588307 0.297103123982514
0.445726355348448 0.0487155462418005
0.352287834600911 -0.194293353032987
0.315399730513246 -0.184943323060496
0.303810295618528 -0.328161878440063
-0.0438818549257741 -0.36333239662206
0.503342852856418 -0.0105809988995352
0.0196608745249576 -0.253507265208187
-0.16829375641135 -0.241986325581216
0.523391450598474 0.0389888497804206
0.234481329965815 0.431081568355577
0.246780629562197 -0.161023966027072
0.036555289240901 0.282300108442042
0.269379854158352 0.401977650977992
-0.118529478353501 0.132303668322765
0.233537055359554 -0.107949613300906
0.0102155613307484 0.166892411171791
0.0865862051900358 -0.239044120872792
0.0714244712632251 -0.134496067269241
-0.0141236569895597 -0.0722735119728784
0.122210698173547 0.283278733734234
0.273254368537282 -0.00783351587908834
0.297276205086165 0.0340256400211507
-0.108709246632289 -0.0181198611395103
-0.00586252121999908 0.195714381542949
0.126908813806718 0.302078964601267
0.447345771348713 0.0738209735435261
0.0995294028052021 0.361061640863634
0.0957787798444654 0.378587189955286
0.11818480905486 0.404726382737095
0.0599552316052082 0.335838212567728
-0.43705694425649 0.0300871177276796
0.259071657096887 -0.0101152834553192
0.0787508406358467 0.424465049929468
0.181904554747886 -0.0795940835374183
0.253781062600987 0.155191486020265
0.274342974717676 -0.0850279643195851
0.429729340919906 0.0572754864953605
-0.148494008320825 -0.0919126436505351
-0.0455907458603885 -0.247172185705832
0.272062840901982 0.0351721675014412
-0.0554151177128207 -0.153457644081552
-0.235112356106324 -0.0014386518490944
0.178964368880232 0.012478986895054
0.0296515324971931 -0.122928494584642
0.0530765134623539 0.21498651611123
0.0885398752327084 0.215380047009903
0.264813928998267 0.0658345148441529
0.138614454705337 -0.0858128453211659
0.139487024450587 -0.238780290031661
0.379983065240954 0.0571311598520089
0.028693050556389 0.262604664477098
-0.319411038985985 0.103236049125381
-0.0714019170571936 -0.241163687415434
0.278586458404083 0.0926758471598045
-0.101475446609348 -0.24735844701506
0.222564715549854 0.0489341128554451
0.22606257224313 0.023846365831731
-0.247739748929579 -0.269977153601446
-0.365459369956074 0.125178717598172
-0.298618773616161 0.33195181534286
-0.398774166686807 0.0581983364598805
-0.0693052732015899 0.276365567379368
0.00983303862283405 -0.160547557557058
-0.0843520225364155 -0.144751410848286
-0.0878390005372886 -0.112061825301913
0.00686777059875114 -0.0826060038959453
-0.0154851022511275 0.192499064344994
0.18771898985925 0.0546177107644138
-0.0281217118849358 -0.256387926382313
-0.0631014750664773 -0.301613417564776
-0.0856302002738992 -0.139219441192345
0.0391759369193827 -0.101369262512956
0.0273899967160274 -0.0981266884162316
-0.20591116739189 0.252191957219035
0.181886062012809 0.128052312928223
-0.147728655214793 -0.133755965423139
0.0300696970111979 -0.3669219718681
-0.550534954485484 0.0626297225004997
-0.388777719874627 0.362088868835448
-0.101543781195016 0.41519469572782
0.166368839832786 0.0786569224235809
-0.155089000966545 -0.203075994249446
-0.209372456771282 -0.262164087308892
0.102033263495163 0.0171185467466226
-0.297123461797934 -0.219083237888829
-0.529365839817268 -0.0266459227235963
-0.372662568420411 0.0773841588680999
0.0497761453347009 -0.0332667403019764
-0.0978754658995824 -0.162206984527581
-0.0481339605716739 -0.0506841272972002
-0.0840329169646138 -0.0436288118102413
0.013719255996739 -0.167067657507444
0.138145561141714 0.0845690570889458
0.0690965759877052 -0.181320175754926
0.145757129739627 -0.144537495900105
0.102170924099973 -0.247478451183036
0.355406275275612 -0.0556289145786645
0.371529158971242 0.216312755461962
-0.0950085110321376 -0.418500611726753
-0.329150266207168 0.234872574127891
-0.101225242105034 0.531479577663531
0.541734312185806 0.0520741014022384
-0.0682004514518549 -0.0266549002823017
0.0402606119789687 -0.460141690148676
0.284069418189423 -0.36245842975241
-0.0472551380767406 -0.407028782433597
-0.224857040117558 -0.124600678119099
-0.0149053820043245 -0.242026303722327
-0.0261090599106828 -0.321648374678647
-0.068996581566867 -0.23506945262002
-0.129193862800848 -0.307967339581217
-0.376240479604946 0.1108059457714
-0.11717779373428 -0.2654696005676
0.139144276119826 -0.0423536729598865
-0.0883100834454846 -0.252963940440943
-0.159823237228518 -0.281944413085703
-0.135074134653154 -0.218973516545093
-0.280531607533524 0.170537235873517
0.0209577298770237 -0.000507569488071924
-0.114548786274857 0.221870298076286
-0.101716739795297 -0.00959592778903134
-0.279831159164453 0.0241980588626764
-0.112560603782449 0.0693517382851423
0.205006128557793 0.178724376616824
-0.0294511347119069 0.10922942423803
0.0779524075217195 -0.23594269503767
-0.13342778890775 -0.0098142750635785
0.121612185040142 0.21677115211436
0.0343099325737131 0.38315287709748
0.355367892393136 0.298847005303469
-0.0256851708922199 -0.542833185953479
-0.245340359599147 -0.0812191094374086
0.221690367930078 -0.469075148126718
-0.275407712608939 0.0239901550461174
-0.372175380727587 -0.0107723115776994
0.535308933316998 -0.357386552525992
-0.240466443202986 0.104859226806175
0.0285919141741372 0.426416964737524
-0.164438879754242 0.0131082219968266
-0.318225580406744 0.0517953109848363
-0.241242706541721 -0.0111908237368135
0.117553505315722 0.494341302355481
-0.13738867620152 0.478219540959436
-0.357487473020541 -0.00213274230437269
-0.66452220446155 0.0205536331320843
0.0863273947679358 0.32919573186704
-0.381425698484082 -0.0559222436765903
-0.649496591814017 0.109780654997634
-0.392141826555113 0.659509577669843
-0.658000020819748 0.32777033317035
-0.451781064084404 -0.173413068766618
-0.0565028411918388 -0.64056389985726
0.0418767847962889 -0.362582599939524
-0.766298276252359 0.314899007271473
0.421082659025043 -0.715304501902487
0.0902118779838606 -0.330325092711918
0.00212236234554222 -0.739085014878013
-0.596368480089437 -0.174316511658297
-0.17677919278941 -0.661258558633128
-0.177398026509997 0.783804154360926
0.277691766982802 0.402182963207694
-0.43052481072936 -0.92643223694649
-0.643492927901446 0.404228549192111
0.325112312838269 0.526308761792211
-0.435316550877054 -1.03050713989347
0.341209849461814 0.546193350267577
-0.251269223884868 -0.789020381657749
-1.05837969060159 0.285531850570247
-1.08837727589044 0.306667270310573
0.79442166079668 0.083559624132833
-0.301249289162992 0.951224369390429
-1.43555861974505 0.0117435184622461
0.458840240491449 0.645667588132143
-0.252306384756245 1.0357720832253
-0.929055235067986 -0.185112558152885
-0.446458986068397 0.311673452396667
-0.537641838662439 -1.33976082598572
-0.758353008799964 0.742110821301074
-0.96258453719983 -0.249519582074326
-0.3953348656164 0.306237786328398
0.606376967935434 -0.462351862598603
-1.28591506606249 0.705417452483627
-0.427540537321827 -0.023114172620223
-0.567596066745494 -0.792256999856652
-0.653220177862363 -1.24958225306192
-0.143359442633037 -1.161197908824
-0.453675569211247 1.03919347926271
-0.980186625551215 -0.252653460198525
-1.41397548291102 0.323491179386912
-1.32629695148076 0.726905526388067
0.137764980403351 0.505895895486435
-1.5023142555863 0.171262560149842
-0.136458922503918 0.502672639004433
-1.02100459542718 -0.371496840144726
-0.180665168264033 -1.13417782995324
-0.626568046013265 1.09859904673515
-1.66274256517609 0.16667826478827
-0.766885842049716 -0.891407119415279
0.0119657139117803 0.42548452220366
-1.67534473537619 0.33917476538845
0.229392246473226 -0.229995098792832
-0.610691859974247 1.15363503083547
0.282474059886763 -1.32668088032801
-0.0837111718133173 -1.38644512911738
-0.0109756258847774 -1.43088353533823
-1.45928585694091 1.14215225345981
0.440396269971503 -0.165968346559664
0.23078954623624 0.301705698537485
-0.894484682470138 -1.04918654042836
-1.12051331788724 -0.735754184613212
-2.32858734573422 -0.0833162490799599
-0.282858876871629 1.52073241193243
-1.21980822373984 -0.734828472189229
-1.99899874215717 0.464389947643754
-0.589134317350086 1.43258620064118
-1.61333344790912 1.36601976911703
0.471149452161027 0.288737951805572
-2.02631928320801 0.445434690107646
0.381773135509693 0.25473358042837
-0.468803480787365 1.44677917026159
-0.321169407273024 1.51656459917827
-0.48915035751128 1.41785274160019
-2.03716309464765 0.318628730794184
-1.6432367522623 1.40965682283253
-1.1262555860577 -0.86614235350096
0.123937038170589 0.0256157381484865
-1.2761520478105 -0.619340984292671
-0.29431739823384 -1.4485445522017
-1.4868488354199 -1.50575103681332
-1.1021678305314 -0.861749307519688
-1.14784053260222 -0.82763612907738
-1.14973503109952 -0.734139317239791
-1.15259692267379 -0.778657130571844
-1.35986599832429 -1.52408461816519
-0.6807847775289 1.36215713772567
-1.90550184214372 0.300596313887343
-1.06306573770149 -0.775504779175669
-0.655480182361896 1.25092002970685
0.208889240061765 0.146989325966076
-1.12569723591958 -0.664528056347215
-1.46945510867565 -1.28827863169626
-1.90665139069913 0.261497228471719
-1.18814383936388 -0.689534487589125
-1.23334271484063 -0.700756935679823
0.28352461608119 0.366702783011535
-1.18728926054432 -0.730253398574546
-1.95855081119011 0.221903641052923
-0.586746408918273 1.31923054153129
0.221318219583913 0.413895074095446
-1.24800765156244 -0.591850022031429
-1.95363562550333 0.199812616139364
0.833042958456132 0.0905793177352943
-0.0963706464362145 0.366067980168623
-1.00976904280799 -1.66708550765404
0.0163506831278198 -1.4120778213343
-0.0592444163283679 0.297488196738133
-0.0259462216806417 -1.42439234422969
-1.15494667377226 -0.430446824464407
-0.968185154267219 -1.55894841360561
-0.503227152161209 1.29676097678568
-0.0971897087224415 0.00146157094316643
-1.71286133939405 0.343470292442576
-0.465551462411577 1.27747195554212
-1.78205726242703 0.232579675315763
0.21514085460587 0.248882848424184
0.504299128457574 -0.0983745332712548
0.389883707856104 -1.30815010155464
0.0551458197399493 -0.00696222709958697
0.748164571229988 0.0198265142637178
0.336549906243989 -0.307329776688005
0.183095103176237 -1.48390332609837
0.636533406178873 0.335295481026132
-0.780183473095847 -1.29868924193264
-1.11839117122365 -0.815614712665886
-0.723570994648191 1.23400655368581
-0.119218132768658 1.54830904902888
-0.785930671978661 -1.17575030538186
-0.895168590650287 -1.75391770711406
-0.296472403999393 1.47067124070267
-1.87015186284145 0.458361802986154
-1.20126882239819 -0.487968690447692
-2.31983877689266 -0.125196159276774
-0.716787136473944 1.06304742663258
0.634696684509038 -1.38718779850211
0.152286873888722 -1.39890569062193
0.11933373908946 -1.3800847225514
0.623558426652103 -1.31815176856575
0.712671083447835 -0.310344155847588
0.19544857965889 0.355532363400846
-1.66064341387373 0.224214001410371
-1.29975031277242 1.00921730417043
-0.106648898290299 1.31655427138138
-1.3413201016786 0.96744407190645
-1.14800215857909 1.34918152442195
-1.59769501959922 0.34760530830858
-0.653228637160283 -1.02442711407518
-0.573474629236924 1.02317614006538
-0.905480400104666 -0.581616360160682
-0.729902715196 -0.90817812519476
0.204986984297095 0.194463984390169
-0.892067893394831 -0.654714996645514
-1.6509208780318 0.283182813058273
0.632375694103477 -0.109149884120961
-1.73357637728312 0.356943747633553
-0.374640572567627 1.31798170657816
-0.326466944219507 1.30105854141298
0.404528391479523 0.119680407028438
-1.06667067050747 -1.67886702172783
0.511364281291644 0.190836776328833
-0.778607984932805 -1.22696253569098
0.766285818109394 -0.143678207968605
-1.33131519575663 1.23821247846679
0.596102052851195 -0.188714180675132
0.659290611817343 0.22726633811863
-1.13131422327709 -1.30621053662206
0.569101146848029 -0.289644134774889
-0.528592429974408 1.04915588227034
0.670266792322801 0.295638350492699
-0.489088551732349 1.0805728258332
-0.391421923495187 1.12294742704947
-0.0644609428436715 1.31064346154676
0.237369071287402 -1.28252064826183
-0.881604384914815 -0.803753805586167
0.304514127428394 -1.26283161082065
0.572608857856974 -1.24817104625694
0.701429174280184 0.0559157335786715
-1.25231213908463 1.20724216889012
0.407034072964552 -1.34154797678213
-0.566162479214943 1.15099907006253
-0.961361829315497 -1.58051929955727
0.248003465686164 -1.42825414094871
-1.84745042386777 0.362272377533125
-0.423852061417853 1.43967821847033
-0.416238953205277 1.42225177483994
0.755675968373126 0.042873320892949
-1.43837970624362 1.47192187138179
-2.52016500613578 -0.0947803912270801
0.534154756022132 0.0167231167735524
0.547743526048033 0.0221081612048534
0.56349593185521 0.0826747556073894
0.354981766470459 0.0260832839763506
-1.02081901346852 -0.858179596094843
0.34791090475992 0.0738673558219185
-1.21840811138921 -1.64660252953502
-1.4042836272105 1.30609129150503
-0.453788104131774 1.27034869137163
0.441939843068638 0.185156090983119
-1.82823615918342 0.368831798662683
-0.498803510032522 1.21000360860812
-0.441474550838785 1.21974161582684
-0.849549607747253 -0.9301789345795
0.246488880823026 -0.134509273140494
0.469190547516218 0.0255473314985253
0.050685302191802 -1.24068607604275
-0.585282152107801 0.943431842421011
0.454825395959611 0.0343413008214755
0.413071757436716 0.145199380097153
-1.00569422935601 -1.45301327947056
-0.838088925492857 -0.720408171937434
0.477758620777813 0.118193272694646
0.33210759053914 0.0706957132506599
-0.632831424890566 -0.838429892184354
-0.817331964128887 -0.664091101500155
-0.670648654740081 -0.791415227666479
0.454606175766449 -0.0707083838052514
-1.11818057624583 0.951139057139709
0.480735176186837 0.312346821873967
-0.555514124280093 -0.864714557807423
-0.531931938485721 -0.884158263177869
0.115534484843254 -0.0097668943628619
