-0.105946283190672 0.154952836237792
-0.0826246579720003 -0.511555890506721
-0.74944781670837 0.00391786727154886
-0.0959449086390291 -0.421096243987565
0.265459500584275 -0.663536296307313
-0.255637734456584 -0.457538632871399
-0.170583394681247 -0.0153126706702494
-0.329392886033077 0.520483869794968
0.555508028142776 -0.632902575805694
-0.45465737178505 -0.247725466824288
-0.588972463216015 -0.112850031033443
-0.000114284980030174 0.778124364750487
0.508017249152002 -0.460917541253678
0.57426587677683 0.702354630325576
0.387409302377663 0.400709336184692
0.0704630320566276 0.490521987920078
0.447224491464736 0.448497409535912
0.245734959138504 0.509201239552551
-0.128199058934031 -0.679991126486032
-0.095360402023546 0.334782732126248
-0.0209852266342961 0.581050157778634
-0.209256999361467 0.563831139035229
0.00256427216139694 -0.583861705780176
0.385680598554192 -0.650889839159188
0.599108109711912 0.135881609532459
0.790120290769838 -0.069265128971436
0.126791533493202 -0.600668355168418
0.376290582247049 0.497033398139347
0.418418528246606 0.346432001704123
0.835327484705652 0.0244384054455226
0.522122884487079 0.548998878105493
0.0426312268124362 -0.630836632656673
0.485605782360225 0.607961160095211
-0.714465154371346 -0.134552802478422
-0.461479185519252 0.699972717819029
-0.361600884847299 0.665535540137336
-0.353015086968683 0.611963600318247
-0.270234776126432 0.705142529613365
0.738117952218076 0.0723721724053513
0.822146800676509 0.166097370044696
0.340493299197843 0.608158622957793
0.709696776811392 -0.0300126674698339
0.371624008236976 -0.401340841591012
0.424385791607255 0.323527481686249
0.691952436900705 0.154189466509283
-0.0040466293903566 0.0217538019642478
0.471367294398546 0.187571896257936
0.668766491547607 0.0190570295036475
0.375800061076415 0.0878850687223444
0.575694769866628 0.195451445275068
0.54338949044669 0.0830345419903814
0.639195230837698 -0.083989320346619
0.629569182719018 0.174592419778542
0.478628616720964 0.177825423301351
0.427401589287352 0.381458181964215
0.601144570211705 0.124246862376601
0.423626831374727 0.421069246010011
0.412753660509128 0.525478389832554
0.175505191404846 0.649750783288737
0.933410043283204 0.475942064317127
0.184051292282886 0.0922567454046502
-0.148831604818034 0.0567020603322918
0.979782471905571 0.578956891327024
0.177461410926843 0.900155770946596
1.04444184297405 -0.213001476434959
0.136805885684482 1.04432305350941
1.09353626029464 -0.492880189431354
1.16436772603568 -0.485715999279061
-0.404632322854022 -0.100951172845517
-0.406232294590112 -0.195643753399096
1.47661720569403 -0.866905309365739
2.15782764005571 0.344720894445519
0.563499692250831 -1.21191998303884
1.51004820233284 -1.0180477797466
-0.688584540102297 -0.178381686532409
1.56383144099764 0.868747285613323
-0.219308053180375 1.28224553341575
1.78113168949391 0.255046132397443
-0.213280719629228 -1.34812438264538
1.35681981017747 -1.0452936430675
0.265335383825546 -1.13040514852798
0.249398630795914 -1.2545657264146
0.230004221604679 -1.09586453965009
0.576565225500891 -0.894632491906068
-0.598362910130828 -0.15762708605017
-0.206705295207245 1.01849704399271
0.0185469947095567 -1.07323991309071
0.523645907951905 1.1987744874047
-0.707108687416163 0.0647065313243244
0.308465485570047 -0.97492648283644
0.963959627800628 -0.75424174941734
0.591941944048028 0.977314582054123
-0.809305348200347 -0.186909173387503
-0.226660625911089 0.857706593233932
0.922198238573644 -0.711405524798435
-0.867630277166175 -0.0592889730482093
-0.0633406134997124 -1.03932185216356
0.108937947933082 -1.02172149498429
0.0169876121051701 -1.21885740589218
1.01041845373745 -1.07598078423857
1.14513355284802 0.883145101781407
0.0233060637184242 0.967127067554355
0.80311724504318 1.45524059313336
-0.478021183410341 1.40545585887826
-0.838976042545239 -0.326628623072615
0.971101273610864 1.39626901559031
-1.18114156858716 -0.0446615912210984
-1.20654417351419 -0.361888141117605
-0.0770946360985659 -1.36185241395166
-1.10801777713657 -0.193794436062793
-0.960435541243449 -0.209044313845052
0.535659188239554 1.42354683510553
-0.774997229881142 -1.19731009588272
0.355050759087183 1.44508991880934
-1.14253099728245 0.499919266049981
-0.462923793567555 1.02308945340023
0.0275623541407346 -0.825456081513768
-1.19247789270063 0.409147796739662
0.826710430354554 0.834640754376728
-1.05305352688084 0.162663077373539
-0.825577204978287 0.0375224676503553
-0.694900155950903 -0.84300737680691
0.174060464053368 -0.497455778589925
-0.403404807851307 0.806700666457471
0.803844438327684 0.116718765525343
-0.76316555512672 0.784687631702526
-0.0950239055039685 -0.788438495685893
0.805364842235801 0.105375346412329
-0.594123641287604 -0.457809409155765
-0.270212681994691 -0.626985345758077
0.0835192322003284 0.667446554480878
-0.182189869447715 -0.717453357110738
-0.254154420533836 0.554621913021829
-0.062489780587958 0.585926437009841
-0.53374875357938 0.506169835440942
-0.42621796116338 -0.266860265404586
0.0624597748867209 0.356706694760311
0.0200174076417445 0.367480145015688
-0.0624999506351066 -0.600674053217599
0.469042547606381 0.235027326327567
0.476618931874534 -0.104929827521551
0.372274964775809 -0.208054023935571
-0.0570217403387 0.473085985924243
0.12148378383403 0.362612169241565
-0.110843544370116 -0.236816366641235
0.451870343160373 0.161498309148614
-0.0531369544594904 0.105823255432864
0.169798455123067 -0.228117958253425
0.18637893409083 -0.122166379750866
-0.0232481028429094 -0.0365128624453414
0.0580242095437958 -0.0471381138631038
0.205567051673135 0.0724403060904572
0.10842001948209 0.229402731035273
0.420799873188766 -0.00836692967484198
0.0421477939697823 -0.0443293134231355
0.505464511208648 0.0799414038777808
0.443500060226702 -0.254274319502985
0.349200345015136 -0.125956536264994
0.261344869428758 0.0172665696451587
0.263316497887443 0.00724917812171518
0.213120175360318 -0.0470862658181586
0.103567286646431 0.0663007757732516
0.14448937673296 0.0664022667352386
0.286162721273517 0.0881677708960697
0.21882563383006 -0.0640836878451198
0.210469685978939 -0.119365357869486
0.0648976049471491 0.389043339573595
-0.139919767906518 -0.0703086416239333
-0.0389907831514634 0.448532431255054
0.198333347781512 -0.267107717721924
0.560518621896629 0.231803355333554
0.414600311539708 -0.161059088462937
0.333407050758827 -0.0421202240256217
0.197658294620439 -0.0404904722470246
0.364270342860126 0.141109120340951
0.363114844180266 0.075810211144874
0.271826798666986 0.0534946347182816
0.454367821842528 0.0192470935487687
0.446970935816242 -0.138426062246853
0.476936979405548 0.256425655313536
0.472590719927092 -0.00625313835706521
0.325676721031026 0.00994269479834654
0.358448617589342 -0.0418291783542706
0.400147906840607 0.127290023623396
0.504117732281147 0.192926783236175
0.36786690441523 0.256902410311708
0.32055918118161 0.0354123973409304
0.391848785522506 0.429174840282357
1.0390745656506 0.198097442558222
0.515825513147925 0.438430492793971
0.379302716118981 0.0318233699947936
0.751638948793591 -0.0570356442360911
0.477843472689467 0.00113796267995109
0.506030068622786 -0.08678598358645
0.486406615446796 0.165523234975966
0.402228011920325 -0.184873082335868
0.499795875469452 0.0681381617377154
0.524752118915393 -0.266878274124705
0.417122590355638 -0.326830028964292
0.289809332938841 -0.331374098048637
0.459423143049169 0.31611653719162
0.479648705672692 -0.165640250649791
0.376025558127338 -0.0854419675215753
0.296127993997108 -0.072116078626104
0.188832140942855 0.163707347357696
0.0358498351581052 0.200581597522792
-0.0115648280487432 -0.178599555841007
-0.0505987481763668 0.294134008144158
0.108460781687282 0.0527194559621219
0.140861705292018 -0.377341047241551
0.103384537351308 -0.448675553178739
-0.131970476003967 0.533333429045715
0.389388339787642 -0.283462137017872
0.118272041154928 0.185804809431302
0.360645476625058 -0.315212438718907
0.372497045636907 0.0539817586048847
0.32208593591128 -0.261783108935682
0.471928179485166 -0.121594415174607
0.605541858936142 -0.290384043281426
0.623226961809962 -0.392930810000779
0.343152448967858 -0.305347685407477
0.0777662072188327 0.118660758691531
0.457490222704243 -0.00307490387058252
0.3169944238044 -0.402576059969551
0.545194328043162 0.0818610194370891
0.306848655121488 0.267515498699227
0.53808500193145 0.296289900147856
0.464926389200752 0.102878720930783
0.519842657625943 -0.381117405407144
0.832608950849889 0.386810929414901
0.28305960875217 0.174545126387492
0.695263395437335 -0.245855628895766
0.717241307931111 0.108152221785286
0.553719806239504 0.269067354573603
0.769693608685424 -0.167235762544004
0.533290185262823 0.215934871923022
0.76000689710377 0.218579444267156
0.526118800559766 -0.373367012556983
0.309908623341056 0.458109586680589
0.253120965765877 0.485677144579811
0.513840029296397 0.245163921043638
0.659300642037706 0.107091288625367
-0.553621084937025 -0.0992417692840341
-0.188146380323065 -0.300372432400142
0.491967074904604 0.31497381890972
0.0770935596101552 0.443936990194211
0.0105575270170026 -0.42521895165282
0.0353869482351274 0.467651411081511
0.189557558851724 -0.182575125603429
0.0878474012106113 -0.102767131421703
-0.190615194741333 0.0303769327553283
-0.202337720318056 0.109880866789079
0.0541323641040201 -0.230514041618282
0.105658552826841 0.0140794051076647
-0.0255387333966658 0.236606066989922
0.174986952345872 0.08649328069151
0.208402495244597 -0.433588545129573
0.171283463144467 -0.0885627243495372
0.344506623015714 -0.0437498192292142
0.152183510199246 0.0288615328442782
-0.585134624427045 -0.248138520319362
0.112688399704832 -0.38205956074668
-0.0334310866989211 -0.316657629653847
0.0064327823511187 -0.312425081694338
-0.0254477416745696 -0.300584173155556
-0.0544961682233374 -0.20181560041142
-0.391502570075933 -0.0491787414519348
-0.233441023212757 0.424000352505201
-0.197485581153169 -0.458772294605175
-0.0965865421350702 0.43528751179837
-0.540256174745879 0.156724293661031
-0.113825155370732 -0.114263219182495
0.161205069861429 -0.548276332110495
0.357512389018197 0.0572532629656545
-0.38873595341375 -0.293492816933019
-0.0869401921257235 0.519003349783037
0.237921479697593 -0.515540922577226
0.172672516198984 -0.660617451041195
0.142152789000749 -0.566885595607685
0.194902800379513 0.557097891127506
0.293447481224734 -0.101427959268407
0.36688754895454 -0.195295725772934
0.225514691023486 0.167500298295614
-0.541531661518752 0.40142575139361
0.149137703053189 0.140908663697041
-0.236592100822453 0.27612985175597
-0.62690940762181 0.0117401705850629
-0.290567933193911 0.379719897839441
-0.679919592379398 -0.107039719685809
-0.735002242561688 -0.0897950461780263
-0.0808975602926466 -0.30926775849274
-0.363189755615692 -0.141639106345356
-0.23146400646156 -0.0355651026735464
-0.00108883420909477 0.0728110844857809
-0.0260622474116479 -0.0343623868162565
-0.0884191688265051 -0.0495955905448295
-0.112316140585116 -0.271009893107754
-0.141570761370745 -0.0459150745789159
-0.364450075182917 -0.128236277032907
-0.235039985752558 -0.359332952530516
-0.203196709077496 -0.0611005633413845
-0.163630176953635 -0.348114330275673
-0.381524769818197 -0.252146883454124
-0.0410398061829158 -0.0276305970792444
-0.267775324919461 -0.168984550063094
-0.275960446031053 0.103877035250361
0.0676099275623276 0.0182690640268519
-0.283920147110524 0.18720004805462
-0.159374588146449 -0.304475188300128
0.150794990103603 -0.00120025301015843
-0.452657431369546 -0.309997749298285
-0.380753181813819 -0.29750166918949
-0.347649748824645 0.0494955153103898
-0.374328705239717 -0.0986111716515643
-0.274140027399354 0.171284962276189
-0.222526945936623 -0.066275319536283
-0.163443743508245 0.0469699917228716
-0.410015140885932 0.181516665810132
-0.137961938622564 -0.0904870066659655
-0.803254005462655 0.264360933609225
-0.148090108837928 0.0124967829136484
-0.487191757694761 0.154040243596728
-0.506961501364226 -0.435017579904583
-0.673237674332289 -0.421550450074259
-0.325230703726976 0.0342627262075762
-0.481273309500043 0.0999906850073698
-0.644186250097004 -0.116304530341874
-0.318277670730341 -0.0158429163637605
-0.535303364893885 -0.0899121275675323
-0.381045006429229 -0.340816362958479
-0.302123277204781 -0.0626885706277861
-0.618511071022286 -0.162380292161861
-0.431731026855023 0.115714572141412
-0.277559688865677 0.0274775959617798
-0.190227448032873 0.171996028718979
-0.0512104665793437 -0.0690925545679137
-0.28890530794798 -0.0974523488396103
-0.175252950573812 -0.0433605921533658
-0.115352447248499 0.0117882987857365
-0.259939532367571 0.106693841547654
-0.208653777874882 -0.016933744615516
-0.16291246688932 -0.248916538256543
-0.22091245918917 0.17536636109012
-0.227236054778457 -0.222378224321384
-0.569480559987793 -0.0227197039759514
-0.203517991630454 -0.0103146470486662
-0.322226117076896 -0.0848118658797954
-0.267349688443377 0.0410376931324828
-0.187476814877262 -0.147599976874873
-0.345210890228387 -0.0377496039242678
-0.139781673885872 -0.301179762521307
-0.313629222067455 0.0316092529540597
-0.412550719542992 -0.269628616703523
-0.389070103387668 0.275924994081508
-0.284661845984171 -0.189755938257506
-0.311258535515144 -0.154931197875667
-0.309750447662242 -0.351866537974443
-0.484892426688868 -0.0113936550050022
-0.389960056530351 0.0934756359438995
-0.418411002513271 -0.0937071588880133
-0.418248634659908 -0.0268717025353978
-0.546484599361591 -0.181343751330548
-0.310436235750854 0.00244847717263163
-0.454368732652451 -0.206210711745892
-0.624855232185796 -0.316701451926536
-0.816763899963541 -0.174176099117265
-0.446978791349815 0.11336232634065
-0.749383713682041 0.297412062351703
-1.09208000167897 0.0741489253298895
-0.795319301247048 0.377846736781754
-0.0527170432692606 -0.0788464753224204
-0.594026573548845 0.0677861261252399
-0.716218629506779 0.0412071716841633
-0.475794075985743 -0.141990368392857
-0.591102899794264 -0.145621635924065
-0.61788568545123 -0.0806590710654669
-0.543243471194807 -0.12046497442267
-0.377656711699977 0.000224874360205815
-0.491322606562216 -0.198048164920434
-0.431358994351171 0.172006024288166
-0.175811753114838 0.161286817101227
0.00312216572077106 0.193337754852367
-0.158871341234852 -0.398324983929283
-0.168518897832575 -0.508606264572007
-0.352498889618955 0.552925654885555
-0.158541168619516 -0.515279946375614
-0.595729554046028 -0.157325462609648
0.579058594366473 -0.699934229057154
0.478780085944035 0.824449468008497
0.932652464499022 -0.46103505391165
0.129886299115503 -0.850141450191547
-0.181086202060467 0.760628979427503
-0.0793062089634079 0.66704083191394
0.576084895143148 -0.517586546244618
-0.0880526695940528 0.621673281736822
-0.0671232506993884 -0.522612618531663
-0.204833525402059 0.342116929960349
-0.167237207915256 -0.0413868748165695
-0.0369014279411617 0.16230858447721
-0.0770750818853433 -0.0709058686605117
-0.162154574766679 0.0989350897935282
-0.278847192412248 0.161195245472645
-0.146925099784134 0.0335835129436842
0.0221310320646062 0.00218518014870949
-0.0543209488678709 0.259532028986335
0.245459021254777 -0.178187236125972
-0.377339147912582 -0.402189216257723
-0.285888309646172 0.261910524823355
0.240541880044872 0.00079264106809273
-0.714531129523166 -0.194528325939896
-0.16860571578725 0.0817288469982767
0.121957184619474 -0.0878801566283207
-0.0911686093570331 -0.126864938196817
-0.0630287962371149 0.270848445744928
-0.209921149814628 0.0266994181870174
0.148112439157247 -0.318654912381064
-0.174197615892099 0.444487657074648
0.115841344490875 0.466131050890676
-0.653938393828103 0.265991646420871
-0.15337289543021 0.63013498001197
0.111707119478725 -0.63407503306776
0.182765925026491 -0.529998127115042
-0.353710321087165 0.0335658316951802
-0.190425147106477 -0.0202978268681935
0.630051441251861 0.111761018594361
0.0772543859351143 0.346457013862744
-0.276026833214606 -0.158766289571854
-0.138998723168754 -0.24054289575853
-0.0146169036287261 0.362904048370585
-0.274872762307344 -0.260065899380994
-0.297631206577451 0.274700324833982
-0.271705183540074 0.126377876054603
0.0438202089779325 -0.0102355852241276
-0.0322590821728534 0.0215859876009623
-0.762231384658302 0.175882066197737
-0.947492389943499 -0.270270722391815
-0.611482568544063 0.258851326722369
-0.850251158483769 0.200576448168378
-0.166601388129232 -0.0179697202545874
-0.620950950637256 -0.346709132130312
-0.460476071094412 -0.507460820246311
-0.798782997455505 -0.109294103388412
-0.385177608464371 0.348240873296359
-0.573525733547759 0.499278154382763
-0.24842172814409 0.445464544552992
-0.0791162538416529 0.509276498784814
0.00381757494946459 0.449926226249762
0.134490669604366 0.400748421095971
0.295232227631344 0.438523070705568
0.477144247938854 -0.31097642852775
0.619758916818374 -0.00838044736307565
0.376481818991221 -0.461110406500953
0.685476210886977 -0.266056576572411
0.354475607324293 -0.174614426900402
0.135851324819654 0.259667675263877
0.0686169601013479 0.000498311180534573
0.292519507200829 0.0479523497726997
0.101224066091806 -0.135107182217146
-0.0627428668218122 0.126340251740581
0.278445481917751 -0.0220031284239685
0.0690146665635664 0.240841237961489
0.0853870904338825 0.364524377906662
0.288943781191674 0.346012646371386
-0.138803004113479 0.444557187599935
-0.0158499650570856 -0.46196200622532
-0.102439307758258 -0.337157141170993
-0.0839780282949569 -0.69583672230925
0.390686301767773 -0.555778774518097
0.299018977064638 0.152950360095302
-0.108327765709709 -0.268076970960048
0.332076541932758 0.0502044497921312
0.356014370861254 0.024867109928297
0.274552334863573 0.268217322644877
0.537007879054314 0.17787270068796
0.776262200497343 0.106185536047348
0.186609678985561 0.0600676361070697
0.235528155340356 0.0912571854392819
0.160362256877802 -0.145009101591108
0.268829419794444 0.148170845027195
0.308620013819831 -0.274007111290728
0.255276530184136 0.187023944278385
0.156993015383317 0.318031416385045
-0.246870295085786 -0.317897178481636
0.493773857134972 0.00409216060146324
0.553260504562633 0.0480014843324692
0.102011255544026 0.559390772333955
-0.238418971610513 0.327402238605551
0.119134881322617 -0.740194446232359
-0.988490518414136 -0.160383804941727
0.307287886889215 -0.677498059815933
-0.135599586417958 0.706532120817571
-0.947845181128275 -0.158458264210352
0.0561451919795603 0.479947629180552
-0.221394186723767 0.64254612256719
-0.398830747682361 -0.668185185127059
-0.493228915755378 0.557425384287871
-0.327632333519691 -0.598538095655606
-0.180376758297931 -0.607637954615473
0.398445643686847 -0.541989860313646
0.265150642925575 0.808171220504836
-0.28053271547883 -0.711015274280519
-0.932550054697236 -0.149655868839959
0.301508280722199 1.15962744516433
-1.01515729341968 -0.197052472225793
-0.854764280453783 -0.133265880809507
-0.966302885180204 -0.165823981308339
1.04250785037473 -1.0031307162938
0.376034631593322 -1.28677912359231
-0.105576632952934 1.24201338455122
-0.524572402752636 -0.0758432998054943
0.473843637793986 -1.05786826681243
0.111128963021651 1.0420378994457
-0.254554883879862 -0.20116630808422
1.23583929540157 0.534386621022282
0.69772056612574 -0.738129577839739
0.616778006984662 -0.698116185992373
0.265043873864433 -0.762698739166342
-0.388305596729584 0.189943697737986
0.764762003973431 0.69247190525255
-0.217889635504688 0.1979743312058
0.0598630553206185 0.783647883186068
-0.0839092065506015 0.794709716400892
0.626331570567381 0.232065205459331
-0.14944046021297 0.671132524273895
-0.743949669717527 0.729482449243137
-0.681755480435842 -0.90948312561748
-0.25275117693733 -0.671985517789931
-0.480279230255842 0.594342162850427
-0.291701060713948 -0.852977324547117
-0.288405851240488 -0.804866117721766
-1.02258419083688 0.414243370488169
0.226470952195521 -0.0436010148908718
-1.18773602915691 0.23168006660559
-0.708478781420812 0.571265433297933
-1.01417907572606 0.0169330034531217
-0.607540310640313 -0.839877497188792
-0.895396032421454 0.729360278608043
-0.844059761647277 0.745135949737483
-1.31213936273682 0.00864449790119909
0.0958682205271001 -0.652652761903082
-1.35269617824017 -0.71098322567218
-1.49781310709492 -0.175028874373593
-1.53519247241367 -0.220906445498173
-1.66251645782348 0.946951144769864
-0.977600988592136 -0.718197320277951
-2.14437476463284 -0.573910797862622
