1.06881344684072 -0.109984769006994
-0.298336230251613 0.864704127319789
-0.0791003642335332 -0.54382923344286
-0.125906990953956 -0.720974580965436
0.761724741905612 0.073268005712416
0.504527516898321 -0.571476591853001
0.983236576928644 0.245615651362471
-0.0192757809389706 0.695401089800718
0.573916593028786 -0.627222931121233
0.458701263103461 -0.531372013257926
0.414450373597536 -0.488203225609172
0.343430629453629 -0.471327137049961
-0.55411258094142 -0.108690218313841
0.304997548567965 0.547655926872705
0.564968892948337 0.1643857567884
-0.0818939980724641 -0.523534094521213
0.23005277223324 0.484272338758155
0.244750161167678 0.445498100688981
-0.129922816836043 -0.49518750875731
-0.182130583267906 0.358148137650711
0.312555000232573 0.0917203546601698
0.0537682405097135 0.383058897176388
0.296522629045817 0.0941597467784692
-0.319885329427306 -0.311546562691278
-0.174313047899984 -0.389666219778036
0.0337789352149279 -0.360272638232286
-0.239656918118183 0.121743257745948
-0.0218015818201263 -0.310068397342268
0.148950144178864 0.049074567256073
0.115303521037519 -0.00406872974601872
0.0799824720815058 0.0333518758581403
-0.266242488504188 -0.374474152008704
0.0516452612130621 -0.00362085538505951
-0.0792761707674205 -0.259914774369198
-0.329799037821832 0.0979904287019798
-0.284790023855108 -0.256208653311998
-0.268484951192158 0.0474837048433548
-0.0657159947652608 0.00574801864473879
-0.230417281577726 0.0201271688585368
-0.290148605513455 -0.0235157355718454
-0.293206225215891 -0.0275024972114755
-0.343911601653938 -0.156121669969431
-0.261139879361878 -0.221643056655947
-0.255530799577399 -0.165911355676075
-0.288433462597079 -0.135342160392264
-0.279428445905794 -0.108107111187148
-0.315406966516975 -0.120610898717509
-0.231423142006126 -0.0699407522410673
-0.30632118842172 -0.0555420059526419
-0.331642182887422 -0.0988185838751868
-0.297469834609944 -0.155510070519052
-0.385584556117649 0.0244877187895493
-0.326188814481237 -0.155349750609906
-0.232305997472606 0.015102857594654
-0.157874872056163 0.0292596157365586
-0.386084073037847 -0.0644470550582266
-0.574250391416487 0.00468467638363759
-0.396524290992857 -0.0347655664528169
-0.361075171474402 0.00209832072867
-0.094516156754714 -0.0467223523433841
-0.180233272207082 -0.343530777514249
-0.175518739627212 -0.310866086814604
-0.571941381813392 -0.123576215730601
-0.206269944139099 -0.23261543270833
-0.345728239850997 0.10725800876
-0.0725165544024117 0.103275891708644
-0.121424196845206 -0.189729876835671
0.130660489826194 0.0113483971168155
0.0240725724866245 0.126162653913114
-0.0889392335692734 -0.136222700267013
-0.0587560825962748 -0.15014630043612
-0.20229651313223 -0.0905334851876939
-0.0198476580005116 -0.184788480374222
0.13310997008898 -0.17192422259909
0.337672700022488 -0.236760696690046
0.0766116927470398 -0.259854152650333
0.393851713306562 -0.312265260373965
-0.215667545453948 -0.13597380470956
-0.111921558324442 0.409968586613405
0.194686287266093 -0.179660260513004
0.0809745860033625 -0.454016837162425
-0.332708141132496 -0.259572136216616
-0.217091721336645 0.170989998557849
0.0119167001737425 0.00299433622049535
0.0332357827160375 -0.0306279628743711
-0.29270228321236 0.280188019351771
0.165981176749407 0.652849859444017
0.103857141757839 0.471019411582558
0.0159090238173843 -0.497622113832453
0.289779023648807 0.119627071525504
-0.750000160782215 -0.201551584849502
-0.328640757081989 0.226593559524427
-0.35909174209254 0.258379104123728
-0.546236280142331 0.328853458558778
0.0422502755227392 -0.48564173403574
-0.386765589520032 0.25146402849278
-0.365526491945988 -0.592698372686661
-0.604884438763368 0.445963124428671
0.118150357354277 -0.605951693377424
0.0596019725745263 -0.618985761932007
0.0470002602676253 -0.638036756857204
0.385961224157364 0.0873320373585565
-0.841335337382447 -0.545756210953111
0.335086108252565 0.071863532683648
0.297755037775834 0.081959145920148
0.334503679620775 0.0364769937707794
-0.622317785351995 -0.981555389850532
0.0525774490553618 -0.89260369231696
-1.0455951204942 -0.639992254729914
-0.887607969219767 0.354826602473678
-0.910887862814979 0.381566395817974
0.0675152216639258 -1.04930369807371
0.378559140966981 0.056835594291001
0.231917558394285 0.0466364849350498
0.289227093421628 0.0543612376916644
-1.02661370337256 0.307275739385605
-0.416320342525657 1.08081698124334
0.26824103730566 0.111458561959359
0.0178648690659598 -1.21813467611337
-1.60439857833886 0.824500423252093
-2.14500779704278 -0.56228859734588
-0.442395687068213 1.26914074692378
-1.27082568649031 0.490940547657973
0.45517336962702 0.117468701965565
-1.25399152870124 0.557037827218439
-1.26057766038235 0.592738868643053
-1.60338930756157 1.02667303449255
0.66230910263905 0.0585056230429831
-0.927083690269357 -1.64502789541695
0.696997707511763 0.133392913422514
0.249253632419256 -1.36855174498456
-0.0440036813329785 1.41967159466156
-0.930947401234817 -1.56040474826236
0.316515669063041 -1.35614685276692
-1.47201127636192 0.967700868607362
0.77940874951456 0.163067175076603
-0.838790739891788 -1.50222765154863
0.380494621351182 -1.29627844594121
0.135013812174309 1.41525536049345
-0.683790707593975 -1.52704928350646
0.830221113847505 0.18475346761048
-1.85045523560953 -0.482769240543528
0.415603650160772 -1.26499482267232
0.465382094736958 -1.23373282735289
0.0136890393977991 1.28748647134575
-1.2801719893433 -0.990032105624997
0.91988298838948 0.271463720614214
0.374138063331448 -1.1485318064805
-1.25371904825416 0.900603667205205
-1.73472475533143 -0.434639413267228
0.395141663009133 -1.15535576658616
0.432154836426871 -1.13405361425697
0.674719556492688 0.0986634517656709
0.485327608365032 -1.15768455826913
-0.866877134099456 0.548413771816741
-0.899632447027637 0.626207150293219
-1.17564361747863 0.810421750981178
0.480127789173133 0.0942743386531129
-0.881450775952992 0.538398961587424
0.160035150184875 1.1468809071368
0.138568153018623 1.08042200036646
-0.896648637191807 0.467955609572442
-1.00238066534581 0.913633993569264
-1.04617153305918 -0.777144326279362
-0.593007076440368 -1.14235955191756
0.548472062247294 0.00419549162600984
-1.01468843636424 -0.673632696421095
-0.590920297585962 -1.07363174387846
0.522037335060749 0.0286828477680734
-0.167432646163589 0.893317951012663
0.133552555299344 0.934635495058691
-0.992597313597445 0.621680387165446
0.385585450593216 0.0966522140367228
0.593370572785967 -0.0288193110281544
0.604053220655581 -0.0260014943180186
-0.626372756130928 -0.940193000931993
0.733271809049018 0.177558406343
0.0912202870417611 -0.800329011218642
0.169720642027954 -0.865440191135076
-0.664584069198205 0.412528401079475
-0.614570200183954 -0.918137186191561
0.459926781922113 0.0195651648986329
0.3503754073491 -0.856267971847385
0.146322511641541 -0.813372213721684
0.399434087196434 -0.0200375759572581
-0.118668700178469 0.787338792659022
0.680323910370132 0.152642528826478
0.371286015127751 -0.0170831322298
-0.816167281513686 -0.519286010101118
0.180460466948816 0.806119830073884
-0.488588608488479 0.569211820897786
0.118169385490928 0.671945138446865
0.634638499847022 0.157626453316734
0.129067704100382 0.768251165462186
-0.833229548513855 0.3819031761927
-0.741161933777394 -0.496506273781053
-0.31338344454941 -0.84057200703993
0.103046888908008 -0.646863021368511
-1.04695101708082 -0.262284589073557
-0.660970047001406 0.62977198380322
-0.725627906067602 0.335864953357074
0.252988737104078 -0.654057968735266
0.367232862989085 0.169407112733814
0.238551337140624 0.700190759416866
-0.446768691319361 0.187403562131128
-0.0834630427160345 0.523294630235682
-0.747190547988722 -0.211794430823378
0.141150183220805 -0.524898202439426
-0.505185761304651 0.464246110947565
-0.0950503424279608 0.48074431345947
-0.0471877127973797 0.470031628395978
0.214298282618935 0.244068244200261
0.385387228214935 0.0807608251092379
0.206445473656481 -0.0700233925425038
-0.27487091989682 -0.359418445280666
-0.2013347594107 0.378240982529354
-0.378685176986233 -0.395031668627604
-0.349560676210832 -0.403492705049908
-0.124268114968387 0.334161195944481
-0.132602177485937 -0.439608893509708
-0.574561449793791 -0.155635730791892
-0.220691951621714 0.129979712756676
-0.219618686854531 0.0792892909619981
0.308844913109938 0.121975127483595
0.259187901729028 0.117414002174738
-0.159218128809147 0.2288563760044
-0.073982059327919 -0.312089223076514
-0.247048308281568 0.296825493844609
-0.130642111024069 0.0978566090982928
-0.159960911869674 -0.241787461687757
-0.105114557733343 0.100057135606773
-0.0357595059664968 0.198782007561156
-0.0884579407102914 -0.201299268220479
0.169445201864141 0.0864428927951206
0.0199871307900903 0.125577725788696
0.00741590466355878 0.162526570882221
0.0285183067218633 -0.196231709184015
-0.0215489241293526 -0.142043177736197
0.178940670389751 0.0723861217756953
0.0630292143033187 0.11362037128509
0.174324774470041 -0.0194614352788057
0.259270959646943 0.0448420336575528
0.022554916575944 0.0996179110638079
0.0273359477667504 0.0823830991679901
0.0477711039839899 0.0820086549467892
0.0767563203654064 0.0880867077669625
0.0702835666716349 0.0798517227805176
0.0544491504876886 0.11208801142835
0.139080671721827 0.0369842006939117
0.129523002512744 -0.0904918092882198
0.084341521663572 0.053033910184693
0.145866068341797 0.0699219764604636
0.113303896024248 0.0515709850781943
0.170560853190395 0.00107424173364834
0.181842996677781 0.04787587252534
0.203838424572221 0.087060138753866
0.129723420376 0.0443461723211597
0.177827579936943 0.0362894160137687
0.19628619730879 0.080617197711668
0.129027092058737 -0.00508604603277185
0.0977848261351187 0.068026790387555
0.150728145935746 0.0558414372729347
0.230677409299966 0.0592090092231113
0.10563198165599 0.126494996607397
0.244736724665521 0.00214600277278593
0.257501697009156 0.0591578172268293
0.134309229630131 0.136539700747476
0.226197496803807 0.0493239792644105
0.323574924218958 0.0355296175460437
0.0377252743795564 -0.0558294544115136
0.343485141046304 0.148925787498145
0.124399227267728 0.219150999791479
0.0427096537359672 -0.0499868794968808
0.265945838728891 -0.167409750777682
0.216584024665772 -0.0576533559098314
0.446773083774213 0.163349079145717
0.27940879482774 0.204792266920661
0.400645187766985 0.29715095345967
0.544321369616249 -0.0849769344188849
-0.0177027281550192 -0.0865784229113652
0.49723463765682 0.228355939343456
0.415154111605065 0.318586606687412
0.171615642935409 -0.271166125754068
-0.157239237035118 -0.0411250819583569
-0.131311715651661 -0.0344681571372817
0.229005902228917 -0.299628441759721
0.482690126769294 -0.0766569550317624
0.358341472125175 -0.313567225795565
-0.0187398531892901 0.546601122517383
-0.0107122365688052 0.131933932793215
0.913623920357973 0.177902643100209
0.450949542019197 -0.309888492266724
0.561447416814588 0.15214565905604
0.779371749911658 -0.172380093795862
0.135286465732503 0.566700089797664
0.615247995676308 0.117819212755873
0.492542689759797 0.644818043335518
0.760763171120943 -0.488879450137777
0.106018749108748 0.593697152218084
-0.0588707694026187 0.703070463089205
-0.109330644452739 0.708733124641295
0.158407866616414 0.0386004032881134
0.744490484172454 0.670056406976738
0.232451389820417 0.0830605428042861
0.140014802046527 -0.312732225808034
-0.28284852543861 0.203337976922295
0.704587903723882 0.80712249183935
0.0579874627868735 0.761129106796544
0.762808580796326 0.754174587282124
0.820551597180182 0.055043023073394
0.784663231956205 -0.150122517765319
0.0855807678997991 0.808075892614112
-0.351770534489973 0.275055377177391
0.160098151014029 0.0376084248167599
0.00575286676134137 0.271051195848941
0.873913626265878 0.253548969124615
0.571980015288336 -0.70549045520366
0.0686844708615799 -0.3740829909116
-0.249825135483247 0.968973924979874
1.0547487940208 -0.743900807269558
1.52370065105884 0.295556978887944
-0.162800985477306 -1.00189428227541
0.96211455453817 -0.0608813371587301
-0.556745641983664 0.431665379858174
0.82574010169876 0.640599605295337
0.911780495149951 0.68931550931152
1.29573343740164 -0.253469223113191
0.178439569087576 -0.654288619109707
1.18271054396635 0.464516049020854
0.126057972285944 -0.703266161295722
-0.624971802856833 1.05704864829085
0.81899880586745 -0.124875895390535
1.03699815705615 0.516065880892574
-0.626917693894546 1.04139010199072
1.10512739603164 -0.221433021573033
-0.704359154820857 -0.483530590643733
0.962849988742401 0.440997032022606
-0.57209379008938 0.948976213038292
-0.495152316951059 -0.922849911201446
0.271037784831136 1.15020884120276
-0.693482682810119 -0.502543876561612
1.19000489931333 0.231088003694383
-0.302463822026113 0.814047207151419
-0.525069718965501 0.936279428033848
0.352226815568865 -0.776790662931354
0.563086941183052 0.923594833556036
-0.597024547470376 -0.466100927053861
-0.293736764553909 0.762723593299018
0.840148162567319 -0.210983618242937
1.07148287006452 0.199004309607754
-0.263803713071308 0.719135258058427
-0.520080669914355 0.800664032859728
-0.472308512527266 0.161118282786745
-0.455112480292511 0.75926039958759
0.577823993436647 -0.0745280461893319
0.484423892341369 0.500144592016261
0.770100521148782 -0.201803701426777
0.120618088437545 0.0510306182217386
0.391176568429914 0.473642729410516
-0.368935585603462 -0.628992236508375
-0.442717071365349 0.253281362221892
0.373960774863772 0.460614505977498
0.5904773475089 -0.621394133518462
0.444647402681174 0.720683705476058
0.547934370978474 0.333247102033253
-0.217754784419792 0.179197964017012
0.578584836284966 0.324488532648208
0.590715072704961 0.268389080504573
-0.184933458060969 0.196834184358555
0.30750631085182 -0.168328383809032
-0.435535049689493 0.171784639566484
0.594020140706728 -0.15395694657105
0.0569813517354938 0.0222617322163905
-0.453748355169294 0.15096834615836
-0.416584781286998 0.151719185695082
0.469350059567038 0.230869910847403
-0.491857244542104 -0.145405587269696
0.135840229590166 0.383506414039045
-0.026291985042711 0.484694073551766
0.320023793311136 -0.0688081025897404
0.394478948815226 0.234308859744571
-0.24520245367395 0.0536116045530255
-0.272223801487377 0.445398055919467
-0.076067938631129 0.443417959002121
-0.140211879609492 0.134142951220156
0.117008213065112 -0.355268354256558
-0.42337891844816 -0.115951091129717
-0.243219340301489 0.0139961629466239
0.298900951136813 0.227258995782075
-0.100157402588834 -0.327108960909577
0.129315531423397 -0.284370344692649
-0.0786460415457453 -0.109853831914379
-0.386741651776149 -0.126830934442497
-0.154969554301639 -0.254614652817236
0.336520174601441 -0.131301301740141
0.242232012275521 0.23311771965945
-0.0122634244858197 0.239462163675839
-0.0541175378565485 0.210249228135877
0.338001568093697 0.0603718810864153
0.230538742005163 -0.225675915611706
0.208855671053854 -0.154698597280544
-0.194266024614967 0.232829257184981
-0.122513141959318 -0.0824569050696893
-0.029633786068428 -0.156219265335719
0.049132616098738 -0.114875963968019
-0.00041859797075499 -0.129091501580497
0.247965697525441 0.0451965126240955
-0.0629204468593624 0.197686950248153
0.126967470367367 -0.129797608029546
-0.0112291255490433 -0.0837589678922777
-0.0171444731238625 -0.0835184311190511
-0.146169387484147 0.00460129143352122
-0.0623781872951591 -0.0331673119230029
-0.093482624047315 -0.0428421896292194
0.0151293285922604 0.0783375039159274
0.0191653976330231 -0.0207586156520394
0.00499611247603299 0.0107981756738011
0.0118977275058284 0.0195855679820681
0.0428405158988367 0.0090671219646411
0.0159279796344026 0.0188618535380762
-0.00358397911025058 -0.0137530512811683
0.00912389479751131 -0.0771544104840566
-0.143347028436724 -0.077347948705085
-0.0286082966309232 0.036198783537982
-4.21961839566151e-05 0.0668765526666898
-0.0761728166253124 0.1335029612561
0.0216034594275972 -0.00606294044280395
-0.09204044305323 0.132897128282946
-0.155568456230459 -0.0515598468726537
-0.135829730345154 -0.0401264064625692
-0.190050026717892 -0.0679004902961659
0.00638812890727529 0.133096619366281
-0.146365732951578 -0.0538882981823235
-0.131742151434199 0.217016715643411
0.000623896762711663 -0.161472611227016
0.0348810733058215 0.145516805309706
0.0674814419658953 -0.178105227799697
-0.177101526101944 -0.0320700936779632
-0.0372633446867766 -0.186141221219345
0.00442090590040503 -0.167387058948185
0.133115717428238 -0.158014841779481
0.22469982342669 0.273451691790368
-0.143541143758918 0.315746504657868
-0.142321367216475 0.296379847423054
-0.0945769451513334 0.280821808378897
-0.197636612905035 -0.0207867802858855
-0.267933533878805 -0.0657680268073979
0.0408421726584001 0.322773772785563
0.303615619002941 0.30532843202862
0.056029328123629 -0.312594399275039
-0.0947938626897936 -0.280767873140824
-0.113321314593078 0.399153063504234
-0.0163122380184064 -0.277448879247986
0.22009676634594 0.388308202225903
0.352543897948866 0.363304407036157
-0.169537444571321 -0.0308774105188541
-0.460730345574343 -0.00281217803130961
-0.193746996662644 -0.381923301539558
-0.342801725252227 -0.0155103735601341
0.429561070631787 0.413804162312329
0.480365436309046 -0.521943787016749
0.233647609421404 -0.498796577445541
-0.607647458182517 -0.206246161210286
0.544759276749144 -0.562846208329329
-0.54636531259858 0.0108897982119334
-0.433025885053426 -0.000783056009216059
0.250083998590137 -0.609122803189492
-0.231934535516871 -0.0388662438162829
-0.471273647263404 0.0234689125704957
0.624164656068668 0.483125996813794
-0.615978194924013 -0.267349828863328
0.607926048729387 -0.68688419256417
0.634034078181432 0.483521799463736
-0.20548168080521 0.74091027086575
-0.0507383644014632 0.587985665847359
-0.696879558536113 -0.318413984320919
-0.413326588817349 -0.415845134586259
-0.533436281832591 -0.755912844584429
-0.816114717087843 0.0899267192159827
0.598483031222932 0.519501372644933
-0.634898220486891 -0.432101788743426
-0.0737316344738644 -1.03676493661136
0.481648433493616 0.935509751436346
1.07935944122793 0.208443065680566
1.13300850270645 0.236294675404611
0.519193107176087 0.997925438936768
-0.641447184628715 0.0358522971037309
-0.294861242263515 0.92490576646579
0.743794965730022 -0.877163920864996
0.528320907961203 -0.455662842286519
-1.18702992598343 -0.297232397832324
-0.107135303627456 1.2206560356277
-0.91702916973548 -0.338550075903215
-1.11947428259052 0.133432201425288
0.151814110317101 -1.01051907862768
-0.947263898476755 -0.238195269216307
-0.325696842048727 -1.21567663306677
-0.875582762643834 0.937024218031888
0.0276644117473098 -0.970335924393851
0.436240823309639 -0.976242863125838
0.381365371997731 -0.911508157333047
-0.39161615716628 -0.113759227567928
-0.913594190175418 -0.692384398782134
-0.297335485999457 -0.0898628608786339
-0.0563210895787356 0.394657814752359
0.458215213302347 -0.293293092674133
-0.379893345452835 -1.0225676755864
0.0848032062910364 -0.839453675953708
-0.796691936357327 -0.670037894743505
-0.745882545283949 0.0664484524222841
-0.607171007165646 0.101206205885814
0.227435587714567 -0.767504073491214
0.694891417531126 -0.239467053695125
0.0803482748459973 -0.000689701222380382
0.424345774034559 -0.206313429610961
-0.606886956349526 0.204593324805645
-0.00361184390414897 0.748029607449584
0.26165813101307 0.475053224713932
0.628134039078991 -0.63787866252883
-0.303418467998006 0.691924511693317
-0.553911201324311 -0.161441044281363
0.58469200191677 0.622296409594295
-0.171739901864534 0.0833066292568822
0.730133170987159 -0.258954122521444
0.285671400532082 -0.255345670577893
0.243136970127369 -0.269099202732915
-0.1282716194122 0.0327266606975797
0.13412888394654 0.457668667071241
-0.0251694859457127 -0.0311446683167863
0.138902528250334 0.392629646758665
0.585466180322245 -0.190921996282737
0.0651813626967017 -0.0252387633858704
0.114135713510263 0.0185431993904469
0.561199986101946 -0.0697044336766408
0.261869770887616 -0.0380532621619882
0.453278798989111 0.233761978109143
0.287403972690639 0.103987213825585
0.492643966527567 0.060621526836408
0.470899289327354 0.115596198110385
0.500436982665484 0.123147230514811
0.410476599267358 0.173587531301303
0.62474721312808 0.124802448050704
0.443954006288403 0.257471027862067
0.519395137137861 0.221123492162217
0.508256389533723 0.0527680885059732
0.763256658768551 0.256396092187013
0.360621525072794 0.129505524589085
0.47870369262829 0.428795651234999
0.870070791518289 -0.215575836851563
1.12899306576661 0.21324927059982
0.435180376201067 0.536176578560787
0.526418957986817 0.521049065883422
0.123763733943084 -0.0207027460394422
0.435034608488002 0.611248401873841
0.675461516180689 -0.206879970298761
0.657380072059653 -0.294633034534781
0.911220091982517 -0.442779928765196
-0.167535858706472 -0.0730831772859424
0.598206527259007 -0.359689483397432
0.555884078852527 -0.25571841500031
0.400234274998866 -0.47996183684405
0.528037012887377 -0.420960216323446
0.867452155352269 -0.307539115512416
0.763184731255775 0.503691433122404
0.39965796905729 0.786526827522331
-0.378269870531886 -0.209011131648402
0.560019504028889 0.700558236724767
0.23083024015581 0.778573540199245
-0.452265257518902 -0.257907740721597
-0.309973442377946 -0.623243835025126
0.161626345981531 -0.598729505079765
0.49199849386877 -0.63107918120229
-0.720898196621894 -0.19737147525465
-0.235340788159306 -0.372917331588544
-0.214891899683441 -0.315386632265912
-0.223245676504097 0.572029658226679
-0.12052759790567 0.00615446814903531
-0.493364960157965 0.564440003623186
-0.347455515769718 0.414524924152103
-0.2047370187209 -0.591492360389696
-0.257653549418188 0.372637810050927
-0.5023058321007 -0.300265475909744
-0.0855210050080289 0.238568360892916
-0.365707973010728 0.289771154595268
-0.537871767464713 -0.247329310528746
-0.388144016257866 -0.120226249667002
-0.337642066337422 -0.11499803649701
-0.523323408347433 -0.257609858740875
-0.131450887212449 0.27983006587887
-0.21028383414497 -0.171806284005237
-0.292343802384193 -0.206819638519262
-0.350314758261818 -0.322636727292126
-0.447624568866085 -0.119263585227656
-0.335105864156547 -0.174992589680648
-0.210053438820839 -0.337859626872895
-0.340866682566593 0.0854415516834007
-0.329299628888508 0.0702980200093319
-0.561644199201067 0.0559959036050379
-0.143658776806193 -0.0344620710093623
-0.301878780510601 -0.279590962740894
