0.218424546078679 -0.302063778473096
-0.509050337967534 -0.115110402696557
0.489234425274988 0.603021080949882
-0.321779367932594 0.612967510082619
-0.198088214919418 -0.792690262719607
-0.773836203593579 -0.0275226004227894
0.191917776510765 0.683265650181954
-0.0858537386333361 0.464302083413354
0.354679097622557 0.568310773199483
-0.418263040609261 -0.0915251006676327
-0.323018120402985 -0.0580780185514147
-0.101718350041962 0.140385400492168
0.0561812358373693 0.19624067536954
-0.0940803282278619 0.0387326328055754
-0.0132004422470771 -0.03518358143853
0.0608711215259578 -0.0227170667016914
0.126258342194551 0.0111492890054365
0.080275285329735 0.0324264693574093
0.0600482730195887 -0.0730206920009873
0.101846288504145 -0.108336993241237
0.269500991479983 0.128706253180813
0.00191221672364819 -0.147711732839781
0.0334230370017264 -0.0429420218579359
0.148739017452054 0.152075476818887
0.0461078372918763 -0.292001473797772
0.188410056296241 0.1750130554284
0.251237967823375 0.337469624783356
0.647288064124451 0.242716855244567
0.123586150644251 -0.411933627344036
0.168579506390455 -0.459499024359245
0.151817897012268 -0.0211056975552316
0.182265172411699 0.51909183846012
-0.0965803931607233 0.291327636233691
-0.111216152140555 -0.0205264388304058
0.557842842774228 0.541063929707908
0.0380670519486649 -0.61269875817244
0.126846334182755 -0.474955334359823
0.631575075238198 -0.19387650066388
0.171835741049788 -0.620506590178581
-0.372429047302587 -0.0275237281211028
-0.28759773984618 -0.0360397595107117
-0.333737935674927 -0.123501974074388
-0.519411439410284 -0.195229241221204
-0.217597540462335 -0.136866074499422
0.15454444788946 0.238534235160728
-0.399428834799247 0.107881101199324
0.057113937135056 -0.0587099031273015
-0.116403538842715 -0.125184960048476
-0.0724930318115266 -0.0497180696891173
0.258244168629644 0.0697901922569647
0.219012569555285 -0.0691996439784284
0.151149829492755 0.0997827894131373
0.349410430669069 -0.0861416888174642
0.0332124325154514 0.206769755606442
0.302194151998074 0.168551645304275
0.5483110460247 0.25519552537154
0.0835757893868135 -0.154597616824714
0.293076612372414 -0.409993680796583
0.362718095264065 0.276640070592306
0.224756368700498 0.0484895916497225
0.374819327567467 -0.225842833532432
0.48796598279612 0.0561324141864789
0.267762531381717 0.027333004595314
0.221779658706935 -0.00939422229595156
0.462989992712404 0.0119684686224357
0.437020969054613 0.0221573490949334
0.377197064561348 0.00710922537915799
0.270481232261979 0.036675844599675
0.420190128052975 0.026971518502797
0.321209847443557 -0.0010146929439031
0.213032285905644 0.0545063800635449
0.171292653936795 0.056030759395245
0.532160660040775 0.108260077683854
0.327321226478606 0.235177698963321
0.286125496703378 -0.142029311097929
0.453272886308543 -0.0923040001786733
0.0899862443459648 -0.366183112411715
0.495941051384376 -0.299645054437547
-0.0658847897052618 0.380664889598459
0.549972011907152 0.0219348162994563
0.161859819977266 -0.227343237137402
0.149631034890208 -0.19958027866965
0.117542830986337 -0.258515646397654
-0.334145019322045 -0.0260587858523754
-0.170346043131872 -0.281219564236913
0.311018436892042 -0.395547497667976
0.434303975981984 -0.188985968463396
0.0232272635253048 0.0410772597658577
-0.042821005317891 -0.0259467640524345
0.0354324065465934 0.00958717494918584
0.335221817360672 0.163114232291763
0.281402045291452 0.186935989181541
0.346721121611593 0.11858882392259
0.263361901406322 -0.0301458753938255
0.254211150736873 0.275761769923925
0.17817806496218 -0.0377534057244811
0.124526054922431 0.0233677074988895
0.394504106315623 0.231259210855006
0.405147914988887 -0.0493920310566335
0.640680372321541 0.0851601798190205
0.565361762533321 0.185460639712809
0.616812367439649 -0.0351552228233997
0.622803156812926 -0.233531092561522
0.325399424322624 0.400048652133354
0.495830901153633 -0.334081858928781
0.288488422964939 -0.465276978363838
0.396702704809158 0.615031678008368
0.427945566309253 0.673611021480268
0.050625407841184 0.325230004910702
0.385890389358562 -0.352223486198319
0.621714460275645 -0.071293276421978
-0.37254195276573 0.127386635365041
0.525636799782303 -0.251666593435886
0.0940294683812395 -0.0434365974688153
-0.290172502004691 0.271034291707512
-0.0281993037698578 0.309980019558022
-0.0559597690662242 -0.184024398957207
-0.63875022690465 -0.0787527453420774
-0.24331526250774 0.445361125189697
-0.446431863880568 0.35244563184865
-0.229405821002405 -0.423517960024536
-0.165551634928763 0.155274218656614
-0.384749788681008 -0.0107024958852262
-0.0914227341088267 0.0584652607031775
-0.249481682248859 -0.198079967161519
-0.154647756869823 0.371533510898646
-0.334937476438026 -0.452120547412241
0.357296594584417 0.113427475347522
-0.010687414321495 0.492654090656918
0.521310980658191 0.0945000843362589
-0.700551288189742 -0.0874558470986747
0.221150810137945 0.556223404045426
-0.0405285208705358 -0.47226144970669
0.643219663723927 0.13329288781167
-0.0724529038097457 -0.506152873771869
0.21237094949043 -0.326297505105466
0.39420805593712 -0.0226249218998992
-0.328961156068631 -0.0848943616075749
-0.260445865553774 0.218793850232103
-0.141806298011449 0.185415649476601
0.285191401721169 -0.0477987248985114
0.0229253098467262 -0.372272654655877
0.114424351963808 -0.141040384499928
0.0605736649681709 0.0998766276052501
-0.228647602888592 -0.010775154697165
0.219752225394079 -0.172639772371126
0.107154125748106 -0.313905246883744
0.269383931759664 -0.262045846965298
-0.0154162678544936 -0.371637865363574
0.284565128438337 -0.0627146924426155
0.400743882513413 -0.195342023465431
-0.0139181879711502 0.276654365686368
0.0268326922776918 0.405488775733031
-0.277517079252163 -0.0520656069358958
-0.123805759221861 -0.524090611119379
-0.226771203443591 0.388188014707688
-0.360353998355376 0.447642787817395
0.145164964859995 0.51289320040634
-0.548219337693084 0.503426989596037
0.21037584105457 0.0813314272431455
0.185856617837357 0.184956852875407
-0.126380308834043 0.399102468131056
0.130735295132253 -0.218800532872806
0.118635142639763 -0.327489678482389
-0.126651309137956 -0.00884078168360917
-0.177642211633164 -0.116263181991479
-0.0661868797669819 -0.0731236775102545
-0.00263360428610072 -0.0348885996104263
-0.380734024840812 -0.222291831651636
-0.27579203161377 0.0203864334141132
0.035842867472401 -0.0143114119183455
-0.208812790014928 -0.288797566301256
-0.195444583297194 0.302805405194032
-0.294909742815654 0.317177055667485
-0.19104051892063 0.407235261005252
-0.262740983799654 -0.401107491219785
-0.611980488643867 -0.0414780541623382
-0.295992748031594 -0.471536604515249
-0.23803281490947 0.350993729092611
0.148841936591032 -0.261415766238756
-0.0643438693020617 -0.381306368626145
0.280145970027925 0.0239129973739264
0.109490141025631 -0.0786462945669742
0.0520440170657497 -0.00427529419466704
-0.19267654757155 -0.164160685710136
-0.0113824082951413 -0.0547970261909081
-0.321676632398171 0.209736786861005
-0.229125946802426 0.203077943574112
-0.530053610218247 -0.250428353845232
-0.0391335080103845 -0.232219413691697
0.148809259042989 -0.132107644970649
-0.0788685161068718 0.302826130052158
0.154597159061319 0.012822952714425
0.0911225748250355 0.0117490348285736
-0.197484468746452 0.354597324935838
-0.397922425294028 -0.473902685096008
-0.402534710239108 -0.290952541051705
-0.0310533474708879 -0.634228429445603
-0.603781503115377 -0.499944981196084
-0.0926351679102514 -0.141015818338005
-0.142581619597649 0.14801109368175
-0.00145066500611745 0.162510657575189
-0.292805131700906 0.125695688185834
-0.279871705876242 -0.0276739262892968
-0.295145865509324 0.079093856656746
-0.346823967646666 0.00825172128198251
-0.272345077487282 0.013877213345975
-0.262939303835023 -0.0250735064224471
-0.113147102368403 -0.0325894075168568
-0.224982659019858 0.0256145952413432
-0.221492986783908 -0.0340400567202501
-0.215823459349329 0.0982190283282765
-0.312325484979508 -0.253587271618776
-0.391602994630014 -0.27383912809357
-0.124778351039652 0.216784055609477
0.0635844135333068 0.364177930460937
-0.201865604178105 0.0785386224002792
-0.17563331959376 0.00918131674603079
-0.148946666704488 -0.273151650615377
-0.0243676591029574 -0.299471898633789
-0.0127400892483916 -0.191937708533137
-0.115546413179839 0.109472617531081
-0.163299766343463 -0.143359201384253
0.130117021522585 -0.136847207747752
0.15135818016733 0.21837314519111
-0.139624286888252 0.0407771711966088
0.111663849311954 0.0998982315670703
0.138667214652703 -0.111882454714197
0.259241934798699 0.208811075251555
0.0317587902179748 -0.0499705592316439
0.0657092295482186 -0.00368931021621237
0.251788346709491 0.0658481822933087
0.23050888748234 0.129029486796425
-0.0422491911425869 -0.0176459813742935
0.30943754686648 0.0172310170773169
0.219475860141161 -0.305981175268043
0.0552732779496885 0.208630688728475
0.235603883442428 -0.107508423359743
-0.00336396068932063 -0.41339802205814
0.134803566323414 -0.216703254407844
0.0745044304449776 0.306862279092968
0.143818328150236 0.392068900523304
0.217175277586844 0.530477238814926
-0.334430291087167 0.302939611737669
-0.263269770956787 0.428763379593976
-0.461816717147512 0.29068978148792
0.274832218517365 0.108984260046326
-0.305779334197979 -0.55386266673997
-0.663692133103738 -0.0430124237371505
-0.297062699759313 0.559342053928697
-0.480857061196781 -0.425334324407192
-0.412117082407931 -0.675651873388972
-0.663562523425824 0.216317500562808
-0.193123607176191 -0.561736155069354
0.290989948766067 0.353678774245847
-0.733913476111123 -0.0325638261687687
0.92137060871944 0.00949080163597671
0.174514984795318 0.619834779160528
-0.271173836090378 -0.905619766767509
0.0541206240101816 -0.44339223153854
0.75681539149331 0.274117100935945
-0.342281160439172 -0.66726998469582
0.513993180186003 -0.907269433163406
0.87115999340605 0.704346925278264
0.698698663307059 -0.968677643689262
-0.342922871950898 0.706493185521009
1.03214321977021 1.25624363169081
0.203221244519055 1.25803420221429
1.13748955773682 0.648421148861275
0.971526561514762 -0.890597455160868
-0.223401206888428 0.018857205063987
1.35833355821694 0.451948099026886
1.36094973998087 -0.400400450502385
0.702958597497098 -0.112629634873585
1.66695967531679 -0.0639098768726517
1.17622640044454 0.320898850746507
1.10694981462266 -0.381944974411182
1.4871311874198 -0.0139733441604561
1.45841980311302 0.239154684984151
1.20160181841282 -0.0318588490738859
1.2307558755295 0.0646901511144842
0.741319958363468 0.0463907975690536
0.977968377171754 -0.0148569083245356
0.990904995927861 0.227967115259678
1.17718822372944 0.196096383969697
0.96051045357474 -0.217544459458787
0.832367178048811 -0.335483461905058
0.78492096367997 0.55243396041813
0.814000336098466 -0.228646770790775
0.522817102496564 0.491634835900464
0.426216222014472 -0.156676933455869
0.782589094126391 -0.0728950738339318
1.00568760282736 0.113468569311821
0.109020867851869 0.199593390382496
0.828114057025925 0.260892820363823
0.239888220140504 -0.274485394877212
0.182786110216202 0.611429641483136
0.11872559908568 -0.122022432108343
0.312057489393514 -0.00294513610513174
0.00594943391407878 0.245273391130769
0.355754428594185 -0.510312482114786
-0.0313298990060549 0.515916826687451
0.581346984656248 -0.155071881382981
0.21052794955335 -0.562346378085635
-0.312616710598843 0.394460278431071
0.584605856253064 -0.120209536363012
0.394119799818385 -0.377261763459341
-0.207826341487719 0.517815528715119
0.413145093337514 0.185670684584572
0.252272653979849 -0.549639124488872
-0.120462925249107 0.568369720434104
0.336117957251741 -0.0566645502146242
0.066440281254713 -0.538040417059252
-0.338483426118348 -0.609068201620673
0.124237407917442 -0.562575988307105
0.567590845169585 0.0487295337746265
0.526657402442692 -0.0111611289391671
0.610786942718502 0.0166649059315814
0.733810948284308 0.0336937129981394
-0.10474145702826 0.509996158565464
-0.364639537300629 -0.0304543275993473
0.698713289870011 0.0714764245503265
0.0688182397330035 0.121747459042641
0.299008738654661 -0.127096015865691
0.458755799435491 -0.254788225542888
0.233339845817827 0.229618073137552
0.455038969684049 0.271825752321672
0.499174579662268 -0.0252087440660257
0.480610505032719 -0.0607896592366651
0.680689519173059 -0.096185353024632
0.342208389375058 0.0353848447555969
0.190078542378405 -0.113056727605162
0.66937053850599 -0.114390461730982
0.563016895237179 -0.21557847393218
0.596113241509824 -0.0582659358392578
0.752054296548604 -0.12181102578554
0.841904634792308 -0.367170226962214
0.731446451002124 0.359676723237589
0.482055804241779 0.318565684681559
0.521498436363656 0.291970616713926
0.362660545252983 0.205541524702795
0.426623034598393 0.0465904724145469
0.419658972915196 0.33098264699735
0.351421887120213 0.358645588618417
0.487375006072738 -0.577794487220478
0.143087104707602 0.783493493532087
0.943448310727815 -0.101769515105656
0.676169022251459 -0.188096877037312
0.537000984534435 -0.531201010177061
0.690623212304757 0.0927740916265654
0.479355380099043 0.685081108218534
0.804566426537942 0.070465582038434
0.309482793544671 -0.445672812550502
0.389989746938397 -0.297814450278922
0.788769942062582 0.0706231064193347
0.543885252944409 -0.665176906492506
0.779886401002241 0.0700071993064738
-0.382352867638115 0.443011903172092
0.407294570477418 -0.496536746962329
-0.318070771987248 0.356884658839367
0.497235462113575 0.773101255167261
-0.0750267747934248 0.782705294769114
0.0514214454838339 0.636391509809566
0.0446069155433931 -0.640724248359801
0.259284384870734 -0.539392852963991
-0.270224427658892 -0.0446673756738538
0.680449480665126 -0.566901547338402
0.237301745356185 0.681815058917534
0.981358169706069 -0.206316925042637
0.87184794321907 -0.320904746714945
-0.226799097784121 -0.096860334070315
-0.244074683527221 0.00268816974620825
0.309231252848817 -0.66272035479307
-0.0554235259108726 0.0410849212368826
0.273687289078156 0.531006850215664
-0.315495211372374 -0.02664951624314
0.381430643933819 0.669446897354568
0.50599808199376 0.415190694448802
0.198384815210962 -0.585619126591637
0.040704404087968 0.733846220486455
0.829463026210194 -0.512748293748916
-0.541185877534232 -0.274866415250784
0.670400999270012 -0.46139443568765
0.654339349216459 -0.568947796477441
0.153540709314425 0.460785619207746
-0.291963433593668 0.611620345550532
-0.112589081902399 0.412303057214241
-0.526386223535362 -0.0405683568766552
0.304379793061638 0.774859347273041
-0.21601568203155 -0.698692384678516
0.258533294462564 -0.660623564528829
-0.262564378289953 0.611282263666806
-0.45314188553433 0.694060620173504
-0.325018267411953 -0.685204444150481
-0.450561109738552 0.536691108354906
-0.616962468448403 0.578385469654787
-0.636900360634332 0.64153675765228
-0.65521215144647 0.542115376149647
-0.878836470025672 0.00026232627453721
-0.95169995285363 -0.124368210550358
-0.468136292736604 -0.836105206536732
-0.0160330312800366 -0.715634056774554
-0.607508112039295 -0.674892945533929
-0.636231322759009 -0.7965375266177
-1.21935506343983 -0.0721177953780483
-1.06610200489571 0.560574355590365
-0.726272985595362 -0.693809067118462
-0.937607630504368 0.397346781073202
-1.70472046337246 -0.0849243313567626
-1.75150376883317 -0.0570038835179045
-1.10058682308343 0.654520903047065
-1.52355717437227 0.552959339962568
-1.79124920882781 -0.386976152709365
-1.34425862153032 0.167454267926258
-1.72910328955089 -0.288435187758576
-1.98252957348106 0.579194266889283
-1.21511266141508 -0.844178916549762
-1.35950451348446 0.959719181492164
-0.989610379147975 1.26269626335623
-1.6314149853764 -0.62394777713016
-1.59059244507497 -0.645497148104822
-1.12204782199084 1.24922705354266
-1.36452768990831 -0.910653456594273
-2.2225575502442 0.809764014668003
0.0905511074970436 0.153591809951763
-2.63197076982141 -0.222793650828202
-0.828233200640688 -1.37542842710526
-1.93993806037093 0.694146961200581
-0.649472437171233 1.15531111466847
0.17327746500438 -0.0952782802044113
-2.32819468831641 -0.0917603930714874
-0.812647253372132 -0.91570620405495
-0.0450208924580931 0.164699935128341
-1.4799095278976 0.734227826031784
-0.0279138877204565 -0.314009381086641
-0.775352661924015 0.760972497511075
-0.429164799048012 -0.38124586730926
-0.788094154251973 -0.502823610279472
-0.526547479844703 0.0219857932040662
-0.780709920608715 0.199246366815241
-0.46600056113236 -0.0704911316418834
-1.00513068101515 0.137127263799278
-0.74417394501035 -0.211147247731356
-0.921770011504109 -0.311160195061014
-0.678131867056651 -0.148924241307544
-0.734750612158195 0.091600556067561
-0.136395927769682 0.357463565772159
-0.442836251726553 -0.421606138425576
-0.603376410571048 0.0171436469685389
-0.318586505902154 0.149950509567434
-0.441227793000655 0.0941945801251774
-0.196134678689409 -0.1910660246266
-0.141305892458409 0.267222447229181
-0.292367742274718 -0.298358548392881
-0.342541203176407 0.184482871478676
-0.167541320223182 -0.171710152910124
-0.0761673480132496 -0.0114127738505715
-0.196724943429 0.0480138781092758
0.122179222797082 0.0453256683469384
-0.0093739277640008 -0.016004619563451
-0.470072280152094 -0.286422463692313
-0.00803162454338468 0.0470046530361364
-0.804119662941802 -0.299991728942897
-0.89191615561511 -0.35141426797913
-0.0245832802061404 0.00437168000816279
-0.895285581253426 -0.119111431234217
-0.714879019878616 -0.65946359319909
-0.200529058546328 -0.47101247361594
-0.946879195534774 -0.0613997903155088
-0.377909703564774 -0.633408742638173
-0.378238153208397 0.693943504958859
-0.789002488820616 -0.030234585653388
-0.359109838561553 -0.786436315908241
-0.167069697336367 -0.861279706304496
0.56800012828259 -0.797283120590159
-0.702129057279546 0.00476649083326989
-0.63099302096959 0.00584697633735653
-0.71427748880794 -0.100161277833657
-0.690448586645131 -0.0221652728222624
0.217847184364216 0.951276838789255
1.65700742643285 0.134412091309482
