-0.813075381599461 0.535484177490632
-0.79251562131159 0.549183640211246
-0.290991278134844 0.873789355881523
0.0162102671543876 -0.60489918834321
-1.11707420193189 0.0931904357323286
-0.802507795614859 -0.238865937965335
-1.09410193081081 0.135184127659293
0.140343295771246 0.322161751818578
0.142633159357458 1.09752905112326
-1.04807430073015 0.676190400450666
0.914232665843902 -0.106352145327688
-0.895288416619409 0.427810290345174
-0.242618647908053 -0.023648471213362
-0.800604256749365 -0.575929533423543
-0.98611759034033 0.879532152393838
-0.290939804158513 0.926674014261698
-0.408496044348275 -0.993448811426176
-0.997633707481258 0.891883283596588
-0.276868222226083 0.95461626064462
-1.18748981895251 -0.782071683376424
0.667342200448186 -0.101856974322095
-0.397774677600387 -0.982671493799091
-0.0409638455578614 1.13063298065513
-1.13297153815033 -0.797271390498071
0.660087126245 -0.0863305010141761
0.287590433136712 0.169457905933117
-0.203855220829787 0.971594272736597
-1.2263190647128 0.249309779232895
-0.310370285672951 -0.981741567138315
-1.51794658658377 -0.107406392851595
0.302887528484393 0.173394109305182
-0.582205422257938 -0.626984116770149
0.537532080055995 -0.239999725207891
-0.572282035841546 -0.55888827348262
-0.934599074473203 -0.654879065133671
-0.831567704601881 0.792415422984689
-0.233629709648708 -0.845510819348152
-0.140637732104359 0.772579254227144
-0.913859941908207 0.294297450502543
-1.16576466414596 -0.0901444762357808
-0.124203940339758 0.725389811310547
0.197960548862993 -0.369221704903142
-0.433275484644821 0.459160423368211
0.183082527440699 -0.377258149610063
-0.182249828036345 0.647329375166018
-0.729815727269879 -0.552747283227433
0.418018148721584 -0.220538411311367
-0.109916296989979 0.628640255268165
-0.514176570796844 -0.274243332403201
-0.224435197594335 -0.612283302181046
-0.733536031859877 0.209632130777941
-0.103458356411459 0.568435610953873
-0.197528262624083 0.529147275111339
-0.486686097838894 -0.168322315561079
-0.597720858847922 -0.368808141609756
-0.118772586365729 0.502209193204509
-0.459094040699875 -0.186203617601067
-0.41735659508998 -0.244553221346391
-0.188335785829093 -0.550294272671262
0.28609797569741 0.19122435827662
-0.814713759874285 -0.0406124821553822
0.0287386718690805 -0.274313070409401
-0.0995612321935357 0.419485018056105
-0.325733120945446 -0.205990646047501
0.313182261229739 -0.04563638303909
0.053040504358931 0.0717933886525947
0.338359733445103 -0.0369821640583042
0.17101077957262 0.10945094669492
-0.290085126617921 -0.171386109433856
0.268710706907495 -0.0374826640495142
0.103276595777629 -0.20990982766128
0.0446069409759402 0.0418723889451718
-0.139198571708916 0.273046936534169
5.6134376486886e-05 -0.273867298917674
-0.271331851108985 0.172834954697133
-0.39447312687053 0.0332185317785816
-0.223826603889885 -0.364345971487563
-0.0738920575141215 -0.109227995576476
0.0343695582252507 0.123604131224098
-0.0260516431335603 0.210813239729042
-0.291683731231529 0.0382901179078177
0.031056240617318 -0.233115282199565
0.094220640427911 -0.144420322763417
0.0222933513793033 0.0798795678472021
0.109586494621021 -0.104892877995826
-0.103802128954237 -0.0407825437828505
-0.0922937191578582 -0.179626061042319
-0.200782193622109 0.0291964892394803
-0.184573466973814 -0.0892068689993042
-0.104678912748234 0.109782100582102
-0.0302543659377612 0.147871398220141
0.0387955715442037 -0.0893919875377084
-0.0937121949898375 -0.029468624263265
-0.198028452670239 0.025495738119797
-0.0283050988527036 -0.0799195750323332
-0.101289458569994 0.0104796571614101
-0.151612834784511 -0.0181231988495045
-0.0755291696608964 -0.041180767395332
-0.126913726708324 0.0203543394565341
-0.0843082127396218 -0.0185307032906796
-0.137985028863812 -0.00483272908667362
-0.0850160288963601 -0.0593220579930857
-0.0388236829016259 0.0270425100140987
-0.114467188137638 -0.0812471470858925
-0.189088403733511 -0.0118644111955418
-0.149278724398019 -0.126700069342167
-0.112266307462007 -0.00233516477047683
-0.151354087748758 -0.0683870041937705
-0.112730070548277 0.0290276288927162
-0.217197648037433 -0.0118228862260419
-0.0716041065166334 0.0259346931418828
-0.168921258167106 -0.183481770418804
-0.239716048382494 -0.0624154179870528
-0.188128411442595 -0.0209863406558829
0.00941839332212728 -0.15717666486899
0.0198768006665818 0.0473728024466368
-0.234048872299575 0.0749644045714879
-0.206638478359769 0.0370554773672298
0.0318478924743713 0.070395219207116
-0.227295673646654 0.199623634134163
-0.369362179122774 0.0423985516428184
-0.265137851344049 0.23952337295463
-0.487302908177114 0.0235428263952454
-0.194159140944479 -0.415552860276155
-0.281994627073498 0.132475364110899
0.203480029252148 -0.175418274320159
-0.524546290695725 0.0692299350015821
0.135610570021106 -0.112405530519546
-0.359881177369038 0.250022819031874
-0.168551197570737 0.374179407776019
-0.48356748514768 0.107570555268626
-0.1741407154517 -0.384613492881855
-0.173021440884301 -0.405037630329281
0.0924660062507744 0.0815390649087589
-0.491900029681054 0.128911527026655
-0.34765525288333 -0.465535604500635
-0.222244267888938 -0.248034473350235
-0.133347980803882 -0.295480867538557
0.174602567388251 -0.168655566928046
-0.168153727027521 -0.297050984418768
-0.0344558966458689 0.415490313310572
-0.472147392876392 0.166237037309328
0.332036675628983 -0.0555143603764798
-0.369785933854525 -0.5647604275109
0.433636173083176 -0.064462531036499
0.157016498582926 -0.413090123830649
0.0564509104654592 -0.414510357592444
0.454374465693852 -0.0699710983931505
0.0920934793065004 -0.548931310252723
-0.361206642212198 0.38622669209544
0.0787186416166678 0.497135838621752
0.0243131004107006 0.492651770886993
0.487356484494649 -0.156246948124795
0.355641518481945 -0.0398810532055791
0.0968095194811936 0.513052633061335
-0.0177380726949392 -0.403797346485962
0.336787469333589 -0.528181626643074
0.140242182431974 0.570412940472693
-0.404831709144666 0.397695160906406
0.456189684352537 0.079707902189271
0.394757382360684 -0.61437615519081
0.475712264069499 -0.532872940544418
-0.242620926986719 0.584493593756535
0.495754169005455 -0.46410371016041
0.387792768946074 -0.327867598666204
-0.0349694016979874 -0.43676770061353
-0.0310688190484903 -0.327004700522999
0.47018032692486 0.0450538613688799
0.226113347812888 0.544267943160041
0.924854075372718 -0.0882316296098951
-0.318149935181089 -0.380557224554172
-0.306325987524051 0.226375703605045
0.510324164651618 0.164457086025005
-0.0489920303621652 -0.755449365817976
-0.279506690616626 0.197845996261571
0.81984519787635 0.27458839999617
-0.412008239242038 0.126375437415771
0.112689793748104 -0.0190138246074954
0.0143925533115845 -0.811185304411995
0.546247979809832 0.173008649400219
-0.334831947328104 0.0862419775655455
0.589310469698201 0.207605921600955
0.516922621574463 0.34213854392052
0.203695568735182 -0.76614162386874
0.264290575758358 -0.723261708130338
0.112034726137304 -0.828985846662911
0.17892073174632 0.728680374600274
0.875817041451184 0.521832365686765
0.296364953225035 -0.761807780358384
1.02928557648287 -0.390651242360791
0.983134205968252 -0.493207071231472
-0.446655320021291 -0.0451479020633687
-0.176271966942545 0.102447257213225
0.180135253071351 -0.856512363885501
0.57137624062797 0.516714016341766
0.37990259347078 0.670127368557943
-0.339773360597647 0.0216056425480833
0.608923839489201 0.50133775541108
0.922862635339951 -0.826905420851083
0.96650101801676 -0.731524958011797
0.988138938639552 -0.871248376191144
1.20397873356258 -0.47575920477968
-0.247322951437465 -0.011879514878493
0.332456602755235 -0.932709896158833
1.11993992712013 0.793056253755937
-0.22283837981697 6.04767958873479e-05
0.649082392398224 0.676813970990394
0.632096458473773 0.714634817652951
0.663477566092508 0.713513167006928
1.32608480806998 -0.507165586693975
0.512203116353528 0.856248343721032
-0.25096544027083 -0.0284847961429393
1.2203138078096 0.850728665694427
0.496127488608848 0.941948091751475
0.36861020756674 -1.0478094111802
1.46619859405179 -0.510422183527128
-0.144703264441565 -0.00843000658608913
-0.144541624228199 -0.00962813859571937
1.19523782770772 -0.916725039988251
1.25382307420861 0.764236874575446
-0.041920868798746 0.0803756630045984
0.876537473013861 0.416274205374139
0.539179906217183 -0.856689075794546
0.852349661099485 0.384746390432322
0.871036777555557 0.312953691566984
0.0377103201279041 0.20522882837244
0.230867812578359 -0.0397582562638756
1.55395427326579 -0.0718451759098725
0.841688247600961 0.103371479092818
0.824490084342742 0.20420701027077
-0.116831764512139 0.185231886954386
-0.185486465928093 -0.391112280636019
0.552369415081433 0.590949813981456
0.183663827995577 0.773468358198784
0.44776764746237 0.662521431236304
