-1.89905252935215 0.474629250804841
-2.34226033606754 0.63556220567695
-1.18609582181961 0.169766147760599
-1.26182919944142 -0.0403742408045455
-1.81363591170636 0.274793026692895
-1.55196832517602 -0.641365820595488
-1.56692664540878 0.564515354894291
-1.47590463057585 -0.66824949226871
-2.20312579536745 -0.0686161513409491
-1.33832745844709 0.562150873444078
-0.947707836484771 -0.79527822564711
-0.678857354941467 0.241187935050258
-1.43311240219667 0.257518110842711
-1.11428351284598 -0.631512134243612
-0.59119753602892 -0.406351588829821
-1.28147609884492 0.736849491609817
-0.773499964345023 0.566208410399499
-0.972565120178299 -0.527182904758404
-1.15467557663065 0.216009120789412
-1.38496560868414 -0.13110441923762
-1.48714856371555 0.0140147378783805
-0.756154049569801 -0.419785594935402
-0.764860245285171 -0.224562094423972
-0.441572521271309 -0.24452722686124
-0.916362544966519 0.824704707312456
-0.72390484712596 0.658414846187404
-0.624021591210094 0.577414980497521
0.0783614250310099 -0.457848257117817
-0.126847461141682 0.65405608685489
-0.733068882008857 -0.46444238476334
-0.716730989368145 0.072565119025424
-0.794711288721304 -0.509923263945483
-0.380231690836373 -0.577783510322675
-0.799413997798793 0.0188291367830435
-0.390559405874252 -0.776474078985613
-0.55000981408422 -0.616837881245224
-0.79295885683856 0.00313509445742238
-0.164051256377072 0.57779463958175
0.21886775920177 0.609462684029249
-0.6240162307087 0.0251923661268596
-0.0144316504568139 -0.585088073585658
0.441242450206292 0.4923393495138
-0.0308666026042551 0.62565787953439
0.0381505850630098 -0.273979431955341
0.017299821418259 -0.410964825952881
0.135228518595872 0.519457656190538
0.296016696678401 0.385234736209252
0.0972079380509433 0.0154445235701577
0.418649612264239 -0.0320778525269995
0.48783760932009 -0.0194615954226326
0.336073583935358 -0.0343813694101672
0.314340790034777 0.0562286138726103
0.427158615575083 0.10425333109729
0.182592885218209 0.18117514021332
0.422814243889536 -0.255722093003605
0.396527619541448 -0.0279263685703365
0.226638964122832 -0.40075082399114
-0.307039700543132 0.215730720872728
0.064150094149425 0.0317094430719204
0.311548266876224 -0.27527374380914
0.222355066004827 0.0466765164001825
0.477926803489497 -0.0956724619417902
0.131425427872092 0.422200081104803
0.0883659858049824 -0.0427018581084983
0.490855547632801 -0.0794056537358242
0.290619290204373 0.174036929049372
0.264615323913882 -0.0192399764904836
0.460511625841423 0.0404598921552483
0.162432698198264 0.095487809681606
0.340294906757612 -0.14753121432498
0.188208465304332 0.387240607506257
0.0373511685317503 0.288939056136978
-0.00389454718453885 0.142443554891028
0.0243683631390079 0.168954006288863
0.126308910566405 0.0182034722272849
-0.148753644890739 0.0844261327657251
0.0512561169106576 0.0860336417921925
-0.0527570501846954 -0.125198526586922
-0.0466987435019988 0.484853461998833
0.266615381776395 -0.0831522131727008
0.239167600395648 -0.177066961275104
-0.371740425875216 0.00120162415668564
-0.12759006565523 0.0377299168254699
0.00959239418992361 0.0178003182476717
0.17976469729043 0.292752916960091
-0.0928678575111772 0.414984425243323
0.0627661921529807 -0.0126525587270904
-0.21095389648584 0.289586339907798
-0.304500317071881 0.274574024331715
-0.715775576407354 0.0176148493186516
-0.232479066588146 0.165101205172883
-0.291444804887004 0.266197783348025
-0.190510281989788 -0.00531402186084259
0.0243206187451588 0.154018457695827
-0.0656847004114797 0.0610547290131102
-0.0358985294941778 -0.047811617203585
-0.0171256017174333 0.0951268957073757
0.128257095364402 0.00143680744072394
0.199397786789267 0.0242196032858511
-0.073230568241524 -0.0551438879478719
-0.091955737396566 0.232295316369027
0.296894725198289 -0.35282644766332
0.147219912337484 0.299302375612801
0.261714745877428 -0.3983812218726
0.379700486208746 0.37555607371011
0.784770885831276 0.00453167910044025
0.448047798040281 -0.314301564224216
1.15362708513944 0.067912755075005
0.327083545539925 0.66121802418368
0.353404478751525 -0.179021520440249
0.540365893872759 -0.51457393344056
1.34970299726804 0.0557221053759711
0.706963813469544 -0.00908007321809476
0.563159251521491 0.273715916358578
0.0949205340091059 -0.276021386016482
0.180200193019347 -0.139908599168642
0.238461096206487 -0.375464355316512
0.297816614453573 0.240979726818224
0.115494391395533 0.00628588621112311
0.20275005788075 0.137397449354367
0.000546374422116481 0.204472437035899
0.318649390757957 0.153892502975825
0.237775474745978 0.0960096699494133
0.326954872555868 0.137986008265416
0.118010731731235 0.033410138976327
0.367156905236359 -0.00639489788790481
0.362584443986944 0.0187533962129214
0.434673287059532 0.189707972187676
-0.00974435733350572 0.0291895436417114
0.265410248220368 0.0816575093140441
0.361126324759314 0.248395409973601
0.118543576929143 0.151184400736401
0.501555699421698 0.176326504441008
0.271384145799875 0.292883942981488
0.379913618386675 0.0854336636545953
-0.038983385280786 0.173627849875968
0.0474880468365405 0.219349494953921
0.371372427628616 0.180453747224108
0.322329736535369 -0.201798757014154
-0.0215032241921557 0.303797534861634
0.157623854136732 0.155845793640969
0.333841501689913 -0.163877894191776
0.0352709604638628 0.0623255280454502
-0.0196725497368938 0.033137620341656
-0.100856971293098 0.00910135309992778
-0.0175446294202696 -0.159806777036913
-0.0595386004447597 -0.0715715438384183
0.0138528506923104 -0.145118201512357
0.0422925463002418 -0.117086496034125
-0.0961583646898014 -0.216653080190916
0.231166337330267 -0.000191904705895341
0.0794216087141861 -0.348440263707758
-0.0754162020856785 0.42099522849327
-0.0483611569577606 -0.378993087124458
0.192990775335784 -0.141623986187523
0.716721155597021 0.073605569389312
0.134863070482208 -0.401095896930873
0.784467230755401 0.138828471471534
0.363126207939923 -0.259583857730122
-0.0730328378652809 0.0513846588884494
0.548233874548323 0.309014787611566
0.666558503636154 -0.159143535636022
0.428994125498012 -0.217170067927267
0.573589153933816 0.00839121220974646
0.780783816866503 0.231186647218077
0.514938751860826 0.0724693887051275
0.788599283460041 0.27622025615848
0.556344735797907 -0.0852082293554013
0.414869542254779 -0.00655289394379572
0.486298664397542 -0.13961213988098
0.49672182654522 -0.208477649749809
0.790653345286972 0.173203641370538
0.417053794269306 -0.218027273165484
0.289981992888178 -0.269491566810339
0.704207466217069 0.184560162843627
0.0930792094629278 0.114311201611784
0.166278705756998 -0.295369350371438
0.211607732703405 -0.217070113953169
-0.144200405838775 -0.00779195234982633
0.0715045248113989 -0.175625949443801
-0.205619829799159 -0.24324824302589
0.252502224829924 0.306244996562958
-0.29270228028704 -0.150389430946874
0.118670642500851 0.128715232831035
-0.242153188416822 0.344310753477515
-0.479388322550135 0.18018731656564
-0.425210200957685 -0.055464576376471
-0.366883432671306 0.0253439614134502
-0.547877888378941 -0.0867359827933095
-0.443559160476269 0.0500732166069648
-0.714067711326538 -0.0791578550060265
-0.732107857054516 0.0959958524112911
-0.639985493025466 0.374383882238665
-0.122319566400677 0.153712588994423
-1.0076544540875 -0.0763588583093325
-0.579964842695212 -0.533116845070235
-0.0450538135697894 -0.0642646076542727
0.43377058010479 0.0612725625188796
-0.767239594723034 -0.275085196716338
0.457569001468486 0.292923601492033
-0.759459741360938 -0.274368242230853
-0.342071811064014 0.933079785154543
0.143201473355569 -0.795582079435431
-0.642893910733148 -0.441992128641768
0.490335301546779 0.0355311606187161
0.854692070976454 0.110143226955761
-0.414235607569658 -0.379597261680361
0.502450972343713 0.0576796289440306
0.184351252188168 0.493940662532335
0.190815952176754 -0.382475622162253
-0.421217041326905 -0.227679103770097
0.372543103395727 0.197439535445876
-0.415462845604269 -0.117965732594957
-0.444112877559532 0.013370837766131
-0.0990501982792302 -0.143058026537348
-0.00164119673210077 0.555498278976443
0.15030728137933 0.546935063523119
0.561960354630205 0.674446455213054
-0.0685701269659158 -0.647482201452886
0.211494522374083 -0.646890609786289
0.113390908504848 -0.619419774759978
0.908366714913902 0.0743672035860561
-0.299416152410098 0.2758166153663
0.458233369839541 0.311669342076256
-0.255409202223619 0.415174418380368
0.368604846658152 0.620162541882863
0.337903134480562 0.450161713466923
-0.167731460290141 -0.386440836923609
0.0118905046359599 -0.471372026930201
0.877426357055935 -0.062009067392306
0.619921358195527 -0.492596340728716
1.04345821032596 0.0810155854756583
-0.15706810876539 -0.358247708263843
-0.088419161851628 -0.715236681080962
0.0369115647181178 -0.88459090058171
0.997213358296608 0.148929837372685
-0.445853478780479 -0.758589195201726
-0.57168907025632 0.684726175258448
0.897735283198376 0.313127559028131
0.215647687734869 -0.709778454818611
-0.556480264047878 0.423951303094178
-0.871212296683544 -0.163209160175011
0.496796235350905 0.291731702421909
0.463307793839742 0.229686062091779
-0.939301268960541 0.168378884045736
0.724910283922462 0.192308126200694
-0.229763811805662 -0.855202752993234
0.582651089963264 -0.83634310335912
0.452284617903396 -0.620989593527475
0.477201722083389 0.835570536823968
-0.229028382485822 -0.607625867554582
0.25313917614186 -0.635143855789981
0.69184657892191 0.0626799479525426
0.232043233465775 -0.800475609838413
0.609152829025939 0.0979806710006814
-0.0975905338603405 0.741969396060467
-0.700833133379329 -0.566373530892391
-0.083063744039875 -0.76742073124944
-0.330923313188255 0.435977150614399
-0.249245608551272 0.648482413657596
0.461789247680849 -0.762767328909907
-0.173252797987409 0.90951972343003
0.566299322656438 -0.292079708002945
0.324930165271403 -0.849335178700054
0.325319147444016 -0.899406778756184
-0.327351738527245 0.296907730088984
0.400153142846713 -0.865290416564889
0.705138246565408 -0.789646125188947
0.546651199990507 -0.727035706837475
1.00174862185131 0.241443053036544
-0.0151332507706848 -0.286802220530923
0.668288289368262 0.626159697095621
0.699537618957877 0.305918787539223
0.529001110130881 -0.354108855666948
0.584873498494211 -0.413720075321392
0.890216551616141 0.206942423029668
0.351428997767672 -0.255963503366765
-0.0594384028737234 0.319725426869695
0.443670130041416 0.3989162639423
0.0763126851239192 0.425092137042159
-0.122345515289493 0.443316725446942
0.414739060774179 0.42943918816425
1.10954619978002 0.0723438699196729
0.0812987614272813 0.747104175365333
0.595850717652238 0.817892052988799
0.0301423006382751 0.652285444144822
-0.402170740049426 -0.594885213399366
-0.155166036981207 -0.835610247031315
-0.411293763212249 0.887359201869007
-0.263844328672685 -0.83813099960305
