-0.639868494288145 0.832112342438757
-1.27959603490525 -0.177072831927003
-0.988150773699595 -0.0469081192964959
-0.443745553560995 -0.87899076957947
-0.234809235156277 0.749431043639244
-0.288115806167559 -0.607942360579038
-0.399327487743033 -0.0587240118984061
0.605903116879888 -0.0447862778661464
-0.19376237930445 0.277470106884391
-0.131792437250664 0.151882321047215
0.553871169558947 -0.068765698313907
0.0999768864459455 0.457501981981023
-0.26939956634268 0.0147963180598632
0.0763316923974561 0.154209193829577
0.112895336679562 -0.292223071458556
0.0664970175045786 -0.198406832263371
0.161888084535353 -0.0882752388806498
0.347509122406086 -0.115149541273189
0.227623639428758 0.146245512667645
0.264111871169035 -0.0538187733741733
0.35037074788823 0.00187715737415486
0.547850049054082 -0.0186092764149389
0.404388518004149 -0.00520139702147716
0.876313757100199 -0.342881933175324
0.47434457737447 -0.288243197101325
1.74152602002075 -0.105671899680373
1.03971390564072 -0.187113680989393
1.41581861180036 -0.144440477914058
1.56661896699646 -0.0675737940895764
1.37300327215941 0.0221345717413991
1.51417018478416 -0.0909030154532988
0.955809650072636 -0.0442050942472745
1.09514840236723 -0.375646406596558
1.14573137372509 -0.28952893620364
1.13189226332511 -0.153198343611024
0.783328819917662 -0.401553840859769
1.03128056462957 -0.289559936517881
0.506967522960034 -0.0997179289589117
0.772197925901182 0.301570641283459
0.168145336161079 0.0435222703382127
0.540220010982131 0.206077637155711
1.18729613896556 -0.225975434752929
0.749000265317138 -0.333702684211149
0.706017014373687 -0.148835372974126
0.994575811834447 0.316200451480084
0.95412822543696 0.220583417543285
0.910260088621675 0.246159954608112
0.623400513168659 -0.275584583357838
0.88849593711513 -0.124228519288291
1.09725494429637 -0.300704754305011
1.0637697065344 -0.186303939724478
1.41134240455845 -0.0825257613485091
0.949400216043048 0.176850393281147
1.37062352991007 -0.31415763177476
1.25094902115639 -0.439907176067258
0.874153671803029 0.336560274643422
1.66450942232057 -0.0141899403877215
0.204265178326326 -0.00232567389690356
0.692842151707133 0.499409459937614
1.13244774773065 0.693919748949659
-0.167633412371532 0.0235215718804196
0.982113652189842 -0.801388077887455
0.401085811733874 0.852256969046913
1.50667708130881 0.0196416148090685
1.02723753702854 -0.730756052905037
0.857887703131016 -0.62332062375671
0.843990301589467 -0.844787772405352
0.956888990830185 -0.936359378980212
1.2841157184551 0.00395715109811114
0.798546809420435 0.661820564540795
0.828698332720251 0.664925977759615
0.113357563683186 -0.603214384129663
0.606562028485582 -0.604999287623934
1.16606682539711 -0.0296935952619664
0.653691378306489 0.681438036081675
0.597819768039955 -0.570053283504778
0.460112223426412 -0.656450087216089
1.02339441561589 -0.118546891941839
0.516094992284411 0.73119652877213
0.357760577693065 0.825410793473972
-0.679789433880663 0.0117073090391423
1.05583253969741 -0.0499963872042626
-0.141357847273387 -0.993988244747788
0.458162874646113 0.813255726842907
0.278336933824412 0.601918784824969
0.234173141410103 -0.646784441311022
0.350356235878413 0.535243264052638
0.403037741275663 -0.665176028945895
-0.108003284540826 0.474111625894978
-0.363205224072333 0.694434170746026
-0.548707472642005 0.324327776190664
-0.791419556812924 0.276904013674818
-0.670472193494565 0.313319186388713
0.167505835100486 0.414128201435922
0.424354513658474 0.259672526538014
-0.575253858314545 -0.783121373579251
0.258799045525343 -0.677875773757402
-0.767990670252547 -0.0957020679691596
-0.329070252647261 -0.755482156813556
0.262964007736048 0.919224130367712
0.13353484351758 -0.524785002953599
-0.0325777348747502 -0.886289361503115
-1.09034458027398 -0.109798369720337
-0.543814508494085 -0.514616100843981
-0.431025555594142 0.269169388273405
-0.247108565742581 -0.325299739956919
-0.207709210625253 0.878181599907753
-0.280409272079904 0.391909198096406
0.247356054638791 -0.0391614582800256
-0.831212054441138 -0.209978217067149
-0.989278945729043 0.193474906950121
-1.20072126593592 0.115195285484619
-0.947565734254372 -0.42841787912202
0.283708562568346 -0.203036995657422
0.0793359358205518 0.721005580177518
-0.505049148399303 0.389372343575684
-0.480043401787313 -0.211497781844472
-0.417623636693337 -0.0829302199860457
-0.613584440126186 0.433767607527976
0.393209639015173 -0.134351991976723
-0.526776134111012 -0.256898498045495
-0.443692081949167 0.180404382888178
-0.489200807495293 0.307848636264506
0.379774422605783 0.0983782775769833
0.0998971096460574 -0.114252419680767
-0.0488795975532335 0.382264589698229
-0.084698540576376 -0.48704611598342
0.712484675495877 -0.0321397615844369
0.209454861750167 -0.299917128909219
0.334380521725838 -0.366829387698829
0.601955635593063 0.421634636543745
0.453479189230038 0.0811301413404723
0.00165547778905076 0.00308526277138329
0.266118597142071 0.328985476855827
0.324024672657733 0.56037707969851
-0.0247284912249251 0.565150386828231
0.0880554968769764 -0.45399275685003
-0.257793031992044 0.0594945973272867
-0.314514253467938 0.157335711154149
-0.192421594381592 -0.696107552974043
0.0567203928447493 0.525829559282003
-0.133606071544466 -0.484052784829316
-0.455836361453885 -0.0100032575274996
-0.0663100321332655 -0.532880207643024
-0.294470602152567 0.396366096555256
-0.318974613358654 -0.566502970175829
-0.697174656551877 0.030361533690873
-0.589777698068627 0.526178538714486
-0.696019252916264 -0.102660437071787
-0.581889285781257 -0.053860525359677
-0.794202345933569 0.103428048457213
-0.684885205751342 0.0718445193001319
-0.352718670247317 -0.343305499881483
-0.854306089648606 0.066683009811309
-0.20503606726245 -0.468955116514023
-0.540498346505391 -0.034493497928664
-0.755067220419735 -0.00436905062434096
-0.197079811978606 -0.129589117057135
-0.426245107356624 -0.0143112410703363
-0.102198678749304 -0.127820303815071
0.0464468936464334 -0.232629005172967
-0.379994096753701 -0.120007035255694
-0.235284625452061 -0.116728251525588
0.463294635764987 -0.0128095606893106
-0.155626577908474 -0.279721063012026
0.0412858388842574 -0.210788299863117
-0.16424094285049 -0.0490204081957552
0.287044683987448 -0.127255729369305
0.216464151058068 0.0710153922182466
0.286191279219779 -0.0695233037636997
0.471322989773307 -0.151959547116816
0.0277030539476557 0.126029492333804
0.162784688918976 -0.340578424701044
0.238507735088999 0.192366382574255
0.257481232717341 0.20054051243253
-0.0491976887665217 -0.543185170451114
0.19867298855518 0.447912848886626
-0.452375284283036 0.00956654225730508
0.190810178012034 -0.414131007606059
-0.446142375596987 0.213019702646895
-0.450938398058624 -0.141863588149789
-0.521012586732597 0.128278848367038
-0.260271570932744 -0.307492925806448
-0.376894955708981 0.38743432989956
-0.22251297047711 0.423313603805849
-0.261464643615926 0.306038305782353
-0.0866774221813776 0.0482548467741129
-0.270895875669733 -0.201562537437188
0.0266937539479732 -0.144953805067442
-0.345792596619891 -0.259507596162936
-0.524331958230397 0.0641644048444604
-0.523282147954429 0.247621337471106
-0.138836923535955 -0.00805257176448473
-0.198278291067091 -0.0330838705481401
-0.655317448545938 0.0756177598451938
-0.484578500952224 0.0365768844022029
-0.488294159753254 0.0147371322970771
-0.445137846641773 -0.169387798924244
-0.415699050327056 -0.139692980516817
-0.58250121836559 0.0924800093915557
-0.33437940976609 0.0733528583452612
-0.34280187940287 -0.157587036542387
-0.285573470429293 -0.0296964541109604
-0.160213919855145 -0.164372774062259
-0.0929439778615975 -0.0259641243836715
-0.0865354975074055 0.154368225601493
-0.037567390215463 0.131793896574238
0.0838501649185807 -0.168884013084098
0.0374689258717723 -0.125830500575861
-0.364189632175307 0.0421696099728851
0.00320098546316297 -0.137201948976807
-0.0999600753904017 0.0474819617825644
0.172373532861115 -0.0631180490670529
0.348293944320698 0.0284087354464395
0.212373614452829 0.367133366942432
-0.128152465849213 0.333222522998089
0.237872751807331 0.0421376018006152
-0.278436755418336 0.491243991452565
0.317383282163682 0.0300438282030282
-0.184127883624882 -0.333661990439513
-0.0438239056630455 0.318641429323204
0.270149815407249 0.0682171968935015
0.0401620143785027 -0.382267117237556
0.246858335641926 0.0615010901420107
0.143421499553826 -0.0354808667110877
0.0561083974884161 -0.0404755414920174
-0.2333822579404 -0.199437816658296
0.0674448897738539 -0.0413489296480758
-0.231216183357731 0.229395792769126
-0.311066150431813 0.0947299187902782
-0.747058553669811 0.0668502222049143
-0.802617568711196 -0.105018716268905
-0.495094507102689 -0.00669757105754349
-0.0592254920159373 -0.0408871943376399
-0.447170184772251 0.0608291831059944
-0.505571087692272 -0.0275209264721307
-0.646035022581156 -0.0403257583757433
-0.42707405969938 -0.061371179370313
-0.29483866445752 0.0981499712136089
-0.401383470314466 -0.0222881416840415
-0.376232566215722 0.0967404608380607
-0.434222359270969 0.21678441211718
-0.301335603838251 0.161814254051841
-0.181741793649663 0.0330288661557783
-0.234857873388629 0.0728074949357473
-0.142421487756107 0.0590928361364552
0.0141804410962236 -0.0483156604243191
0.0529325705116391 0.141630220080038
-0.0260074219093913 0.092375956324361
0.0200196655707135 -0.118574261060974
0.0945320548365289 -0.216945534900378
-0.277130077386632 -0.0309872893946988
-0.148210304988705 -0.307601165415871
-0.0552366885713191 0.00382528383200651
-0.0300315671282883 0.168170443921152
0.0325803310372469 0.0505979185455561
0.164670604322927 0.237289184341624
-0.127977430052709 -0.0966879613075222
-0.349923321433571 0.0209087427345637
0.0801668129215969 0.537776028495235
0.278825965275994 0.381056314183457
-0.13007675772583 0.557871433663984
-0.560649019669126 -0.0262127364782406
0.451905203682798 -0.198448660385757
-0.425358308697837 -0.106370755127113
-0.0525958958354416 0.534472918235392
-0.259208346393577 -0.583424107450394
-0.681460592646128 0.283716257464808
-0.60553678819995 -0.0729338016052306
-0.623363949402179 0.0377762878370628
-0.749169280949114 0.0185640708468115
-0.42267068489951 -0.388818342458588
-0.322021955615136 0.395339560812873
-0.238944563809921 -0.415896512518191
-0.368331701990693 0.484890113614709
-0.567393556581667 -0.0603517581278556
-0.828635992887525 0.150340441479288
-0.472367742685951 0.371820644554079
-1.04783465127281 0.0329468284305593
-0.504771360227844 -0.233212962690547
-0.586827568617534 -0.227988805687167
-0.398686048195216 -0.368121479708679
-0.39199602211187 -0.242815950197902
0.00912060969590756 0.0469998739314031
-0.332804978462409 0.112000978890797
-0.223365857893799 0.0291584433902142
-0.79543002117555 -0.0645936846855623
0.0401457322292475 0.371240394588731
-0.0360416187760622 -0.211372846625806
-0.0943397045884624 0.364064784379407
0.265087786158582 0.263067664624726
-0.31632699934558 -0.0185347491138614
-0.0765792492025662 0.453299482753745
-0.150248608518592 0.29255137952754
0.0790772402529356 0.267000407015746
0.0358525374715668 0.552119780413984
-0.293540530977052 0.573839616874957
-0.0241778767021693 -0.614642205168278
0.204363120606004 0.583755568335134
-0.341116834387629 0.00242966843230539
-0.513412718960452 0.0259592423079653
-0.539965072159372 0.109284680964531
-0.0489198499609401 0.722644794845617
-0.159549983139292 -0.746425686517678
-0.173062476816593 -0.796266560263046
-0.351978948658235 -0.697843312535122
-0.819272585003741 0.0301120608885619
-0.0622581235733865 0.578428760485606
0.661604256693754 0.665583340570523
-0.329065891289131 0.820605457297344
-1.13328396175763 0.0558628239367722
0.0671241476189344 -0.810291450588885
0.612051121145086 -0.0404165544660961
-0.131110017126489 0.535293154352746
-0.480722126555394 -0.743322660699972
-0.416934694914513 -0.689340098693425
0.0425398073614078 0.365065199410219
-0.0234258153403603 0.343322443813925
-0.276078045326158 0.621649595230184
-1.24595783917098 0.0808664744937428
-0.654276019311863 -0.289452596439837
-0.914030679057294 0.289382123987607
-0.112941397758394 -0.0581840467393929
-0.0622200712335518 -0.66306363223082
-0.917676933791597 -0.710593752588147
-0.440603692506053 -0.528332153585637
-0.236075820911367 -0.497364662894153
0.421980568275322 0.0194025286111557
-0.721891276213959 0.828434875909367
-0.691388050594693 -0.553339063833882
-0.732220146538614 0.454636645003656
-0.61555604786035 -0.451731391163723
-0.0916418224454205 -0.438692103429077
0.190625514647676 0.020767361880089
-0.600867097697519 0.251414112684711
-0.0513531401973114 -0.366348181208086
0.0254059984136713 0.51621347901388
-0.215106781974693 -0.437682648403891
0.138282875400439 -0.0318258641116882
0.0550036697980523 -0.506567214914988
-0.171653295444359 -0.231196740786781
-0.0640393446997173 0.547050181092854
0.735008968111137 -0.055483851603896
0.310628949400763 -0.339218968558834
0.513617708656899 -0.342718083901224
-0.226301605869902 -0.0310581929033344
-0.0042806765116542 0.644810023078363
0.340078450705966 0.33402605599311
-0.108380603651931 -0.78470297787204
0.502666534726975 0.927647005143735
-0.994455548777348 0.072934539827289
-1.00081567542978 0.0754422082572581
1.01549402658972 0.644506900874387
-0.115475133220004 0.0648688748456701
1.00162200348356 -1.21092644818683
-0.326347992539155 -1.43640251675815
1.04024477234795 1.29997798397583
0.272896144356319 1.40109234543799
0.377404344135968 1.41153744788306
