-0.483858626143618 -0.87023153006222
0.941243718605147 -0.590803301806868
-0.473641305233562 1.13335597282394
-0.429988637951661 -0.917456367779233
0.888096056095607 0.485283713495112
0.172056963004979 1.13127376134491
0.413358644877309 0.830899067148149
-0.704317397033614 0.611527669750628
-0.290677674229099 0.894700010974383
0.171094886255353 0.838193964029931
-0.161528133963886 -0.482400137593156
0.619260756118051 1.02915871957119
0.633455214691067 0.195973119767679
-0.451809710207418 -0.876135663641887
0.644492590690887 -0.454960166253475
0.53571695391765 -1.1430321585324
0.0608081999080245 -0.980030753292102
-0.78170309977362 0.139250476707981
0.0474544765247428 -1.18105178297177
-0.422382927346284 -1.2538916269063
-0.235330780976855 -1.16319066230157
0.172967482664 -1.1241639854866
1.2538977148665 -0.0919394207857623
-0.224317278094927 -1.42376418920616
1.2770032784501 0.280199262152115
1.22991073678898 -0.267888275428189
1.45486284937706 0.245845490201778
0.208038752254904 -1.41670749748718
0.23440093322328 -1.49206509320407
1.29883389648676 -0.565087338322881
1.2596205733216 1.16291866909626
0.620253498578844 -1.18592400332551
-0.422393041587326 0.849412213716067
-0.0234756378676529 1.30628232608741
-0.149069573087975 0.798046687451176
0.387946853252461 0.729557189955987
-0.446971486994985 -0.998712932450571
0.512649399988459 0.725069224470952
0.420926453506717 -0.982377303884146
0.844598810715427 -0.220315351832958
-0.512174215222094 -0.90276006479969
0.988909442325111 -0.133206793150493
-0.26492597552691 0.584587479725259
0.725189891854031 -0.213105864513829
0.096056809443692 -0.63317593918245
0.881917432559205 -0.128600302146856
-0.365870645696954 -0.524803150214723
0.652136984527609 0.0676850267676661
0.292967759040119 0.433743903209465
0.0345291182352398 0.708822061225209
-0.0459111230377332 -0.532682247204099
0.362514713829732 0.258098587836794
-0.535499561531318 -0.373441141649124
-0.631690211638671 0.533802238831004
-0.931685086654442 0.142680483703836
0.0636713235358001 0.108122997738539
-0.609819791514384 0.356622950803593
-0.508514908116768 -0.367569480624447
-0.437239205569618 0.0494571665359689
-0.301117493479707 0.219752248167058
-0.672844921756153 0.320350313398975
-0.615195994833674 0.239415057467754
-0.958295991794512 0.145792897441885
-0.793779804575826 0.377500993823695
-0.58806017607082 0.214942452536585
-0.403236751352844 0.0713349643558131
-0.512925722450806 0.0584178862381857
-0.422903780211007 0.0951149659742768
-0.382712297715452 0.0729722969107499
-0.0581270111893046 -0.12615619365806
0.230383223368167 -0.0414198965329417
-0.529050415897073 0.101352956309983
-0.172725680090213 0.314380743872907
-0.471723238884847 -0.459309102468582
-0.462364900469622 0.602888475215943
-0.38992398520526 -0.241925335026044
-0.0052452265174411 0.310911114442447
-0.403831780932352 0.08974708441072
0.202163795997101 0.400340670764358
-0.406225136768199 0.344151920581344
-0.591451504425735 0.565351049244872
-0.385650345420153 -0.41357065117418
-0.146724890167734 -0.107093718740733
-0.766157443129395 -0.565788757080405
-0.730972951994498 0.0146011297600891
-0.677697055814665 -0.0357689758886882
-0.48159499523786 0.176684792227428
-0.892481439750602 0.0185742586573281
-0.59929831728322 0.0629106364346381
-0.524558845648633 0.130260867069328
-0.312296104296432 -0.0252215026888542
-0.12504594700909 0.171222694952569
-0.00884322162695389 -0.00753752113999718
-0.302723550851034 -0.308868151805436
-0.0878294853692653 -0.195323046258552
0.265797272932942 -0.223419188107191
0.558952070976371 -0.10729450441675
0.163227641257255 0.171311747703356
0.0295505832475882 0.404411620057728
0.608724147742422 0.437758042194325
-0.187279238016328 -0.608243951188685
0.443310115828675 0.479002457523631
0.452629699224646 -0.0938530363995351
0.497853029451507 -0.0886635717783142
0.312612188042053 0.341856786863516
-0.287858365901545 0.136580601194709
0.0268192704952758 -0.324371983699842
0.417665882255521 -0.418694277260218
0.62641759992808 -0.360701090346112
0.507722799801232 0.184324055603885
0.436485851033119 0.37886421421189
0.288097434313451 0.319237434706644
0.123426907773812 0.261119056927343
0.631964550212329 0.576508675155637
-0.0112634756033022 -0.742938731030077
0.74235913478231 -0.74156506254149
0.258117249388097 -0.753281195110662
0.655648601693656 -0.027140098652053
0.659778739154262 0.197327532294954
0.00107270551126062 0.241974009198216
0.535225881691494 -0.274414512688768
0.495382746322657 -0.579318671119271
0.205973021229521 0.667900099879597
0.998154799008806 0.132672496152425
0.370526887379717 0.608520161655579
0.765613050123022 -0.653751062370271
0.862339689639244 0.0760278167787212
0.0858958990035067 -0.245240599002981
0.394970967424502 0.710406765642659
0.499093242621712 -0.00306351585071615
0.768464519101294 0.0837308534967614
0.346555206215548 0.610277539242352
-0.522242299316688 -0.119707699001153
0.633711562826534 0.346758968359391
-0.226311641404828 -0.70342709977251
-0.579142079046916 0.0565366518395862
-0.00615263412227289 0.85703457751325
0.429160093903369 0.617822896331245
-0.311761525158502 0.603079458336588
-0.87746313693435 0.0270404972086288
0.200847543729287 -0.645798310237342
0.621411027275978 0.66107593094265
-0.695174337270468 0.106763457035389
-0.447183317002773 -0.665686166309021
-0.734170938200235 0.322273655219442
-0.594414075784776 0.361386036471249
-0.426441890732765 0.770658740021208
-0.407975562661939 0.65874670175704
-0.634692688189161 -0.647792737439551
0.225960677159735 0.830872245235127
-0.470302377764021 -0.383852492391444
-0.084478016993691 -0.485317185567742
0.519160215287057 -0.0992636732299808
-0.389962203046282 -0.339810641645953
0.173762745171184 -0.0186616323295307
-0.494915945410785 0.83295147441759
0.2907011922496 -0.0661948708853306
-0.0737099942237664 0.494015421456444
-0.431482382003041 -0.256003665697376
-0.571017342338628 -0.247241866338355
-0.688728362955624 -0.497627273765376
-0.869791179088254 0.538084722809224
-0.898883638751986 -0.342658262702707
-0.120568463827093 0.186096228852244
-0.260780833449599 -0.110812340368484
-0.35399350038352 0.27824789714658
-0.240024142681428 0.0554128648371506
-0.143424501634358 -0.119022424973294
-0.110055656706255 -0.163343862385756
0.024815530343984 0.257925002542603
0.00698042497626827 -0.133362250065289
0.247258552462564 -0.14038214860702
0.280267312856199 -0.101640785034099
0.500401350086863 -0.11840516560581
0.131310852321873 -0.0212843785513894
0.161792999484421 -0.0181658033128943
0.1910467738588 -0.447095532958557
0.164451887028082 -0.399286760777684
0.353839867485097 0.125243562784578
0.749515417463571 -0.423137569826333
0.567125098495111 -0.240642725012004
0.180664033706711 0.38908865637655
-0.17236486735667 0.149411129886811
0.584643500454599 0.559646992933492
-0.356391325814519 -0.580091422800238
-0.00890975229772806 0.361342640471965
-0.284241658476434 -0.722705886916715
-0.39344218902172 -0.126563720114832
-0.277311724426457 -0.575246468507991
0.222647333450937 0.144818899701622
-0.612907726903415 0.0363536156677534
0.288619354577728 0.411130857695043
-0.176313429364628 0.51669146360416
-0.204334530277739 0.325858892291511
-0.524623417000329 -0.429601060791778
-0.33701117030129 -0.324120726798905
-0.153559414557285 -0.227640893731236
-0.101595522186902 0.121436985762934
0.0438215510246996 -0.0981778727581457
-0.0377664359563409 -0.0753881117497773
0.0840855605302977 0.00796497647008943
0.179002959164133 -0.254076084703499
0.352447640559463 -0.131208275069834
0.410431779776971 0.179520967640658
0.0639051611014622 0.149185843347062
0.204242736479601 0.276820645625096
0.574291753945201 -0.354467604622312
-0.0164884357787141 0.00873795818959591
-0.162794865015811 0.119160151643815
0.0600221806245101 -0.598488005939241
0.207514597005191 0.345016053488329
-0.162986293841434 -0.10569908193999
0.904484472317042 -0.112983644201002
0.95376403210583 -0.11137520228462
0.377524475656968 -0.746329513356337
-0.0198930493610372 0.687239023216649
-0.226734051035009 0.353199076678698
0.0545483338162347 -0.275869423011773
0.144326003159956 -0.0434244741369128
0.303736828965423 -0.0256605816174714
-0.10949185488548 0.0196757984590751
0.0292724244535766 -0.4063718307238
-0.0161764366154393 0.403241150336829
0.106333930006287 0.394269027307341
-0.183875472619172 -0.628361877368659
-0.284120457889801 0.199843949942917
0.314894736186091 -0.0864794390075595
0.647663536992438 0.467332418425092
0.129564032802098 0.339935929661478
0.633129231061679 -0.021894899638554
0.274060682032738 0.47294295854775
-0.0701966960404295 -0.504796735075236
0.20751688840547 0.575338449022918
0.28576495609789 0.504520117254929
0.295527785077518 -0.54796707771455
-0.127580681059322 -0.397996214211337
0.694606619653753 -0.552573431633624
0.754302759354843 -0.190310439866098
1.08238941994207 -0.150185382148812
1.00741070191211 -0.55731173429979
1.13273478542368 -0.673160341926547
0.569809855603184 -0.850203295659648
0.92267026374438 -0.601231905977719
0.652256459678555 0.367831122540385
-0.0610640742931397 -0.794839802096658
0.848896597047833 0.0986018738311037
0.126114305945913 0.190863343479587
0.299795772222012 0.144727984772066
0.380967018208289 -0.536797041242044
0.846053910039307 -0.431009158560329
-0.0549823173035365 0.0950815248396419
0.898230719827809 0.632729835033878
0.504954698684404 0.187387556114965
0.424437397029842 0.276245231926349
0.626194176273461 -0.706322531967042
0.645048284911183 -0.766256300752096
0.620542480439262 0.334696206762043
0.0356902257311692 -0.558794284337213
0.31429616367334 0.523445236924544
-0.152955113183307 -0.80714060451144
0.301533539869954 0.288147653034638
-0.0617973657678821 -0.402456514116357
0.0396194558453665 0.172879731001646
0.17662374224859 0.605447321629704
0.0185441581180969 -0.34413804499154
0.140048697636851 -0.364759438022488
0.140289801166306 -0.204486144194967
-0.166316414365875 -0.644365611187335
0.200934550673052 0.618507255657157
0.389733847022556 0.499975089244442
0.149585064873081 0.425156021181795
-0.671280812815078 0.135400927615397
-0.077151919461107 0.420279062360932
-0.29766306095794 -0.0991793562799696
0.284765630869941 0.145113947327873
-0.0494327987428775 -0.0902212681260984
-0.339204264179212 0.0902615752126115
0.137729574677275 0.363197918197194
-0.213742257003885 0.369426463242786
-0.633175741198734 0.242441562137975
0.3047325020012 0.371728714361065
0.371020340161418 0.258980638964406
-0.415831286156974 0.351941875956268
-0.31210064980884 0.441414148836497
-0.460481261759175 0.676523233168394
-0.55978891004594 0.163594938872183
-0.189949774930501 0.315899746467424
-0.660033855111905 0.698125357086858
-0.260270863344039 0.0282775970872376
0.21958990139727 0.724832320241604
0.377939625172535 0.182685514457187
-0.530740134057301 -0.546894400773926
-0.544375051607671 -0.327781310492699
-0.368840577655828 -0.299270609612045
-0.0909872558790458 0.436369333461362
-0.695745701303748 -0.252137390980951
-0.129681822992833 0.295090054643836
-0.436571738255148 0.0683926008243787
-0.172242918491135 -0.000125270135324785
-0.225051251489719 -0.200951436664217
-0.490667191908072 -0.229860291905876
-0.713171736892228 -0.214171611594083
-0.102017315276067 0.0535408486832221
-0.814361696102307 -0.191907397961324
-0.507472063360022 0.57539878413971
-0.373080996749025 0.457781662277643
-0.433977280544657 0.399350924704454
-0.850904616000103 -0.0202060968056763
-0.478552159090675 0.504623110785492
-0.775582618645678 0.134349008963693
-0.43675458403103 -0.0668174287824577
-0.444058278642487 0.0954146548894845
-0.781073867558989 -0.19451714973741
-0.93368324968147 0.171934858740717
-0.537378398070644 0.298067064413644
-0.70778888886808 0.0821251098287751
-0.193707264034757 -0.0131455259913336
-0.509185540386312 -0.0273216185575147
-0.443156016725601 -0.077966720968006
-0.264454678179571 -0.0830373490370199
-0.549236659073235 -0.0511585420180192
-0.108297783296372 0.425459021970433
-0.755400808902425 0.101257476913831
-0.734703718601826 0.224642124866176
-0.517106951265495 0.0759489766100347
-0.927569112307382 -0.198349339765376
-0.943064264707438 0.108721507053093
-0.274946222014916 0.536725836756578
0.0443805598658358 -0.141394759782042
0.250805211276044 -0.246292588216621
-0.0630892069222514 -0.321074627397526
