-0.022466462635219 0.541997107772415
0.441084414382181 0.506749619049219
-0.0944721280385005 -0.491961982589976
-0.342064268257258 0.0696311923181532
-0.039413390425969 0.327730570941332
0.384555122851191 -0.438577268717565
-0.242881081395655 0.0402113885159208
-0.216063753286459 0.0310319500162477
0.0950881187545846 0.302479308849744
-0.00794228072135775 -0.3949932824135
0.0430331534823245 -0.384748847459939
0.174335673285633 0.259623200470797
0.0149123398047423 0.0121281602712043
0.26943616759018 0.330366132386664
0.154575340206876 0.336349071576674
0.15714961424307 0.154068419928437
-0.0143884869747293 0.0562356259979323
0.234409831727056 0.25209436146085
-0.0777095737602679 0.0647666276622899
0.314051453228395 0.266633202624226
0.441286544874112 0.227864125696444
0.303451480967728 0.103993129028428
0.244825881028428 0.0139017177452982
0.0548941252471914 0.00741094390738396
0.313302011408319 0.210551828272041
0.303295100442763 0.146481016968883
0.450689184156894 0.171178999859924
0.0717490105284986 -0.0174735164522154
0.115269702905973 -0.000906288718681229
0.527959798062576 -0.186831059971906
0.0938956433851327 0.0251732938381767
0.334714659884998 0.224178511874467
0.533966752819583 -0.140402689395746
0.251334933540413 0.281147655321386
0.0627139243141537 0.0653207379731706
0.0344987135836249 -0.0691973059333296
0.253636624216072 -0.133234741185408
0.210781300079524 -0.0270344578732189
0.0155199872992348 -0.0405572140473089
0.10619115618065 0.0629541675213491
0.147728816821997 -0.170356801198211
0.337032248055663 0.148586071114811
0.381793612511421 -0.0563459206030954
0.0417764272803496 -0.0141404179877754
0.310806508855781 0.06804758833258
-0.035514081893066 0.0257890096059378
0.113433261952877 -0.0857455602343487
0.195348093127308 0.116889420748139
-0.0554413899067185 0.0167381947927831
-0.0186650125582086 0.0408183450406995
0.0771304220661743 0.0541130296921568
0.0239011202545037 -0.112903799614284
-0.0860403943154303 -0.0192133026949864
0.172869370892591 0.176811760022069
0.0279293341556461 -0.204890366989791
0.267475668810878 0.140789985975971
0.120893035088393 0.16388267262835
0.0543350282050077 0.190196810009909
0.276921759937729 -0.146041658398195
0.32480284192136 0.23741848037864
0.0877521687421177 0.185751080625883
0.111715710396663 0.235605896408322
0.0557144273472776 0.213998970962219
-0.0298879850770539 -0.351443818886161
0.082504052768102 -0.298513979377006
-0.189012751595267 0.0303257650789242
0.144335403214998 0.00018790411091297
0.144461225411192 0.162455572540589
0.164138218800803 -0.294869969532723
0.1469737945504 -0.305178217195948
0.194894277207733 0.284153748605904
0.328781731777145 -0.281507920194555
0.160544596748233 0.21083413489367
0.227376348914807 0.163946651708883
0.0792750700911229 -0.254558798981858
-0.0770915102779437 -0.0107397462712457
-0.00956644158715547 -0.00397528917782688
0.193457259023318 0.1676244647277
0.364701490504162 -0.154874077496197
-0.10405608362828 0.0199978455180044
0.276986315266334 -0.0771796675982506
-0.0351872054840117 0.128409171185453
0.204684166552499 -0.0644637209140473
0.018976589644515 -0.022865717470287
0.152054396810021 -0.105252545950828
0.0663341547752192 -0.190129190491712
0.112729292762269 0.0259813548408802
0.166026361388242 -0.0947566542413686
0.0301808636077219 0.11212136266727
-0.0275474134690298 -0.208488815655313
0.0234145646764638 0.265601095127413
0.0371125458403589 0.300667431968565
-0.0326525855705785 -0.200274388036282
0.288123353726029 -0.247837097827863
0.0040999784077924 -0.158279550145765
0.342811065033559 0.11642106754407
0.0354957794131956 -0.137986492472371
0.183681810198075 -0.284829169210183
0.041956450348381 -0.0503418352808536
0.0797488619644463 0.089108473341615
0.21780839660109 -0.10760913112111
0.226430768320123 -0.128283343053299
0.106526524451971 0.0414092811102215
0.0829778802594114 0.0259187689699843
0.284298877763284 0.0918912112849715
0.304643370992555 -0.0792949770266881
0.337966945555445 -0.0774466029998095
0.246423450026236 -0.194841732065062
0.36366349787124 -0.215738208797052
0.590068937075755 -0.133487200946996
0.242248313315328 0.264025034105371
0.368206727365108 -0.227380267851757
0.52048470565075 -0.100450494368979
0.221214291718776 -0.26641638324314
0.330412493741898 -0.145934203327378
-0.00979836774365032 0.146127020119565
0.0652819272710857 -0.252417796725053
0.338421594587503 -0.0382437419328219
0.338025511981124 0.00280260569905075
0.112391754262974 0.121757006393246
0.105328108198406 0.190355558049536
0.0225000189794702 -0.208045237272025
0.12271334138106 -0.0974776064973093
-0.0952716366258419 0.160322425993649
-0.0323088581577941 -0.0853797501986326
-0.0225004495872592 -0.114049610252481
0.318728380350069 -0.0819769679758246
0.166581402935061 0.239465364843759
-0.0267623818534505 0.0275411195184912
0.12167396661682 0.189767654256652
-0.143356274383127 0.0370988763871751
0.191256208573932 0.149849586965817
0.0113791065338382 0.187253427673089
0.561941960652163 -0.0434622755010999
0.256223714679472 0.227264070588579
0.0895818257065073 0.262144212907231
-0.147099593912411 0.0259786733342103
-0.160604433794642 0.0240353936138911
0.259627268037629 0.30986315884759
0.513053023785132 -0.394919608102838
0.206833619460317 0.44457746712848
0.409116352910707 -0.452357911899519
0.261006272443524 0.237273679408709
-0.0767075955433619 0.0572560086286942
-0.0929364294116675 0.0115710709407641
-0.0106445848393922 0.0173381329055756
0.49463013765048 -0.212207209704274
-0.0915917836171184 0.00940001904612172
0.466609149901487 -0.294008525648802
0.193154580711752 -0.0605363889982319
-0.0838000491196222 0.0312064850630935
0.586973358050903 -0.0627654617652247
0.0759720373201557 0.295680542863423
0.104496766290735 -0.226873462656078
0.313754135752323 -0.168401535687899
-0.0111209719054207 -0.234660618163431
-0.09736763999359 0.0418759026871881
0.0849894469651059 -0.110134553991138
0.0201541746956637 -0.00305734721103415
0.552924002902018 -0.0403248909362982
0.206919847028674 0.091732334033602
0.233363735996184 0.188737813213618
0.0373621707261279 -0.00159871878500438
0.248864342727963 0.0129819792904087
0.679261347636034 -0.0561599887884523
0.314098317012365 0.239303447058836
0.31621648514559 0.215544228831539
0.60798390851807 -0.0362626400755609
0.294867215118428 0.175469526576753
0.420897192403381 0.174341395279346
0.1628401740445 -0.00166397138880795
0.634025090478622 -0.180729753972721
0.07458943836155 0.0198947925013142
0.334888872902784 0.123850074820217
0.1811166535329 -0.362849280623989
0.431994018358648 -0.340724318037633
0.190893297308732 -0.323135060973567
-0.0278282131656505 -0.0261983068851547
-0.165641361835374 0.076585943239035
-0.0301455655250862 0.115590578398061
0.299759203629053 0.149238533258233
0.330179781631508 -0.29420688011465
0.283048641324978 0.15387419838557
0.0371361224889921 0.0599467648519935
-0.00755551486951224 0.00337147499888856
0.15683939509285 0.0292071928955804
0.29475589985955 -0.203548727984351
0.0149463243935304 0.0432425191103628
-0.0156297775385184 0.0182427316805553
0.133822665930204 -0.0302964650746817
0.156554028204995 -0.152778927235639
0.0928104583321125 -0.0352801052266969
0.315323823775734 0.076354790128413
0.12692859613433 -0.0163518985309629
0.0306693923745357 0.0228419676909247
0.23200014836478 0.00131485505434102
0.209297238666085 0.0651483799504526
0.153662834798775 0.0307661582667224
0.147415286151483 0.015546477639178
0.305155736152559 0.0976740264524248
0.181674647669804 -0.0148462923057855
0.467924836929297 -0.101979490083186
0.258791277310368 -0.192873714980172
0.309214931943977 0.137390322456344
-0.00832088527693388 -0.00481458461344308
0.293263675946353 0.188980121039694
0.0473577349630959 -0.123187482170629
0.155532869797909 -0.130715407031316
-0.0250046955807368 -0.151939590613719
0.234883283486707 0.159624321579466
0.373740297510263 -0.32613472267055
0.25665270492986 -0.263679303703493
0.511929548405547 0.085427181501938
0.619195262608916 0.0564549597946758
0.318862432662352 -0.111885036459906
0.554630366868326 0.325054000425131
0.621322691167281 -0.051977267841228
0.495998108193146 -0.223271396352763
0.194724669076022 -0.379201455615703
0.599860998604628 0.325423940771953
0.67987222437169 -0.153085178851378
0.904985516211258 -0.0921016869561828
0.705498374890963 0.265073112509227
0.350384604129163 -0.16430186840461
0.385032395953647 -0.131003980571083
0.577249218624672 -0.209110936659399
0.549949558097202 -0.0690897349254559
0.564265229062477 -0.0455925342996526
0.622370641529215 -0.2109456881894
0.606953933178156 0.0266041922835851
0.575353650468436 0.0349612890377428
0.482877959249299 0.0111077721867196
0.478417022181314 -0.0202212647194049
0.260031142176216 -0.0232296186104944
0.675673649067146 -0.0742232768174342
0.705578458574452 -0.0433937551703228
0.519981239287028 0.230142901899584
0.0325412867371001 0.0213819168073231
0.190840413020948 0.107066984262564
0.630948556768132 -0.0598434184275508
0.659048169511516 -0.0727569773269375
0.649800962929774 -0.0053151826530771
0.348104042706817 -0.427574917122176
0.647805190129734 -0.087405078554805
0.0200815851104749 0.372598364948311
0.670868378842143 -0.102127965062819
0.0738148866025037 0.464071732521621
0.377306520521157 -0.484106758968779
-0.410584399590321 0.0890464990490967
0.524015568853848 -0.050568210801246
0.279766314046344 -0.672285161192059
0.478534335370489 0.599128324325401
0.487258558889081 -0.809629589168844
0.62072553233962 0.707228108941893
0.786031458359038 -0.177095419979015
0.689668312398872 -0.552234749043119
0.39510472955512 0.694404266931364
0.745519787556338 -0.0895607082237405
0.763739201803003 -0.0922217857012147
0.152827319673691 -0.769667591853413
-0.187825348103395 0.741647302294351
-0.448228048749256 -0.587907447186093
0.673482262649758 -0.099044735044689
0.468776225502154 -0.524450514844551
0.559951174000062 -0.0312766672367986
0.335267887413985 -0.577213710490757
0.596198566188677 -0.129620084541718
0.63091325324056 0.0341956408094381
0.506923342129236 0.177213866920123
-0.119618270538423 0.57540649348087
0.341520067698204 0.586271973757953
0.0986635269257627 -0.543787851791676
-0.318378155391822 -0.493490080659172
0.434774199571346 0.0315820132044891
0.537131036642863 0.0624057113637848
0.356573643864561 -0.0250190043172135
0.403711650124012 -0.0406156892756767
0.431741753574245 -0.0596960065053195
0.371371316810744 0.013883664092251
0.443760869681182 -0.0531072390153125
0.418542863460647 -0.0109320986413122
-0.650682555350244 0.0650297189051911
0.329185760673169 -0.000278917604412124
0.39714276563358 -0.0460467253851564
-0.133238651936193 -0.24813048272341
-0.46674586649367 -0.428295486107795
-0.138438515333735 -0.258339596709321
0.300592012601799 -0.0334445992005757
-0.138883226619853 -0.472421453562189
-0.442974799476346 -0.446512516797106
0.000441641923320274 0.544034282863263
0.351052325106733 -0.0299854809206547
-0.0148170091383828 -0.406067802627469
-0.39400047545464 0.562118228448668
0.36017044449614 -0.0548672682606145
0.347901630232404 -0.0165961524602112
-0.120595309241592 -0.340371432515558
0.0990602048431915 0.606813008679727
-0.0305139662193514 0.59157592655731
-0.213520780364841 -0.372772760688205
0.120350696005758 -0.038148782116246
-0.124757071048986 -0.455300609885403
0.00447255059326491 -0.610974903978033
0.128356638446259 -0.518417265936326
0.4072680602938 -0.103327006809635
-0.082041515105551 -0.522877992667838
0.479893229248253 -0.137548619992779
-0.139567631150547 -0.580867650029008
-0.585166192689821 -0.629434674290258
-0.374086087107264 -0.374342966148588
-0.128399115158527 0.531636036878852
0.649806474217371 -0.0768716820169842
-0.00586437662286542 -0.687031467553827
-0.128023832829067 -0.667460565577886
-0.598112582789788 -0.658942889231706
0.505674756417233 -0.0946799078854907
0.355877903677835 -0.0130674269754463
-0.700113913133661 0.306167014539044
0.441017086172508 0.0213918434527273
-0.104948434812421 -0.663311567911428
-0.743971243303265 0.359414695924228
-0.0838355948245676 -0.66457217838237
0.461751401892092 -0.0392254056415512
0.488023232721459 -0.0134090475641614
0.0429077807085687 0.738617486885078
-0.196496439079911 -0.479673665695218
0.39506119022454 -0.0460286376585665
-0.110733169918356 -0.410265265035837
0.072078622743816 0.574300784595004
-0.471774942675592 -0.503007030580865
-0.739657820900989 0.115934895495243
0.499986105275031 -0.0552336030914525
-0.536006312284512 -0.486942075357578
0.514470120954748 -0.0369412764116514
0.053717863563433 0.55666053754198
-0.482970870218246 -0.587677005475768
0.419068266818673 0.055123258011007
0.415693426730074 0.033903466315939
0.425562589203358 -0.542254680441817
0.133015801187945 0.612206952076848
0.284730763984945 0.0180328056573981
-0.500611046286472 -0.388897220200795
0.376424649288982 0.612762788457974
-0.418372903961169 -0.675362064609132
0.141249154706899 0.482509325326637
-0.0381314799299274 -0.578561015491722
-0.496912459983471 0.532561969367291
-0.539531547774494 -0.365419525580587
0.269751669895868 0.518797785708289
-0.047275394357101 -0.698207734884989
0.183989887370352 0.557795723336856
0.019474332010801 0.618523506397922
0.106556106597384 0.771859673788784
0.44251184851569 -0.0389474619365493
0.179718325937532 -0.649701764245122
0.14682094244461 -0.571213904637948
0.255199376591323 0.714002030245553
0.246522707087505 0.677134387493601
-0.0468573396826816 -0.594447294109897
-0.319535591947126 0.691413253756618
0.0315898914954693 -0.672889596763554
0.214753575838858 -0.536773942871595
0.173510091577432 0.681578010157247
0.580473977709002 -0.106656231788933
0.655116010492967 -0.0450504304779065
0.117567334528742 -0.791735856936352
-0.79249809315872 0.376700904624851
0.725960552346469 -0.118466836376246
-0.94587991170232 0.534594445887945
-0.208507046813964 -0.692619150397515
-0.980204365964432 0.450208100163006
0.837459052836194 -0.110405077704274
-1.09673732305279 0.44119189354517
-0.715649644660873 1.04834340973561
0.65570085275087 -1.04024097372715
-1.32734773976908 0.680111461062539
-0.042311662424154 1.20374142962959
0.209341504538235 1.23344357472703
-0.242996038278441 -1.24506204913994
-0.154515704155908 -1.26778798894828
0.150300202797033 1.32930634839521
-0.748863616586987 1.57346020519648
-0.549039769002473 -1.21584044186648
-1.04978805835135 -1.30319370619431
-0.456630833336876 -1.17884084417227
-1.10895281984551 1.05440654110191
0.987276490547891 -0.270202939734272
-0.848520015051442 -0.453566226236713
-1.3812193965338 0.39771019936408
0.495128739527397 1.31916093020532
0.941332308448042 0.404379204204426
0.643631568108479 0.146287878225394
-0.433917709677223 -1.0472650297427
-0.387387180616985 -1.02160812399138
-0.304240009454266 -1.10113134205559
-0.303038885406888 0.868981586777267
0.097370380919086 1.09353916621183
-0.578857859116227 1.29117165360851
-0.65751186091856 -0.515158281373344
0.155611160379796 1.06860665605115
-0.49964096742313 1.28850326913735
0.734854267444118 -0.456867341340534
0.887340921309304 -0.273339224108329
-0.639945714735121 -0.382056959548584
0.357929106826699 -0.419922071531112
-1.15121091431824 0.558808128700573
-1.12806187641615 0.551994740908473
-0.93134476919754 -0.523623000505633
0.504851640316823 0.262163060612953
0.297629321662593 -0.411027894614162
-0.303747201417522 -0.932856706634538
-0.563632161323785 -0.426667893186185
-0.685644936853894 0.692106084548378
-0.714807248702015 0.704218789576509
0.566702982499438 -0.805248235999057
-0.0188179779339554 0.764631915028533
-0.916277512612128 0.269061806416669
0.0565966357761419 0.825964993807033
0.013590004338292 -0.00554060237107678
-0.331824255637261 0.943730482069975
0.365862099740365 0.108658812184
0.762535941413192 -0.0754542045255351
-0.299572797561155 0.854641174865197
-0.195223621442379 -0.623908348038606
-0.993271445133881 0.0539071956015037
-0.760558995916257 0.199524191286484
-0.279989066396343 0.768609038365636
0.109986410025615 -0.736002688497076
0.230038155250959 0.280418535329856
0.44113199869024 -0.346204368725625
-0.184807909893697 -0.483532558119718
-0.342587308289459 -0.218069683592025
-0.828536197768745 0.0653723328101681
-0.0896437526618816 0.0157218432748511
0.270957124289423 -0.474031534773886
-0.764876730156444 0.0522252351210341
0.318244699733579 -0.276952508809467
-0.209385786056494 -0.314205331244226
-0.512990509354345 0.176219771041878
0.421428630849926 -0.0354812147766054
-0.200792852068558 0.491720185835316
-0.101752033428889 -0.369320258229093
0.187283738160062 -0.170594376572983
-0.350480214282729 -0.376950119030318
-0.499319409213987 0.0603758786803601
-0.280846972425927 -0.111709211068064
-0.433737190536154 0.125969865928934
0.312063768057734 -0.0395989761981817
-0.255633037391553 0.200932600007321
-0.211540690018637 0.338318628297264
-0.505817222123604 0.029872375715175
-0.213138294578336 -0.112961293171061
0.236442585003383 0.0106473186177216
-0.083057546299201 0.268716080158873
-0.125841169382603 0.223774145280083
0.185916442046755 0.00424762913956148
-0.040545534099035 0.216106107575466
-0.199631425398082 0.232575972438352
-0.287140724262644 0.0377498931313979
-0.0415886168194807 -0.0316323935690552
-0.317077038375984 0.058153780945714
-0.0856349580008789 0.0542629980596653
-0.125213069483232 -0.0577671932288552
-0.0494273435930606 -0.0689501403156975
-0.131415573662073 -0.0145566462709312
-0.20409730119193 0.0359108579110825
-0.175960732632946 0.00645978147688475
-0.109119877515258 0.0157014404095301
-0.195846522662002 0.0680426132251195
-0.18628583618324 0.0547214346991173
-0.107536422170742 0.0119309687964532
-0.099485556871336 0.0202811323875571
-0.147411526139202 0.0608372895357806
-0.202123203972884 0.0515361255795104
-0.181487244258321 0.0362381390858753
-0.0547209027987598 0.0189241059315883
-0.148583699303733 0.0353781327881222
-0.125249537147769 0.0714177236520779
-0.148831737201684 0.118064045868127
-0.0638592108431871 0.0512509911187256
-0.338737120109093 -0.0334084516173842
-0.148562307665067 0.130942304436284
0.0702309060500706 -0.00490735744362464
-0.258136520659185 -0.0813460382302486
-0.113242434685981 -0.202944971095778
0.0608265763201366 -0.094428794308569
-0.0168732455922646 -0.0846104963196245
-0.212419813329584 -0.173761731583038
-0.0268035689350421 0.103155662094704
-0.323240316106203 0.194529307785533
-0.089213755774665 0.25942071010936
-0.194833857849762 0.206466770396116
-0.112936055491026 0.0116371113381356
-0.180419381311912 -0.175552138606561
0.0688318829877759 -0.121067894847631
0.168968405966403 -0.182585575619918
0.0806796386794886 -0.190724086507949
-0.317746808305379 -0.0675264101801648
-0.475937412772388 0.378607058578641
-0.12253646297593 0.428800616776961
0.042537118060063 -0.497654822696648
-0.455597728801594 -0.480198115556606
0.224618415093983 -0.0639292772259278
-0.583472770021922 -0.247142470172109
0.533856110024536 -0.0444583310327008
-0.0614633933817594 0.595720694279685
0.0915911630770696 -0.296018401540309
0.46177839475047 0.243881013911116
-0.521142122627295 -0.641292358822105
0.596462026864979 -0.0231323382327027
0.437933885775377 0.270231910131612
-0.277801633818027 0.37574035999969
-0.288055919849382 0.455492213224853
-0.185117302541681 -0.606934194138093
-0.98690028447036 0.0576763056705639
-0.412413904879449 -0.261929655446021
-0.58685597003817 -0.752555946478637
-0.389301108259688 0.871055755066066
0.358731969155913 0.817666697094844
-0.760065895453484 0.55412650040415
-0.786149696401447 0.527537634210908
-1.11007723507832 0.0654367725355558
0.663818070519999 0.363133734950408
-0.0594211200666636 0.002775695839146
-0.387951612312968 0.543760841192775
-1.09682700165799 0.0585069972863445
-0.860911710420954 0.263357078412062
-0.0373000586321955 0.0254157398875341
0.801136634999652 -0.247911875772697
0.746784366011502 0.460518476653972
-0.206328789652195 -0.933005413557502
0.822436001758983 0.428803087234382
-0.40080403629964 1.16909963689334
0.360818326416743 0.466184609478483
-0.991035353898057 0.252683069076567
-0.154288338872983 -0.955529370585764
-1.34967789266071 0.090067072222184
1.21432324881662 -0.100579834996682
-0.251560812732298 -0.9620071488406
0.132178694734427 1.06601686938622
-0.747396626503712 -0.378349112730086
-0.565447608248531 0.620463595140923
0.966979770288994 0.54451247618451
-0.786252777096922 -0.243614708597107
0.647743940078104 1.21489814336139
1.35603923088313 -0.102226650456959
1.00800960974389 0.56812782336536
-0.19497075404349 -1.16939590615266
-0.44773237534958 1.4226379502894
-1.17929491854403 -0.420741360531318
0.329978240377052 -0.828712757051451
1.14121798119088 -1.02807223312937
0.689337286544613 0.480653119673871
1.13795902915571 -1.02012803899712
0.993941995453565 -0.847564224277953
1.13528311259935 0.64076778818499
-0.0825836120571293 1.291879119203
-0.47679706412095 1.56140574647857
0.863549309297997 1.37752410132366
0.454927774153746 -1.60383111548053
-1.0003474259175 -1.40107886616951
0.50567646024162 0.764151259164062
1.16521312600471 0.769280474186223
-0.258313258700793 0.0624876786422353
0.793712112716667 0.571213844295694
0.275466932508166 -0.946839754975323
0.55776275756769 0.887935927064175
1.35552999027992 -0.486270824183733
1.25382325913182 0.730235678250261
-1.8740886606248 0.173997606966144
0.557920287011857 0.835583098702873
1.84149424433035 -0.116676468285485
-1.04334389139766 -0.265167985438737
-1.43886810077156 -0.587259731995138
-0.0915715798119342 1.52446852276897
0.852846117133559 0.704295484530578
-0.361166427637357 -1.57078847894668
-1.52635732676278 -0.596875927256232
0.912259069672385 1.69840023450519
1.90659762384669 -0.167920788313651
-0.519987956664293 -1.62019868884163
-1.46961997501996 0.981645003207817
2.11588374958741 -0.159513470366117
2.13636592405545 -0.155188916792088
1.63154077434212 -1.23580963375625
1.1278157632511 1.68398630376973
0.301045489500605 1.61313643448231
0.153298826512455 -1.62014697709663
-0.10555190236052 0.0209803217149281
-0.159378036000519 -1.53606877806075
0.631044299253929 -1.83403467272458
1.56186857664405 -1.09121822578748
1.60491950653826 -0.408169716721454
-0.0757583955236231 -1.46553121857163
1.50552154299721 -0.37609094756113
-0.0644831988190423 -1.42006675253747
-0.722960700098149 -1.41870864501452
-0.514540683068623 -0.643052754362199
0.699169089593337 1.10125584594458
1.64522685416707 -0.0944969038718971
0.493599452738579 -1.45323746338055
0.0128161706049821 -1.19047048417533
-0.806072830860717 -1.23702680139178
1.14260444313112 -0.291228867813616
0.78971229826397 0.135464631050747
-1.19341604508564 0.361914836589559
0.633448490582316 0.409546098025048
-0.21810425402946 -1.08226833833327
-1.25928822429219 0.671333027303993
-0.0975055785071915 -1.11304966482077
0.913460780369408 0.363494118383604
0.802918754746392 -0.537520182744209
0.513513398700148 1.12950156224608
0.0244482827868168 -0.97997785243478
0.773742576309771 -0.454481381155445
-0.658156910662256 -0.311498295222177
0.0641682888707683 1.01281610368912
-0.76038395423206 -0.983834147167766
-1.32051021521884 0.056114123602725
0.756148042088626 -0.170623530825844
-0.875413708113948 -0.631272443764326
0.77862206448227 -0.0499988656067234
-0.248076827050992 0.7782777980765
-0.751209718263354 -0.785966686237101
0.350390335388536 0.201251529576511
0.293811260740507 0.205137703199852
0.28062144033633 -0.786105299751707
-0.106611875116136 0.800427040232057
-0.0328712704085346 0.0173004212263071
-0.96871793553567 -0.457041449921154
0.0900898049587562 0.858737309695359
-0.816027593923423 -0.682612310443153
-0.324250677019685 0.590308436940457
-0.39148145137698 -0.619143485955722
-0.980261269500078 0.373405586762906
-0.994712423021588 -0.417513370278635
-0.355608125231106 0.630084875158747
-0.50352004462449 -0.57083398314128
-0.481658577184958 0.413608505815271
-0.517742400284357 0.467209431261397
-0.423955928131142 0.671633094510011
-0.201942247895293 0.0285116140952329
-0.578196205653135 -0.341464193899059
-0.651267193213184 -0.117660326213555
-0.339673499341743 0.590870941301761
-0.412961789841054 0.465072908876289
-0.699823042937648 -0.188090374741119
-0.806531728329063 0.429057626981488
-0.59222382782629 -0.157757933571535
-0.532979507923002 -0.221569564603764
-0.425606535265087 0.438750385849438
-0.135524712690335 0.162159706119075
-0.301080047672106 0.0585029433489322
-0.631618280278624 -0.13978947888402
-0.730052142700999 0.194409800931285
-0.316388270473426 0.110595361461838
-0.715014723015628 0.112390822042937
-0.471098363735139 -0.090506264108259
-0.776339525534054 0.213718992112005
-0.467263973256657 0.11233849750698
-0.807629830383011 0.177220674740752
-0.688447506412477 0.413162833509438
-0.758176829203018 0.0269069871783318
-0.850589927423642 0.09785703393472
-0.674400001754239 -0.0588687096142565
-0.610458658260078 0.150064327684724
-0.593211180923995 0.0518471582385639
-0.615314166985132 -0.0182133692706638
-0.630614191019165 0.0985502575588751
-0.579775970055441 0.0667764131756308
-0.571606707217456 0.0555204200490442
-0.509945377513023 0.0779645668341933
-0.52517795740598 0.0761612572099451
-0.612495841519131 0.0661323013922837
-0.503850067040854 0.043067932155249
-0.54848449692387 0.0821938235820641
-0.498986800386058 0.0227361273291649
-0.427836098336093 0.0133142754309725
-0.536980235453324 0.139155348867712
-0.712478367214501 0.0720318896972475
-0.536449040297067 0.256512633982535
-0.631084029397446 -0.00640181898778241
-0.672514822501695 -0.0512604677483553
-0.836815679934381 -0.236359937811014
-0.660120617795625 -0.195320374448617
-0.278080491229168 -0.0885765229231723
-0.700062530557282 0.552952684303528
-0.673971040590873 -0.252411673378145
-0.236804770991939 -0.0588799359802198
-0.749132678906977 -0.139794680531789
-0.715312696862454 -0.101114172716357
-0.914144066146704 0.25499905195467
-0.901778503616332 -0.308518466124802
-0.062320961497705 0.00469008341778237
-0.0310990886864601 -0.0145229356841438
-0.197386540272924 0.505466819560519
-0.645903921922186 0.363285427704268
-0.715260272983029 -0.21773547312187
-0.46072608979928 -0.0602303510799301
-0.526149111112805 0.451099683217566
-0.35192718552038 -0.273894213710055
-0.366153238434188 -0.246146921486378
0.0261194560716234 -0.0293363944170355
-0.185385195697323 0.355045939975874
-0.367131003859991 -0.141203422126555
-0.33441199214639 0.143247875409053
-0.835830327948716 0.0631843864622051
-0.0633542188520736 0.139961499063766
-0.634439771335196 0.241592187681582
0.253138677938316 -0.0204361798400111
-0.156527268810699 0.312047126395285
-0.361447409146554 0.310043755557672
-0.454606771266819 0.0909519584651591
-0.466443225318642 0.0493778163141924
-0.198999256486076 0.279650373833317
-0.0311299423298702 -0.202316365952297
-0.178616216885582 0.350607353870388
0.00549417116181924 -0.26956834250499
-0.301230416226771 -0.0176155413564567
-0.397267469663153 -0.0546847068771565
-0.622353819348796 0.0648962445602037
-0.206037812318284 0.0309018989874148
-0.0771514497047283 -0.333231200203414
-0.814650239742632 0.068689429998936
0.168420940938345 -0.219452884431391
-0.431362360583673 -0.239018046897825
-0.829052153994057 0.198073085236211
0.184459420224642 -0.0238184613028644
-0.587461556508189 0.603008459363925
-0.538149784704672 -0.217405798894752
-0.0400349140932562 -0.000578950221779822
-0.753501357640219 -0.300961410963228
-0.924361266688102 0.0523811330984079
-0.446240062301718 -0.21841027317772
-0.652423181641562 0.155512653154482
-0.252133583438704 0.0519033067910206
-0.56582382597309 0.124366029756842
-0.497704872721767 0.180563040233859
-0.595351553994975 0.0627538304830791
-0.405922147401113 -0.03773193186861
-0.355109700978317 0.0623907799396429
-0.378918486397471 0.0644641713746719
-0.340882105416967 0.054545517387673
-0.469464914148983 0.0648234285131467
-0.339516135109333 -0.031829826016032
-0.37013086509174 -0.041952570126748
-0.250406708729473 0.0303240355339058
-0.527806314208084 0.0967277467864364
-0.377779714801856 0.0435307852933111
-0.17833677498159 -0.142548460622674
-0.105537795862884 0.355692266690934
-0.326422936554718 0.399394348690913
-0.268997082501976 0.367634708760584
-0.363444930585173 0.176316121097085
-0.107623149407477 -0.171760330141926
-0.0662731094403506 -0.380768251980246
-0.674621697541897 0.120989050821897
-0.189525402501628 0.418551805725827
-0.703397212998327 0.170377321295846
-0.497664572212934 -0.559598495932812
-0.67121476316779 0.427126650282376
0.487261437271699 -0.33072770913862
0.0222312282871333 0.524719643198825
-0.714315355823576 0.0585468544109554
0.392857901963137 -0.723254977948931
-0.148398238419553 -0.659195862121015
0.608651789613066 0.601576477388287
0.544972736894546 -0.670753907050803
-0.187413736066148 -0.663712797803345
-0.0940488890968356 -0.618946883128746
-0.266485839298436 0.0342477779771404
0.274995158611268 -0.652472767354442
-0.367484191111455 -0.0890894993244939
0.241669099932169 0.413422258572421
0.602744941730716 0.358793158716679
-0.285619865819744 -0.378248142135462
0.453260299064662 -0.396796505624296
-0.624723251919506 0.175117425210712
0.0154304165675892 0.61124686541336
-0.127436445403371 -0.489078456166729
0.515594794037266 -0.0519517236256867
-0.107409147799398 -0.479845392772668
0.3718120099029 0.0647842275238885
0.334370608624034 0.0135422567439645
0.359315240531939 0.0447019847223759
-0.0490696591881757 -0.307173573675976
-0.199167031183881 0.433504337066504
0.142876757456215 0.398564081073424
0.13151106843446 -0.407885808917037
-0.198528926612695 -0.382055063325087
0.36727724453482 -0.0495827592910367
-0.206235486810984 -0.207370201109599
0.628067421164685 -0.0592810057033977
0.225264069340918 0.350847417532382
0.363973065426814 -0.246087776524141
0.633204557249105 0.17537953555858
0.0301497943876441 -0.540056938260192
0.944160702165061 -0.076425948574148
0.814071908613919 0.228115004627921
0.0984539982759004 0.12390588627313
0.0848293039473056 0.116724177310217
0.333362611029205 -0.524665119001431
0.0350350931025349 -0.0191140694373729
0.0821351823059013 0.00148202582537848
0.41731019163142 -0.361371006236676
0.485394368823271 0.196266521647516
0.651966947679213 0.205554864919628
0.406578076426922 0.012065364329061
0.392076673135333 0.0275885404601311
0.238376159585758 -0.0302171751100099
0.445897017581401 0.232644029729981
-0.0286340348453273 0.0293641673044928
0.027056467622697 -0.0556710193452689
0.20674976926174 -0.0260829378163848
0.063843210507602 -0.0387603268996274
-0.147037637468156 0.0217503629586585
0.2452071964037 -0.127375506401212
0.31688642648586 0.328273790401329
0.0914288462389482 -0.274868585597703
0.34490173895031 0.386751798883932
0.262903931040556 0.179000746348996
0.0627389121625311 0.39362579388367
-0.167944435888846 0.029233827655594
0.0606221726158695 -0.352971717155577
-0.21174851477793 0.0475517404912605
0.59220240583709 -0.0522038432081814
0.010995676956066 0.319765637099429
0.102777947505597 0.380307181027525
-0.299975144972046 -0.00438630916839573
-0.363751414875601 0.0802820931730721
0.398238558086379 0.395719582464266
-0.344780940804983 0.012184386695227
0.29117122507614 0.4755083326934
0.425082193202744 -0.025029623323447
0.257178737027025 0.242576903490196
-0.183895146325767 -0.326991678937282
-0.254004578989067 0.449008660099505
-0.587785027846096 -0.0813338164633681
-0.149121740135883 -0.297137835112845
-0.183497554604806 -0.266737898317922
-0.237483498665504 0.15557891676894
-0.23363312074905 -0.320419852267678
0.0334847002688665 -0.284874679543396
0.0886532582676248 0.398321890755312
-0.308898398398274 0.469568410475646
-0.305561471302575 0.599835107639777
0.157770136169762 0.577881357967897
0.0812116438445865 -0.584373127297875
-0.354559382950571 -0.52310152352189
-0.271356031814352 0.693239336807893
0.272479619680537 0.690481729635934
-0.956452013561441 0.0753637454473214
-0.760258454710628 0.471432652138371
-0.644255107138097 -0.696337133866912
-0.462567641936677 0.871584852758554
-0.0138652166338418 -0.710159611354417
0.0671308565584321 0.842321493457794
-0.364203861149222 0.0469487968397967
-0.560523312086121 0.823554364108802
0.355722464832969 -0.0257480420397893
-0.991586148176112 0.183148475280706
-0.598130087530008 0.464847274407806
-0.346120831664121 0.594019293330114
-0.820142359596887 0.262377237018117
