-0.175025145244394 0.594880905240946
-0.681173606970391 -0.57133973286174
-0.665059906487137 -0.459259751810494
-0.150313032882861 -0.574184385220928
-0.380487001731144 0.362251131884206
0.22069719757677 -0.010888035611081
-0.327599305953911 0.394082564776467
-0.709289898121791 -0.2690209717206
-0.181919647804495 0.577513222426868
0.37710163631122 0.0919272563711302
0.0832959626550864 -0.645255422821769
-0.384702017433597 0.299483801369138
0.629179965201147 0.0314759686615014
0.485501266829843 -0.231936653406662
-0.426070550414261 0.239286706668699
-0.971400177876531 -0.00623171269821618
-0.513596702478999 0.783835282098817
-0.0475566445337386 -0.00175261516781262
-0.460715751836141 0.138877970587739
-0.214585306379784 -0.614242712821879
0.224332784456065 -0.425127139769634
-0.186225053440114 0.744106013930492
0.118177054526869 0.612657026700988
-0.29001913962275 0.867117254103352
0.0306242480714485 -0.692861482350588
0.229293724529119 -0.554727929257053
0.736343068565879 0.591369522023747
-0.550396372766814 -0.0867774720680102
-0.429315801277021 0.0137225249071325
-0.469493886772358 -0.0170865454789303
0.75961336244207 -0.72649899737753
0.259557966653546 -0.669176981075849
0.0541235690303534 0.824262063956782
-0.396840185191521 0.146010811327034
0.178651660580577 0.732703562951542
-0.178895982488306 0.140339785744613
0.22628485209884 -0.738398650355879
0.612689022416278 -0.249771799350312
0.271562359257413 -0.655979209232835
0.925226236263377 0.369604876786207
0.0296426650572048 0.115600545617796
0.399243187009321 0.603601291326156
-0.0706092408247392 -0.0748551869503726
0.740341588800446 0.556275010852713
0.844891566836813 0.317831587792198
0.618987946103566 0.389156981893148
0.225914687656392 0.0505467047336808
0.204171296511121 0.0669759013139348
0.238358509601754 0.0191416107514169
0.258263357162111 0.0414193252363115
0.612446593502306 -0.274964827562925
0.94617363882354 -0.294918768636823
0.683615991022053 -0.204837376915225
0.972852116571838 -0.20304159848283
0.757339212413021 0.270553751406634
0.93714728621329 0.161588290030974
0.517499984303661 0.236614028829142
0.847601524490844 -0.0301974340055517
0.476451685676603 -0.17989925818138
0.649477723869173 -0.350143769267519
0.312735940657814 -0.249041104540339
0.625277703177833 0.19339039140363
0.553071411997683 0.316932303790174
0.740157829428286 0.0632125236949604
0.146595875246748 -0.303495865878731
0.354312789793989 0.324471710566539
0.578728523548144 0.231166684227253
0.45319050838608 -0.36308506396513
0.415394511830751 0.349661130188379
0.0416949434312774 -0.304807160712168
0.568110242996164 0.163736796634125
0.592681151152272 0.0409804802413797
0.575016956158745 -0.0100075673643466
0.231203626863905 0.361821845944327
0.228208142813046 -0.339050115077986
0.268054676306316 0.24563231811276
0.225202190114565 0.259619643336977
0.202454388865007 -0.33609078226221
0.4274487969067 -0.012660306946035
0.14215988955209 -0.313244938725082
-0.085971433865912 -0.113860779566825
0.355279963766708 -0.0594420297503888
0.410624782067953 -0.0768758248211041
0.181591259443648 -0.227366907886868
0.204142699860845 0.189742343805112
0.295294923925877 -0.065217037330804
0.379429945650073 -0.0945835046528756
-0.0665416962725 -0.121986505847533
0.0676251030835729 0.128815941215076
0.38454370707357 -0.00126123305637578
-0.26616282323559 0.00897678721780096
0.382665367682166 0.0184879850187873
0.462423146892135 0.0489644718704539
0.0620963539877619 -0.158743577954597
0.0940251031638012 -0.187148769387826
0.348415576946423 0.1130993916657
0.495647632014216 0.0304530772617947
0.283990095326552 -0.13886171744756
0.190522446972571 -0.0511663102551655
0.324993240769167 0.192829207853728
0.179687557781453 -0.160266038135486
0.342520407826153 -0.265097171756711
0.38095195986933 0.177406859214618
0.312245303436936 0.161311474222158
0.264673711132635 0.177870284359194
0.46724533479259 0.00510452159229353
0.388200482935528 -0.00329687342708419
0.349304493265357 0.0198784735368478
0.159123487594813 -0.243751361643515
0.383867283034906 0.0337211841568494
0.0684805978973394 0.222923209573462
0.290567801187802 0.0402067251981782
0.202671415333199 0.0493322033800678
0.0505008487481502 0.056375599695919
0.294518656898001 0.0670168368692389
0.290826904090821 0.00945256454738038
0.177953591179959 0.126707384859947
0.308614260571012 -0.0364565075846423
0.0975783223337337 -0.0642327605937895
0.335192106121263 0.0401491000091322
0.167145772800948 -0.0957354479851377
0.0159053874518625 0.0107611647707491
0.113070509507074 -0.118293711140424
0.04776108926272 0.20984436871456
0.121674097754469 -0.220777143447943
0.208267981317746 -0.210863723835691
0.136852935973443 0.242398750293318
0.314378706563287 0.0275447610955097
0.153448570350965 0.104368871081514
0.263291000284987 0.00324216230661095
0.254782840257892 0.0500287224149795
0.291962949365662 0.0500489529425406
0.215888087051167 0.148358029947721
0.185394885475298 -0.156691918066005
0.241801632437936 0.172054061751002
0.433345576412015 0.112656463476639
0.229441577745663 -0.234662599939924
-0.185594581376909 -0.00250306354190685
0.513976193812123 -0.0975332656885245
0.280893794596343 0.185048204001477
0.130175718080446 0.202413392567389
0.404528122136153 0.0262118021584763
0.331303355980581 -0.0334672933043353
0.187066443675935 -0.354844897654316
0.293156447993569 0.422074953713602
0.15448632890589 -0.0219571710297524
0.158384682976174 0.358596678877175
-0.0158565238862429 -0.432272852893818
0.266856158430416 -0.256597280919407
0.0256003789593319 -0.481387607796378
-0.543136528455366 -0.0155162135810848
-0.119989382709805 -0.537397122770883
-0.478628610087494 -0.0893917775928876
0.286656086780659 -0.577551311003745
-0.421167955064642 0.105475864073779
-0.577023592080717 0.115799633486014
-0.213610144489176 -0.451015443210677
0.355927405339132 -0.494997264087998
-0.520979211515049 -0.00806464512702313
-0.150841964823209 -0.568305666040348
-0.594423000962059 -0.0179090694022717
0.372236629311962 0.605792609971706
-0.190190743052507 0.705654213738403
-0.617204333669835 0.0798555899332246
-0.212916308918166 -0.657294734418383
0.600549388293622 0.612604265240648
-0.56571305841144 0.080952842163349
-0.338448103268159 -0.0169660004121863
0.82230493003974 0.380542851672861
-0.383295160648857 -0.915053756989601
-0.7656638611679 0.266309418559291
0.0308443155600807 0.972734896700694
0.669713620630136 1.04255880394538
-0.912627833801251 -0.0094902722625134
-0.241470324348431 0.0114203157640031
0.309734386083029 -0.897571118642426
1.04554645268626 -0.702471400277687
0.534584361580639 -0.768040775699583
-0.566155936798465 -0.0544120837151687
0.3486295111332 -0.906108858735626
0.950244829790083 -0.87672181560218
0.45489239822088 -0.758342145308937
0.37404114743145 0.782322556331552
-0.272968883794737 0.0521998640410836
1.48186435033611 0.0571770950179328
0.521573716085826 -0.652272198693783
1.53766517418783 0.0364285875366027
-0.14519619524445 0.011348741974627
0.607629483611889 -0.573451972746642
0.0178687133116884 0.00935070083499425
1.05277212529741 0.574676445441576
0.120546061272943 0.0274644202745067
0.0822346664736767 0.0591117294641523
0.512672999724527 0.577941882449255
0.560701068349081 0.527316916297609
0.270420289470308 0.0329680223104557
0.278656976785357 0.000700565702293243
0.316706973449509 0.0272057644452967
0.342838862647723 0.0212562412259297
0.891053135341789 -0.255393520259803
0.627477947644253 0.311261497918483
0.383243882403668 -0.00937202501400634
0.775859414795017 0.122346625460968
0.499420319528746 0.288407011984799
0.230430487644144 0.0163633232121217
0.449245758046942 0.283797641127664
0.165057175291286 0.011164971804801
0.733366805394851 -0.308319143191962
0.82107312446568 0.0503405031448195
0.39173093290176 -0.243398620489024
0.659619183866821 0.220328020309084
0.344288331255185 -0.174631743672313
0.226185946875105 -0.100587418367199
0.673204186650563 0.0950370442726668
0.706562721358117 0.0312009163936731
0.550133226294302 0.163503487739415
0.246816160388927 -0.228564967771825
0.258704251285877 0.0842035753610888
0.188968823113298 0.0725268901017925
0.593251678770515 0.183445475980401
0.408559702000174 0.267565139412418
0.571844810243335 0.117662532343731
0.132464342074374 0.0431157720816255
0.536131215831132 -0.187710928661006
0.456848793460329 -0.122635957784081
0.442429103244662 -0.128733198929899
0.56352911561174 0.0853515517015189
0.585730352043049 0.0133560072766197
0.408072121327854 0.110835217843049
0.512696359784554 -0.0693214623260978
0.370686179391523 0.00169815851196793
0.319905533435732 0.00228101766842694
0.649445511155786 0.125693234710574
0.285427818168784 0.0369019920875146
0.443672993986867 0.222664679402849
0.180721197146474 0.0365972509636803
0.126248840648169 -0.0570579515502811
0.18841262116722 0.0458930972449669
0.305257296440307 0.297274570348823
0.225449909151215 -0.282762814326218
0.169903120587257 0.14909869778227
0.393858009215518 -0.204523996095247
0.314304299633102 -0.117616630779141
0.327900462029994 0.15884549190137
0.15882042141675 -0.0367815823271227
0.143332620127004 0.019210982250093
0.426221300080601 0.0704061056364021
0.425767606486658 -0.057931119008731
0.416669073607406 -0.0591849680270521
0.330197406583966 0.173565481472842
0.293944998009816 -0.118180846192113
0.176495421412919 0.0212386673743867
0.477427095445933 -0.17344383849899
0.148102368579577 -0.0237055987651332
0.262294249787094 -0.0843080967140597
0.151839707907524 0.0202143351768268
0.185662674518794 -0.147108686596815
0.387461679702567 0.0648886086764033
0.197288088963613 0.262370185370625
0.585941411709738 0.0195913242046716
0.296549455030635 0.0371562132855374
0.350269096325178 -0.122989347349033
0.411654872013694 0.212595830200431
0.626086921307026 0.149779911219826
0.446385960536039 0.254726596941687
0.629835790750368 0.0937408153602167
0.491580808038582 -0.0393861183203751
0.405172922578488 -0.00777088437339753
0.429334429380208 0.281836245491064
0.50076615487118 -0.236498520319926
0.168823304040725 0.105673948939863
0.347376462102625 -0.307196727196973
0.286593199855828 0.445514448855137
0.0461468280700111 -0.0127897084383034
0.29816090466486 0.44122102728659
0.0839659918906597 -0.0921164059646983
0.367142522859219 0.38138615877104
0.348872856900206 -0.333701891840776
0.425274232025368 -0.368999883900845
0.274811383878003 0.604308197730045
0.501043488988803 -0.383914825994982
1.15287725903191 0.045305358062267
0.49558834406548 0.492173002145425
0.453792813830554 0.520870813542332
0.627797303973952 -0.243017284712417
0.556171168658293 -0.427106167258201
-0.0386841223995727 -0.0240225968348501
0.441319459801625 0.604643441538713
1.33428440663459 0.0252341116567588
0.713062133033002 -0.38632892157383
1.12035826010355 0.277505510552047
0.937379555665144 -0.659535995959826
1.22872886100436 0.325774717933717
0.00687028684782255 0.350251826132376
0.689175629386537 0.651306871268992
0.539014007307503 -0.680220726819664
1.27198589280039 0.258722310937327
0.416184623012831 0.83578269775572
1.25688951838969 0.435229439759728
0.122563518841407 0.110887038450784
0.751400648965147 0.706642114020837
0.210608562364826 0.144903141386746
1.43786666633262 0.558266013648951
0.291442772612728 0.190541087982615
1.50128375179005 0.462040887167808
0.738288239847714 0.874530165999456
1.06353552020838 -0.434570265733978
1.16517307060035 -0.377167796508441
1.22541139338989 0.165025210720812
1.02120767105298 -0.75097608949978
1.04658541741818 0.788646764622317
0.90920689733664 -0.934930319128109
0.0995707205193596 0.260218455666238
1.16542886342448 -0.67869298975918
0.380371196252557 0.00478781081487362
1.7936454448403 0.80771232153957
0.731076286660478 1.26717032152232
0.957771788834548 -1.19619322274288
0.381007982676578 0.0179840377241619
0.852882035872455 -1.21267189684236
1.80880369310944 0.706406276947113
2.37677310225971 0.150362559705463
-0.464269743509629 0.477950365433784
0.959321608193664 -1.14050208364449
-0.376156926281222 0.55462225711948
1.2567644910275 -0.779788614712227
1.12704158963572 0.828844599279674
1.1126934816124 0.815288413635993
0.576104359148498 1.30860679030879
1.23345988334021 -0.484441074169945
0.00946630731483094 -1.44025879625149
1.24630993065393 -1.31454233346489
0.819438363788172 -1.08237370740677
0.819795734868248 -1.09244538888206
0.975620160367109 0.770831858625698
1.59901457399611 -0.56769274217315
1.02336628995753 0.725975811459829
-0.44225099709388 0.50751317286538
-0.0189243564911427 -1.311201434247
0.316076373900706 -1.27765709652882
0.0455282203114683 0.567488898293143
-0.507826549115244 -0.32765440254322
0.00336970432981342 -0.486089842712904
0.445371795201484 1.12985897092299
1.10573844929283 -0.182147064984183
0.930815719110928 0.665638395406358
0.0342512722249044 -1.25945412978148
-0.801397301479821 0.00242021181710801
0.85215881129246 0.651433805177052
-0.721928684190585 -0.0193725810530838
1.33120950618199 -0.534097449315527
1.31384671844477 -0.458068196323419
0.277483740371055 -1.10322198303789
0.910836512478708 -0.382806820084344
-0.708886164884986 0.000423159971332372
1.21567409718865 0.699863235014506
0.860634018611558 1.10962404635069
-0.377127578643453 -0.404970532147333
0.313785111439122 0.0146730123733043
0.543541521314539 -0.841928068650075
0.775504191864387 -0.562241161120732
0.34306576800347 0.0360943333125689
-0.343006395220455 -0.422143016594284
1.1165279723812 0.614739802751846
1.4267386198526 0.0532898536172195
0.457854008701478 -0.767088857355601
-0.593942954729937 -0.0325704732570472
0.673416279376098 -0.559862655456848
0.621005314312981 -0.539735825853572
-0.604568155184763 -0.00948940567889436
0.394981895170614 -0.731381583503415
0.28435891763568 0.777470014465244
0.387460051099933 -0.763588269562685
0.442523817144302 -0.65708288659894
-0.0292178366137319 0.212292099287289
0.360013373557618 -0.69526185618616
0.695258919613736 -0.743352180069912
0.853298444714926 0.464757236739621
0.488211918261349 0.441636967660041
0.248133852429852 0.673168195523008
-0.309832410979774 -0.245311171874011
-0.294639474511818 -0.119818729050724
0.612725140815041 0.697365412656968
-0.384958387364096 -0.141102783993069
0.5875294050982 -0.653323190814127
0.253913403414602 0.555026615670414
0.375472267467658 -0.502579326589804
0.211997324166765 0.565335171795278
0.380035629941392 0.379443036922101
0.116749955886958 -0.558659758736058
0.248648707971994 -0.491953197544367
-0.0327252697974508 -0.608956604903804
0.141424393729684 0.0231845906689488
0.189912672531851 0.527243490756968
0.649710923799725 0.165809013520735
0.0445778978410644 -0.469553251513942
0.773858768655677 0.0105915010094829
0.0908849355790476 -0.429694766984132
0.176803362355998 0.190572084387263
0.576970341756259 -0.35132781156595
-0.255825543826973 -0.125567269223179
0.280363500337911 -0.144136893489574
-0.190340284590461 -0.121170968053736
-0.240926678934122 -0.0723315161268362
0.146976668402823 0.306961313263668
-0.220742383059588 0.126696777144488
0.00723631464781472 0.413932388776624
0.213288645818205 -0.202966830726488
-0.0149424804380107 -0.273272715731494
0.28322223369002 -0.323165819923429
0.351522185004153 0.227704514127735
-0.150793972122383 0.0186348312085865
-0.175011094678896 0.0527744929140815
0.459133633388352 0.0165799152229481
-0.101191259501155 -0.0513769204201342
0.0235352618581293 -0.245792887348821
0.208307353946375 0.245189622609055
-0.105316535642714 0.0523250586867454
0.229576073837435 -0.221589784732272
-0.160494227693952 -0.0238502155918211
-0.224436363952015 0.0232335671523481
-0.0392663387650538 0.221860540046724
-0.123998965555032 0.00368194665660721
0.0201471241987871 -0.0966191541736136
-0.0334321846542909 -0.124745036342032
-0.0481238741884731 -0.153366314721992
-0.00998140634066903 -0.0423428593855323
-0.200013883031848 -0.00580469007300081
0.128931260977987 0.146080882558392
-0.0739748125821301 -0.0261845507270734
-0.142860425061338 0.0570940870136573
-0.202815463838826 -0.0431536646574049
0.0810269096215342 0.0197240717003529
-0.237611958161351 -0.0304340274425498
-0.141958634181681 -0.00541649867325044
-0.107632434627374 0.110364979936308
-0.126096798744456 -0.0858771860315912
-0.0660664766664015 0.0161981291979586
-0.221843051468808 0.119252163640102
-0.080786698302504 -0.0997792919821099
-0.0628171005731989 -0.165354246598987
-0.136342322340797 0.00561701877561736
0.0135277579750768 0.0368626481440062
-0.142300487807319 -0.105876351533866
-0.126736370750663 -0.140272265415794
-0.0699202990067721 0.0433140881313877
-0.0474670480999038 -0.0634842751080524
-0.175428676406824 0.0209418164458435
0.116718164627568 -0.0155065685033192
-0.121256547248531 0.151945256515599
-0.110586085216325 0.191981453059434
-0.282544741268997 -0.0550861176484477
-0.119739495928853 -0.0501041963624434
-0.199966009388825 0.173211461160911
0.171416452632575 0.0419723385304546
-0.120123492316728 -0.183059717626836
0.0171623379878536 0.214409412568273
-0.0420205297781539 0.0807076402962588
-0.0199496212560338 -0.222353613637722
-0.166056966778426 -0.0837242894715626
0.0649255039282244 -0.296634218715876
-0.211645983325443 -0.0837850918495407
-0.403474925845998 0.0368501667821868
0.274986025927408 0.0126792525443724
-0.420302529697917 -0.0583676961085396
0.0794886520708137 -0.247798003107416
-0.229954846491891 -0.230598883979133
-0.223939618734006 0.334517477596045
0.10889239669102 -0.327790973299236
-0.649099288048456 0.00264547130107874
-0.667165450937995 0.00351887344786959
-0.589089043841448 -0.0947085403409417
-0.323730994160561 0.00627091746805475
-0.455767599122839 0.490538897108724
-0.628190206938587 -0.155037828164774
-0.186963440325484 -0.306713964731072
-0.189073745792961 -0.261715755072783
-0.527401228129976 0.145260784768719
-0.105410821714895 -0.26908881954442
0.145699663254954 0.313977824768265
0.147354659212948 -0.338018028980289
-0.420791440361197 0.263944338181327
-0.765974632610332 -0.169663435684579
-0.462353567756141 -0.0230112485416899
-0.143698760487048 -0.14687850270998
-0.839414192487799 -0.256744266267389
-0.623635128419546 0.633202933472077
-0.372781564255057 -0.576256907046644
-0.352856590278514 -0.618134275366026
-0.461786345723673 -0.0274905987858449
-0.17834876107824 -0.329793098960015
-0.159766726610041 0.398444052664147
-0.989859664851005 -0.312403249280892
0.246163960035328 -0.452136914303231
-0.454285973152722 0.0192677359559854
-0.103563373966789 0.828084042660023
-0.794974405683022 0.756887923447524
-0.792276229928989 -0.350966396599074
-0.847791364420997 -0.768062271980714
-1.3738313460543 -0.019859952826968
-0.857583731089512 -0.849325124911039
-0.649147668362368 0.664953915882753
-0.944560066838806 -0.801326388832189
-0.847455692403516 -0.453720992723124
-1.24347591759425 -0.168280475971863
0.110056253216478 0.307109825454591
-0.266554921021389 -0.410325221089074
-0.892275256675057 -0.453034905160072
-0.31245092213467 -0.437328366656463
-1.30518530326485 -0.374412487920013
0.218249016335593 -0.45135940420916
-0.994400396497547 0.387941767785693
-0.762802488660754 0.699108632348473
-0.81391066541639 0.733210930846075
-0.586808600210868 -0.930525275176381
-1.41147582442462 -0.347353011584519
-1.14281317826792 0.939942472563161
-0.237520915064829 1.10141077012985
-0.730553645925532 -0.0216359499762166
-1.21970776909224 0.0978881142963334
-1.15514597229098 0.281206470532564
0.122759020858155 -0.709757088517089
-1.2043472698012 -0.274279362109109
-1.61662326934583 -0.00979303387993035
0.149777039136341 0.602980553089515
-0.769703639655017 -0.726447822985003
-0.763457814768571 -0.698771518076728
-0.7238694549628 0.806117405870421
-0.736619341734896 0.719104805620118
-0.618513436267896 -0.78968249832119
-0.650538345058039 -0.738972946252211
-1.00482973638667 0.151105959828135
-0.816877963546936 0.747086500914092
0.409889638238917 0.0109558694346278
-0.909116658965205 0.710615926932623
-0.138216923941933 -0.781392782505234
-0.707319724687434 0.652838723574406
-0.831449109222017 -0.0171039711183917
-0.993081928615613 -0.172072122690222
-0.0448858052253076 -0.544803359256664
-0.96450425226809 -0.174342311479823
-1.10086910701052 -0.0494903281210683
-0.824602019515074 -0.166629784576751
-0.760567930797946 -0.228350723742002
-0.802429510829959 -0.0225151842394612
-1.15093757611313 -0.0351948464358243
-0.938992052944523 0.0238854377596829
-0.714705155918474 0.542212124390883
-0.710719323725741 -0.516393344808804
-0.794300544134797 -0.251703903773476
-0.660530809757422 0.507944292060213
-0.545969039604373 -0.170160879102142
-0.701181110394152 -0.145517927109004
-0.976130543048499 0.0394967622986503
-0.663908655056322 -0.154361558535323
-0.590111539753582 0.367064743516219
-0.261338430689034 0.176425248149494
0.0164571203433353 -0.006273970987898
-0.845545527562546 -0.00364429803691754
-0.17150392514525 -0.365674557561187
-0.570939966180868 -0.346434355037281
-0.588647340698298 0.334728428751431
-0.314724420005684 0.308045935059129
-0.0316304056015261 -0.0285298271696088
-0.258171851659531 0.258222310890613
-0.795225535300208 0.0053458860006139
-0.730090457054918 0.0368017786735707
-0.682423013160982 0.0306302976455756
-0.311874639970575 -0.224156967437115
-0.324030318173894 0.169177585645119
-0.587898907537573 -0.121031173737621
-0.462593293084607 0.197524845520077
-0.385365958977175 0.0394685915051333
-0.61520108084222 0.238080981400975
-0.677642466417322 -0.0302975246055976
-0.257681905597516 -0.00439561648664685
-0.458692462053671 -0.216913171823201
-0.291052412184036 0.0444690881445067
-0.570846295055443 -0.141844998546568
-0.563457145649752 0.0920826054942817
-0.398920767619476 0.0466081861918657
-0.625179268787043 -0.0902308918175249
-0.632659208695498 -0.0637881688539972
-0.488168994207107 -0.163908392735377
-0.456842829019574 0.127843195988644
-0.594384483047751 0.167111072103347
-0.459466760241986 -0.212621482849359
-0.321918161929285 -0.0747241575791805
-0.725585473229619 -0.0274057963932668
-0.334430868730925 -0.101431394449284
-0.537727783109683 0.206292984645642
-0.656227102304812 -0.0760988272213974
-0.309344340644984 0.0690816408185047
-0.615463373963789 0.305286399228526
-0.232964964256899 -0.208031599576545
-0.661821372008648 0.0401932955021137
-0.642784257835543 0.0462670741890973
-0.688810669198636 -0.0279495122759002
-0.48342720655741 -0.231537712211586
-0.27958375770281 0.321428653289799
-0.114676875569809 -0.289266453523159
-0.451538940383443 0.337604889965294
0.03801447038266 -0.0209374574500233
-0.523331453022405 0.377273198265017
-0.146144461277509 -0.381823115087612
-0.492382381179443 0.381929268390548
-0.79753561228621 -0.0229834596178565
-0.786667497881835 0.0353562585072815
-0.482261623071031 0.4226405705607
-0.0887540104177148 -0.478952469165395
-0.847077004057999 0.0211873509531895
-0.143554023138109 0.337333241473683
-0.850280301677699 0.0559957191450152
-0.562473526849057 -0.511326434753727
-0.862905481801693 -0.000131094389708871
-0.0319281293334601 0.499367008917053
0.338325221038887 -0.000120760270347214
-0.548651824173191 0.527490943785297
-0.865089602831923 0.0255145657520918
-0.610050597867452 -0.457153486223941
-0.816648588827533 -0.0462553914484332
-0.926786115906256 0.0030192928960424
-0.436759629906642 -0.554675523745515
-0.562003673058991 0.641571475144142
0.0991919013170488 0.602237576663538
-0.683323672991879 -0.773753259115245
0.211694245425311 0.730034978103755
-0.944482787646803 0.107624511248997
-0.589267258384248 0.74443890723346
-1.1324103978962 -0.0933555218419913
-0.749401031954934 0.899521108837008
-0.501961873890169 -0.736854735431503
-0.698448966993173 -0.82107896941696
0.136193199525415 -0.893928465631215
-0.623195545275429 -0.0083775665868245
-0.657413674845622 0.0305486441703349
-1.04457783855421 -0.236871296055214
-0.646392713528501 0.820184313470336
-0.416807509329844 0.689549845359435
-1.14677408825803 -0.0389177492293541
-0.415593273620926 0.711768706738656
-0.885741403928229 0.197736512355449
0.17490629681027 0.476147364249507
-0.908178310422842 -0.238472472323452
-0.639909052317756 -0.224848214590771
-0.45686611729251 -0.503335821935928
-0.869159455411827 -0.151169050805221
-0.698041875717538 0.123507936472768
0.506631869403775 0.0275153818215675
-0.422116333032653 -0.448569622297241
0.426413152685267 0.0194997522004318
-0.756174214915738 0.223870170863412
0.0385577669052957 -0.565620573876397
-0.608884619265136 0.0522067910749456
-0.523057658657485 -0.503987430221245
-0.254595966580092 -0.460462526876746
0.0835114171991145 -0.339419650429096
-0.0810383621964678 0.466406038817706
-0.293587937678792 0.469442621071365
-0.438406642993592 -0.429913062069062
-0.194908266232034 -0.252338121968498
-0.0559237838236887 -0.424770243007737
0.0662691447745483 0.201288339305106
0.214655037204526 -0.0286329870296046
-0.570626355353825 0.199807365731137
-0.289617610455651 -0.194262339518493
-0.288315061045807 0.271033668034876
-0.127442049214803 -0.353792444532147
-0.023518410818167 0.083050800766698
-0.578169402923593 0.0184490248642715
-0.471258519686312 0.111463972086864
-0.0772740929549874 0.128415980853567
-0.325735387095429 0.0965033026645856
-0.162737319920001 -0.207049574978025
-0.0858300494617588 0.0743168696899946
-0.241144069686287 0.0882275053067996
-0.217685788465217 0.00365107551253795
-0.301038464811892 -0.150005373831011
-0.172067352913885 -0.167211353672076
-0.257008876201987 -0.108977321887243
-0.178327388103517 0.151217276846499
-0.24603156397881 0.0954020584020007
-0.236832216333828 0.0871364655981418
-0.250714266452643 -0.0665667956678213
-0.210723794832917 0.0565085830746678
-0.225292716310452 0.0280420925131682
-0.204774361519376 -0.061089591288068
-0.0599643358058715 0.00654848024504623
-0.177083900822254 0.0329781707279736
-0.129136565441607 -0.00903013983971568
-0.204220407980202 -0.00768933437160697
-0.178959827568929 0.0472899447838319
-0.25003113672109 -0.00340536647246468
-0.213191423917776 -0.046881518833905
-0.223509650733533 0.0138715517824613
-0.090539293494016 0.0208336821692868
-0.131210785369162 -0.091842510395085
-0.17656949572272 0.0298103277575203
-0.0836140173651143 -0.0227298350031733
-0.206433913233845 0.0457438233161785
-0.198266695371086 0.0320232732300248
-0.0770703960617228 -0.00691332044603982
-0.374219576586728 0.124723136574866
-0.0399873843812785 0.00105236350726264
-0.0157413791587255 -0.0124246364427618
-0.168316150771013 -0.201827643447193
-0.228868054661912 -0.15635837572407
-0.540681339008501 -0.0145187185990781
-0.0434661084431282 0.0326492821118163
-0.331046741301765 -0.167807215543716
-0.521025019043346 -0.0296126395998743
-0.028132278524789 0.0232534555570448
-0.0045290109902942 0.00657045826951987
0.088393842196158 0.00274135747089662
-0.192188930403385 0.155367745045474
-0.00288773130131941 0.0783148318902868
-0.275633278072883 0.206785644232416
-0.29468988183902 0.0898775122004202
0.0516497529714929 0.0266004367219225
-0.217926884449752 0.236681941357091
-0.122785487174626 0.34589878541435
-0.515786571061213 -0.151228369899195
-0.151664969630605 -0.362351574390216
-0.148872118508 0.239809239696671
-0.170719360896828 0.367254949689162
0.139896569387615 0.0316178336307883
0.139439597468949 0.00529090148877723
-0.416824610752064 -0.38153071559571
-0.117684735422208 -0.457354676389696
0.023023684334819 0.039543783689267
-0.267790056430308 0.37801953903153
0.256008385656275 -0.117535340277251
-0.148337727210168 0.465451500696612
-0.109269876418057 -0.523755043777582
-0.0992463912223015 -0.494462861695246
-0.041182568801317 -0.520903051109473
-0.0312506632279533 -0.563047114691618
-0.173083273153902 0.452615896171738
0.360859469174468 0.0846165930065449
-0.121920386150939 0.560071548059226
-0.204019251783253 -0.492673626024477
-0.640371480060875 0.456059772517283
0.0461107672414884 0.71088612283849
-0.106950253732209 0.539234066520495
0.4959760522018 0.118976656435113
0.47865764607402 -0.197416857800158
0.358270893796849 -0.121699020372107
0.232473320992829 0.675044638989824
-0.551139469319351 -0.744401088824745
-0.275542742614368 -0.533845643963106
-0.596445384307861 -0.782534558092906
0.238837226599404 0.0244371020147333
-0.764418075212983 -0.276843453758837
-0.0493293776103868 0.734943402101137
-0.38359611807981 0.456956682514462
0.0869642836624167 -0.724913678675021
-0.207348266353634 -0.69035817845844
0.707881296739764 0.11737714043857
0.702171830993907 0.152620101394295
0.516359771911554 -0.101708657166112
-1.11933151495835 -0.0506917645660759
-0.0863883826465059 0.857645038005501
0.264649136437949 -1.01261878785326
0.0306133736003826 0.891396139055791
0.308510124572657 -0.0040048916836574
0.777956303450211 -0.30298712654766
-0.603277142443266 1.00377326200301
-0.598979302073414 -0.978373813436316
-0.0921777561494057 -0.743589591084979
0.342340299102301 0.0123849233339976
0.125036576284626 0.940856337608739
-1.00070116759785 -0.397496992563064
0.538597639171332 1.0124290257037
0.0949194108927601 0.974813518278271
-0.84041749381798 0.737154536455406
-0.0118820312703389 -1.00674082886275
-0.805421538590312 0.69689896251035
0.5002805271108 -1.15509071084161
0.106245943051953 -1.06915791580005
-0.155425328033746 0.837498407906959
-0.833879229277123 0.728684688094527
1.04464380160975 -0.314071916268883
-0.912954361708254 0.801398013473591
-0.166457637260547 0.869591017392018
-0.64673343435844 -1.22916238808029
0.800609735788706 1.1011415959162
-1.13151271793508 -0.503853310485239
0.44211568916663 1.34936822955164
0.369799347034695 -1.09280139445831
-0.457410221153472 0.808657791449192
0.182295730990256 1.247946084552
1.24776499179986 0.200120353248273
0.924675922297923 1.16073440930104
-0.49868944856476 0.794735984923886
-0.17612935041001 1.00221613628131
0.595327583552222 -1.4398783884894
1.241652183001 -0.394541194570158
0.804995527838 0.461230136552161
0.172564347152232 -1.32953825443395
1.31953240300716 0.204916148078602
-0.800511641592195 1.47163753738962
0.199030413367793 -1.3640801083569
-0.238957384871716 1.10301272832843
0.544657967299966 0.0273098145070359
-1.90099358616929 -0.0664363991156409
0.569769969205799 0.0469607774357762
0.915785026827327 -0.204253082560176
0.129320979044718 -1.37640826276537
-0.487929693371063 1.10044262389368
-1.16939119559656 -1.02773861209779
-0.178694576398185 1.3027872290086
-1.17653841896735 1.02702403252189
-0.19580773734697 -1.09019172126909
-0.0370638668896328 1.2205554639843
-1.11109841519447 -0.94850715930311
-0.00630018040420375 -1.19889799353969
0.652714324910337 -0.091817439563826
-0.306464484142023 1.07047914413422
0.953388980102736 0.00350061449720241
0.100881220642919 -1.2031862807057
0.914945037576712 0.0578609668422879
-0.269732694685702 1.0289069002806
-0.0427335294264272 -1.05793148301009
0.7020351095816 -0.107589452459737
-0.96541761146127 0.881851854704781
-0.866632632336305 0.990112584619449
-0.963258574454385 0.844794905009555
-1.551222311923 0.0102944558681511
0.495005618798495 0.0488163937527105
-0.316032811720007 0.907913144444426
-0.875835403980616 -0.815284211228904
0.06521606991034 -0.954992365608959
-1.39223707990776 -0.0410310766118524
-0.84543790137532 -0.821498144360547
0.621329082805641 0.0398857423726967
0.544986816114945 -0.013555240926613
-0.0192618598547147 0.86161729406708
-1.01208055133586 -0.513397390804114
-0.859009019303995 0.719401883997313
-1.26539524182932 -0.0277406963949614
-0.972163185609892 -0.502167872676795
0.446051559482253 0.00534264596651091
-0.723658248541482 -0.676908646483149
-0.757499256369618 0.717367680081404
0.417967801570522 0.00756904602645788
-0.0505249846437912 -0.723192636346111
-0.109047719567125 0.70679673291701
0.31822696319403 0.0045910500269321
0.384744680823299 0.0716098549345145
-0.0868295824687763 -0.678379672072683
0.470718330972976 0.0640347849340515
-0.134728363638645 -0.599293673258465
-0.187859420571993 0.577653286156811
-0.106636737340462 0.627212545311111
-0.0481942147591507 0.661996533616836
-0.95130243669128 -0.0108260074712138
-0.0782132740693452 0.634303017310746
-0.956176528909483 0.0122449492891468
0.205982629150328 0.0952092413716459
-0.276489926344381 -0.328783307679852
-0.488610201441619 -0.621375240749917
-0.0567237597983803 -0.504854633305707
-0.0238703959413205 -0.540094928409666
-0.129930277947468 -0.562504459053501
-0.0122311112809579 0.00662710235002342
0.178562048090827 -0.0938302124545535
0.154027282473044 -0.568320778016902
-0.723182489596906 0.0211489830903917
-0.33728908227315 0.12894386964023
0.149652495262563 0.431354909754597
-0.364583196230684 -0.508096961601311
-0.34705736771062 0.197088480957086
0.0969298855315239 0.270668772360969
0.197597532572938 0.51723509695691
-0.0907679767233045 0.380218975660884
-0.389256309511878 0.0495771895063826
-0.301741302137688 -0.255000883015778
0.281866167053518 0.255157686230457
-0.12410418430398 0.39717663980671
-0.332558549370214 0.0810515309782901
-0.122753078459756 -0.238059948891685
0.287546025438753 0.329255494128127
0.248164426300465 -0.323266337711103
0.188146063681997 0.293188328150604
-0.0603249780595527 -0.276705841496703
0.00209057060851597 -0.251372990458946
-0.361814668437524 0.0119263945142731
-0.0959227871354444 0.346710448764517
-0.00433526878016643 -0.253619852247728
-0.344909992937671 -0.0365738390780276
-0.316212019950201 -0.0404789148479165
-0.0718560334169172 -0.301755471658469
-0.0285654010150243 -0.181845010750757
-0.223420077914102 -0.10030097948974
-0.330744472546243 0.114234466657996
-0.367485587792414 -0.0476697817878042
0.0350983252244068 0.324562735301567
-0.43413939818228 -0.00592150602840857
-0.188611878334309 -0.313281042674421
-0.0758399616797584 0.201990318710229
-0.07157644516404 -0.318513460588138
-0.0426953857991497 -0.301930557006367
-0.492995687823091 0.0150368112207964
0.106593204206223 -0.086498931040552
-0.0453882199799034 0.354103731218764
0.158665906419137 0.0940618397489256
0.220777275971052 -0.0603028940203945
-0.135582607053757 0.235760875767456
0.165253957656199 0.0304738342708938
-0.357780673296524 -0.262080337539738
-0.0303632281571025 -0.384043582341195
0.270484716383788 0.00270441442739965
0.225946736343251 -0.00322864504214704
0.168114688409591 0.0315693321802464
-0.108869498310006 0.247752290309937
-0.420764486850435 0.418689727930751
-0.479952259202855 0.402898157203503
-0.440057102936703 -0.326773659352316
0.240453634606216 0.0560583775759014
-0.0482444645309102 -0.473388259618287
-0.208882348238914 0.371299556516931
-0.110333267912486 0.459120948087853
0.35327752850622 0.0629862035211675
-0.0228682070972185 0.441573323201447
0.209358503945457 0.0148070906908857
-0.0745890628347884 -0.62836852109419
0.307728370099253 0.0411593060728858
0.425620246080015 0.0396724148878933
-0.893420116396165 -0.0382833854171286
-0.145725769669213 0.532486353305311
0.291342608916924 0.0291628471153909
-0.634008368944326 -0.286793376207046
0.237849761286223 0.00619383176419727
-0.58976474194322 0.491211565955438
-0.53592239139177 -0.440558026782215
-0.599151506951382 -0.290965814796404
0.173770582474714 -0.00643455196496903
-0.129520335798471 -0.439638455976464
-0.134760423566489 0.489712883561364
-0.161446293122088 0.278905006882803
-0.172979863188964 -0.435091705731532
-0.271274076406196 0.187929818693908
-0.500594939284393 -0.325340960285018
-0.168441056050466 0.354198809794729
0.202161114636306 0.0107147263449377
0.202346263804785 0.120877369446565
-0.211389663452442 -0.295344379671292
0.165119470971025 -0.127555746020269
-0.72163690759771 -0.0115031815343482
-0.0594050537482207 0.450935173776766
-0.466826385994873 -0.198284730195775
-0.391196043305344 0.353366390600934
-0.51756254965875 -0.177674143527208
-0.178839005967587 0.191707928491915
-0.223872096606442 0.220473441657349
-0.0961078510806459 -0.125841921066098
0.241501179343779 0.0369515270236631
-0.310486064188069 -0.318456505046341
-0.194448388779028 0.00140218109244358
-0.336716131578484 -0.106742089828597
0.0421165514668499 0.202226361209103
-0.179615669895088 -0.228070976227295
0.0485242549369994 -0.227190824758691
0.0838769111734028 -0.272343304357329
-0.43791738228483 0.0324897916839777
-0.366621471399355 -0.0266524085817518
-0.00116513984482524 0.153393012361891
-0.451835642448076 -0.0056376415803548
-0.174557137070467 -0.125338419608373
-0.477073143683357 -0.0181588928780277
-0.277176720873373 -0.178841318738076
-0.507645167418769 0.0191374144435272
-0.0681567651733257 -0.175347177742117
-0.35420356075306 0.0823022691061152
-0.0393109883461921 -0.336950986645016
-0.106775067233407 0.27431041712439
-0.579346825272433 0.0230851362701464
0.0541865846546805 0.0839653253843308
-0.137829049150102 0.314557958159279
-0.108557428365696 -0.0747526273823135
-0.2783218134428 -0.0371995180408341
0.0855372500374864 -0.0957963739185911
-0.162959584837979 -0.337576957368737
-0.724078506277878 -0.0094610647216696
-0.611591098607677 0.00796749415473674
0.197990259947604 -0.0245525751948476
0.148296875777209 0.0379088923208419
-0.173153694287729 0.396226918061405
0.277425885830244 -0.00761098653719685
-0.0992341279560868 0.275942903582728
-0.402130043168719 -0.303837292936689
-0.116422401152738 -0.306316626510713
0.0410906555915724 -0.376050695052535
-0.059374877778919 0.288087749978816
-0.365088541209121 -0.326805875720264
0.079401403279034 -0.376060629279767
-0.0206322725352866 0.107343606501442
0.253735888268116 -0.000797469272939237
-0.00829716109833806 0.194711454389572
0.273927081119139 0.0464515877578329
0.0558938579456497 0.215067461170532
0.0586306067051181 -0.390231011997991
0.0812905981131671 0.200376041084545
0.109622001012389 -0.346470539754564
0.394265478760108 0.0372104305644378
0.155953599199995 0.291830744964288
0.426836126526997 0.00684423541644913
0.186762743905986 0.413206909229541
0.467811054365076 0.0530110303309677
-0.163785259756688 0.395432188886744
0.195325681914509 -0.398943386823508
0.602415782092565 0.0193709963373849
0.543227591193716 0.00510315888034532
0.329138540277931 0.298020852632474
0.219449665035436 0.29967782691831
0.307284643061007 0.51953142627409
0.637933011570277 0.0625451760124116
0.324457205076801 0.382538457350516
0.529145830753955 0.0426485445675138
-0.0208235925814911 -0.328125888607752
0.75826586605521 -0.114633029106054
-0.411883030122929 -0.00319294939449298
0.457209103860468 -0.546273434821783
1.00879579488679 0.0372280386142373
0.905054270796189 0.121212037344443
0.574068312755527 0.539622373132883
0.878201578820035 0.0760195170752249
0.451436114442811 -0.705878978469395
0.480569251580191 0.731874249479989
0.412732802294226 0.719334666500006
0.375054179851837 0.713667268768028
0.213452674716222 0.588249220494296
1.14152311764972 0.0316642036974011
0.601343316212235 0.00670470124420531
-0.115770677969824 -0.786264203069316
0.447107207235077 -0.640063358903792
-0.0757574039629607 0.828582364265916
-0.274862245738639 0.413198265684942
0.127331025856185 0.252957426955204
0.0253496460771497 0.343469695848839
-0.309910634706617 0.365017932480861
0.987738346872205 0.183503094383266
0.239117773338147 0.0276535060785005
0.781026477922034 -0.718997148409349
-0.441701396221857 0.0379161924986645
-0.159096132036873 0.199971820822722
