1.39558330587035 -1.12183472709596
-0.316946694126263 0.47104618093158
2.34957813915765 -0.335073077456592
0.122261319289397 -0.426013149363149
-0.0908588356073366 1.6059236569751
1.04115839329448 -1.16393270669055
1.35697438833922 -0.926091677188723
-0.773467482896505 0.382872452804796
0.942440518521913 -1.11965732403869
0.032258893208718 1.43524482512903
1.21844341999111 0.58152350159733
2.23449259978831 0.903433843011306
0.507331631402251 -1.51424498868708
0.489911548389216 -1.29626285918145
0.679147074413868 -1.0400060184991
1.2363474978203 -0.483761237996424
1.04621669978105 -0.772067642273591
1.63374165230981 0.587998456427186
-0.203973503409228 1.28350665572229
0.890813347183704 0.664389672852325
0.380158112722024 -1.34137611238768
-0.113553234293388 -0.680137215357369
1.47636105275073 -0.358068923230059
1.23024617150273 -0.331360169509126
0.29677884383538 1.42300696594276
-0.930129573509875 -0.66630753128362
-0.947075605466247 -0.577614101236595
-0.477637107343642 0.707517989736251
0.156520735344279 0.894618081371754
-0.343521279034773 -0.846245476576787
-1.06849520232762 -0.336069842533807
-0.672792911633673 0.505587024133268
-0.838118257731782 -0.527253272784377
-0.31906216359736 -0.538720379262439
-0.429068940258441 -0.612494735462721
-0.628577232906072 -0.120770254378547
-0.564963801232839 -0.205462185399709
-0.382250115881972 0.198301301099654
-0.415537749076534 -0.133011275686098
0.110499828513668 0.10830996753511
-0.103867474363117 0.0729184293330774
0.0237047207179161 0.0485421182700999
0.348904714744324 -0.0203381870531395
0.187705488068232 0.36966933405299
-0.0723077121844629 -0.134908823696438
0.227818842112734 0.0616264410324504
0.192489349374204 0.115125401912101
-0.0199424083178261 0.205951423719946
-0.331920824893196 -0.191251158608904
0.1948283941023 0.115690899824269
-0.211268849988636 0.208450898282034
-0.16132295936172 -0.239155167562983
-0.0923689929938905 -0.298031248745473
-0.111834917168289 0.0581940861974113
-0.321569617616498 -0.0643664347049445
-0.383483478474896 0.0213334079534526
-0.224582024589476 0.132335270129153
-0.118919695199203 -0.069905887476694
-0.273390661986227 -0.0684699991059402
-0.328844001352514 -0.147404738121635
-0.232248679890501 -0.0671580600279584
-0.310153609268454 -0.093528493825707
-0.367131571482674 -0.0856164085867028
-0.430086636385973 -0.140449863697482
-0.240587784831957 -0.318091296483641
-0.428489005533572 -0.456096593905349
-0.612611710181027 -0.214902020268339
-0.27513477668327 -0.183484939757311
-0.38815576577302 0.0525594342140335
-0.092349751158599 -0.0564422337513237
-0.261936186403681 0.111500153971222
-0.39523470076923 0.0101160623198313
-0.139535626983345 -0.204489369442549
-0.0845448386687922 0.0957964771847345
0.452258946266056 -0.00652182604264796
0.0306966958949546 -0.0276814849027444
-0.225015019149431 0.0332607710368392
0.114341942569789 0.337786612660808
0.117588661180285 0.31856267606057
0.496481813416824 -0.0144807943932449
0.240080037165693 -0.0108523801055878
0.167918120400219 0.107708022267606
0.11345257054989 0.10768011869695
0.0157235178095393 0.0570366414432775
0.779648569214963 0.390983243382839
0.457347231889316 0.719947805044902
0.613615442769371 -0.296563284924854
-0.0308132724167803 0.472053982894287
-0.292993963458029 -0.0607550376570786
-0.320398166921167 -0.068262817125902
-0.131600167008029 0.466379550727523
0.183850929945024 -0.124192159730982
0.0547156350736528 -0.376196900245529
0.0794268252059762 -0.244641585703752
-0.0493716995310422 0.267414980488861
-0.155798818695831 -0.123144327752001
0.0336439356859981 0.0626699357040437
-0.185766950475413 -0.204168775913156
-0.192866475365063 0.227376281630683
-0.387608899183874 -0.155676931706157
-0.0124627783645011 -0.239861913448066
-0.34963297792057 0.113162776328188
-0.340887414838468 -0.21677208382052
-0.238533584282076 -0.240599734014914
-0.58398527674628 -0.116504617864547
-0.444116067414057 0.220190540395669
-0.427270423529017 0.0731562398799175
-0.752641540628497 -0.243848421727026
-0.0865797282904062 -0.0585743292137056
-0.514644987234799 -0.336381201589186
0.147950538629686 -0.287372258125668
-0.0466261016230841 0.425278656947034
0.273578470812546 0.333622739837876
0.236287395867264 0.192435066397282
-0.51631229880995 -0.0721997240718787
0.0694341229758967 0.29968034342077
-0.500186905267346 0.434056138705143
-0.539593649930445 -0.34754254716325
0.181328524308114 -0.266564783128693
0.387893382487436 0.22080589759467
0.0641604166008873 0.55006899524574
0.519228106047462 0.262514091141099
-0.400180087036346 0.504321695035554
0.624926576098396 -0.0322602243049562
0.444038234104117 -0.386612292020885
0.0381568548776089 0.660603714495827
0.30443932751307 0.717522747490742
0.473332420168263 0.454761306023743
0.156181382605789 0.718435281839508
0.639293138123977 -0.309851725679062
0.93444408840003 0.253446522473009
-0.0242668897940934 -0.035337325865916
0.139068781487133 0.0400841249095499
0.214759475628851 0.211379231815437
0.581808559646751 0.290060538252338
0.520993319044651 -0.238616588572099
0.605760630015981 0.545263811567974
0.397976083794845 0.0753391880222663
0.456975514495342 0.316070441952189
0.950387523030513 0.297770195473476
0.419346081782691 0.316014987550317
0.455200064698154 -0.128486992697871
0.429744307395863 0.201742631099708
0.435264202217342 0.359576279919757
0.426795943038572 0.173912161118579
0.392068181709227 -0.0396590805443398
0.438450666417504 0.112174221448264
0.606332071400529 0.0528745047540096
0.71640207033355 0.293921730591587
0.580446095661196 0.109824282950458
0.577671739239904 0.162319814811222
0.669763508851385 0.10413364496356
0.634385136320891 0.462842735731078
0.765965003650456 0.286755816767259
0.655880893654736 0.39113367007974
0.707958081935392 0.355069182516226
0.765063055809967 0.260636529053118
0.487745179179844 -0.0800284751077277
0.4542508484701 0.188800370576196
0.183888216923795 0.0715513536554318
0.420861065454248 0.305283190597858
0.355728313568757 0.152361390344478
0.579936702403188 0.022021793113291
0.329738174489465 0.584055144677096
-0.0881710245809608 -0.236940552511518
0.364741973252067 -0.0128046911949554
0.365058525994621 -0.0961424877173541
0.354486575339167 0.0184916680499459
0.058827112178933 -0.240588880201868
-0.0374600011196752 0.0209069985073416
-0.332276545858675 0.279761112008172
0.0103040347790229 -0.472208162990559
0.161572496186205 -0.449460170055644
-0.382508157903977 -0.150736776045043
-0.425821255316314 0.406396412547569
-0.0963277741455072 -0.40585357433947
-0.0958069430821762 -0.415280821762155
-0.176993027342105 -0.0294011431478485
-0.127806455623752 0.129782700320594
-0.00408388179201412 0.281878349082537
-0.325575168023624 0.226729066136212
0.283153242889684 0.098700071205742
0.0595763277320176 0.0689820914795112
-0.0194484865038171 0.00122023200921508
0.342262073034857 0.319130262750062
0.110407750599539 0.396956239448033
-0.203222939391374 0.0725705847544458
-0.167739736196442 -0.0915298060565483
0.0052837793832351 0.466851908979703
0.756863605021135 0.299874052960142
-0.272440819075931 -0.0393415417948212
-0.211784276513715 -0.0197629377598799
-0.28750871466134 -0.0834417064220078
0.455757686057199 -0.147499538241552
0.829125513621866 -0.441030461443639
-0.282877215252941 -0.026412535852852
-0.039862454524997 -0.0514893570821488
0.51620111405047 0.822520075909331
-0.24138533279945 0.671964350403176
0.268937427068697 -0.990590714383741
-0.314607965996693 0.164756789497434
-0.654817330445699 0.12855764317457
-0.577351303981526 -0.382743158068927
-0.628252595941584 -0.274194848175449
0.839841469059352 0.00858951412533142
0.318481499843402 0.589119511838542
0.474664589052716 -0.487283053282087
-0.279057527339686 0.464964958698847
-0.378600386684145 -0.1383237754603
-0.451001420735557 -0.216054976699689
-0.273902182046993 0.492074833236459
-0.19146438623263 0.161690827959296
-0.26571435726831 -0.39739362824665
-0.260589103004064 0.22169393558178
-0.0360389762196602 -0.337992496920181
0.0225133062570241 0.0433431190793672
-0.414213470306435 -0.0549950780135656
-0.266581587768463 0.41095116980269
0.263181104109609 -0.159754506684619
0.188882921159077 0.437517234556464
-0.210451742209006 -0.0977895623217569
0.293726060268934 -0.392749757308826
-0.228875017092906 0.556117830167846
0.385362556428339 0.722855482759922
0.882101760154937 0.21817492233144
-0.113709912743989 -0.0671212997309475
0.707087232114201 -0.362607574608805
-0.127374103915215 -0.0126338571490181
0.260207798604061 0.0116780851140552
-0.144905151566271 0.0172601395342691
-0.1756059828263 0.1613601029668
0.0421713141939892 -0.231511229406828
0.183689337746949 -0.406828614677604
0.678801586043053 -0.292556780438316
0.282072751461543 0.14346051367455
0.554275239012946 -0.428926698602793
0.0263150388064217 -0.36421513771208
0.372144124560515 0.175878695689688
0.451715669139263 0.224903746617675
0.0422755552029054 0.585498174265256
-0.0598891585892951 0.111345551188037
-0.572273521109911 0.435893338522967
0.206016326576324 0.0133398001705459
0.228690558639997 -0.525039887128647
-0.945067458913293 0.306719921625734
-0.738525391303276 0.216671391918579
0.384883734806447 0.286695151257469
-0.71931002182944 0.498475794516824
-0.43759145650362 0.35580228705207
-0.159835143171124 0.760552637299448
0.681603166495305 0.201192094934233
0.053275308499503 0.0275474041749011
-0.546624419406059 -0.456975116809038
-0.582834951632145 -0.433768940841061
0.275526267267762 -0.689363731376438
0.296927090500906 -0.73265467127142
0.441518029243689 0.801776418464597
-0.376072971448694 -0.0951081649002671
0.27126908232427 0.693803469969816
1.09722122735693 0.336866009867796
-0.253750560755228 0.975452744671017
0.998754586821294 -0.584835596899999
-0.600131316460867 0.843646621032429
-0.60552214964041 0.879445747263344
-0.759532526623628 -0.316543114088409
0.0905946353185757 -0.639799462369871
0.0773388691423652 -0.49055962957438
0.797007313174488 -0.600401698445214
-0.0512967385489397 -0.865934335079937
-0.252096300141382 0.725420419639397
0.404388349864859 0.550258933339009
0.38240789365539 -0.522195965654345
0.100048099224714 -0.694760047630158
-0.308621464849636 0.684530303657721
-0.491668110566346 -0.0355697945784187
-0.337959688464238 0.533781901114831
-0.602124357709397 0.104326893491871
-0.508090596109706 -0.255771822564716
-0.547499138687458 -0.153018034750746
-0.623487529949553 -0.16823966350818
-0.419951632547318 0.398890075971031
-0.106038013390894 0.0655246592444925
-0.00603494021784784 -0.435220029853801
-0.207013048899275 0.477919672061911
-0.894559883330858 -0.29670125907063
0.388711585747418 -0.391126182222839
-0.0403839068336998 -0.521342705841896
0.234270781455573 -0.46963843079882
-0.705134494693302 -0.428399467996826
-0.759326897826607 -0.280016542252201
-1.08612261097789 -0.224483531303388
-0.287149772665435 -0.915545009695405
-0.951871016998352 -0.113622556612262
-1.01310774627557 -0.286260337277179
-0.576405390163088 0.740572760238379
-0.111651439924906 -0.90366606248941
0.0411168632745058 -1.0142347073042
-0.482299972604628 -0.137147880218202
-0.602118424472302 0.786942851253843
-0.670423294109437 0.783372541219636
-0.796594051926193 -0.15868123163962
0.314184275098792 -0.4920076837014
-0.743217902940656 -0.12504799232982
-0.662146154513157 -0.0557133016488275
-0.227170895250539 0.388375528321506
-0.65704657483357 0.444076053734544
-1.00586656803187 -0.427579214629839
-0.598309629033645 -0.206141697621083
-0.594497734336174 0.377508203395017
0.166855744445071 0.0884048864160483
-0.543278346811936 0.0524239861396123
-0.697513017100833 0.0686614128607877
-0.225974170938806 -0.329595904267076
-0.546979853593438 0.230481423039468
-0.0937618604258384 0.0517504233855285
-0.421136991096646 -0.293646837432296
-1.02410039433064 -0.34099938082477
-0.70334027546438 0.262468191840832
-0.430522445264857 -0.409081828322499
0.0350972972601305 0.186158820734908
-0.405275842764177 -0.802293956947112
0.112365800665771 -0.616199761033053
-0.129603121736854 0.496599085855139
0.0986961196146491 -0.351185793757142
0.06685642987715 -0.132669297138312
-0.611245107979525 0.010572095026303
-0.431375859416377 0.484688696765129
-0.0823512041777479 0.410702995881018
0.0397978061996298 0.65507167968236
-0.211869068963818 -0.535160137504464
-0.11471037718669 -0.341464229413653
-0.390379537691762 0.406985911671045
-0.629744760786488 -0.0596485048860155
-0.538350219472917 0.400677899540021
-0.27521971673948 -0.443307217718955
0.0740407382846371 0.167141014444365
-0.745951646468741 -0.216375634766749
-0.544988243523507 0.294328868647536
-0.373552513034457 -0.606057147262375
0.162554980962587 0.257240022214791
-0.807392643809195 0.245070946594374
0.00236257988622884 -0.531233741684693
-0.306859338904417 -0.420540683418521
-0.298955345684176 0.702012499191763
0.126349390483354 0.0608305421130249
-0.328763122979776 -0.721641171336926
0.142811144268221 -0.635305363679696
0.544529049389198 0.176664752585628
-0.732476437656607 -0.371507949768783
0.714681505901098 -0.229853325519187
-0.82634308335381 0.614551775001648
-0.276961927530304 -0.905769318827088
-0.477503286225254 -0.603416655240914
0.190825685128065 -0.627287236687231
0.978983003480176 0.363405608521964
-0.19917415130177 -0.767124701072664
0.92605543933007 -0.75328943513101
1.04302061672483 0.314416757500878
0.71506498550637 0.211188355617273
-0.121444848846651 0.890727045300285
