-0.10348012157437 -1.01453557302421
-0.205122305990599 -1.0605170070433
-0.490940074237705 0.96828732826649
0.222011796185104 -0.0183523980594434
-0.51617224191619 0.998130214617145
0.526279259420366 0.0319005749621951
0.365706041676562 -0.451842556724914
-1.21801779485237 0.282517292451533
-0.210100078728017 1.20415487295625
-1.52174046105344 -0.497002728691995
0.321578300576479 0.782048420921578
-0.384004028021549 0.882421564670311
-1.33753758345697 0.107368041858202
-0.860389677390292 1.37601864318423
-1.22089258816877 0.122399284867912
-1.31767782945707 -0.231266003726891
-0.372939186728297 1.34348108325567
-0.785391965525557 -1.13193422545562
-1.2463927068201 0.0374170145473031
-0.242244601792472 1.47822720716089
-0.0985945240399051 -1.42101660879931
-0.082271067042911 -1.37428072053346
0.155127446063446 -1.22197064862568
-1.26039532088921 -1.1109865579723
0.743371121957735 -1.58744784301328
-0.290902390298832 -1.50344884632831
0.301507626973479 1.12023799717895
-0.305847370125797 0.0360315626262271
-1.70109446281242 -0.563467255180155
0.514406002312273 -0.733421554198183
0.115968882517168 -0.798932999258278
-1.93211825129102 -0.677158353421875
0.569636348473439 -0.742664528486026
-1.00620695986798 -0.971088035211723
-1.01762496440556 0.985877457197724
-0.407528509488699 0.020299769480364
-0.844927110614193 -0.827951005532604
-1.54840835600854 -0.433027695598101
-0.0124595563589278 0.372714832262735
-0.842543262893379 0.404457883303606
-1.55646951764652 0.0171958702846151
0.273398118339948 -0.240623038760719
-0.382542291700936 -0.810342504637112
0.157278309150847 -0.045635528297156
-0.359447872801496 -0.75262493729071
-0.288053591449535 -0.733718810497929
-0.399787137759116 -0.685343619608033
-0.92058757501946 -0.686965096646752
-0.818098113822534 0.717785567682611
-0.123786208368603 -0.0249578521999121
-0.154269322437185 0.0205719548150128
-0.3564212411884 0.209531466866364
-0.245997485173211 0.399780470438502
-0.84670084230049 0.00173981918142427
-0.0824693867656867 -0.471287352277749
0.390326554600476 -0.2083330833538
0.0812215896689936 0.298636038423739
-0.157920337047783 0.286388553133243
-0.181648966022286 -0.523906254107483
-0.176465376218446 -0.401632978091602
-0.025445594213956 -0.14798236023078
-0.738045028202582 -0.145345308532345
-0.432638248592077 -0.484451755644647
-0.533027056663774 0.110748062935027
-0.33982655860682 0.390734265383341
-0.34690042292106 0.062103364868085
-0.806431650384131 -0.0757280263323283
-0.54140671326228 0.342650752885655
-0.469873403548793 0.400049513570883
-0.241270501550499 -0.0285538940042598
-0.659863795121413 0.317032958131491
-0.0642623530212937 0.0300307380979742
-0.704434087277872 -0.485412893383993
0.12888935765383 -0.0502276120812738
-0.348890494241553 0.20724722408656
0.323568245104321 0.0358250134507053
0.00677793627755112 0.624791130202241
0.531944757939375 -0.116275266467341
-0.0614451297594201 -0.489602840410369
0.604625908049335 0.124743039120281
-0.0813365125779975 -0.710136885896718
-0.314737873012639 -0.743249761117982
0.0640021150252803 0.654349586474058
0.206824754882207 0.409366839916541
-0.362821621230227 0.35398226926683
0.684945159423602 -0.423461037907877
-0.112208143058576 0.28225829195779
-0.279738635285442 -0.109773134164865
0.130900420397552 0.558823154673172
0.60798268641736 -0.541713197035283
-0.215435288277116 -0.016419983175293
0.0546468405290321 -0.478069635588255
-0.21520723920259 0.142618971577349
-0.376895003472998 0.140230431944531
0.017687543308399 -0.514379802848361
-0.118668048885786 0.520939636075566
0.0560580872373573 0.140661594608568
0.0463378649228678 -0.252740424872437
-0.25750288556815 -0.0783963475999985
0.095945118781546 -0.000529764849425424
-0.14349525452582 -0.144520435687366
-0.0853789175872167 -0.0834331122262748
-0.206390610232641 0.334967913304679
-0.109591687758808 0.262252112609296
-0.508887207409378 0.0199169570195449
-0.611293982849071 0.141490677570662
-0.402681458282525 0.0460889100110607
-0.462936591220015 -0.0887403765012175
-0.268589408431188 0.476582561204524
-0.243134601611366 0.225687215838895
-0.437242027432813 0.289060373725596
0.144766070378198 -0.477568801887515
-0.156484156676518 0.546942610187378
-0.354082391600924 -0.304840447545936
-0.563840901837393 -0.381964012521319
-0.852178227794441 0.0346519271025814
-0.804747744710779 0.159966041363189
-0.347636903353762 0.833484840993173
-0.508314286326042 -0.646427150712923
-0.353479671901853 -0.493177084473952
-0.804378808736664 0.0602851204347861
-0.294344626672453 0.741654825104521
-0.289217420434053 0.74934085610076
-0.501441179905988 -0.540544058171584
0.507578028588005 -0.609915897626938
0.456283824769236 0.615800489455847
-0.58989514994014 -0.0409839131483895
0.112428936584949 -0.67209476483975
-0.673152523491761 0.239738833285314
0.681304111665374 0.518897041126719
-0.52000552477497 -0.156618550575837
0.289706313441875 -0.626133770324636
0.501632231592832 -0.210751383219554
0.0303725977462112 0.323746558606638
0.914288637275567 0.221095182869694
0.52312778359732 0.536118286727377
0.725971766294019 0.0316145452127068
0.625709638648643 0.455036917691985
0.452470686847084 0.343184197464834
0.661242000482577 0.147757480235087
-0.119581581996019 -0.547020420833835
0.336619458612434 0.468872568938692
0.262216058472895 -0.47510479783386
0.291445935890577 0.329466818559938
0.229115904989534 -0.507204226115006
0.0830470807621395 -0.566467855068099
-0.54264517934807 0.031461267300723
0.211681730389583 0.306460819733726
0.0873288021897329 -0.55034250699077
0.271861764999974 0.0269828728624289
0.087298515599955 0.184789835284511
0.291379183482366 -0.0376344437178067
-0.670844125466475 -0.153842945784394
0.0917437474534582 0.0208538579577541
-0.156832011217573 -0.41912352462259
0.120166810416297 -0.00885249668588548
-0.668007650841099 -0.109740270274595
-0.787004659036261 -0.371708373636419
-0.8775917159908 0.0164518996237883
0.604697910098383 -0.160637866891583
0.746163279848805 0.00111517395079471
0.360665922208155 0.759901613967949
-0.344790709546098 -0.882925032828638
-0.377674373939351 0.999026088147346
0.25703848176993 -0.840043960404878
-0.364279512006148 1.08210791111961
0.202723379402722 -0.884628718899611
0.752260149039507 -0.285464348901363
0.752414098465531 -0.0203840409946195
0.693836577644964 -0.135146552420598
-0.465076826133089 -0.42130319842508
0.281349729689757 -0.951388356892482
0.32757425188651 -0.909550968771634
-0.682986944019226 0.00758817651498149
-0.62673362078556 0.0120591811376978
-0.109673312053035 1.04601896130566
0.266175295438985 0.567162145872605
0.0878941260774979 -0.847146865761345
0.236731221875356 0.48049178412834
-0.306511850012598 0.649600623201392
0.601530424059627 -0.160197803632266
0.380372799680847 -0.687186388586707
-0.546398710417671 -0.0759303066536071
-0.0196772170142452 0.787554478439104
0.5656878393217 0.242807464356112
-0.118051298037662 -0.647295449844704
0.146173373375047 -0.369657345745981
0.225212643555694 0.265441619517106
-0.0132343266263186 -0.74875754458162
-0.510402479796332 0.00657193312913187
-0.185374025092738 -0.695036970753495
0.249031566941 -0.289726455211227
0.571859917842081 -0.497503222855481
-0.480791682766681 0.191091151520608
0.371955047121205 -0.466513172743093
-0.789437499379677 0.0334236457420093
0.412451230623083 -0.42429135051053
-0.426187750138965 0.307145767492747
-0.234838024133064 -0.419899760576929
-0.543823262192689 -0.280091798874186
-0.682046082696466 0.208493659686144
-0.356719471655777 -0.564958612837422
-0.0465896090331509 -0.75125885342257
0.164966949981771 0.181333512197832
-0.477937892933499 0.460151357718871
-0.687087326755197 0.195146585140189
-0.552221149457586 0.257419552979769
-0.207272907461092 -0.690688756849458
0.227579487660785 0.124201079735208
-0.0694044795380053 -0.697336490632019
-0.307822368175526 -0.582156640522193
-0.134764325040498 0.778421525387309
-0.108391308515827 0.636414871577813
-0.0433712345950875 0.618358445146575
0.411047818730744 -0.0279414974339599
0.132608379401503 0.053156690372445
-0.4022052127156 0.666826753914286
0.113152088645924 -0.227331897419325
0.102910506812512 0.590913741593899
-0.543391819518986 0.094536037809953
-0.797539895739513 0.00243526522706754
-0.802409050914518 0.204056347595054
-0.0772774276650753 -0.25079145981021
-0.567446268730093 -0.595164797517258
-0.23385376230693 -0.222268176844023
-0.855625532536413 -0.338748430580033
0.15148734210132 -0.0546752334761573
0.478538278248023 -0.199776991251486
-0.957237824066911 -0.361748951057383
-0.092862704816732 -0.702549392361413
0.386611256301722 0.0281740547495372
-0.722447156563965 0.793843443137986
-0.539172129814701 0.236675785172726
-0.610159963674335 -0.342148225096436
0.302329693771166 0.108319972197488
-0.024896891855386 0.154231488103403
-0.343438794206249 -0.293336913864354
-0.578081314137105 0.252526676273806
-0.231494333340371 0.044037710766996
-0.0739908371026772 0.135424011553281
0.33414465371069 -0.038408015704756
0.0874582525553709 0.327438398484045
0.106551248586229 0.31426796816405
-0.281700129343078 -0.18123927518315
0.0464669781571833 0.315401124994855
0.143729170534346 0.328287942636244
-0.0787340734550135 -0.130557870863169
0.211787537713476 -0.239305013957569
0.400519919496812 0.0518323215833418
0.10992162010294 -0.149239089040413
-0.10886145241354 -0.518426605679451
0.025852081970758 -0.253570689121578
0.628148582302445 0.0559304699702843
-0.111456627292375 -0.172940577984497
0.372023549589762 -0.239950931641287
0.0057797160257904 -0.084962434500383
-0.0900476059860398 -0.0109083767634131
0.229369802721559 0.186991682835527
0.257528667554543 0.250738906485003
0.10627876722608 -0.285693269534161
0.661296057333934 0.110515903108558
0.688940863211928 -0.195614687464951
0.712122278333497 -0.481693209286234
0.357485446584731 0.456062173093103
0.388915551209124 -0.521922423269662
0.52257189709933 -0.30609760574665
0.280021459495831 -0.630872247389629
0.72175754206768 -0.370320855217173
1.45046356420856 -0.0275676700088686
1.27656099235734 0.328394938889688
-0.436930046956228 0.0438462690999036
0.244345618813701 -1.04940202367017
-0.371710290667004 0.134307926879309
0.556647318474885 0.88393407986421
1.67453036077125 0.0995604438471556
-0.634688073944413 0.233956949523152
1.01139096218786 -1.07000053529781
0.720082485942333 -0.426378999509466
0.77421452905166 -1.1166399888792
-0.751495604566878 -0.914937129721314
-0.275835832172279 -0.969979193511289
-0.20715359887764 0.0536128781005949
-0.53460489813599 -0.223891094758471
-0.483569993322409 0.31446713818322
0.711424849556017 0.493709378222531
0.275677324010366 -0.527198520894213
0.95602080672407 0.0125922442342348
-0.113145064429487 0.282391573042478
0.593578336922817 -0.0156303593138913
0.529745169714923 -0.413060934976255
0.190066908354817 0.179154867884121
0.466707327419107 -0.334394313437802
0.0556808685856711 0.149420414855936
0.239459554476107 0.611259961767447
-0.181272725645697 -0.0089168944281457
-0.191041382931582 0.107817471019934
0.144210821862226 -0.702955779622746
0.851549120439858 0.635824948063197
0.203491883504545 0.866932303967185
-0.426414664542157 -0.00344954635605571
-0.438819274849666 -0.0201419737276353
0.21226359798646 -0.999243392050706
1.22679825606239 0.37045644944683
0.875690387894206 -0.802152762480544
-0.15598388557192 -0.0228690966460146
0.325488403574517 0.769715367904749
0.86728865753087 0.413689175094562
0.436451006074297 -0.393424758648277
0.413977274509036 -0.14118462753492
0.048376504447094 0.0471446489168857
0.831644035447659 -0.314582148136274
0.55125916934532 -0.181003738954388
0.369052561168704 -0.0287138307145905
0.638340912870135 -0.101530188755719
0.323408397267407 -0.00686116264939642
1.08043704773594 0.147411434399436
0.781212480745475 0.037740269416811
0.846229086452657 0.275730310968268
0.575460193362512 0.293171068008639
0.492746876232359 -0.478432608457577
0.765248994771866 0.0063198342694221
0.125276999928724 -0.195517484291886
0.399198071477059 -0.436648643424718
0.266793749024831 0.26810970873574
0.697453716207271 -0.0193139952999588
0.708218731719262 -0.0296967133402359
-0.156738888098251 0.602458587819391
0.806809521639501 0.0145520096186832
0.715385967285356 0.0399701916182824
0.642515001170088 -0.00687023326670389
-0.42144124386598 -0.0992341760946662
0.53062218048632 0.731567834034437
-0.407224101510221 -0.225657321533925
0.902965656512562 0.113758572758908
0.378889060457677 -0.641401302374937
0.458518852190259 0.649957222726099
1.08570555396133 0.333033260316881
0.197540339433318 0.0876290631660584
0.00970628914888284 0.0220072710574268
1.08319820140295 0.598402370508102
0.272506303338958 -0.0937477290103548
0.173106485258329 0.130162056133609
0.135346748163473 0.00748675836949362
1.11550887751876 -0.514942888089519
0.40846369111948 0.0328855235769105
1.32247607600726 0.0522521196541137
-0.00165523305182452 -0.0171108451444411
0.81594107460587 -0.46852298049676
1.10201402397073 -0.402603089623153
0.726872211484118 -0.599133945324106
0.311917283395298 0.97261760405894
0.740370018028788 0.529226514387442
0.378311814614245 -0.719327968923199
1.04622222683858 0.904707116004757
1.35551939882411 0.300643778277834
0.442030834735809 0.876770833630651
0.419102047061182 0.804059202991605
0.831987462995923 -0.60040960084754
1.52598458600227 0.238215032682426
0.498626360437526 1.06683903740884
-0.132806371101993 -0.0125357816817023
0.744556684885827 -0.507128037021107
0.758422099067688 -0.628615657240581
0.335580275288284 0.884191444965635
0.257282344403388 -0.746223418840416
0.65944358843116 0.0296508559870151
-0.0609952111693428 -0.100833278729741
0.722779398148765 0.32259202515216
0.249058343107288 -0.48935211292684
0.290521067391376 -0.392426811825835
-0.0648951137571942 -0.198838221379713
0.516643287293827 0.167469711864106
0.195602475291682 0.0771785387686053
0.271842964946423 0.00482297793223436
0.253813882795746 -0.0257539917264276
0.205238182519334 -0.186970276991902
0.0269899963807783 -0.0890934605034475
0.147822673118342 0.152296277138548
-0.178325089375453 -0.0567372529960384
-0.0598173327207491 -0.0398176698366533
-0.0687984198806412 -0.202105910030209
0.171042985329275 -0.206883095335247
-0.119964762858706 0.242836025741322
-0.149728020697707 0.361797277768869
-0.0234243334121486 -0.0630240211411638
-0.50379767037276 0.161606399197467
-0.300757557800563 0.377399271692743
-0.382743316941757 0.184284355143062
-0.361766741167007 -0.0746254469295526
0.023762754791273 0.0221513041197253
-0.252005959693617 -0.178675256022213
0.00668943395772006 0.12372536761902
0.361558263058335 -0.0755367619291436
0.449016141500298 0.046885323632645
0.432376042577898 0.0960682586517301
0.42267663678817 -0.346029219996217
-0.25242681347753 0.0655250898023713
-0.0086306498552308 -0.38099728001701
-0.0270361692025355 0.369408498305236
0.246228828235286 0.252527951762776
-0.486257374400353 0.0493230090064542
-0.131060425152733 0.311132291362045
-0.216422472594266 0.0428287892554798
-0.315434660821139 -0.0335601091075765
-0.222321957536064 -0.0553978684904496
-0.333243624380375 0.0377438932501682
-0.158274747053617 0.0659232351328076
-0.418348880220275 -0.171850101570506
-0.27643917874474 -0.193049077139553
-0.2160471264008 -0.0107167402856634
-0.353434153901511 0.118959618723049
-0.227882371421696 0.0758532245873551
-0.398803167864608 0.183749873397311
-0.616608192229596 0.023908492729814
-0.280016461968337 0.0656582079018758
-0.321668741668189 -0.0566352307322068
-0.359394123579402 0.0775859523531311
-0.117966369188008 0.0360905382995953
-0.257985833773142 -0.131555303745798
-0.0752191123866326 0.0814459287308109
-0.151978716904258 -0.100434362529509
-0.070942522902014 0.082112597466146
-0.0614679929133154 0.142325632517565
-0.13428085540304 0.017388002152112
0.0345023161639724 0.142128700170167
0.00522826208887942 0.0133520400652259
0.00574425357365391 -0.0417903575779388
-0.000869430683537894 0.0455164626518795
0.156058432674227 -0.0685609796444497
0.233462341259 -0.0643131106354725
0.0141426077167068 0.0377781809644583
0.473044959553118 0.177266348126504
0.138006922457664 0.0518314494346258
0.124938976480228 0.0260154976320387
0.38475392309477 -0.201606495182227
0.36179827174771 0.0483932723384528
0.282788647346899 -0.0798888298925249
0.320786588957789 0.116133643437224
0.214864931894427 -0.00130212259577487
0.493064093250095 -0.208225616975477
0.397617544521507 -0.0476338153885275
0.349321229843627 0.116004057793406
0.4283750709575 -0.0990975680841031
0.362092020544887 0.125109267429459
0.443139983524682 0.0452166387918665
0.52558492313213 0.146763455045683
0.640737495218571 0.30368157484962
0.586748374585929 0.201878076166779
0.422910850262557 0.0234701435054741
0.227174950603548 0.0512078721422114
0.724587809148596 0.142537528204441
0.582520952907431 -0.0384255266015014
0.620311104139921 0.0231477113006132
0.436122916893277 0.33915920517145
0.425621622121662 0.146533144939663
0.0616016465169485 0.412468186101935
0.165198755346512 0.309609411138089
0.249521383820387 -0.209447989656577
0.366395040368859 -0.131457815272189
0.294313695157056 -0.1510416359987
0.549318603775426 0.139873378873697
0.412359039722214 0.0213975718855768
0.252936308636308 0.0230584396130496
0.269576043827205 -0.0155696312454612
0.355172649052784 -0.0583208416464607
0.310652230419064 -0.27534518987242
0.21425984630679 0.18605043922656
0.328804531752444 0.210129308157191
0.212363008256696 -0.0653041110460929
0.113165452148443 0.508957284890489
0.622712323989514 0.2027557216825
0.534242605387633 -0.296764458150349
0.576015430838678 -0.377615031969519
0.673670831862284 -0.0706182131197182
0.79787803678994 -0.0127350594048682
0.682848753882007 0.253896181557336
0.414070030515344 -0.259148013012563
0.492399530344944 0.505927837559104
0.268050627206375 0.178182810027941
0.431802132876168 0.40093249186552
0.304979833343816 -0.254117653264134
0.454229757764572 0.154217954924238
0.17896393176266 -0.020080999745381
0.303078386245483 0.0514734032459005
0.154436488796483 0.0142844633731928
0.232101104928195 0.051262712469998
0.221771984662898 0.0712316553686218
0.466967090906122 0.0890342768890175
-0.0158187752329113 -0.0595438104387037
0.0971741845798751 0.16671783763212
0.245085862916745 0.473989872446107
0.940820805060392 -0.0694364589105939
0.737947758414711 0.357374132861162
0.409543416425776 0.540744349274914
-3.29612759190495e-05 -0.14526058938408
0.170158724601334 -0.0774524022171442
0.952752846118444 0.454995760736299
0.07846528670689 -0.0688072030335379
0.723499628777573 -0.553073895040727
1.03631341503303 0.591080424024351
0.1468342111648 -0.0492455674588765
0.853603518236446 -0.479953712112143
0.867467658650632 -0.37850805264626
0.9026400014111 0.237119855744486
0.774954628678232 0.13323301768975
0.503473916913505 -0.166590966975153
0.807743549991795 -0.204244605933761
0.490479225660514 0.394124189427825
-0.070034180730839 0.641837973764728
0.560118414363333 -0.605659094099385
0.00136654809573548 -0.603401072764172
0.410553926649206 -0.464257756878829
0.459066601505378 0.186087376093071
0.0401245352234094 0.223303268919498
0.528268139037639 -0.305329679709036
0.722455478330447 0.373420938350683
-0.112200997226284 0.0996876055904779
-0.178553491945948 -0.077670689567279
1.01452965835344 0.193423198947865
0.301801403979124 -0.481728389352416
0.606490131224389 -0.3996830851058
0.456098397620543 -0.357317509379197
-0.258854708436542 0.02731714577403
-0.399382754758677 0.0328828729417505
0.197275767876305 0.811889643963139
0.8313941246207 0.748918806882839
0.623985326431759 -0.116907022504658
0.455404436775276 -0.593214060023307
0.514253582515314 -0.703785861130425
1.1203634268004 0.514364322546371
0.269058685560784 -0.75191504055026
-0.102230894567519 0.292638671795617
0.332527987684295 -0.450734526622675
-0.158974459220227 -0.251554709248475
0.139684017972012 0.231758780289367
0.35268028089827 -0.058525564697676
0.571538982018407 0.0437441457284364
0.203613564763401 -0.317929702016313
-0.033788376327347 -0.264050580427884
0.0549890995559492 -0.346455168587017
-0.320796117506233 -0.372473042375749
-0.477619023815474 -0.200606112772998
0.0475354743287529 0.043164003844312
-0.737060035737431 -0.20308363578931
0.0101867681877857 0.70023476432265
-0.350552322373428 0.727660574044587
-0.762705291513948 0.764020976480539
-0.272853261371043 0.60670203819916
-0.0414982244349219 -0.0994725207548838
-0.881546441502048 -0.423447653048407
-0.236004559518739 -0.0225728113907798
-0.31652622059737 -0.105581479474997
-0.207367453784689 -0.410088254364112
-0.143444651476021 -0.0283429522578966
-0.528150200112438 -0.302161264691759
-0.515328846074641 -0.00337013855716183
-0.427164388987244 -0.243602112510479
-0.000817853625123075 0.00114725695324045
-0.689225696937409 0.411204777635785
-0.836730576210507 -0.0733264080713307
-0.487726889726624 0.525933766086966
-0.443379525755797 0.474340250933195
0.0914732774033996 -0.0170576547029108
0.243101667188596 0.0378891888061303
-1.33328306577635 0.0364682492514969
0.342578528797755 0.0944542852155886
-0.314651989888007 -0.404857546274731
-0.0646939639416935 0.542263834248454
-0.532355255880349 -0.581926349567238
-0.25140395517448 0.409652989146545
-0.408070136782357 0.105829683696922
-0.441437288381731 0.0952647104226041
-0.517782654092423 -0.0602375513945363
-0.333168577182866 -0.0881778858242548
-0.378010844739458 0.0296651692221937
-0.457520545846526 0.0399181926827796
-0.445168943005817 -0.0267094770601798
-0.331845331185174 -0.121013434194578
-0.333522454180159 -0.243299661046322
-0.353615194709766 -0.095003468838633
-0.251518923301978 0.109639274475122
-0.17542368931048 -0.180189625018059
-0.306042621174355 -0.137471410101212
-0.233378728073242 0.225774226749123
-0.536420269817703 0.3604888493249
0.18960840344843 0.0916226204771236
0.250925895556181 -0.0181608601581693
-0.478239493221883 0.495872369456346
-0.22453168277213 0.505218277494229
-1.1590926283117 0.132532884382653
0.168538270439792 -0.112904665581
-0.781653075145073 0.497583998811324
-0.37689672978972 0.296148568510361
-0.185102354345247 -0.583519838737501
-0.615257699098617 -0.203800246351408
-0.202497317031235 0.222931841655808
-0.0864050499429149 0.235860240953234
-0.0681385691143657 -0.354992475713247
-0.304215488750365 -0.0691020806572268
0.214004270145411 0.0741725059265092
-0.162849751540789 0.218807484248117
0.00224773954206316 0.17610648914474
0.207104537638498 0.160164851434706
-0.0434615058887462 -0.132177597661611
-0.0664104450232647 0.00733804570084707
-0.212732551776344 0.106495411876279
-0.249358845211746 -0.121341495207738
-0.0118372234885004 0.17642417969111
-0.321652158673937 0.0813203815510573
-0.323156241874632 -0.146108407434098
-0.0412813264487401 -0.027307697075932
-0.542927591721632 -0.0473094103803173
-0.199090596585954 0.400912544900757
-0.533829741864353 0.0668713602022107
-0.682217140689379 0.145035421350534
-0.0670652669566319 0.182454886855865
-0.624533123797098 -0.0205066506857028
-0.969408165006456 0.0291594692919026
-0.484766944547088 -0.277568484223141
-0.481957790986238 0.410951063441758
0.238892232923702 0.304281012524549
-0.194163388890422 0.534056488081039
-0.346614055298107 0.335781584028353
-0.311686362651543 0.223562486728077
-0.114092324826521 0.491389906202088
-0.342605789688719 -0.190902969408198
0.169993455661273 -0.504508523361772
0.441511511300205 -0.0424927201943299
0.546347352226607 0.0902070492653379
-0.250391109165888 -0.488978323015891
-0.173902086060445 0.531369198911393
-0.347486716314378 -0.1809544088774
0.712086381795451 0.135127932012265
0.567745832526474 -0.1426973592826
0.909919969553224 0.524135619205561
-0.239435980469716 0.295364466239346
0.215488432693983 0.96619438338612
0.993827570624066 0.108026698050988
0.513651327058898 1.01588274329507
-0.788850745258378 -0.211823082197496
-0.15409436178941 -0.985215250736645
0.87967977784668 0.331298005535463
0.551120731849531 -1.00223609917958
0.695375671772561 1.04228653608161
0.393499605587128 -0.826681365521707
-0.479085628784694 -0.675455507189524
0.921989607368607 -0.162378120687197
0.885479696022791 0.191581695320958
-0.0931813746670633 -0.817141526008493
-0.362916519008953 0.769914928539323
0.0956363826412779 -0.943305922088021
0.826527952248903 -0.361924763502202
-0.534855010205819 -0.516048421813174
-0.312607156022014 0.970461735095179
0.419419780543657 -0.248363681106587
-0.0772934088716267 0.786689609271324
0.247247007956839 0.381000308170354
-0.176594423749859 0.831424214007762
-0.145158929576723 0.728704125245041
-0.242463719891825 -0.641573887714334
-0.67687278325271 -0.790911002274437
-0.27847690477566 -0.365462116769769
-0.00887826579363162 -0.771987245245606
-0.131739261761302 0.663525101587744
-0.543267246949931 0.859739930396723
0.785620392025791 0.117348264795171
0.247903158371844 -0.815834662030485
-0.424407489957953 0.797443228846831
0.294502806852611 -0.84853985338223
-0.611264104735014 -0.454220668912204
-0.928396332495257 0.0106607662696795
0.187640453914512 0.646170890477188
0.498904047633993 -0.00791602412981804
0.125791955864499 0.709080728442785
-0.250923421635089 -0.576549462705415
0.466015352463755 -0.305434257854405
-0.0386567349918739 0.0589656088032922
0.0178963303494161 -0.348362483042172
-0.440105717798656 0.00445235080013595
0.623299152110675 0.511100543440986
-0.665529259072049 -0.183951164152037
1.06247309712499 0.0146323761091092
0.880565656859692 0.0349859123504601
-0.342407680764604 0.912097431963607
0.309615389436306 0.483748554379819
-0.402021874245256 -0.501848653088886
0.156425715297431 0.572950727034461
0.0714761140184832 0.457136746487664
0.629500399059645 0.00686618916492847
0.649846354475133 0.0591587777096819
-0.557647045459418 -0.105783694403543
0.288349419047575 0.387648891620394
0.35452932627799 0.533670850511691
-0.0994359966341599 -0.561735841374646
0.467657645055521 -0.556107495986717
-0.0639367507792594 -0.28105640913125
0.374836508288368 -0.685819066554002
1.07800977079883 -0.0187318440736239
0.549417535726287 -0.509638101218245
-0.178782523923493 -0.612882506430216
0.655562171779388 0.825164578105472
0.79902944639207 -0.204614152662057
0.173735603080212 0.320982917214075
0.948303728088207 -0.21319656071417
0.868082863254932 0.903535103966942
0.755103246482241 0.634973301171853
0.40890066094821 0.97916021249631
1.1457973021812 -0.495582309582269
0.11461131152409 -0.873434963928212
-0.0100329587188924 0.333329771176387
0.382175823885265 -0.465819181684193
-0.0723357751462366 -0.224774781489855
0.453641651703691 0.169596875299612
-0.185664203700396 0.202876574253561
-0.090945800842473 -0.0466038567841858
0.254856357081905 0.465643017418458
0.164399675970686 0.554205739974384
0.157773246654417 -0.42258494915861
0.0710182338470901 0.481650387258636
0.693605196258927 0.389005504363932
-0.2968618128465 0.112655227942259
0.476002754687606 0.28961052796852
-0.0451304310908581 -0.626015625402595
0.514163133955213 -0.621936806262412
-0.0112850891278709 0.64602294080224
0.293929413889152 0.368024370457977
-0.345505030653148 0.0299260149154263
-0.579401943619458 0.0468235565279411
-0.0883733029229906 0.318913408686288
-0.00266008727889548 -0.173052809697108
-0.281157637435069 0.0470512711196869
-0.0952566674691152 -0.308522006088514
-0.464194342856595 -0.0553587029850927
0.010340549955434 -0.221624364046973
-0.047789733972537 -0.131654552867739
-0.177220188004442 -0.124955204601614
-0.32957585770437 0.177702207998802
-0.60666934462019 0.0528486148901331
-0.480291349303907 -0.172105495415768
-0.461377368985577 -0.300667987532948
-0.189151942583817 0.279088059935514
-0.130064897291789 0.00981379470862974
-0.415692760075672 -0.17758226246327
-0.187317311837907 0.302254044247049
-0.792714133377678 0.0416548677395457
-1.04387372119183 0.0341568832749827
-0.714543197820379 0.22592209176691
-0.648863749067607 -0.235034598863235
-0.562649308542969 0.508980438832016
-0.312097870155254 0.0956321485767091
-0.491302783277305 -0.4948283347093
-0.215352893943867 0.0835344457833632
-0.308417787177743 0.0354721938013758
-0.641396094441551 0.192919550135905
-0.491576173700224 -0.27526089483472
-0.59245414981967 0.290656120539689
-0.475465999207564 0.12923705622566
-0.623070447273534 0.252660405376719
-0.464283963963601 0.0629040520576823
-0.407376088275525 -0.12893240263157
-0.567684417522959 -0.139789494287862
-0.849439520128001 -0.0523088645721086
-0.730568016040346 -0.0965992101735544
-0.806173148046177 -0.0419159162953898
-0.653460240503364 -0.116463624913504
-0.774367998704333 -0.173614757941434
-0.481695706831316 0.162763132159025
-0.605663408833034 0.336111879169048
-0.195207879580768 -0.271015673797894
-0.80293153215693 -0.321146173792655
-0.245107970101609 -0.427257085745736
-0.434748597186149 -0.386243292409332
-0.64386691544345 -0.219621687657226
-0.33032657911359 -0.426900619855171
-0.195129341062688 -0.596885255926241
-0.39357738997513 -0.705494116500217
0.282332501569941 -0.2205830822458
0.714293991297448 0.188150511727065
-0.0968626027042477 0.718385028044539
0.147429588837257 0.758178816876543
-0.731892599997921 -0.0329832126810075
-0.105892714095706 0.84912548241276
0.706476182596097 -0.247224723375394
0.658413195625762 -0.324170433808862
-0.13891238754481 0.0539271868976266
0.260527820071672 0.390220532075429
0.289640085008648 0.114283792201083
-0.30169486718966 -0.438704242595822
-0.136141306797356 0.292345919605967
0.305531487495507 0.0993931770045269
-0.763816250517304 -0.227446073986759
-1.13189397378744 0.00395266408698858
-0.77826348449054 0.760310492428547
-0.29519439423977 -0.797785965485527
-0.469111095759056 0.738035595667315
-0.18755797573381 -0.802761065749005
-0.738997183146114 0.608458441656106
0.00795827707052354 0.126084557764799
-0.773326904759302 -0.163332618421051
-0.0833952840596935 0.33007955330966
-0.0917831577891622 -0.382940601272083
-0.0418046631222956 0.262360427851017
-0.127683994219324 -0.00755263644568261
-0.111047046909261 0.678054347205717
0.716452488401189 0.708100989038918
0.147179067296955 0.6612702302601
0.164198157300925 0.752869988064878
0.725802074928019 -0.78860709912116
0.0687644818114691 -0.813397476529238
0.443393958945347 0.481425017370862
0.31668565279245 0.677150915860025
0.648504081303457 -0.455089141861138
0.595492443882356 0.410996077235777
-0.0732685423832299 0.545943438515841
-0.215338213472135 0.542539909704349
-0.332230581341144 0.27231425300451
-0.326296511435379 0.216063900668244
-0.830246332190714 0.295804241986491
-0.366578838159775 -0.551908995482158
-0.448835856679988 -0.542338847512708
-0.145891723394841 0.368889695988663
-0.106638942924501 -0.762108864723918
-0.232308075370673 -0.347880708037767
-0.216625058486711 0.575182680760432
-0.986095705222549 -0.154350711030914
-0.990574858704704 -0.390772554161123
-1.02328581094405 -0.543563941510943
0.20647957503985 -0.201429369588061
-0.394422535110376 0.569965665818003
0.516956054405263 -0.226802574588104
-0.0678146354281285 0.611748058177786
-0.661703617690262 -0.486574511612624
0.484641299955532 0.267445015637148
0.559580085119282 0.155091816312919
0.128157254589697 -0.773930860365715
0.613280725015268 0.101485480475434
-0.0995980995315921 0.731232002631872
0.15143774675647 0.633121255899067
-0.450546931391776 -0.918565030564307
-0.782348658658784 -0.291536715779285
-0.839762442091938 -0.419913947875851
-0.637807401505754 0.12761784191075
-0.183911818797411 -0.375542187422368
-0.824549846700002 -0.0255177089956835
0.259384772715218 -0.628608878224916
-0.663848115117359 0.00438433034960911
-0.685388472933089 0.038690825130738
1.04785119808522 0.00929484303635001
-0.167940643001935 0.85174567165713
-0.350162514379343 0.88953721220686
-0.0772738456130519 0.859318675618598
-0.597623613733361 -0.310941212307109
-0.60950806568955 0.556150543328107
0.884404100254737 0.280982230821182
-0.922195903019424 0.35582131584683
0.0272403960157313 -0.641886777119994
0.608278518435008 -0.706390487303055
0.00762449818233634 -0.786536029220528
-0.518930291799606 1.17810399287226
-0.642082982727819 -1.17828797218176
0.187859389122902 1.12355010819874
-0.416859251337396 1.15214171580287
-0.570763509495296 -1.06568652321345
-0.750734024355018 0.0263857689391643
-1.09905352874347 0.781319708353135
-0.823211345611732 1.44396547356351
