-0.178769252810823 -0.871424112682047
0.652213473414166 -0.605032758246655
0.266969641289654 -1.04815752581089
0.614900073207156 -0.300722079146371
0.673850222147301 -0.267575214994032
0.0989818486215486 -0.0248269591918659
0.355461864714669 -0.98226992992841
-0.0221398699023422 0.0436835365230462
-0.13986003430601 -0.986597913916567
0.996754578139532 -0.158958637879944
0.808803349004067 -0.254474296622125
0.683516799343274 0.308747838462359
-0.194421007656914 0.399655807128754
-0.266500311335067 0.324732808560678
-0.260344919175344 0.411101550760262
0.519659933407121 0.457756848939688
-0.255176222747199 0.572630444069824
0.854232106697549 0.039301226886409
-0.506032688830345 0.666458982152533
0.339079942590318 -0.452980002470773
-0.37293187627185 0.67548686125461
-0.511066934312774 -0.423454707169574
-0.620202798333571 -0.186212347103894
0.530591536811583 0.283559837056891
-0.387188454730909 0.668737132626039
-0.416955378611822 0.727093754723947
-0.0763759275251292 0.510995131818671
-0.325491465476656 0.127570517416514
-0.0231151397438197 0.436763047315399
-0.202173789474895 0.107387830066786
0.00421166416003992 0.38260538773697
-0.402599551217008 0.0928049159438552
0.209161988799684 -0.121501309072402
-0.332717590333586 -0.213276189716499
-0.168332151613095 0.485630619006277
-0.0630235144440196 0.422022070999219
-0.0731137107996317 -0.0361543675536273
-0.484234139215265 0.170380093309854
-0.376379369699786 0.233319441344918
0.175453988458484 -0.24963181139493
-0.179106753629279 0.858676251051643
-0.516949758429496 0.846025457965123
-0.435482352169929 0.89315280975334
-0.262598064446464 -0.504643468000878
-0.602586911487869 0.487978733510779
0.103562345766222 0.637721519655995
-0.246005298346305 0.0495129363115061
-0.343771575253588 0.606755836815066
-0.491261999144215 -0.0381893682861256
0.190549443884818 0.35685392845299
-0.25984872192859 0.29553954057196
-0.437381016821822 -0.0330458770384927
-0.456104258089943 -0.0836921002246215
0.0503128950625876 0.407138246475479
-0.511940932227115 -0.394524864545664
-0.124422341631134 0.530762143803931
-0.103199717403312 -0.407576474208672
0.570679180870806 0.585734209791371
0.245489399620982 -0.610935586811708
0.435029368721116 -0.405155183394321
-0.0620169164458588 -0.459755402415533
0.331840007898371 -0.383379408098895
-0.206399222747178 -0.473024624437964
-0.43184254929933 -0.22015978214776
-0.312146655245646 -0.119210082644938
-0.101501364663568 0.0633126245493867
0.0166808166615916 0.304320976947472
-0.274158656884169 0.244758995980743
0.0876806911864546 0.208005662846686
0.369671729513174 0.0120846208446286
0.133299506939684 -0.555304024045756
0.463634138763822 0.0604374427870586
0.444757475590634 -0.0247718136547543
0.378455768527374 -0.0742203859840108
-0.0407623970635792 0.127484569880479
-0.114133199286719 0.114737679563906
0.0210126126264075 -0.612161568466228
0.0495933219174056 -0.064000087878125
-0.131628805359362 0.116295926418344
-0.193691274245653 -0.0383209348679235
-0.130429265494602 0.35114452292366
-0.275566588780893 0.0472463897213515
0.181143530700797 0.459974349930344
-0.231324961807633 -0.209208531833403
0.204750002931669 -0.239719555097213
0.257522395760267 -0.178812958554081
-0.430014612364642 -0.0463380484450263
-0.15284673830516 -0.0240567949339846
0.233575208810428 0.294273388437241
0.259398017393987 -0.412083506140493
0.0686889273796215 -0.45185649880935
-0.22664251081868 0.61053244919716
-0.168564644164959 0.34657522601991
0.213730451945115 0.546503170200644
0.445240915587191 0.35761274752134
-0.453959487399708 -0.273009550273585
0.390356895275099 0.335799176615077
0.049927498875179 0.664286298094665
-0.527720802511262 -0.473871850074342
-0.0741570050920985 0.196534948665785
-0.259102757598423 -0.435844196938877
-0.213807389882864 0.341884196781969
0.069749298817207 0.555987155447297
-0.474436021923845 0.00477935374491333
-0.311186567218589 -0.0285618902347618
-0.487419194418081 0.352008786978041
-0.0283731174400294 0.139577497507377
-0.256377760734361 0.360233388600633
-0.258227666426133 0.188960842846739
0.0450760456212324 0.215486386922244
0.219331071892631 0.190668301984029
-0.00986864203676673 0.201320086720258
-0.0871369658622604 0.36268726269261
-0.19743032770291 0.481613921924323
0.100241708217656 0.296446387715977
-0.0688637258192667 0.0115771446970342
0.0953988612603568 0.402367877354664
0.188766664211415 -0.203037336313294
-0.541509263977576 0.186599527158552
-0.388713966628203 0.454810999301268
-0.334756773042301 -0.418254976402526
0.450394580385277 0.332848750104888
-0.221935145944597 0.407969823520845
0.388055984811018 0.311023300140451
-0.454178154705498 -0.119104837080458
0.161485369956938 0.205042882301194
-0.109034063212707 0.40881643302741
0.433228517875489 0.104951974271466
0.313233744790067 -0.451634026357408
0.583215055307373 0.0763150995160429
0.199612087734511 0.136718401611121
-0.173549158497018 -0.135791067499075
-0.134395496435753 0.226711874216883
0.152232696802244 0.348880506426186
0.186154448458545 0.107059783523941
0.22631897643388 -0.402637064996355
0.416576137533935 -0.462896638783497
0.25883854824736 -0.38929743060908
0.43099545739228 -0.0444140365785993
0.245625032665477 -0.38810600816549
0.185702252613408 0.0916279574198789
0.371292180270906 -0.528388867689734
0.256120742578661 -0.0547707007976147
0.0705607717372912 -0.310087781278891
0.0972746258781853 -0.203601275287404
0.102942730208709 -0.215735782923543
0.0181182274099415 -0.0663580428783044
0.169468525777364 -0.134294367615019
0.105404991444476 -0.122533914088647
-0.0329682821059915 -0.00688687405503307
0.0375767964114858 -0.00963413739213899
-0.0086092596987399 0.136817922881772
-0.0870641184927716 0.0680505414184845
0.0130899487088896 0.164245232897517
-0.0186741319298775 0.0722842657062458
0.0310251492099258 0.368379096894718
-0.343068969772598 0.170375211499275
-0.10128757739132 0.324427497290959
-0.333078068056179 0.405843670542349
-0.0446735635609294 0.541873496258827
-0.239828764437219 0.464155190718424
0.0823937015307213 0.47643221982007
-0.399732447976877 0.63948401102194
-0.527402793813178 0.158236543223537
0.153101409510425 -0.144074235556435
0.00636941643490874 -0.145739063747185
0.184791406030359 0.235508968279198
-0.410712172994083 0.117027046963284
-0.101327086025935 -0.0279895151311213
0.0567903407822495 -0.12612929785493
0.117042807000373 0.0185236883718612
-0.0288836206705795 -0.156661570605422
0.203041705291901 -0.0956748655591573
0.118239309035425 -0.313611671970064
0.0672899557601194 -0.398283298198221
0.0834835430533249 -0.450595270806127
0.0589437588387539 -0.286054472690858
0.0834473513526361 -0.640218646347716
0.448748653433238 -0.522019503302529
0.602923375235461 -0.470967260781603
0.426347311282356 -0.409364731263706
0.442584701660897 -0.386256806916034
0.303356399331649 -0.20752199374788
0.2941168486959 -0.203501922455719
0.492538404670328 -0.2279978183973
0.0925019745961533 -0.350072266346457
0.176042411517719 -0.175796353693942
0.0290127422503676 -0.108677267021286
0.0412519232127684 0.0287138376832473
-0.0362240777070504 -0.028211777074966
-0.0299153619635025 0.196545259111572
0.0186789952805572 -0.149175520747601
-0.144454306300937 -0.104589103910986
0.0541975584419841 -0.218373297128911
0.262217754944425 -0.450158953620395
0.232112535029965 -0.260044728792763
0.290548365297217 -0.234291599039929
0.130702323510193 -0.175909628667841
0.0723795547769656 -0.17972471720783
0.332386540141978 -0.334474365267271
0.371506930984006 -0.456053194389892
0.244259512912768 -0.366832235355214
0.268953972244736 -0.35329098638044
0.280142392066754 -0.393996835280941
0.192392382401953 -0.341764467591534
0.012467156510811 -0.358062645550192
0.427479847813087 -0.306733464050241
0.0868647055405095 -0.0378690771196375
0.165243982927468 -0.0842024246455519
0.148597410514935 -0.309384158659683
0.0840668032924183 -0.32328177585565
0.0455684840290196 -0.0117748399502502
0.0849592946697074 -0.142219701380722
-0.0286756825654927 -0.0335259336639011
0.190139282263596 0.118817297636638
0.198560399398032 0.236962074538929
-0.111269036632155 -0.248158422170738
-0.00506150047285554 -0.0196057487744338
-0.181476080826099 -0.297887237321651
-0.214367177218624 0.0793267427000725
0.248989320207751 -0.210046651356826
0.112287339416479 0.403735208790293
0.217850942658668 -0.300547921641031
0.397099242862522 0.0481909189030622
0.321839109344802 -0.200979311542139
0.280900048063681 0.0843381877147782
-0.00305663368727583 0.0583305616393801
0.295667988932483 0.0124626580847456
0.308570231381113 -0.0141855341280159
-0.332912040451071 -0.314343392392359
0.179183598388558 -0.518939667607606
0.249794683338095 -0.255036457946716
0.185239571563309 0.0484133589884266
0.0681661143806025 0.238118940218105
0.281632180275876 -0.33950838639188
0.523129917615015 -0.108090268049935
0.407877966204268 -0.477176284859586
0.461880908555353 0.0309980702407679
0.500258957589888 0.0103802087274938
-0.213639272173085 0.40649554935603
0.0778123463952957 0.604690233682369
-0.170400390259288 -0.339260118354785
-0.242483035842806 -0.527749072767452
-0.499567840925485 -0.353965099330174
0.157706869072213 0.685978338603824
0.156238374817554 -0.385121833600024
0.468534340973402 0.225143946587099
0.312103710328911 -0.49782665921979
-0.548452742753891 0.32922958362778
0.60409643529419 -0.251458406583353
0.231262719876613 0.589340859985103
0.290399651338159 0.658826505320851
-0.195622784805997 0.353976554512133
0.73424122798904 -0.00814684622329428
-0.0650687603129256 -0.571146806948295
0.192724999915353 -0.626633236459353
-0.0060621163321868 -0.617652195723505
0.327816302983886 -0.24568841019492
-0.0839856082932671 -0.457407811295087
-0.121124312402506 0.141651664421489
0.0581398043530871 -0.070881250901537
0.162428715179404 -0.000892585803223336
0.225547032318317 -0.0476346694203905
0.145360418741977 -0.439376771856686
0.12393735181959 -0.401371316149018
0.340902494108211 -0.511377035429918
0.541513167693032 -0.390192688478543
0.255003110008729 -0.614849089047325
0.444749449313203 -0.504073367228636
0.322809504753306 -0.417363910325992
0.414442360744857 -0.189556993814233
-0.0326992040652955 -0.144516882820656
-0.116347267775264 -0.332403578729769
0.104187323628933 -0.555945900876663
0.552717193276732 -0.192176171582959
-0.0710541390648357 -0.690808799679343
0.424517161638034 0.143306193009538
0.584693519483285 0.0176349217299071
0.5693073828753 0.00720297105524636
-0.111636687275064 -0.792898852185521
0.505941834680343 0.164702334959926
-0.277270610024683 -0.398674553809396
-0.204667483626786 0.218186699248836
0.801960804224255 -0.296423791086276
0.609531308535085 0.153434761751598
0.297982884378223 -1.03675280958969
0.751760253756779 -1.03095831901378
-0.198435737875154 0.423900574006669
-0.378186657407809 0.38279669692959
-0.185320793108641 0.34728068069201
0.652977153043529 -0.831353462365155
-0.580533361167174 -0.32660991708373
-0.237428974633553 0.315738839526581
0.545827231769642 0.27262307871355
-0.347891196413636 0.531858617662134
0.51398257167646 0.257012426215251
-0.51224877600032 0.0539516656465964
-0.29778787767261 0.605473178032058
0.365713289406359 0.420772570988467
0.336910985424212 0.38845040220665
-0.355268147704952 0.0590704119610633
0.126505396025551 -0.0218787188385676
-0.307984668510872 0.279623720945596
-0.233483019378293 0.103858011880231
-0.104858416149136 -0.0447634119955519
-0.364487460633586 0.119317594618366
-0.599367608477335 0.259806893654877
-0.166073401464525 0.19573529765372
-0.337491055594669 0.281410589502734
-0.391135019256645 0.220204438123396
-0.0637202195929116 0.6226161978793
-0.241287557377354 -0.0297223408600898
-0.310622635290729 0.161188885789295
-0.151499875313745 0.239333815701047
-0.266342926712658 0.00795550386274714
-0.341740591173659 0.024624106423703
-0.36010634205263 -0.0538199581814524
-0.158859991187459 0.273783228440313
0.0220842025350097 0.362067908543404
0.392287159812498 0.205013345853377
-0.0687922658562323 -0.166370105509859
-0.0463572075896506 -0.105552318050262
0.247264407199391 0.426759913262684
-0.412671879572774 -0.172346629745271
0.238940768181984 -0.273108799965269
0.297889998333648 0.48118935139823
0.216171332744546 0.314160676356049
0.134942877680754 0.158020818126752
0.351680634375275 0.433534056686862
-0.123584550303645 0.243619576746362
-0.12134112685534 0.876904784466224
-0.379864055432063 -0.606598119207756
-0.669769570620367 0.0781272496276453
0.515375062586616 0.64611535490695
0.21214609926497 -0.506850784072871
-0.0472451655666905 0.962012435840768
-1.17921436856121 0.322053501424215
-0.987881420915717 0.650039108085691
0.00253308348353203 -0.605994422336312
0.840158957394414 0.662473087478548
0.503584420295524 -0.133782073127978
-0.938353589027583 -0.586129611423041
-1.06443398824264 -0.313352043834556
-1.03041595758296 0.369218668174327
0.979477857335041 0.97814053927056
-1.32431400519203 0.0913813491400986
0.767508412340709 1.04989660230401
-1.40404437034816 -0.326977817072965
1.18550068831167 0.889792451461764
0.366753963930784 -0.58612758626863
-1.61369390895303 -0.219456854423671
-1.76696809807977 -0.371451311669262
0.638608012521304 -0.998951197677981
-2.33727756117867 0.980061939419009
-2.41935715524648 0.925277676553738
0.515895723182633 -0.843411412773137
0.596909985981035 -0.667264044918866
-1.98797783244748 -0.312360088664201
1.66445929790813 1.31020757970989
-2.01036101733507 -0.509144451033224
-0.600754246768497 -2.17389627918334
-2.04279475188538 -0.574783890500416
0.287091118188167 -0.373153685583859
-1.87246987251417 0.206371502943323
0.954272783166995 1.75858495124269
1.55303313576505 1.80503461594571
1.46293766005241 -0.795971095311993
-1.58053341283123 -1.7098220916817
-2.41552440327292 -0.289336502948125
2.16009784970848 1.64091526841693
