0.52862033781332 0.241466884872863
-0.385843514788381 0.0707318167367019
-0.239112755968958 0.412219640264742
-0.662913008978325 0.120277899942815
-0.247560312832316 0.0972221055217754
-0.534814628443894 -0.025400608710306
-0.641150913411163 0.447586792553995
-0.212006103180519 -0.595412670776867
0.182315867663819 -1.11431073739785
0.528004860597608 -0.79268217442424
-0.634417225350613 -0.797916242699059
-0.087269441881479 0.282171410881472
0.749658535155851 0.000639191508802796
-0.72117328944972 0.327666943786229
-0.685722584784132 0.346009697368772
-0.844364013593192 -0.559654121298407
-0.663736181453609 0.352340252024289
-0.744640053399459 -0.546620994477857
-0.420867201231294 -0.535481482534853
-0.465013986347876 -0.619218978984344
-0.665779560249738 0.450682662069134
-0.119788064939426 0.495812617374949
0.761544152301563 0.123587464141199
-0.671081291750508 0.464575495897144
-0.155047569111383 0.667169307481734
-0.940131912007678 -0.364169252966402
0.586085701795064 -0.632420601709225
-0.652397386328961 -0.579903624124862
0.712003086102954 -0.688277559245881
-0.084434110500847 0.846925069500026
-0.780560166024202 0.664721045014983
0.707308007418208 -0.737954569254003
-0.778564792881258 0.664509082859299
-0.797293144782615 0.700201848299843
-0.695208806199282 -0.753388462370122
-0.839469618867456 0.677144097637222
1.07630556873335 0.334541895449936
-0.912771005929989 0.704483444127476
-0.052997741280786 1.06082336981202
-0.809518111497221 -0.860598474267275
-0.132394975932604 1.0341020930332
1.17369465372276 0.188645850453742
1.22077796738169 0.244645898064538
-0.73521798983645 -1.00304003348499
-0.705528170350688 -0.948927026804629
0.903506084562454 -1.15844375286118
-0.695004794551763 -0.961626370876406
-0.106591675387975 0.711224396538081
1.11546568792671 0.114663210189897
-0.221669551222041 0.737525186799578
1.06560539547785 0.0419837163932391
1.09843978329229 0.0942109970058892
-0.771526947080723 -0.859263663615601
-0.735497120937048 -0.846996684095967
-0.479848974277143 -0.754851159813935
-0.453821794875455 -0.707220581327927
-0.784507149535185 -0.813797253350689
-1.12365410938081 -0.5084708646409
-0.878338273220585 0.517690220249895
-0.244875537716871 0.860052162465684
0.915518616747627 0.308379761514066
-0.721440911920245 0.417697825030188
-0.64589034567922 0.680684049030114
0.783369896966003 0.725106454138759
0.742111954342343 0.80393426940214
0.69429058485873 0.069547823932401
-0.153666993106949 0.989057069099391
-0.373854148313485 -0.493524074868098
-0.918678604923435 -0.309886299533911
0.623192927138425 0.676885829735215
-0.749004295118225 0.744019928392832
0.178414523507543 0.916963068455748
0.618577647648243 0.723650899903308
-0.410993294071032 0.805992437593358
-0.821548463459337 -0.393710450635971
0.753077836733773 0.829959054460784
-0.284154711197663 0.839395453795908
-0.181531491070355 1.13544840250739
-0.64963487195605 0.362487721299916
-0.274679255391104 0.86966605841969
0.61894858651588 -0.812541786846074
1.1244957160601 0.377108119615587
-0.327722558432991 0.877973966508722
0.96942005158596 0.366944089856891
1.00728390699137 0.381331843312282
0.0386174591189344 0.707640608391943
-0.321359254686424 0.931164690978816
1.08030626982595 -0.00380372639273825
-1.03510963727184 0.471199173620139
0.678607593748228 -0.986226015553481
-1.30998251034616 -0.540757804472179
1.26237070419223 0.386103098779105
0.844527823648945 -0.047096885763048
-1.25034333486153 -0.549878810610135
0.138715394973949 0.587673533219784
0.877711394021562 -0.899602729556171
-0.609597097352934 0.867934159514594
0.926302048619562 -0.0895766088358995
-0.701602309452802 0.311835621270752
-0.718730750444025 -0.792388852949428
-0.307434438231023 -0.61229095313313
-0.149514297149344 0.979806778966045
-0.504023949464615 0.792156417764227
-0.624300205557716 0.222162106525489
-0.734185394870953 -0.471079022131615
-0.70241939671074 -0.533135780027918
0.173702307652269 0.528945340927689
1.12278404702789 0.341329907079774
-0.204654783647672 1.19408166534697
1.00885223556027 -0.0904310895517629
0.0462669212443845 0.74047205564848
0.997720044317159 -0.0811037607948648
-0.306075859716147 0.923023005936418
-0.609658190543477 -0.780555615500431
0.203359644374579 0.863416820947706
-0.790350830523638 0.833145032511588
-0.276797736389348 -0.552232763241929
0.768503931397784 0.396035626637105
-0.743867123106635 0.753590792692971
-0.682844359727521 -0.421561587816449
0.102126458401664 0.418722099738557
-0.322488404392337 -0.468122793769479
-0.256571033441252 0.655158115238478
0.681185015561994 -0.125753482127686
0.567607979837054 -0.0349256021225095
-0.614488681532072 -0.452885494627977
-0.93528158861236 -0.37416073256248
-0.607602772613517 0.313095485107732
-1.00454321963531 -0.419974317444968
0.958402256167724 0.244944567975315
0.718511600335385 -0.0162975310261654
-0.367571232122775 0.374458695511284
-0.0925304380943644 0.240809406478358
-0.625062813101265 -0.946703138813862
0.00907387502650577 0.621672313112617
0.915785259993358 -0.970489266947381
0.672502267338173 -0.9981020429835
1.10356372423083 -0.0816484276769577
1.12643511529599 -0.121803553294927
-0.0527883086597188 0.196952349304205
-0.878677129418783 0.305637602354521
1.06863480345696 0.311130305367411
1.06680837818992 -0.0643131638518815
1.04586955951163 -0.0946390572723542
-0.937260218555036 0.789771169895138
1.11207846520142 0.275271861573841
1.08347421615708 0.238474164195395
-0.781532758122891 0.31305778774913
0.911841230955076 -0.0166423057727467
-0.237584717921228 0.715732540207432
0.114940901111377 0.806064465709419
-0.269301302240278 0.727717085189145
-0.382210399451074 -0.728223460678389
0.55479374344794 -0.698886291366975
-0.647612552793374 -0.444009752542658
-0.656817102805502 -0.595826762674499
-0.116354656659991 0.880433394973475
0.0571986703847083 0.536037674540818
-0.618515961766181 -0.390859643120959
-0.627730864077636 -0.32026627320258
-0.580293406571713 -0.322992403052045
0.533561702938308 -0.479993424712977
0.663778813924894 0.313722185383884
-0.253378806201075 0.515803187729755
0.0705625334572716 0.554114181353866
0.00265196043597959 0.405755015209543
0.497338474356502 0.00212086520577598
-0.119175704549955 -0.379887378105117
0.435877480575822 0.00679863716652037
-0.157883514655554 -0.254130847733011
-0.304351553891739 0.168953236938128
0.445033483896149 0.226967093304528
-0.351909672442101 0.201282961771019
-0.18668124127236 -0.189628349113236
0.281733155569162 0.122381060044109
0.224884473501668 0.145837764823164
-0.0735760569413173 0.335131256342489
-0.0971390980537521 0.405620604997183
0.24233492662651 -0.217436353417733
-0.299470620267001 0.311166543959873
-0.303812624927008 -0.140315128212234
-0.285972330929285 0.343997611448784
0.278682091983244 -0.355516683028908
-0.0387748194373023 0.318308571554548
0.512699615523013 0.22828201490331
-0.0836700105139959 0.597221513574809
-0.248575749416507 -0.332397755522098
0.0664811940229234 0.589707371448806
0.673510952219186 0.0340510831281761
-0.459833524954121 0.547247559763636
-0.514151096019193 0.549220802519752
0.617469476249382 0.547469623325249
0.59116589512028 0.544828189493348
-0.884992495411116 -0.302796239875948
-0.504602187376166 0.380318222657122
-0.564704814680294 -0.362013103777059
-0.248408648188689 0.448168427821255
-0.4432798753667 0.511899578065192
-0.435987964272281 0.371037375309127
-0.116207058544575 0.730266996097954
-0.173676433778094 0.617088263036148
-0.35536043267698 0.458267084882042
0.380436664503543 0.434733867148492
-0.313747239528708 0.279613299436006
-0.488508867904196 0.332311244089056
0.214911341075758 -0.290509286866705
0.444696212548754 0.11832320349002
0.282464178029716 0.130369612971259
0.386372392396596 0.16709559847602
0.388040379135835 0.195092438142172
-0.176479980609818 0.509260590598498
-0.396647982748199 -0.104175306830643
-0.364965824782136 -0.1558945981937
-0.132957167200656 0.527222134371654
-0.0375108312665187 0.542907539650529
-0.397945917299867 0.459683921686177
-0.155301914747647 0.457187089684919
0.397057445324084 -0.412390539757188
0.466615757562579 0.114039052732531
-0.0340136801101149 0.415829656169545
0.34246400219192 0.317022182163712
0.346224587221973 0.226819438166286
-0.381295543233325 -0.150804882541625
-0.344167254786502 -0.11048761356308
-0.263889788395634 0.357549685603261
0.193274785596131 -0.137213203629375
-0.0522134765154945 0.329690042108953
0.256111925885094 0.149005056047147
-0.113732492680741 -0.0792394078083177
0.217508558681215 0.125470287921606
-0.0265409870526414 0.303052107684872
-0.0151104090846324 0.374365374242418
-0.314247509192669 -0.041613815783655
-0.146159038616333 0.326454828943632
0.300327232640981 0.274876652245494
-0.125032442501043 0.393931844300213
0.414101331942676 0.0879755386436626
0.288056199071093 0.087325481827179
0.483201890025378 0.0873097125911065
-0.32650768236439 0.450081609809461
-0.132449740405301 0.762539491892266
-0.579971502826997 -0.233550603838563
-0.612058135296394 -0.398137221278296
-0.388654254481891 -0.452233324406863
-0.179200486916164 0.660131110393396
0.388131425635139 -0.401796061268298
-0.348110250500004 -0.32623511420451
-0.39104141892919 0.336653165180805
0.694953266628095 0.397309375244685
-0.188469106596274 0.690489162230019
0.102032353588736 -0.560654899190977
-0.0689165990559224 0.204074271911384
-0.205825083189166 0.561275602384827
-0.294727169623927 -0.279398540824515
-0.182784629788056 0.389341488662144
-0.281697208298345 -0.215967396623449
0.344128843325077 0.078470742792603
-0.133217810120816 0.384621620133913
0.057746052651051 -0.289648455040234
0.220566159969654 0.101027824014227
0.20927529026131 0.108173358819043
-0.168056594924047 0.226864408327345
0.193462199303364 0.129410597096147
-0.216863366841823 0.00260943879701738
0.111830108432021 0.163253119258909
0.0228975348685653 -0.00537167719886507
0.0622745739863401 0.190577386878064
-0.0218000928067524 0.120534104645537
-0.0274587399887558 0.188742771062982
-0.0122352685146797 0.150444659952582
-0.0239084568874163 0.226944552690752
-0.0759400465660107 0.227959150070278
-0.072416202098643 0.213373687477899
-0.0466850623024068 0.212145677450837
-0.0374006940664167 0.166059852567862
-0.0877723625911709 0.185589053379958
-0.0002515587755921 0.0428763757448077
-0.150350869999196 0.0591173490696434
-0.181297898468137 0.107942282952228
-0.149084197277765 0.0704623524756244
-0.0907937498270065 0.0824447871824805
0.049890736035041 0.0299825009757645
-0.0663117340691564 0.0603070543196306
-0.0501049035216161 0.000171182873748149
-0.0283637870786624 -0.0138810481976689
-0.112328532528574 0.0675419570438885
0.0521649395639449 0.0554786274582776
-0.0411722546131361 0.0103927019842534
0.0530737246659676 0.151938277351195
-0.0993379011830081 0.255914125684031
0.040324135186396 0.204265620802244
-0.167837712742256 0.251741438495592
-0.123034551950756 0.00129975139415674
0.173347841411834 0.0896576205455929
-0.146982379042629 0.279701040991152
-0.00417926664150511 0.116544126752283
0.204889253625875 0.0492120637071474
-0.155885780873291 0.201491693267924
-0.00883751714077812 0.142575661835511
-0.128916889453776 -0.0164555760666149
0.0782698244292353 0.090362781257778
-0.13144522510742 -0.0126657810297829
0.00190807641763822 0.0993720827606729
-0.0389832135426486 0.00537553287152467
0.00964814774325955 0.153075434542281
0.0101833995716203 0.0787008434948314
-0.155823690724733 0.129976456951451
-0.0867657696588911 0.0947044650428617
0.0166341867049409 0.0720656701188892
-0.0728352083728026 0.0662295552767518
-0.0509396843949201 0.132962991681064
0.0165545060197413 0.13863196884888
-0.00111343692899629 0.140695168928746
-0.0443054036887229 0.0826531373532739
-0.0579968394534634 0.0431506138310023
-0.0352592651322236 0.0865994956089837
0.0222757923028643 0.104390991175597
0.076338803419358 0.082296259495544
0.0611696611294056 0.111759175477889
0.0218754093891836 0.128178985668243
0.0324312167125468 0.17344620467254
-0.0302552736875418 0.0247984298333121
-0.0181867513951514 0.0447370973474785
-0.0865910495392807 0.0855993169558143
0.0155188370453617 0.0649233528414582
-0.0556645199286765 0.0788895258512803
-0.0303067102378214 0.0533212371241759
-0.0463383132428948 0.0395900610851792
0.039138745093191 0.0922259405038802
-0.0285430616185602 0.0966131175622065
-0.128770354067865 0.0209811417365075
-0.0538528394905005 -0.02135008173117
0.00855422980764765 0.0336294864544975
-0.0574906684675094 0.0744004723313789
-0.211753274312384 0.123426901070471
0.00134803034817218 0.0693243146266924
-0.186159268422093 0.143688575400106
-0.0487276262759123 0.068571381851521
-0.0110093807931897 0.13643902040408
-0.00414106028420263 0.286540965147007
-0.0447379729747874 0.140846308064928
-0.074426170175268 0.210177586596017
-0.0526980044057113 0.20326565348355
-0.0600524242678027 0.0919974370884828
-0.0177213142518258 0.197943250968342
-0.0863787076380537 0.171349517468287
-0.0697157563938293 0.134861774327603
-0.0903282949439501 0.191958470682386
0.069954718115904 -0.00471119152542425
-0.141849670368559 0.163080367316764
-0.115619160225195 -0.024718073852045
-0.117257303922366 -0.0595799876926706
-0.141523352850699 0.149318810084114
-0.106863634001894 0.219448807995536
-0.040518466896822 0.301519253964107
-0.293373389375573 -0.0899798024036486
-0.0986326213048876 0.264943029762026
0.139395930823568 -0.131358633239255
-0.0522850893841805 0.224262018504645
0.227444084863188 0.216757059231604
-0.184395984666988 0.0051040896744175
0.0577154606917495 -0.0419862741859933
-0.0661806887403336 0.251148592935273
0.0919701021156987 0.106111961140886
-0.0855875568581106 0.255914385888628
0.0660948636304239 0.177254542026735
-0.00463169371016723 0.0580330538231839
-0.0985238924912697 0.157441960322526
-0.085602104314805 0.193437482635018
-0.0302036368366782 0.141145217932818
-0.0789446973785648 0.140612041019247
-0.0350789504190062 0.100301851805614
-0.0187300947105416 0.189075421625548
-0.138153779571982 0.125785195651446
-0.0133208233478269 0.223620087608757
0.0773113799486928 0.227863305081606
-0.226328561430444 0.107243465597657
-0.280180007147682 0.0334596530553572
0.00141485156849317 -0.0318142982774557
-0.265612347980815 0.0661540408052506
0.178535133506877 -0.0236735154043452
-0.0430831987267292 -0.0290082363105934
0.0736462093693258 -0.0781213352896553
-0.187095757368701 0.402847308217516
-0.29341645219648 -0.0985651438782942
0.124697120411192 0.0308205239948521
0.266595363208575 0.292768138330042
0.357049722158724 0.304911931199744
0.0815639040808248 -0.233574485008202
-0.118934655074538 -0.29349668028714
-0.405258248999703 0.476430436433228
-0.139531760012665 -0.346725377967493
0.247751060549892 -0.150025229588487
0.610110759334948 0.352486126793657
0.332248921154768 0.585995430340566
-0.129835916178652 0.852501350399126
-0.665748264864095 -0.091588569492908
-0.62443116516545 0.0646198639793736
0.0591094895014026 -0.314693188652674
0.382200141933523 -0.231984010857945
0.32058515050039 0.399720945686271
0.286166402563731 0.373397477471377
-0.11896604408629 0.691879389019723
-0.330081075601984 0.51042522156766
0.22577030321625 0.00109522016198569
0.136786272376438 0.310710991062495
0.106877140951326 0.293773094996068
-0.0271470720237563 0.0136835133727782
-0.0220494203962589 0.0273808908360094
-0.0169256185221058 0.0326571072754587
-0.209220157208333 0.406478251621862
0.000295973565823789 0.343338414146505
0.092993287628441 0.322653743319243
-0.313795285552964 0.0768865964274911
0.230565742480611 -0.0179055249323042
-0.374205653249234 0.0612971783666886
0.198034204868995 -0.029663092147262
0.203207505344927 -0.0706786648433378
0.0441354820996129 -0.115183355754488
0.0139881562936048 -0.177830584813403
-0.318334475389431 0.464098378758797
0.283077521914357 -0.154817555542873
0.282928068683269 -0.162503486919327
0.243528856104694 -0.152327773778915
0.0451505080843021 -0.300385352252891
0.0669128154181225 -0.274058121924187
0.265256843137287 0.383241086218333
-0.514725467810915 -0.0731751018925034
-0.490866871558997 -0.123169888293079
0.279998080977413 0.404872107137172
-0.446713495397916 -0.0544732108649711
0.216144504885408 0.366624282198781
-0.464648435617691 0.00465173212120724
-0.393337959831328 0.5535985765055
-0.00622238149455425 -0.115960275802339
0.167278660833854 0.392798316238722
-0.457323908244238 0.0265334791858354
0.223848246287766 0.355665011086749
0.41801771336994 0.395719593761082
-0.524920209347526 0.0776165001439238
0.308151937076117 -0.0935891349962641
0.0316319433134826 -0.277479552476439
-0.450115645528914 0.574327772649762
0.315416557637324 -0.274743040588524
-0.543074287189578 0.00922361863506964
0.449410153753093 -0.378881260331307
-0.326146713410557 0.517824003672421
0.244341694551824 -0.259651994045728
0.030911637421633 -0.216355488828319
-0.456845560861932 -0.273805805441032
-0.391330147042439 0.00705654815863852
0.344665639867023 0.269556831721566
-0.45202902850893 0.0481360805985052
-0.455725577217542 -0.0321957147779595
0.0357173883857294 -0.270262544696603
0.0367933761138051 -0.19781467674427
-0.0320905416115031 -0.202562802134702
-0.311385377841247 0.423946567036124
0.163337428521634 -0.0757211642309255
0.264141596142516 0.338924244072284
-0.353146380201453 0.00496734067649779
-0.254987123785537 0.437772298303761
0.0160646200708923 -0.117148986413092
0.221758319550811 -0.0958732762709398
-0.296704967718015 0.00667889692908516
-0.043650169153156 -0.106877526394588
-0.194448000156126 0.355109121992505
0.13786016598626 0.241458282785327
0.130934409069854 -0.0146161880681386
0.136470903508817 0.275957845782568
0.288386222530591 0.245986773307871
0.179909657774618 0.253168442539324
0.22491964687053 0.254519017822822
0.171517896416677 -0.0482527518603491
0.170001550865261 -0.202040143764065
-0.43497785364923 -0.157618821267976
0.132602101476822 0.342787328272476
-0.35238080506193 0.0552937502316203
-0.523652541784968 0.037793800378372
0.255411883111632 0.476090762032243
0.22444878909282 -0.454919251609546
0.449380049211291 0.353871764611975
-0.558085687477226 0.117833760966719
0.170060964100791 -0.409348676087064
0.570938702170934 -0.205612976393983
-0.750461234208279 -0.227232705916331
-0.809502124995436 -0.274572300787656
-0.715050753025322 -0.00671027589863072
0.295817725253822 -0.654837074563144
-0.388921762592296 0.560388119448997
0.614668020761223 0.304562969132323
-0.568588326016308 -0.554277794239258
0.658299840322507 0.391400389293604
-0.39886374462764 0.564045731437634
-0.553286839298907 -0.157807468524801
0.266383863795651 -0.691700855593547
-0.88634970464659 -0.0798554914739479
0.780044359938536 -0.390257418446664
-0.967848990085248 -0.0440027830344314
0.865529977608622 0.448726229153637
0.936916072536849 0.761378380270826
0.874133243418636 0.314409413795446
-0.972517607363945 0.0336011754308643
0.02846605636843 -0.193945205520353
0.0360103564664997 -0.842273539765837
-0.0789275984852532 -0.70396666378113
-0.72568394201733 -0.489300826110325
0.282692915001992 0.420839187904944
0.66144938490704 -0.711859848941125
-0.550153883078386 -0.583239389313844
-0.639562133951094 0.555832748467433
0.378803609883143 -0.305883751501087
0.20834616155173 0.420149335449829
0.119604833133775 -0.745647437377622
-0.114692118363722 0.715500439991664
0.287166543770389 -0.0950783088081866
-0.682748028139003 -0.258736477906798
0.138120315758579 0.334378348294293
-0.679053335542863 -0.275176144711867
0.539789526419147 0.263141333031203
0.244884381031032 -0.0248791562734703
0.16296284170886 -0.82026435881901
0.606162424453532 0.272188681930656
0.756103057828742 0.238201350552902
-0.786089600419649 0.0668404332698897
0.670619151942905 0.324278906647711
0.0155509260667479 -0.67997127914174
0.941588596250784 0.277251998335094
0.713029604141794 -0.71038104169043
0.668855212166589 0.477460349601577
0.73439444256026 0.74785636742651
-0.510062365553772 0.743895637275258
0.374134063803361 -0.804033122413785
-0.977987401638813 0.0938708902691227
0.041383834065186 -0.219613438226351
0.450776581974465 -0.19219865756356
0.563671863423869 -0.420795424842474
0.202638738581381 -1.15442596188464
0.0377465258351708 -0.807679200137151
-0.408955560845452 0.658732570883802
0.718083825012629 0.347707586025778
0.547409005836323 -0.266796936273921
0.70806320980127 0.287059691107116
0.547430899846999 -0.230963620277605
-0.711527685519821 0.168769147501389
0.482444841942713 -0.538196577012815
0.690392427565479 0.287116942361717
-0.127225503779216 0.790083764283485
-0.341028556250162 0.768206451583962
-0.432271355900653 0.597319727732152
0.998724628555498 0.203204247698735
0.654538139609837 -0.362144263814791
0.449914686631041 -0.205502770075247
0.461909929790124 -1.0039626153953
-0.133168426511694 -0.753253010985671
-0.699531252423532 -0.757206238364608
0.816851771520947 0.489191976919901
0.504736311160432 -0.371783027882766
-0.569012911376351 0.628818924237704
0.810804942295275 0.53501397171958
-1.04524974704985 -0.0757898456119462
-0.521221434249408 0.701792472448884
0.42109282265976 -0.763181120430818
0.741495048985757 0.510606814234508
-1.04338999520659 -0.407575664122524
0.296917859216696 -0.803891613989228
0.189774678705045 -1.05247983702664
0.454161024147884 0.625765166671707
0.176548067102761 -0.661465699021794
-0.784393838866423 0.0552282658943287
0.307070545482957 -0.59739455154729
0.355047269466721 -0.0787680390160939
-0.559618168367926 0.115246772950095
0.151383385760719 -0.805983754956327
-0.00177547756827092 -0.561413663165046
-0.79376142394195 -0.218611537263062
0.194826411445536 -0.494921691426947
0.0603857658763794 -0.562213089727514
-0.610709898287672 0.107174318546121
-0.67743608260184 0.074732647235721
0.323087298369222 -0.595242376427477
0.331755247962867 -0.654456861271007
-0.66637311842176 -0.0635338897565728
-0.599086697584385 -0.0619275082157663
-0.738967493544288 -0.421822752651077
-0.754175582358924 0.631960134604673
0.387734983550916 0.775257346390108
0.269936941562003 -0.934543123788757
0.803807642649752 0.406947547608021
0.396667322280049 0.517567634923781
0.360697161647157 0.469379668623588
-0.217178350128968 -1.10066336656803
-0.0970494170764405 0.673893481846729
0.422460553870895 -1.0468562713095
-0.514230989519863 -0.0933743965675727
0.3270109567395 0.395821756955148
-0.45561986385974 0.503195315777429
0.926334078171232 0.148531616408649
0.419743865211226 0.42763472321672
0.777174728244208 0.420393138610301
-0.942998382331924 -0.155887780192392
0.4951226603867 0.544713001859343
-0.723532611084377 -0.766484756596158
-0.144535629050947 0.993300968960244
0.331449896094702 -1.1461461142705
-0.812111559733474 -0.845718819555531
0.0182865369759943 -1.0346112494055
0.93174127142319 0.385184235784278
-0.940238226419268 0.854074731999605
0.702338189701535 0.929001400172459
0.731118031879615 0.949932748397973
0.926830468398802 -0.936978967025736
-0.916791513900345 0.903185576862063
0.799386334801995 -0.917363136107863
-1.1789815108839 -0.494506115394472
0.130846538548799 -1.18033644578423
-1.15213145097527 -0.389321268121773
1.15805795674183 0.414985270189238
0.177687680583957 -1.24291359367899
-1.17123884662693 -0.42844012468315
0.922852087079569 -0.920439005864636
0.867676913198477 -0.86867396922939
0.858657212927386 0.901734831778765
0.875807773451275 -0.885970614625329
0.193829498004649 -1.29140201354362
-0.848430953462744 -0.879606802345578
0.197219522488752 -1.27669970676064
-0.173083207827088 1.12115703499016
0.871724042342328 0.964558319581582
0.13635704568515 -1.2780785843725
-1.13168866943506 -0.561930446194518
-1.20661616539672 -0.591753508137474
0.822972656998081 -0.802948598322369
1.18305432649019 0.284078210394251
-0.155482464914308 1.03043604079691
0.965725116456091 -0.909875943689426
0.798809430925566 0.831581728826481
0.964297046435734 -0.801213107223409
-0.711795041297995 -0.712810648091547
-0.00602099725884863 -1.48794854195899
0.944753510477947 0.32852555491582
-0.96361715345142 0.751817437215391
0.0500252553993359 -1.18223570540749
1.00826793281854 0.610423864581772
-0.924871826174123 0.726627310119105
-0.993997346994731 -0.592568283400265
0.594361798412393 -0.557411351885043
0.0802346184647962 -1.01624363652797
-0.677088478098868 0.651005511325177
0.29149730270277 -1.08424228750373
0.309944809130021 -0.908947740975364
-0.849517266941781 -0.463989193069087
-1.01282396051703 -0.507566398199364
0.0443427190425891 -0.917047548887561
-0.966056672034905 -0.514757567104744
0.84497840671115 0.144557388557209
0.364405742530186 -0.793832629716065
-0.588077292706854 -0.262953065504072
0.0749426429084451 -0.665420457822988
-0.05858074750734 -1.0053947502392
0.458082577109694 0.288713808349427
0.552680526696802 -0.692229124288257
0.190192273174672 -0.804099870051253
0.503045574598316 -0.418196952416796
0.440412335825487 -0.437536132610446
0.0737035124086928 -0.63289866823088
0.0682648465620816 -0.644050883710438
0.467883536064632 0.176684376271573
0.375006594077029 -0.400921796170501
0.330908311623104 -0.360771617735904
-0.409104550431491 0.36089377929762
0.4133649035108 0.203735795501988
0.408442787940117 0.1708124900875
0.0912273602290793 -0.481781852644551
0.287301702323384 -0.385921154773947
-0.304948756456111 -0.248334626359123
0.453250562048388 0.159812112151982
-0.438240232886089 0.326458869362726
0.392621019372383 -0.280251274739374
-0.0228704984047767 -0.44245977181403
-0.464018977968447 -0.185637839964782
-0.18049426103794 -0.165743801233196
-0.0547723395272281 0.197819299954601
0.359739540568094 -0.511718392105289
-0.38735455365698 -0.32058206569727
-0.392819969828844 -0.33645295097308
-0.377361510141409 -0.375399877638779
0.266037478897853 -0.434532895151943
0.417449668929148 0.0115999015033666
-0.186481400922475 -0.369506397738988
0.430751659243067 -0.0776850776410346
0.489073451054913 -0.257974863767259
0.177134942352451 -0.541072636127916
0.295715675058586 -0.464882436883784
0.122799412249933 -0.486307414532477
0.330879017048371 -0.413282758804046
0.148876341775657 -0.601564866962883
0.161560574136653 -0.176000382714442
-0.176121084331359 -0.446987110114323
0.226762691949699 -0.362682401878417
0.0480709031261061 -0.38236451932931
-0.0219802037941493 -0.441002111097921
0.135644738919776 -0.235903921983501
-0.0790115164492099 -0.149260217794122
0.0893418568385416 -0.209511509811899
0.0555309039671503 -0.327882781016902
-0.0843695687352438 -0.200678738994191
0.0251266736009443 -0.126552089560653
0.0831088364682755 -0.309015976632877
0.0352798252504595 -0.180767926585895
0.247430688034006 -0.077285296111439
-0.00630920634642596 0.0385714310193478
-0.0217539707932602 -0.36587183506261
0.139205886865912 -0.110118072598638
0.224966699832193 -0.283668940682637
0.0706980299041084 -0.166174203431355
0.052496724683696 -0.23354040214708
0.136344953549486 -0.229436698357422
0.170767888182927 -0.2293282001107
-0.210802268625636 -0.327421518358445
0.00863629129638363 -0.427250961910042
-0.162445401022746 -0.368087594513391
-0.149952206075641 -0.304812309547898
0.131702403403885 -0.274251998771635
0.0330325894656469 -0.485616448989741
0.00979402436575602 -0.000416030995144548
-0.181614752869046 -0.0848193504163097
0.27425160024298 -0.268130991908051
0.273577900222054 -0.312268092925244
0.057473826600341 -0.560440557954119
-0.315247019796897 -0.375785442770268
0.192954882644968 -0.624251974244778
0.350170119255592 -0.430418125920732
0.249205086835198 -0.570072896848101
0.345412317113129 -0.352073233915196
0.425531608014239 -0.359106868851194
-0.235152221541287 0.145534707507298
-0.361853570999145 -0.452633555869001
-0.148593493347508 -0.787145144954291
-0.201646763595373 -0.134113515504336
0.222475005302354 0.134383338272982
-0.482092549010141 0.271936728131384
-0.339672229235241 -0.0962839210251267
0.566651766161443 -0.739221684825046
0.674367316411159 -0.294181867467995
0.154523614538724 0.240829254610571
0.757499189822392 0.466036597804753
0.614848298769075 0.161217542620109
-0.243213709537537 -0.745233847548584
-0.22807366129185 -0.715972581012591
-0.316819467065759 0.352434961614355
0.435228184136893 -0.559750908768467
0.146388589148197 -0.0365552336839355
0.479350317821254 -0.126635844922838
-0.152367488878365 -0.4055838204634
0.514489661236647 -0.0913730552395661
0.152270972951482 0.064915338607502
0.0796749628011141 0.357706204284181
-0.544372059187978 -0.299060773184413
0.113198194764465 0.658305128192063
0.546277823054208 0.337245445833271
0.195453952146156 0.669783571200027
0.597940638702597 -0.215844871184067
0.333794177585696 -0.558516561304631
0.648820965436506 -0.244482829764461
0.239290626682317 0.632261259552852
-0.148448382966881 0.939145068003556
-0.731313402578146 -0.298784588569102
-0.637017763021369 -0.523700744047487
0.364263475831762 -0.531629459740162
-0.792224775333222 -0.0299966716569357
0.176079318200944 -0.589668705748332
-0.0450441824643896 -0.470707772143149
-0.0322139037888482 -0.388841138015427
0.802348236235906 0.334033947308897
-0.795807996406007 0.0753194161413674
0.0694506878436733 -0.609651046690321
0.0187380769156017 -0.187929381004085
-0.435672403956389 0.690164586509652
-0.181145962142136 -0.5467770749217
-0.639017233493208 0.090136809631813
-0.163855617822805 -0.555711652291092
0.656492299700814 -0.184253373272702
-0.390622853058132 0.724040893018172
0.150878442510259 -0.718991182573446
0.672173129978322 -0.0800016861192878
0.41938397329979 -0.0708306216851572
-0.0837232965510178 0.666711186804073
0.716573667252818 -0.0513878133847498
