0.462298064915871 0.205359589571781
-0.494070562095721 1.14024433901492
-2.00241911265959 0.125596928975484
-0.479067843384759 -1.13924962758825
-1.63281658952937 -0.23596768751667
-1.49503257313115 -0.516216300386357
0.375630891272324 -0.326076723791368
-1.48880180980572 -0.522104399934118
-1.37396142562353 -0.779491374332645
-1.80729159402683 0.124794623276198
-0.602052898746077 -0.877847967573696
-0.396129711826226 1.14495830911919
-1.11384019913936 -0.967108803212158
-0.534878033056558 0.92173279654822
-0.377869709219559 1.05672486376894
0.564027346594544 0.105744321755919
0.545682136027093 -0.273423315278418
-1.39253479113632 -0.572845972493755
-1.79764206574007 0.148439076618918
0.620807572523733 0.139422800265936
-0.963077292778121 1.28452271113114
0.374953627764757 -0.282552744791826
-1.39495078337078 -0.503988340103376
-0.350309332195565 -1.18958360187795
0.59373300727235 -0.445678556888056
-0.92850653820764 0.646463445950068
0.937832538839559 -0.0416129951432952
-0.565696476154769 1.13191883179147
0.55582978145563 -0.511153327654442
-0.207378223033729 0.0339426541438959
-1.3806706382844 -0.823691084230912
-0.459903467494532 1.0792448822847
-1.34279594391111 -0.811727164689118
-0.449465420819063 -1.05744540851397
-0.812027021365694 0.703166642796071
-0.766714172460848 -0.685036856889677
-0.480162642962478 -0.957534097505193
0.582903755279724 -0.0323258065428445
0.360690146447569 -0.397212905989198
0.118869510336179 0.428568816176471
-1.35697477301171 -0.427049788168765
-1.2165575693845 -0.750412199247449
0.46202603627949 -0.42500660803721
0.0136536911128876 1.10796663056018
-0.314322124378249 -1.0165656240551
-1.5833243986591 0.121708885872972
0.481358766384457 0.252237409078237
-0.263199052976895 -0.977070168432162
0.0464837863120598 -1.1182576823728
-0.232112017076722 1.03118508026873
-0.182513227907186 -1.07434732071142
-0.816922961862562 1.24817246339412
0.641280792652689 0.215493927004457
-0.829498142396174 1.22742400105312
-0.784193511225909 1.26570095057704
-1.27553428001496 -0.488941212300943
-0.760501145516244 0.680221574743271
-0.641277158603271 0.906145949856889
-0.669389681987363 -0.709721913628742
-0.260977287706038 -1.18507615211442
-0.34102783822504 -1.18425554248518
-1.75159944278484 0.127470021102272
0.624350909840598 0.425337856257196
-0.34011353134844 -1.06177327478934
0.491122813298611 -0.591541570434223
-0.875400229315507 1.19110677785093
-1.04535177375322 -0.94488942978954
-0.889209810835078 0.358194240767152
0.312017517938285 -0.448457293532598
-1.17054709356358 0.570496911136742
-1.26589133373336 -0.126574710092699
-0.0540709578029468 -0.395504469441885
-1.53174625227025 0.0873630788499981
0.714041636826025 -0.0672344533751061
-0.836152406655618 0.345668924175878
0.120534333911041 -1.1218839579655
-0.732564718130466 1.05839176968026
-0.67088019542902 -0.534687568009106
0.186958871494905 0.433609591024763
0.464861761835292 -0.418194600293743
-0.69931586218891 -0.422581536162045
-1.39701356984726 0.110300626806053
-0.168372898914126 0.904525962726389
-1.12665766266504 -0.389508359527665
-1.08157560080335 -0.359674915110833
-0.0984092157613346 -1.01323335451453
-0.490309931093826 0.884361997763611
-0.668195092549021 1.12974178396084
-0.562939700733257 -0.614332701657675
0.745370928145459 0.390044123090788
-0.478988189269446 0.953842223529183
0.223192776293348 0.557882803562919
0.64846898465921 -0.602492106637926
-0.209975479451676 -1.089632209531
0.245508997208171 -0.541338315869996
-0.285431635484988 1.04494575276295
0.661944242438749 0.35648043127232
0.280958613629194 1.08783645973893
-0.267427858200692 0.946175855271637
0.0150532163940555 0.593310080247757
-0.362174986251324 0.923559640424001
-0.639025350200989 1.00704993480717
-0.0706918821088721 -0.36121747816106
-0.0376102351768253 0.945460451676635
0.321025554303057 -0.539829825893793
-0.632545852338605 0.976994876330906
-0.320156715944966 -0.755510311123236
-0.96792499036495 -0.633169479885389
-0.951188016341098 0.494387557960733
-1.02881603715185 -0.115107487039539
-0.701392311165476 0.418601692719506
-0.986970573290511 0.547655423409786
-0.23240403042723 0.857203159613313
-0.854715605697213 -0.596752588922392
-1.00434270872662 -0.128105402535229
-0.289834049275315 0.821826826643354
-0.543835817063732 0.447886925333877
0.177131583391753 0.98573731294663
-0.104196683032237 0.84254756390462
-0.547574922706643 1.05337182037057
0.331171647340156 0.995323745994907
-0.556894614747917 1.04583573960457
-0.646249348070011 -0.976024905030973
-0.102510916994446 0.900491933188753
0.602675823825127 -0.546893831321073
-0.337358292395991 -0.850779460732356
0.804929718569245 0.375798709388344
-1.04492586975918 -0.26514365256214
0.456054558479731 1.08504091228324
-0.175856851006807 0.91911979278843
-0.975799414981673 -0.075841791380739
-0.680909155785066 -0.275442732672283
-0.816746269645636 -0.73198605840994
-0.725172353566966 -0.217378146161552
-0.122916513442026 0.538048562038426
-0.42899670719883 -0.701950403145932
-0.452422351666755 -0.659994145053598
0.713566418503027 -0.0253097496166178
-0.403520857979998 0.0323577381271355
-0.214137746569541 0.796566630607412
0.236052620122152 0.892701825337051
-0.58108070769137 -0.259118540899957
0.367081251423122 -0.496877575352182
-0.497948056962629 0.512003611200382
-0.546167204269734 0.82290455613273
-0.172483019302911 -0.707109445159232
0.130563050528533 -0.260561116248239
-0.846201041924811 -0.524547699312444
-0.800882498065621 -0.22374513597223
-0.122446649030615 -0.777361903495777
-0.66413551768395 -0.639580835243964
-0.0902075025831541 0.790378574590538
0.586465336503141 0.327447625815618
-0.520191165715487 0.230582395212422
-0.350232251144815 0.950295701758226
-0.537904035974528 0.237689674861098
0.212196826531822 -0.431023033793012
-1.03459297817108 0.0841387211666088
-0.0731322729615875 0.880403856251388
-0.864845731062148 -0.163114266340249
0.699152806062143 0.360775769140075
-0.512336002836102 -0.8035532474835
-0.77016218368157 0.303757477319645
-0.770298438456083 -0.066190366052324
-0.605261038857818 -0.169448233139519
0.24359388420902 0.791290212298809
-0.451484164723132 -0.491691314388714
-0.47757690696861 0.712638521134103
-0.683164493984024 -0.146841014285097
-0.565496076999741 -0.50262399756396
0.314137156049502 -0.4987461063775
-0.179489648455823 0.65140627561822
-0.124851100846462 0.686518692270239
-0.308327373959723 0.341934598493235
-0.155292876739489 -0.532912638256249
-0.374312135807656 -0.423796925620885
-0.0318225115584433 -0.37986295879614
-0.102088847702203 -0.588907872213161
-0.224100606281036 -0.528103312477809
-0.241357317856883 0.628425681139766
0.145708093745729 0.335154865381819
0.241343335130212 0.667121372537946
0.474758692939422 -0.369247381243132
-0.435558598986704 -0.729644982210211
0.347040242829038 0.72276765672352
-0.0315497352129481 0.690094496441097
-0.386786177895568 -0.302507723845803
-0.447910553722175 -0.307609380988914
-0.0970364135229869 -0.674302686508807
-0.571038832114192 0.30519935479564
-0.476351170753772 0.130989687940743
-0.0439905178949916 -0.690035850328993
-0.0879172262596914 0.640371360180705
-0.472452533091858 -0.10182038894
0.388648358585179 0.551703647656684
0.380549222206674 0.588888944093489
-0.261199013353367 -0.390216886943299
-0.329980111208903 -0.390719590921301
-0.583532042016846 -0.0920593272975128
-0.247463080917328 -0.424010328745483
-0.505355699880662 0.0961182505566343
-0.152377009630424 -0.489471534483325
-0.406455253441354 0.153776982141944
0.0651884452097885 -0.256704267121461
-0.568723561791538 -0.0630701327569511
0.198548586554038 0.563114222172221
0.0688258364541343 0.321853469770001
0.160866303775413 0.500532161032366
-0.225283368053218 -0.0127483710959298
0.136322381959677 0.551143572742497
-0.139246094077554 -0.530492413697486
0.414384280833449 -0.275961429389091
-0.0188735638335974 -0.295405882558692
0.472919411251795 0.182469909436873
0.180811075322861 -0.241053057155793
-0.27203030643017 0.205870487843908
-0.704688610449704 0.033410684234125
-0.160620565396195 0.0297420208003931
-0.592843574659273 0.0412277366789912
-0.486983977767467 -0.112511407737393
-0.361977686765703 -0.187588862606745
0.0432038786728001 -0.518808792023852
0.317373426782744 -0.622690405677669
-0.0178663811743453 -0.448247053601178
-0.354905577086312 -0.0616911811896187
-0.116244048479638 -0.381201740575444
-0.120520800330684 -0.419568587575001
-0.227751043636569 0.53630513298234
0.186272297619751 0.349227634458889
-0.4249830170708 -0.233022797716721
-0.186047264416732 0.406911189024058
-0.269266496238069 -0.27139549458816
0.204126165488968 0.202997450676871
-0.138205806299152 -0.375073117628982
-0.158823648953749 -0.23926537617633
-0.0606774641417812 0.423405926848745
-0.469817570113646 0.126895695497541
0.231803800380028 0.200969230695197
-0.128698809879218 0.372585813321487
-0.224953482460702 -0.17828359152987
-0.658348277752133 0.0485879672947566
0.124603294399935 -0.123524036000191
-0.234004623866631 0.509627773614084
0.397457194283372 0.105029803128434
0.178397574265805 -0.54107541344416
-0.210574933508402 -0.335045731233283
-0.152855878921758 -0.358950058923902
-0.174668517576383 0.0967783771300793
-0.280266044150455 0.125847532845745
-0.224631965277835 0.101473979417345
0.0738146086417018 -0.276558720226617
0.0636153098696092 -0.305285746396868
-0.0845823664660557 -0.370856430906637
-0.303209569882272 0.0883928360524258
-0.0209096320899371 -0.303911928513864
0.297047721041275 0.212282023760815
0.248846844723907 -0.327873608317533
-0.0773951816216452 0.433659424707689
-0.402513693279758 0.0550834665889972
-0.24901687657411 -0.232176216481952
-0.515952676006463 0.0376863913480507
-0.496734475534133 0.0446136649232829
-0.180898651700386 0.358336824904225
-0.166223668061465 -0.255556916214271
-0.132027396288069 0.374969304781314
-0.215550397988443 0.0318372249718142
-0.110407682537143 0.311300110090566
-0.1436405012118 0.333946872157588
0.131373963445156 0.103605769630922
-0.0978967331243831 0.253460916240101
-0.23559912747937 -0.193243278037271
-0.125780465730169 0.274265099667181
0.0633858048964535 -0.0688313746592916
-0.193271857289732 0.151061255532695
-0.0146465401059928 -0.00632178243757327
-0.335330147146882 -0.0562570546728673
0.118049046237951 -0.305117123221864
0.222475266344313 0.132909806563799
0.0406375270543743 -0.103390116214637
0.000667398433400336 0.314976798193147
0.0483450957492572 -0.0781511181999818
0.048713638158527 0.298791455800978
-0.234644542776169 0.0718973228785511
0.0811254084037439 -0.18886703993918
-0.143816372712204 0.0455321759049252
0.198844535362912 -0.246815922901406
-0.0881797365571934 -0.143123033818919
-0.066322672796299 0.281316961016189
-0.0271614671052763 -0.154011516908529
-0.260606157586837 0.0431410583541076
-0.126979766547433 0.317231578932634
0.265791031911461 0.00370831354756057
-0.23624390215701 -0.173729736209039
-0.433466921095433 0.0113131573987436
-0.390364471959379 0.122012757867695
-0.233669504687343 0.294105892049762
-0.151285308484539 0.245290203297931
-0.0838965312518175 0.232261318939305
-0.217909079177661 0.0210151750946738
-0.0874022367804926 0.171353575022687
-0.19188310365656 0.203392045414165
-0.0746167742802496 0.195308697899995
-0.021254105343759 0.0706431734479193
-0.302715761958071 -0.0227528150508991
-0.325895032681536 0.155154189530778
-0.0656933987264001 0.00728181259413162
-0.106921540972907 -0.153688943286815
0.0536621362296713 0.00943633601496302
0.00163720725968574 -0.184332051174663
0.0145890836642873 -0.0230148869171904
-0.017146814956184 0.0552734179863928
-0.10852018644423 -0.033487977526616
0.158202993756928 0.0960264043861389
0.0203819480122464 -0.0635254212174496
0.0599875260450173 -0.0664681649175856
0.0273253639916653 -0.0505380626929441
0.00169736111737174 0.180113547981271
-0.00644129661620753 -0.021886765648235
-0.05999806876952 0.038230890729612
-0.00737921816956393 0.082266092324337
-0.102468821185256 -0.15698829237195
-0.148567288250849 -0.134365676963884
-0.253934683997339 0.0927534190608266
-0.275329767169344 0.0539891228583875
-0.282583358924893 0.0441855109786785
-0.271395292539302 0.0872994955665665
-0.263797571131658 0.0149818019651845
-0.162488571173096 0.12246045355569
-0.169803069267965 -0.0124325528559646
-0.172986000336736 0.0875282042645218
-0.249301333120039 0.0212903229563442
-0.242805206540024 0.0645446219615079
-0.172447993994033 0.00589538199863618
-0.217709568287948 -0.0422261415033091
-0.164940189199691 0.0933981310967028
-0.159027002535984 0.0191651178695252
-0.138365888324701 -0.034712079900701
-0.141095132997098 -0.020048435865499
-0.150819714205325 -0.021891777788166
-0.106171885896259 -0.0236460854554194
-0.1011007764981 0.0544234263801791
-0.0398452321825577 -0.0277761530397692
-0.0279135699216912 -0.0544700233139653
-0.0776196257939891 0.04253523456684
-0.0675573397459319 0.0165082787941032
0.0199276251420956 0.00466480337752275
-0.0497274812669573 -0.0251320587635804
-0.00167571071687214 0.0412131191896684
-0.113263615473216 0.0687619647069758
-0.0199606566134251 0.0455086582742294
-0.120532860003861 -0.110249077738468
-0.139767813826063 0.0723328525533318
-0.12129586307652 0.0328363582399631
-0.347062199023892 -0.0796069198685451
-0.324391447700911 -0.128575245638621
-0.330886423279609 0.0889762658114535
-0.291955269017301 0.0653376972816134
-0.115634127092592 0.045618982937052
-0.201366515385295 0.0935446737784272
-0.219504836160031 -0.0159271264709665
-0.142731159595956 -0.0542731014458064
-0.192586893754431 0.112288274344281
-0.258970374806909 -0.0145515857135337
-0.229101415370007 0.0755437792143054
-0.217859780894378 0.094783640854696
-0.342072797180402 0.0288924939421967
-0.243559496723308 0.0190916181784565
-0.431406195975855 0.0420099753414338
-0.26203837121219 0.0921543576662409
-0.267300410954429 0.10999239653648
-0.187871658734859 -0.1048193270316
-0.138045514200219 0.104747058805245
-0.20448391510866 -0.00377671493571146
-0.16655148892892 0.0696069500346048
-0.307735912318657 0.0413678251651304
-0.13202325427614 -0.0146924605954785
-0.122581843148911 0.01080601362978
-0.175579216785832 -0.0279310935312471
-0.00468964097482889 -0.00752968992153607
-0.0720459932969258 0.156130400900005
-0.0409677971789717 -0.00152908031205308
-0.16523691795524 -0.0136162671870833
-0.12370416340836 -0.0686378077230956
-0.266205862713975 0.011317518765976
-0.0771827059281917 -0.0911467975758636
-0.179056522628638 -0.0721695929966523
-0.329832044444573 0.00697708710275135
-0.274396406901889 -0.0971835446465207
-0.201133555806411 -0.128300979402656
-0.0831319423292925 -0.17965562218463
-0.362312908307577 0.0530545250994338
-0.199894118145675 -0.162890344553706
-0.439643502567341 -0.0965504764535362
-0.535580908960725 0.0299160367263043
-0.308230739740559 0.172677267137712
-0.284600410403928 0.194120223153934
-0.277366352649685 -0.0459148049613974
-0.115162964641931 0.08370630992774
-0.0990417215786058 -0.119097782168352
-0.294742051287544 -0.104079973657509
-0.332856498851049 -0.0426953708495838
-0.308957362998908 -0.0287026374515028
-0.275926215758824 -0.107314670874888
-0.333245601944599 0.0532261161625345
-0.378338184394482 -0.0934180477268503
-0.511286670826987 0.0517795652976797
-0.355389682578148 0.142608306467224
-0.140937532570935 0.00203890807733268
-0.314376936813746 0.150482071174179
-0.356185438828067 -0.057392073148392
-0.0473230940756592 0.0416011361276371
-0.188365881908367 0.17310683426788
-0.373324088113491 -0.0797928391246326
-0.17097391621357 0.120645024978637
-0.27599243306912 0.25522905056979
-0.136376565919626 -0.233627557576792
0.0362287332001733 0.0139900770207086
-0.126423490386112 0.132342817529464
-0.405955628446099 -0.128732635419658
-0.362392730231722 -0.213206512355615
-0.0954133433967357 -0.250833678580317
0.230466875661216 0.0299354264220136
-0.166264439099112 0.315289833649123
0.215142199074677 0.0273675044351074
0.0205807233296035 -0.181438420164812
0.0583978015072109 0.139969368984712
0.215953570764553 -0.00824659906965711
0.0755241583314885 0.259326387686187
0.205497577259465 0.0569358987933949
0.115058817911377 0.153665244666308
0.126577035180798 0.252513616590073
0.341354798355224 8.47422639903067e-05
-0.0481055176117469 -0.193494554519783
-0.037885224350597 -0.0103345781214888
-0.308554867584931 -0.126458514275584
-0.0909180180177052 0.286021189859658
-0.351798357759203 -0.0671363923795638
-0.309105208059487 -0.284319294966444
-0.209194455205326 -0.089330942190294
-0.0621702290191417 -0.0717274833422541
-0.0275859138651979 -0.0999494881483662
-0.538613902947435 -0.0541129478023475
-0.241935108660361 0.317360649511731
-0.572574671796924 -0.0220323973073636
-0.301282440925711 0.326670283118943
0.044550531489009 -0.203747799693981
-0.672490483514514 -0.0769969731450297
-0.548282907928681 -0.187993938878271
-0.475016962471168 0.139805113752681
-0.0665150006011281 0.467420536035119
-0.155364248952054 0.0342122498957116
0.120694144786992 0.221788328134783
-0.0944468093082172 -0.0210988511175467
0.214472633958049 -0.0565837556008515
-0.0734637613583616 -0.471849805875092
0.420533932112519 0.0955515827445611
-0.0473982629762147 0.313165843361053
0.359562812831106 0.470092573046463
0.54540240480169 -0.213356374884024
0.296578046470363 -0.096369429526159
0.261983860385959 -0.111232543063155
0.085432422727724 -0.392297397055681
-0.164823520373521 0.0923106400887997
-0.185118852028753 -0.302838437465224
-0.2587524431907 0.150632549164761
-0.137982474850074 -0.343970394853852
0.0219615093011244 -0.316255841877115
-0.0947269732486618 -0.198872957677084
0.0358675878390251 0.26649302471077
-0.0026543063863609 0.324075133973398
-0.0607026759091588 -0.187748015765004
-0.349571058997518 -0.00838612578791685
-0.323169249820701 0.0669639138228855
-0.308032208046801 0.0255546993232881
-0.101715711644219 -0.280389657561706
-0.2029431355694 -0.195670378894538
-0.250682688826344 -0.207912149378208
-0.344193305736908 0.0179245335219317
-0.245085809752596 -0.222894598364758
-0.287674670109144 -0.133769038032299
0.0683431789787406 0.27700968964384
-0.230623835070147 0.370590801144674
-0.43444885164293 -0.250407179585136
-0.310460564153134 -0.18522452235826
-0.661280078552366 -0.0617059965896072
-0.699875836615962 0.312735297228338
0.0622087673695448 0.137609376661749
0.227269658571062 0.0113949026224905
-0.891686350995043 -0.0563010946844366
-0.497281865883813 -0.412249031688433
0.0534497615478527 0.299411769491876
-0.165809176324209 -0.706100038560406
-0.0823122319389337 0.596681702562687
-0.771966881894742 -0.396021481833507
-0.97825702778695 -0.143501464729105
-0.74311357177548 0.228732998688728
-0.957354289221061 -0.130887699587935
-0.586145359708971 0.358438341839786
-1.2165952773706 0.0978377281720128
-1.05738165476518 -0.174960141036407
-0.136517937196272 -0.357856702124988
-0.768921904106231 -0.665760234889528
-0.703153123373576 0.247738608692427
0.417882970582144 0.292493796271998
-0.607824025033506 -0.389763250714198
0.678232707932964 -0.0390046497538038
0.076294264017903 -0.948572207768284
-0.978487641727658 -0.600742303987134
-0.217566004427041 0.0183771122908371
0.113849675099299 1.03964991734918
0.133064542118918 1.01462344087073
-0.285819407733338 -0.910719109725329
-0.700357682167643 0.376017519332115
-1.15690657895498 -0.669275992085515
0.375633872980534 0.19397487672085
-1.01673279919958 -0.801520686533338
0.121445066850502 -0.20619255424499
-0.62963276446268 0.58796295483726
-0.950600763204578 -0.715527415466073
0.0957926864561896 -0.208520912129837
0.295055389132298 0.192672133924213
-0.110609812326737 -0.834228329926641
-0.638532767577723 0.292963393722018
0.464150576710352 -0.0363788533997692
-0.88966687214287 -0.392189461625909
-0.300995460104095 0.64467210587495
0.229306193548677 0.188184587851783
-0.896117867976476 -0.362784029288445
-0.557938565269548 0.304974612125179
-0.595773156264022 0.649801861691398
-1.00749743529531 0.0613572174144445
-0.725165285260356 -0.42452534786352
-0.151789641229435 0.58092513594324
-0.57561497282506 0.571154803410963
-0.53007031140137 0.592871216786018
0.162654649323402 0.158514577674598
-0.718935403341263 -0.253455237717768
-0.392812222520288 0.204887870502966
-0.462369827362209 0.24854032252025
-0.157015825090232 0.404921220690052
-0.443729332356159 0.193515860718373
-0.187456510268038 0.28349990212306
-0.483068611330384 0.447076307933372
0.0447574393370559 -0.0222028228603496
0.186757880656921 0.0721419973778327
-0.0949191361556713 0.409234431580818
-0.19620797494487 -0.384060614842278
-0.228107655181299 -0.407875948528544
0.212576072934848 0.0915712499365865
-0.0409213726976871 0.489509382193243
-0.904026672230436 0.0531309854790803
0.329729228462136 -0.00548635154278949
-0.0219330672800021 0.374674610598605
0.172779929515567 0.108551444313579
0.037105356422662 -0.114097849030064
-0.2069276000893 0.518664700183652
-0.513523926521521 -0.272539067532128
-0.641333091466679 -0.094379520919872
-0.172696686580022 0.580930021435679
-0.0788783838226634 0.330165782713403
-0.47183394827874 -0.458018350467113
-0.466618493874956 -0.0696294942302441
-0.260758523116254 -0.468257648681661
-0.137119870675061 0.389738363409933
-0.391422910232753 -0.377216539434215
-0.524282812781797 -0.37260390788376
-0.340862766943188 0.598911702653082
-0.679805067509078 0.112423339323205
-0.459152905901797 -0.396460850141509
-0.390912752448967 -0.322417102704157
-0.764243749910829 -0.0551254714683615
0.0217609616922037 -0.624247559708265
0.387401876016684 -0.0545442602369577
-0.341836903461124 0.601425613207091
-0.443317571589272 0.717867278564638
-0.827398017022223 0.0851304663088603
-0.66870350006696 -0.36001136374111
-0.872832858542163 0.0889366096100167
-0.0263910155144285 0.441122358913842
-0.829873412256142 0.0860563619996388
-0.930591050728984 0.0284233752641728
-0.494485272760035 -0.307309899681308
-0.0756886570106786 0.242220727174693
-0.663583720858504 -0.289629467659574
-0.296760277655823 -0.446110145491509
-0.710641834452999 0.0131224972594938
-0.733239982973067 0.071681205398037
-0.360416807543328 0.326282458698543
0.0806845424573814 0.0282183122011193
-0.549958157310066 0.0253066323808948
-0.32727424225264 -0.26549164936668
0.0108507714916804 -0.420261837941489
-0.53511404947684 0.0359191548332855
-0.108699443659822 0.389968598997837
-0.548678105777708 0.00517820306352802
-0.398900723176574 0.0625121863899864
-0.22699207806303 0.488962331114555
0.0240908802233869 -0.280326516940289
-0.0211898598516646 0.516018633347096
-0.178344093001227 0.0262421878315658
-0.32846666154839 -0.154289019045114
-0.218651768048314 -0.56426358229544
-0.0444547929008816 0.00280803725332651
0.347787167971498 0.568540586961157
0.0560518812640158 -0.638247455050688
0.0667038028000197 -0.664250614772232
0.499272205369856 0.738662878036803
0.187409208609226 -0.303427374615732
-0.5042605148264 0.204047888431272
-0.0622949344530866 -0.602403061515115
0.431165316450885 -0.452485936934641
-0.644843698188031 -0.060315993733624
0.105883794413003 -0.365439134510174
-0.0819364577672496 0.563720519083145
-0.288543005870343 0.697125525392039
-0.148719382563904 -0.427502551062
0.345597872231293 0.45914064854873
0.239158770925246 0.558927501741526
-0.142301827871557 0.569940675411516
-0.245082212467369 -0.434369701368557
-0.178629281832749 0.54667909106089
-0.23998447448129 -0.525238945823317
-0.209587479845247 0.58246949143353
-0.127983263167053 0.558695877811027
-0.200028651857357 0.48249013463686
-0.634579029278089 0.0307760522208714
-0.218314099050094 0.593739068800898
0.403256446054165 0.440080326069185
0.301528927833005 0.504699487024544
0.200347715519257 -0.605919680535263
-0.706771668306182 0.0444806934241243
-0.215816266905207 0.720738554435624
-0.28789243891671 0.663529007047171
0.160830951984761 -0.613784215629897
-0.482646334863656 -0.437286905276358
-0.30254260280008 -0.486983267205388
0.294027598677633 0.571716376952012
-0.40505953195741 0.674201147080344
-0.392906228774931 0.663937457473043
0.108941467592768 -0.621093562044089
-0.40831377024635 0.615013902452049
-0.596424171204756 -0.418896360978154
-0.508103730270073 -0.53872368251382
0.0187521958087311 -0.553366282177495
-0.464793208091002 -0.364869326039946
-0.931450157648971 0.0763281097138711
-1.24472662073485 0.0322973851377372
-0.54723286225323 0.747306894914996
-1.09023684524829 0.0430811862300684
-0.601133412904224 0.717957023191312
-1.09408271979719 0.0753876920178919
-0.741353891430944 -0.352247144284046
-0.220555705891463 0.510767705202204
-0.557332688748753 0.670142974614048
-0.451606269585456 0.61264819819098
-0.0599385966754743 -0.755889145670956
-1.23181198927944 0.0767094304792862
-0.645512176377827 -0.586703946643434
-0.301295692867053 0.635196316929136
-0.536619898276884 -0.592999023962647
-1.05517615935176 0.267869105167439
-0.486909152573042 0.769959143764748
-1.06562379225909 -0.00225699029021664
0.123375810696152 0.794340975509488
-0.539942246447237 -0.668797411165201
-0.470926421238976 0.879492547326522
0.0855421370415637 -0.923861883604959
-1.01141300809651 0.342124555446464
-0.179752535658767 -0.538125199881514
-0.132260111440266 0.622182141714145
-0.342999835323827 -0.818444822339686
-0.967578348714469 -0.595253008656785
-0.872098281936013 -0.908885251330799
-1.13992081816943 -0.109873566374531
-1.20631836968311 -0.118601500132534
-0.365360808727996 0.988946658741119
0.05905815296574 0.616774726130269
-0.824068922425216 -0.980191311121393
-1.14340498621936 0.587859109898259
0.613911537720027 0.407270535023846
0.101170043416105 0.630090084106386
-0.553601615686345 -0.839975360666151
0.0976134470254333 0.709380406830839
-0.770437896450342 0.826132034151726
0.144772806771985 -0.628206912978659
0.636747379701554 -0.711831282053044
-0.75171107039662 -0.889152426988802
1.04731345487182 -0.0283822194525837
-0.786533427979465 -0.831946616819499
-0.844601289659698 -0.781994239115847
0.00740292818091294 -0.713553192490109
-0.954731102554662 -1.04185277392225
-0.966637418967547 0.263071948680454
0.160188356948568 -1.14375367433017
0.580003305490114 0.691198602188777
0.128706554322772 -1.10338988336011
-0.68389397208374 1.06825394988473
-0.387981293068033 0.994059382952993
-1.19941734187688 -0.0852100816110431
-1.06861244966782 0.328296588858744
-1.0058052771546 0.156169351753113
-1.12713895956651 -0.00749807016034211
-0.625333157930446 -0.863485390470846
-0.340123286758901 0.894761047891052
-1.09547406944319 0.194507598892854
-0.619387131327157 -0.748673366711879
-0.958892367822727 0.107383011929729
0.327486034787372 0.787731685900463
-0.454655755714419 -0.67324189264421
-0.507356942979571 -0.765479449397213
-0.555693524223371 -0.772201596129893
0.231232902991396 -0.831971914562977
-0.89164092907535 0.0687884310253086
0.308428274122649 -0.830358886145517
-0.316941945383989 0.76285996019184
-0.409411635300499 -0.609148897918632
0.338265755517588 -0.784318305370331
-0.280596355241464 -0.67430052054266
0.416061670516711 0.579355193461433
-0.259431474755189 -0.711774439855103
-0.715056889683154 0.0267371321634985
-0.659585327703762 -0.00544857016812441
-0.200028115726223 0.641494612560802
-0.519618650552157 -0.0180874968326348
-0.2590533594837 -0.729581924699259
-0.703525336635812 -0.0215010019105177
0.488790178090507 0.489746505633357
0.410085980439428 0.654763795672689
-0.183514807466613 -0.687605954713421
-0.347964596713944 -0.796690291639562
0.57330062876352 0.444698023916921
-0.523841581306715 -0.146273005595657
-0.271319952471449 0.898620339398048
0.482986757016991 0.838137064955876
0.201391475883448 -0.580978713860934
0.177907795434808 0.665435074958905
-0.297861708449786 1.0080103486353
-0.115207060087492 0.804389970197161
-0.254051314672589 0.0267706387925402
-0.116015185346028 0.762163896944152
-0.175737317024385 0.748640096611318
0.0368982943177507 -0.491092267452536
0.362649140252666 0.776589208245039
-0.749327957208439 0.340600128768947
-0.369897563912038 -0.587116811019117
-0.616108567601731 0.183698569474978
-0.385904381130968 0.79107330844248
-0.564709740052597 0.132293420161357
-0.263225391198363 -0.634934961686795
-0.501685887641586 0.0501276586278646
-0.484730736452301 -0.559619347677478
-0.167541792468025 -0.343328391415013
-0.475824584657843 -0.323567330177095
-0.559992632289462 0.0587648986557059
-0.71763428860298 -0.0392587845780176
0.119995011345622 0.524708247692847
-0.666777909561293 0.0866958228096264
0.0888378886990641 -0.446357072576426
-0.69381161100983 -0.0170209956859547
-0.368408631252107 0.556773718126383
-0.317364776725141 0.5386284169557
0.00700378072839256 -0.477035950499333
-0.449519646076428 -0.379042085576504
-0.387874843587472 0.532542263016163
-0.340848718906124 0.486318519277428
-0.670939192457761 0.0443457536525843
-0.414929127302893 -0.200467889783892
0.0555521949517294 0.27801606451808
-0.319062038155103 0.401731177923443
-0.416990445464234 -0.35742197467287
-0.229143612742342 -0.422977644210619
0.127246285794749 0.445266915766804
-0.149777028443948 0.52137685117676
0.0855007947651126 -0.195626196071721
0.584734106759627 0.000924723449280897
-0.0241865502310181 -0.489948264965054
-0.171513366520107 -0.239791612814124
-0.402858803388997 -0.177515282913228
0.0885210919299228 0.517621605224287
-0.444966604354893 0.404594630181799
-0.267260739586987 0.349399690941772
0.024150929866127 0.604754249271663
-0.448213970002881 -0.704890984202892
-0.284445904006034 -0.326617485981073
-0.1236735504352 -0.338748682061958
0.485146793449807 -0.275624818181522
0.28911449148413 0.728654585765126
-0.384025545982899 0.283203742253343
-0.0968097020351361 -0.559374344116082
-0.200248807924846 0.608931293854246
-0.645536406573099 0.346426553777768
-0.17261479080593 0.557518603395672
-0.992336286791443 0.0829106329549881
-0.204753296109937 0.644644818498817
-0.530805001985539 0.173016465194151
0.118484211104019 0.58110756087529
-0.27567196887386 -0.527729407674814
-0.00380298687688647 0.581468916620428
-0.820417774061888 -0.121959932063794
0.031085921878052 0.456119559216059
-0.0963105889221356 0.353155892636024
-0.344149041286731 0.546707031868465
-0.217955801120866 0.168606437707714
0.158814795085614 -0.530098320882865
-0.400145677471514 -0.430692695117944
-0.38079897035999 -0.392260292042541
0.124547539084949 0.0193785462649283
-0.541269528188673 -0.234709618612564
-0.0616533027922296 0.326303856151319
-0.116281892218083 -0.456597523568861
-0.189455584236019 -0.439918324074009
0.0143102643061763 0.502218067445105
0.0483820967210624 0.578501457225254
0.528587109992652 0.122302241559921
-0.679898878718141 -0.341364658618001
-0.562437259309004 0.576703864471664
-0.0540149873688034 0.559565287620322
0.535277732155076 -0.240712660219423
0.481048071294122 0.106607240054788
-0.52467293793073 0.844083484127789
-0.015712050394174 -0.797115591015602
-0.0826036552198794 0.70902293527754
-0.151808019646709 -0.747514975005608
-0.111950879494916 -0.773784192795345
-0.165922427493768 0.798866455547258
-0.0217762550333103 -0.881741520445164
-0.35593581569774 0.554817645432927
-0.168722725427675 -0.727936631355769
-0.0308971641578055 -0.686223990783496
-0.189932477666789 0.451760662786162
0.255574730525049 -0.0716403178585154
-0.754979991290271 -0.26652396372378
0.338998325457698 -0.203031494214824
-0.170711831390087 -0.547715530559509
0.336499640552704 0.122217317233169
0.257099227350169 0.026888987804348
-0.031630016986725 -0.00246156532029337
-0.319506895643795 0.36731623731063
-0.560760591705913 0.389542418584973
-0.864860403943242 0.0660765868929429
-0.300017103753989 0.218551359274723
-0.171062781450583 0.306940130540759
0.124086801742031 -0.0512465786230808
-0.0658376061156086 0.310501172180449
-0.286986440429758 0.483735944622873
0.123610897653497 0.275403955109875
0.0486634854402865 0.3206156492694
0.126009517377596 -0.424236872538546
0.081967726983035 -0.369048203312808
0.145073326839039 0.235729306650109
0.456306510442362 0.00290970456860676
-0.250351981968836 -0.354346970399479
-0.203741993174505 -0.250820887385436
0.259666286508783 -0.422735815119606
0.460623472459137 0.062218058528855
-0.226322201201005 -0.367457130028955
0.129363465659657 0.415728061651972
0.1519477522957 -0.390584174042016
0.178309227355595 -0.457947705703143
0.402415990451348 0.194094328341225
0.328155584774334 -0.142345310610863
-0.27665050908008 -0.124465898717909
0.0080680201633013 -0.494009056590764
0.182956424793899 0.528168930378877
0.0956490682527472 0.533708736366515
0.600798870053712 0.256019126697985
0.181908279976988 -0.36799927043504
-0.0999365579490042 0.0474411384326912
0.25221897220851 0.376880105617697
0.275051670962654 0.37403579043392
-0.0337974805182466 0.0936977817411442
0.297682955992923 -0.313106594569572
0.640954575068823 0.402135315971409
0.143374360054831 -0.325059654681288
0.227191466045067 0.417616702854802
0.197255293479619 -0.138884528306644
-0.288996036460347 -0.110623937414001
-0.124185560716789 -0.180867755150086
-0.326178511182916 0.246994735086298
0.737441952784561 0.0239516614284566
0.0278788999660974 0.402458009953663
-0.276441966450142 0.106629011505502
0.0351302682661807 0.560345139965914
0.00188994524268711 0.540027553456055
0.609719112315189 -0.0260794311795291
-0.408428391828375 0.00138993554234826
-0.35463782018141 0.039383691784885
-0.30573740294554 0.0516167558141587
-0.249499387261938 0.0206997924096214
0.0368195955157218 -0.168625996631441
0.0769000237301669 -0.142765691657434
0.088463849586871 -0.172486675650376
0.111247696010428 -0.0474047449686095
0.185196650818896 0.060185471592326
0.11569958638712 0.110729965922193
0.144510429095559 -0.0340661171770103
0.117213168126571 0.0101953685933976
0.0508415257314289 0.0528878316323102
0.18712596025919 0.0241031910336039
0.141042202608194 -0.01355090883902
0.12545100429812 0.0102013900441752
0.148522346737986 0.0949016223967712
0.263012947521511 0.0371331817174981
0.168488731860635 0.0779642280874309
0.232662480376884 0.0945169686627054
0.177454454859245 0.177828172461344
0.235082505218592 -0.0602357081812594
0.183493933071872 0.117377950780815
0.204440718618513 0.159335166441799
0.218206681612168 -0.0771020039801351
0.202058581509225 -0.0719390359024729
0.268171474398866 0.0299755915343809
0.36921653538691 -0.0627119768946976
0.249556302775585 0.223995929441272
0.0620595508877835 0.0336245030028882
0.163158320684154 -0.147925993191535
0.090078381513 -0.176751385026325
0.153215143161152 -0.294673887807745
-0.0702368520901056 -0.0838396765297571
0.66433902631072 -0.010483657729822
-0.107110695256798 -0.194249806150518
-0.0777078871040364 0.329138962241995
0.0214553471960388 0.441852475543659
0.39749814182195 0.413981903443164
0.686028110871469 -0.0449986496614251
-0.125197843125629 -0.238160544780792
0.33960065577843 0.348094891398437
0.245501901072204 -0.52578344829473
0.215477386886625 -0.472879327271578
0.633895025073375 0.0888261746500446
-0.0398610640224042 -0.500883616025681
0.538041694556655 0.125388483230837
0.327965298713565 0.534962070002579
-0.244702804833528 -0.246737587494281
0.540883740893637 0.482717451904471
0.692349345942088 -0.322483446982806
-0.245163546583652 0.310466782784732
0.241400382802176 -0.537164879505086
0.69826334643822 0.0458754262998762
0.284680864249483 0.458954684983734
0.622337260688979 0.478328948280083
0.3185836379432 -0.472706665426459
0.718482627124848 0.0768435935174175
-0.0766164622007396 -0.0793998761726514
0.442343551880528 0.0842880790628674
0.55016084469904 -0.514350477725274
0.371046577157245 -0.383689515803941
0.764567166544593 0.141004679370922
0.21441425363025 -0.197529858549739
0.466129062014359 -0.00241348900430953
0.364312048877724 -0.166532316550795
0.547204039955046 0.257103389620194
0.647503821270695 0.276890723082126
0.525555051953053 0.188207297835212
0.205824174765396 0.0788295328072657
0.914370047933328 -0.0338998162817759
0.541030147086559 -0.253292839792375
0.706932104190197 0.0634725133860706
0.618837117128866 0.203317089485078
0.481518843963516 0.215280837183885
0.508532141152979 -0.368309383024087
0.366477442864844 0.296824380520342
0.646433710855072 -0.00210709983451954
0.0460919166544952 -0.117443757476325
0.760438678711425 -0.0158815820101477
0.758912621212372 -0.00577742695170052
0.177596611294801 0.394536268418613
0.752658834197626 0.0312258790266569
-0.00327278385712055 0.327550832271761
0.450526342189671 0.389214170544979
0.556225135888747 0.288209396354626
0.165608359804702 -0.423200262549867
0.658345798442448 0.445554872274796
0.0540411281248289 -0.253272851062466
0.535847485064179 0.152802685191348
-0.379843865984282 0.0398256222391874
0.40840376151691 -0.595184455091593
0.913971737632214 -0.218590447267324
0.17220023618699 -0.481608184437382
0.309082276958622 0.306705908805501
0.484683234629735 -0.627578580660742
0.62388549957271 0.466695128785024
0.115718480200521 -0.288286777990153
0.06450898516536 -0.231736142259337
0.641288714966604 0.525306161387437
0.0810383049600804 -0.386391363936661
-0.186037908912523 0.051863735368047
0.841763606033472 0.179849314228316
0.417520938683976 0.274164434169069
0.888671881143414 -0.135201499425275
0.328176723299789 0.587905167853925
0.73839157093375 0.397519681868981
0.627645390136144 -0.505680270385523
0.494408127097267 0.18512062810862
0.833501160995393 -0.622094651674848
1.05552516880225 0.0264999437089278
1.08329086775547 0.0397433682721103
0.673289342126122 0.268554718466659
0.283619021055888 0.378411167111476
0.956461268875551 -0.0128206168294983
0.575202473183639 -0.327044676723525
0.873803965391125 -0.0147558149808169
0.589189231508569 -0.474425934955391
0.853180855998874 -0.00203033375158753
0.609879231904271 0.36113939395228
0.90881488303038 -0.0560919645823047
0.211122054680257 -0.359322409035409
0.644273472155135 0.411069072080177
0.183350680654691 -0.597755427987725
1.07804336561361 -0.0576789053507358
0.599087064079102 -0.596034947822491
0.57122884731899 -0.481916744385616
0.184290115006909 0.680589330387451
0.708024878858203 0.511258328074741
0.853766507779121 0.263753134677702
0.569525559103304 0.405891624293601
0.792574628799476 0.4124736491823
-0.0709530112271576 -0.52732927061053
0.570120375535367 -0.763396674637762
0.262950074475124 -0.587139588536988
0.64883390825976 0.732885206529757
0.631174353524602 -0.00875105795743662
0.871855073575638 -0.255462196066997
0.10525362538508 0.898365529125269
1.11974702331789 0.112328387221264
0.612076201941877 0.620307061170101
0.863914666576564 0.57368556963124
0.812457256993228 0.682992840336318
0.487652645354493 0.670317261456047
0.274703007736769 0.398260565166007
-0.564705997720581 0.0392514972471635
0.953086624397088 0.0212197589607633
0.498768210400438 0.552135756865446
-0.116257746405366 -0.644331116910593
0.872691144112961 0.04283947576949
-0.0285858212070366 0.512828568292348
0.454747142742896 -0.639028753843666
0.438589411061146 -0.597884209789624
0.0471680119947073 0.564913177493432
0.539112208083103 0.397003431075244
0.0024280542596866 -0.400285909804475
0.0135522173798043 -0.434000446950286
-0.00247303252484124 0.438787394487489
0.409281566738214 0.320929860150129
0.0914819460885418 -0.356465055271795
0.712240865386095 -0.0249376997820104
-0.18438893418373 0.0152815202713054
0.857032311418363 0.0113527995512337
0.529625390241057 0.21101883396193
0.259935545583589 -0.133632213192655
0.429788167767446 0.24099259160168
0.299577961605774 -0.415839157919002
0.260230591145137 -0.146217167331185
0.92142989292521 -0.011417052782487
0.146789924038233 -0.147384387899684
1.07782469790305 -0.0304941223950698
0.650467001289886 -0.170721731941502
0.564922804861364 -0.149790274039885
0.463669355962763 -0.43587910210419
0.0289144950067718 -0.0945612965634354
-0.222563182273197 0.0196759415380149
0.969938802841703 0.120652007956286
-0.194340994450371 0.000124063206134314
0.432574358183853 -0.534043156580072
-0.197182010914826 0.0261635095497186
1.06768039513025 0.165806776030652
1.10452663856225 0.109229805398819
0.135039273617674 -0.135346434373866
-0.166035660184914 0.042733115706226
0.340320177609536 0.307460299731656
0.0677396778024598 -0.312372488911597
0.926323366145568 0.279651866259833
0.0324355024060525 0.38169841608111
0.342705040998047 -0.79096933162836
0.187267453863107 -0.268040169711403
0.947944074375838 -0.820929792154518
0.788529247783322 0.642132610318327
0.847657016124473 -0.0447783886910742
0.816531484826736 0.587650902765164
0.139400452823026 0.435080066735221
1.14075713273161 -0.209060588763541
1.00671016376192 0.397320229790738
0.513479108342132 -0.556534635147913
0.570044856259188 0.486031332059602
-0.470212628937379 0.0263451985765713
1.70113494534802 -0.0998059432283407
-0.548448246643664 0.0372785423548565
1.35134506093879 -0.34431922483211
-0.496798186044829 0.0051678286827234
-0.4318304179372 0.0333626596229011
1.46953485221479 -0.046462032920508
0.0928703717600653 -0.504829544215753
0.674429309453008 -0.734992163570955
1.16314362131027 -0.053470108492921
0.845451934004642 0.610780517367455
1.11470885523358 -0.0736625043469896
0.67063237213903 0.471514916136724
0.688436199270973 0.560148379330239
0.707235591015047 0.474160207503816
0.483601418090239 -0.690818568778383
0.934300506562447 -0.0368748442513147
-0.100980023868223 0.75556441969235
0.363595411796887 -0.751070823562587
0.437653669349806 0.656370378126009
0.352197997645812 0.6371022219124
-0.525396623354391 -0.462068997837417
0.702087518320921 -0.0642749636077213
0.723215761236434 -0.16988269121827
-0.989587762361773 0.0606291526771905
0.500260717449538 -0.105450944328954
0.460622087360352 -0.0545110547765402
-0.019192602867995 0.856045768989771
-0.0592172398236142 -0.897478248059328
0.412747471999669 -0.127037888271281
-0.514288885181956 0.65177953824357
-0.100735753049535 0.974001455745137
-0.0757224450498584 1.05376617213198
-0.612195026664442 0.734496658500181
-1.00219480007395 -1.07308016240483
-0.062537886202805 -1.15965846096876
-1.60340662952753 0.141377658438137
-1.53766123657947 0.101332384336872
-0.135847325281351 -0.964840598656294
-0.0989036044379192 -0.944770307377672
-0.91775579879369 -0.67444838737991
0.227585628463326 1.04875441092966
-0.0116012848104704 0.770005044331821
-0.478049785555866 -1.06443275391251
0.187519526114245 -1.00694320815924
0.772333475922006 -0.215133415350115
0.769382314211878 1.01938953349529
-0.715109329988658 -0.419368281476937
-0.161160147598161 -0.536549342697214
0.497544828949262 -0.865568253008708
0.81671781698062 -0.367215943198994
0.853180163351422 -0.390293714005634
-0.376370109573382 0.447273640963376
0.938114428059346 -0.434502151584735
1.25072216421191 0.451124106124422
0.114657246450404 0.0199962510061139
-0.479573006633916 0.0406821033641605
-0.116312900726235 0.11804903382752
-0.0311603006469085 0.0230578636888771
0.375551763716468 0.867946665438314
0.602762353948869 -0.776951951575281
1.1607834046546 0.586698660514724
-0.303248230882659 0.0720676012781095
-0.219885450440021 0.0395164797701803
1.18217786319828 0.584066623696155
0.462178987414476 0.784180880467987
0.701121740743957 -0.593834015897951
0.478492963390342 0.802785290786121
0.657898815403625 -0.607363689102761
1.24725028517735 0.598212673504412
0.778199911955447 -0.616929343781181
0.781694705266898 -0.502763538202164
0.691396707818529 0.6993487351413
0.816911161170456 -0.537448915137656
1.12229068010754 -0.576747405133503
0.770781334602011 -0.492926338949091
1.2506112593913 0.392985865883334
0.960095702908839 -0.340000291940963
0.535155825661777 -0.00960616064520314
0.906107419793194 0.371617766650724
0.913125785037127 -0.354804560248302
0.77740735278046 -0.345639710606827
0.924348516669384 -0.11969009083487
0.796400571871454 -0.286087108047347
0.726558716957514 0.0913462439038994
0.349638513004322 0.0270759186278984
1.23647109006302 -0.063186217547669
0.859960487135319 -0.445612689924375
1.07180222040926 -0.0414079824362508
0.844819316376535 0.224480832553877
0.997843388810149 0.0193225063086657
0.740715605683692 -0.386758996073085
0.855084921218091 -0.0415899349713272
0.66370456030201 -0.426900005326543
0.954453780045357 0.27000716399936
0.486311632515335 -0.358297529489751
0.436321195514554 0.132855816344461
0.983208068136902 0.152320746681401
0.457191264903075 -0.347185897067491
0.316131715935078 -0.522088454348096
0.242435800435415 0.0917435537713491
-0.208805063366627 0.0120767746898647
0.531187543548404 -0.415905024502459
0.415825174530111 0.610207186444028
0.468404263481675 -0.434483937928025
-0.326760809134594 0.0235630904913655
-0.236247417123941 -0.0306924481598353
-0.199112263469567 0.0768112785460485
0.35171941182007 -0.520405607506194
0.841446914741822 0.32878422989539
-0.186701102953768 0.0719640960833431
0.443513426614917 -0.358118518191103
1.15005957242128 -0.0347966686866901
0.404107032848505 0.561026909795902
0.097105537224602 -0.0499091265322803
0.149371017284314 0.0656587197877687
0.984687745661948 0.259857957115216
0.660761735172228 -0.265025887337085
0.580762310298664 0.384693627799772
0.596169487635485 -0.256093885755274
0.606711171779755 -0.189129110942568
0.596589006320673 0.204330952340664
0.573218761488904 -0.10185396238232
0.818513335110734 -0.0425988595305366
0.549685339521206 -0.107125747783217
0.529974241268212 0.08396113588989
0.533817096872794 -0.00976159181126362
0.469687974545466 -0.0457057194027773
0.490783864869624 -0.02451142434527
0.554716951097791 -0.0398734381732554
0.496432730042785 -0.0878865726555546
0.431524726328612 0.161498562080476
0.551666881348113 -0.174429849767579
0.572369306489795 -0.18277019898292
0.63188535447135 -0.0206498328452235
0.339084073308939 0.171923191598072
0.500709329640514 -0.188961061879418
0.504195499545151 -0.172328573667123
0.537040126042101 -0.0469453656498555
0.512751875792509 0.157372980010823
0.588210087194328 0.156877691244516
0.575180738709148 0.119889153214572
0.517777074162075 -0.106960387998003
0.514040872178729 -0.280375056500132
0.348291856510872 -0.228238403324871
0.545189735797937 0.0567235147073134
0.434554328288635 -0.340758444297803
0.348270941767896 -0.259111509804187
0.412637461581147 0.192607166314072
0.612789023088354 0.00043174175593649
0.643430772185824 -0.0585870283215569
0.635779153688983 -0.00946786045752144
0.220047125471281 -0.196402841261361
0.402916483508996 0.101050089417264
0.233879868241697 0.280058824702348
0.44315051775919 -0.227641846415619
0.326872408518994 -0.117638086365
0.633182813313202 -0.086375730548197
0.705154664263178 0.000421487163448209
0.324180943306432 -0.0968331280599512
0.451722587219951 -0.15298586774197
0.489028830364096 -0.067358194188577
0.546031211865294 0.0184137610583514
0.558395491832105 -0.0512873330642349
0.394245356099158 -0.0363028037664636
0.475975913035883 -0.0397365461227914
0.477726050044952 0.0442106183570814
0.487205133305811 0.00533664806950854
0.340293821336208 -0.0558153199630225
0.404458626766419 0.0291825865141189
0.392198055348019 -0.041681051464659
0.231461766466461 0.00265842824633022
0.36746782665214 -0.0128030858627281
0.267812110433626 0.0699596794906343
0.259391828830696 -0.0620980121489064
0.24222169615822 -0.0519471561757615
0.359909376375388 0.0250168884143067
0.301143978546535 0.0284054160466705
0.507223725731893 -0.0180618562874348
0.357995231310224 -0.174551447901764
0.375199922244328 -0.224355952558021
0.296100616580947 -0.205012033019796
0.299899215737042 -0.221798350526197
0.301097500151284 0.104919779561531
0.299565153031701 0.101343088151931
0.251880409038882 -0.219997522784922
0.362206237461522 -0.256708974001033
0.133997867195427 0.174030553716204
0.292047058843303 -0.158807750160736
0.203246039452718 0.195275744118396
0.261750526639126 0.136812880701563
0.224828514401182 0.237833790883437
0.357377633629886 0.0338152944509152
0.506614826823929 -0.0233199963720861
0.275231634928675 0.0032710236267035
0.369938628848333 -0.00980678862237247
0.365817957140521 -0.0687663877576901
0.347733647971911 -0.041593036855336
0.392694526722219 -0.0653974275398839
0.402276984948288 0.086678855191804
0.47428189472659 -0.0107104573007626
0.3163010279026 0.0464949971663955
0.429243637910961 -0.153636954059557
0.427571555079433 0.0113550253510924
0.315445553122738 -0.0258011555505011
0.405339126249722 -0.121051439368384
0.333987493180456 -0.0657111810097949
0.394166465587825 -0.0628147559193296
0.411208215308784 -0.0723909973627429
0.623409967258004 0.0369211317136624
0.423607522299801 -0.151661828800261
0.472402088426398 -0.201191512251774
0.568390089049074 -0.200849942336518
0.577745362320544 -0.150606604062676
0.575103238247971 -0.281758533235034
0.344998927416879 -0.0305681311196092
0.38917823605205 -0.0421767711864705
0.426121083613364 0.0353362452586331
0.397286485561841 -0.0160506835622291
0.503247299700277 -0.00174122202242997
0.781032090225422 0.219199688707896
0.833816393437017 -0.131450626382851
0.972720856595292 -0.236278556003061
0.662419244505171 -0.05690915999019
0.767721778988193 0.129739078451088
0.707008581064908 0.0228392394472716
0.663839635000061 0.0570889312196655
0.743596798480297 -0.0196733890600661
0.607108926348363 -0.0212859588653555
0.629025204672725 -0.0396441715140014
0.566201190539862 -0.0786664312029904
0.585046379651294 0.0033814226627562
0.482059454888665 -0.0217604648373862
0.478752817930218 0.0876958567839938
0.465516713971277 -0.0534775558693508
0.55700887915774 -0.0093203231650098
0.336224087495492 0.0383360336836099
0.430362456543038 0.00483754984065935
0.422628346611302 0.101652147444989
0.264989969859356 -0.0433462404759688
0.503390299784232 5.78033444936319e-05
0.270274586103103 0.184987503683161
0.369803584076545 0.0459578621439757
0.203558214894949 0.092313789031022
0.679147629859475 -0.0409070422927395
0.327715760740252 0.0895221442626882
0.309318252016843 0.168202823214602
0.678775130634564 -0.0374907501022617
0.0681216504048848 0.325043300720863
0.285335136440506 0.226426260699129
0.569065911521238 0.0228692035789255
0.180044484003269 0.135478878578408
0.431539439206941 0.291213427936884
0.532725980964802 0.124859243802479
0.358526821825008 -0.153996253730466
0.0794973515077606 0.0881056506968144
0.417320894818632 0.0458611000058169
-0.0313282229547935 -0.0595776424376944
0.00589018564806964 -0.130383920369752
0.281468485351131 -0.0618766797551664
0.285087415412674 0.0718415565025608
0.0505400308031566 0.241893454498984
-0.0670260515668453 0.0946173184505788
-0.0390788247481926 -0.215976619005541
0.0141767385064952 0.0501202164047092
-0.0352195950455759 0.362854744499648
-0.109558597477193 0.298333449806934
0.0992114093843759 -0.418363364752189
-0.00165345565171133 0.200185127869296
-0.385759542019679 0.403144502788742
0.073962464399562 0.358693854071908
0.245967413538199 0.239592243507975
0.204456371381997 -0.659057911212031
-0.425098051784859 -0.533345094953482
0.0104348915037866 0.655876537997352
0.524405580848086 0.217321527300613
-0.113968042056518 -0.429649461719318
-0.183785367782348 0.678616268449764
-0.512781243737569 0.149934065029196
-0.126251923670618 -0.587080536310464
-0.431259690289737 -0.0174188478451222
-0.0759737963672927 -0.569928432281447
-0.105519866836908 -0.614837184770175
0.610939669631554 0.556401776255735
-0.0438030759019849 0.692110851538934
-0.0804994517508664 0.694790370703862
-0.00286294062188017 -0.6881549792929
0.692572897292084 0.442717056368432
0.535429443696494 0.511618820935142
0.0519772265725021 -0.619969498006121
0.00515257060169776 0.674364355471304
-0.289725013324203 0.0495690319659092
-0.331246844279208 0.00506581555308481
0.143594119971408 -0.561954059899746
0.569427590166419 -0.52976528556249
0.129204367905613 0.554113042780111
0.174739473678016 0.580189600179583
0.71380467696028 0.37971731144156
0.699226179858336 0.313723409151886
0.226842490099508 -0.322234656210593
0.771741900225919 0.424988702491025
0.257393670212022 0.517120793977031
0.216181182501092 -0.359717937006632
0.217494821929833 0.557539529244381
0.34456866954444 -0.486363027359381
0.800896066877882 0.314173877849458
-0.0480080511469029 0.0711578693838381
0.224316510589196 0.433930170254936
0.334637967809647 -0.442728716510682
0.668883929219638 -0.529269565101534
0.362003798698806 -0.373417626912555
0.597743228925879 -0.574287691189084
0.524277238395145 -0.273828030865567
0.498692726455648 -0.323429335465336
0.832997425091136 0.190167861816542
0.567324919813336 -0.289701920174759
0.61050338009301 -0.305333515029378
0.437794061258171 0.438339371865823
0.445907767368423 0.419220785338063
0.0711656852774645 -0.0320728477595912
0.939499809514486 0.138074203850633
0.611844425802432 0.316997079924962
0.533705237221356 -0.343040176630838
0.593918954088211 -0.394704100285445
0.148151675438521 0.178556680987257
0.49037911678271 0.631505666295254
1.15434492835475 -0.443636444272235
0.612228942418175 0.645230897670945
0.904936058680365 -0.258491056450986
0.604088542083292 -0.429558659410088
0.480129277020902 -0.224163555641743
0.874733219428707 -0.472284466998476
0.499829833096381 0.0902303426281106
0.938898219691454 -0.206920580124248
0.354583751135284 -0.438235413549104
0.443420540182724 0.176955276062036
0.515616333275972 -0.460715616316111
0.704354213759385 -0.0543512652790025
0.465282208756408 -0.555655926478899
0.617319016205324 0.323512040308408
-0.370595124159491 0.0322687073348193
0.0447363673926066 -0.470917565823601
0.876438616963447 -0.024921248539673
0.42928541827255 -0.628465439474113
1.25015290520397 0.109206374206288
1.56806510572547 -0.0656290389508521
1.13516877735883 -0.210191864699008
0.711571408790308 -0.850133933702984
0.725283133684427 -0.880367522317386
0.270247727821424 -0.508925112852303
1.2857518362239 0.812770941639942
1.3324747805287 0.843653411009452
0.345949203786271 1.12536256061632
0.684480988836082 -0.9489765379371
0.85291633316946 -0.781138312250333
0.710250766668788 0.976268917526489
0.238718480775863 0.010464588700337
1.5924288475465 0.373469548880802
1.56114062137095 0.382071389268589
0.799363563139174 -0.741441938541884
0.171134124189766 -0.0457179399102811
0.801555112357745 -0.701790214045903
1.39346831095174 0.475138150353085
0.776803052471032 -0.567068798995193
0.794756194280088 -0.548153566481288
0.303397277819261 0.0642977831596809
0.796831593476048 0.475657393794393
1.17093981260302 0.218077758906876
0.753982189720292 -0.350607543037217
0.853819430526961 -0.162009206104386
1.04864178776786 0.210035274599787
0.801741013008906 -0.18007398265761
0.810778172671766 0.261352190587221
0.824923997610308 -0.129165634933616
0.671401409409458 -0.00826666149761417
0.788701712786555 -0.10177753092016
0.739745341634128 0.0909790085175324
0.852594477295165 -0.030731679880294
0.849944985186416 0.0264718604588802
0.914319908822803 0.018219454455202
0.835384530017053 -0.189049304638321
0.694252537186549 0.052267878092398
0.796617827585913 -0.230420521832146
0.589275260402485 -0.117357640596539
0.46885344612656 0.0957360509388889
1.14166810165797 0.0971794014045375
1.08142715771698 -0.432901032240521
0.308407482537315 0.106644201844973
0.699194563045839 -0.497280799016332
0.71465513101769 -0.519224219002937
1.23957507880546 0.21814121625906
0.749295220378558 -0.430871796122892
0.0561536068037717 0.0485389595103234
0.00590722778360034 0.0390177581310732
-0.0473818296942951 0.0298728675510162
0.463406322199224 0.766881700614163
0.459300736380819 0.742907716458523
0.5172646463479 0.657048453879643
0.384275697959937 0.720521323588168
0.651956642838615 -0.369622837058006
0.764710334635326 -0.718184940312065
0.285099155669249 0.683463876663101
0.2198375157456 0.145721007649797
0.55106813087778 -0.559365720437866
0.12775014774383 -0.225920585005904
0.691752307933308 0.206526001000486
0.674773087737648 0.0965974977876335
0.265995190167278 -0.213016602529852
0.867290976348484 0.0401545441458044
0.419164544199157 -0.328313484887243
0.441661820238562 -0.342992223618809
0.372582879824569 -0.337502008454055
0.0734241948322563 -0.187899216082101
0.265266338147828 -0.246683311345714
0.226191523262587 -0.231667432633869
0.0447383883022777 -0.125079270209315
0.276475298366338 -0.00232496348817485
0.0804534551016887 0.0618303692735793
0.024797511665178 0.03764883737537
0.0230322794663392 -0.0960416758213806
0.0848178079010676 -0.233969298644058
0.0182018683599621 0.142636367927467
-0.0703023218298754 0.129686469527584
-0.0682635618694717 0.0895675390168796
-0.251821010445895 0.166136518100091
-0.441885780216053 0.0430424039817016
-0.447079763487966 0.0367242753898834
-0.320274883661028 -0.074798529534924
-0.541987771217144 0.081877207682727
-0.635627924987347 0.0355299791458477
-0.590156360523338 0.0161405350053878
-0.55830630590064 0.0935995006667935
-0.532153472153658 0.105649539971757
-0.633697961994882 -0.0197404508158403
-0.62864884908938 -0.0211878045971426
-0.74298329288419 0.0194204776030904
-0.672980067086037 0.0797737242757216
-0.63097329937123 -0.125959449575806
-0.626181711214916 0.09752664711042
-0.729260150293224 0.106214205301732
-0.673803347494466 0.0713907307626763
-0.618133677449712 0.297887024928496
-0.696883236348221 0.265494878606019
-0.725126742582938 -0.282510244186324
-0.527196421996656 -0.51665306430439
-0.127811874789723 -0.0658154477404277
-0.649585983928403 0.392629864052939
-0.655852964932265 -0.516427006115909
-0.625575519417086 -0.55379238524522
-0.571082005664418 -0.632505144032546
-0.71103875333847 0.51907931351799
0.00441652861307016 -0.128267699978373
-0.567428474822752 -0.730380415860053
-0.166532612582174 0.0531669883858826
-1.12776287104876 -0.606462448568706
-1.13163659142628 0.692842059986982
-0.306882437737935 0.933490314360479
-0.677490390045389 -0.677669050260522
-0.889223016183804 0.408318936232302
-0.452434548962069 -0.956353336843328
-1.01249310378192 1.10264005149704
-0.850708003374585 0.583898245795957
0.273787721712024 -0.210367110373667
-1.42437062414789 -0.571897871530351
-0.0316315148177789 0.0240702261856194
0.574964012011364 0.290477232208011
-1.09243284818374 0.46424017679029
-0.808577661765903 -0.869744107784823
-0.456229867726123 -1.12980586286273
0.551182466491302 0.353429130891801
-1.07921200459251 0.396030309395218
-0.477265766080419 0.0437165474327893
-0.125484175272389 0.61116969810721
-0.615183900966388 -0.970972900812784
-0.656671681767914 1.01092895782578
0.195783238484516 0.545994571046801
-1.33577556367435 0.43941267588792
0.00878381754370975 -0.575645248895943
-0.532628058819847 -0.327307756790698
-0.275412741974419 -0.870668446265293
-0.451916843413865 0.775490523600441
-0.265666980579912 0.342071794372306
-0.42390575298605 -0.767534071807851
-1.16612692363803 0.203179856978017
-0.711750880874326 -0.238669440604631
-1.16528750937749 -0.212861663988638
-0.665350203541036 -0.594984351672226
-1.03046511867257 0.216872532291646
-0.70574356950211 -0.516579411313498
-0.688144841783522 -0.459851046045747
-0.43022496189669 0.0939472244555386
-0.830448114642243 0.26590174179976
-0.896558521293746 0.278754115150774
-0.851516709773248 -0.259005260402313
-1.23726494436448 0.0959999314327917
-1.03595593705374 -0.0212582755754406
-0.594348639192419 0.00787986740690188
-0.75567627465824 -0.156491620749974
-0.774161381468803 -0.123517184108673
-0.852984520231069 -0.0383372158555875
-0.479952850861687 0.0754616821507436
-0.563072680365998 -0.206062227518156
-0.25292075816191 0.0247420231397592
-0.852070189966576 0.0443947186227973
-0.540759019428406 0.172483727760347
-0.10653635296423 0.0824847363493962
-0.483090261991492 -0.294206016660521
-0.763883300447266 0.0601834666033147
-0.364373870308155 0.364681885298946
0.195137838228725 -0.000137146794691919
-0.444828556606476 -0.250292996617614
-0.371173724189001 0.435857196156875
-0.507962753678186 -0.139911161854747
-0.617372660403735 -0.360972719533939
-0.871341034427151 0.0041146902392989
0.133808426277658 -0.0116879225360652
-0.753513215915883 0.049829611932208
-0.737874375853465 0.177779818867289
-0.554304846047979 -0.52549568729557
-0.547519702171868 0.52002845497116
-0.962159607082351 -0.135778524286584
-0.19174659664011 -0.197464089883065
-0.406374692533767 0.54744133125694
-0.928902284337429 0.0755502164298278
-0.291122076031314 0.510496343667279
-0.571270137846054 0.14533264589142
-0.314049033204551 -0.417532867731129
-0.391643539894999 0.0489964093411513
-0.290255572122496 0.0318771538046704
0.123864544260109 -0.51002390151888
-0.178142575463359 -0.181898409503937
0.076236677786857 -0.496731452065277
-0.101629360164418 -0.369979013424123
0.035233356743439 -0.426483571879699
0.284065775457372 -0.119341134258597
-0.123687612635266 0.181180911040379
-0.493874008364444 0.0178200673961604
-0.0624598875748453 0.163037155371061
-0.0673771926275675 -0.195632727695688
-0.259932117783997 -0.112448844890907
-0.109260441449547 0.00843029571453502
-0.0544121874920326 -0.229950478370383
-0.264015821188281 0.243746634963068
-0.315231265044837 0.0150309065329755
-0.347854880101434 0.0557189804950806
-0.328762183103103 0.104014515133987
0.122783723071704 0.101709896455348
-0.229422364800955 0.0315449436728825
-0.273254717445682 0.178948825237783
0.0324594728664291 0.0448413409794808
-0.0941003828980534 0.0308889601477645
-0.382808436895269 0.256256775324014
-0.0564531443808602 0.0117974568194761
-0.652282709871262 -0.139986513461747
-0.224537491618389 0.0466085547985321
-0.104171577687145 -0.0812880665839331
-0.298788083467357 -0.0505963731797214
-0.0510694006881987 -0.0107290519965348
-0.57305319553757 -0.0587757460171863
-0.523924662922418 -0.14226794389755
-0.564310512233224 -0.0911325425444981
-0.564579672745638 -0.0714434244653236
-0.725854720874418 0.0738843414592846
-0.52111030610498 0.238400044996996
-0.498167966037025 -0.0514345241724954
-0.513725956903201 0.148938210562758
-0.52016796900482 0.103367405934449
-0.477662337392951 -0.105157351947023
-0.418544672669296 0.0428233301598198
-0.412343479300062 0.129677949262927
-0.565311045278041 0.0314912529242276
-0.483632058087406 -0.0428426723531587
-0.319614520318793 -0.0948923766159062
-0.52353121917056 0.0618411881737551
-0.805049135433821 0.0476661811963453
-0.568351842400559 0.110297115261762
-0.925453820817753 0.0724729178731803
-0.302348059758996 0.112775790715845
-0.432080758966672 -0.285280884841248
-0.941260806071063 0.0310980054299237
-0.43552506253025 0.300305105457189
-0.716217522944035 0.187359902500149
-0.627934156368009 -0.0373537899174397
0.0186611932373339 0.0047809368981977
-0.197748267257792 0.281815700373734
-0.362531709763132 -0.174699332372611
-0.439833907270627 -0.26694708820596
-0.156609581888338 -0.379263812835368
-0.23504847393386 0.286722146701506
0.206640237624598 -0.007769241359288
-0.329050692012248 -0.00750049154909865
-0.707497479378514 -0.0830497003535784
-0.523059026457233 0.153417214796688
-0.230512972740882 -0.49607458304844
-0.483725752976144 0.21555218673349
-0.102365934635638 0.0334012860585549
-0.682792413100722 -0.108141364722022
-0.059002510894296 0.481925277103704
0.30776176910328 0.200918995491447
-0.378040131241857 -0.540295752572414
-0.387914197033097 -0.495082641352111
0.102599822402262 -0.586693531143838
0.677987049249561 -0.0476492515388816
0.579278661827117 0.0249517670970277
0.222512252656106 0.512879245326641
-0.232431686954953 -0.516171045017135
0.718534801010555 -0.0305634845811412
0.411509096900859 0.550620991344363
0.841712417777455 -0.0358563064698478
-0.240704439934926 -0.585472295192033
0.552221086866974 0.734720693102088
0.922118268565098 -0.0814441908003624
0.891190223359508 -0.0538075839797243
-0.398098799821228 -0.713127124507482
0.708172481661652 0.822390242834847
0.881198134250118 -0.119008143146386
-0.506221398880448 -0.664416347644425
0.198968142468752 -0.734497044246205
1.18645020107982 -0.37883723388709
-0.291840930912753 -0.573886884303595
0.706072060119698 -0.029375034935944
0.969613649630373 0.747011524427152
0.646680401371668 0.757573001966346
0.795241497224234 -0.00980496144188571
1.3836945150085 -0.0562880230917869
0.266927286383936 -0.784454797595114
1.25719906771317 0.00570991930476898
1.33777112058283 -0.0601697186261867
1.21854189978919 -0.120550888764955
1.08709276254504 -0.0572997037377964
1.15174646535531 -0.0341907084791859
0.845650819786735 0.417213162624767
1.21934515554904 -0.0623244458271934
0.993153907622951 -0.0702248008445544
0.770136490749852 0.497326687157354
0.301180502308746 -0.720748334671992
0.81048921542138 0.364807173855153
0.396663491991876 0.294830927735211
1.13863270251388 0.195817354429034
1.10098104445795 -0.40731602148595
0.292652112876928 -0.723849007251003
0.793308504804654 -0.712577773699643
1.03527830561929 -0.463887380104604
0.492943693052749 -0.542845720833521
0.0546199774360125 -0.0634183457117004
1.22421475638882 -0.050305838009654
0.67257012692824 -0.25499813675464
0.546720967113529 -0.282207037221115
1.03787569097966 -0.0365986340356992
0.549580483161344 -0.164468938942731
1.00191928256384 -0.0463819039332928
0.200240982375299 -0.017627551147469
0.716913720640124 -0.42627367574511
0.0504483631006807 0.0125002194767104
0.0605485194324099 -0.0102698044956195
0.452132210962983 -0.384574841271862
0.372996596618643 -0.355384139385518
0.319045900563299 0.574342131610587
0.37295227735924 -0.564646875283082
-0.180886358201934 0.0294135399891345
0.693931562599563 -0.673941176783803
0.216914985880863 -0.571212351393395
-0.292425850152879 0.0559742142779777
0.215279702616895 -0.445521110499993
-0.346802918262663 0.0343333485224176
0.500010655846893 0.380884880462874
-0.228678982320577 0.0389747822885521
0.111501546998384 -0.295316874130643
0.450237853248064 0.268787152008951
0.504030886169506 0.196599254368001
0.167143420444549 -0.0659125219469373
-0.0872170569967213 -0.309972755388542
0.210409550381276 -0.117392181248292
-0.612059678975668 0.0368081890221484
-0.109076009242296 -0.412577161517944
-0.485006166099419 -0.354159887274741
-0.353053329954367 0.210660296984767
-0.414909639879603 0.276375716573133
0.125047552345745 0.115897816006192
-0.14243698286525 -0.627695670471874
-0.0698739461537594 -0.0638084722061932
-0.401025619082539 0.543312605934459
-0.242781847290874 0.0257422086627098
-0.545473807464482 0.411981740217875
-0.318372845853538 -0.681328842402615
-0.346534040180274 0.746112427754492
-1.05583387448955 -0.311175567978591
