-0.611434497783584 -0.328649141940726
-0.818841166224321 0.509647019902535
-1.0154329499966 -0.150238230207668
-0.85895338516534 0.677228044707967
0.292716013388491 0.0546617042036671
-0.661004124835487 0.695061061721428
0.558103732422402 0.104958717074647
0.326732305911407 -0.694274560419293
-0.38655741771893 -0.742947873439499
-1.21238216890332 -0.086573192734582
-1.14422066651057 0.0389988096818435
0.521380021043677 -0.687257734300772
-0.441338563487332 0.891453739909447
0.669513824712933 -0.890441207473891
0.834546338107772 -0.804236641982573
-0.0612466388012742 -1.09835144595512
0.114582419633826 -1.16335959985661
0.16054903625602 -1.21988706602805
-0.174576901727902 1.39237935385005
0.966569928748247 -0.887623066846058
-0.652007760860324 0.332105959152644
2.10789398498776 0.3537454181597
-0.775238925073285 -0.48056639574017
1.25307101390998 -0.569936779848372
1.90573767894867 0.713358365657528
-0.0800742942860546 0.835256906747822
0.433639680658499 -1.62982360390061
1.05261931029395 -1.22510505721254
1.1008837276685 1.23368740523575
1.58090470641987 -0.317673343620777
-0.26481594851042 -0.998228386347025
2.26535959386719 0.324679471858782
0.180289502672171 -0.816310405833606
1.68211444791437 0.157980530387333
1.07542297086083 0.804942359169732
1.01770718340522 0.64150540539151
1.58587694698907 0.297200467748682
0.297753057600127 -0.655271685357114
1.32990084430265 0.203824436645267
1.2413951432525 0.206212681248893
1.09470676069912 0.0897455292845535
0.664572872079563 0.703587788330568
0.937117676111305 0.130150622250132
0.619330653788195 -0.704947816550957
0.811367248126934 0.0715505099288765
0.355357279243883 0.622207679632534
0.34908035171489 -0.519569734174651
0.729587499228364 -0.0844376411661221
-0.213262241394931 -0.350893276038098
0.356744866814989 -0.63074558905084
0.715329129710218 -0.280910289433791
-0.347632911844545 0.8310988560839
-0.3617549284167 -0.914408652406823
-0.231719783300523 0.251052490278977
-0.115217850044953 0.551140199607552
-0.115507814563027 -0.545397722055932
-0.735414517951632 -0.286576378753897
-0.695803166720986 -0.62477118028378
-0.0128226215562754 -0.0765790751191799
-0.90912785729858 0.302916459207693
-0.782241395718494 0.318351158725569
-0.385129424794331 0.076764107391061
-0.358105987709881 0.286078939374692
-0.0390103152365257 -0.0949764495560198
-0.524127949202557 -0.10366644279503
-0.465660551249072 -0.188314220384493
-0.22654115150008 -0.25691194992557
-0.278395588040151 -0.107703335603459
-0.385561819171107 -0.154938696042816
-0.411895675274855 -0.166939099990757
-0.0750971286452112 0.101309358139704
-0.0208244506597191 0.166749508234042
0.119993199944664 0.215775307099132
0.267163285042757 0.446816716006254
0.247882286949903 0.00269229907758358
0.362043539049316 0.0687521916498481
0.146058649100981 -0.0451131112576983
0.0837564251016288 0.132395216696437
-0.226827042632871 -0.00207177564135118
0.26419089647689 0.277927790129425
0.47248538307974 -0.0491325346126281
0.35274441087791 -0.258939928637223
0.415146066011832 0.272375069697131
0.147556940305531 -0.286911114988894
0.0271765450664732 0.184197556237714
0.165152269061512 0.376154154095523
-0.228166716905587 0.027109733103484
0.0266448302836556 -0.546969990090089
-0.415419611123052 -0.106632544622842
-0.0909882931855604 0.669043391779235
0.0153575949301578 -0.557315450123353
0.39325416642798 -0.558058559262854
0.829174390326724 0.164107282195624
-0.178216230598301 0.652553886988975
0.17150697925319 -0.631439763878803
-0.574894542754898 -0.0275039685783577
0.0714113581392041 0.496289043030889
0.234159957045038 -0.367816794650662
-0.166490900419584 0.0227436201938182
-0.310020122538325 -0.16382495148078
0.612938284292183 0.0542662818968824
-0.123414661280486 -0.212867442132235
0.26380173727148 0.0152677966658232
0.0603360531716979 0.3326378703736
-0.0059580586375851 0.410405982603497
-0.464067340199466 0.511326450241431
0.233379241962414 0.0927733371857686
-0.361921063973391 0.455190335081053
0.0522211401082392 -0.446993448283209
-0.740224974350332 -0.13473854914385
0.0478974104270267 0.589527789206953
0.0741973691300432 0.557304014586306
0.219430104397869 -0.713750374169213
0.530318388283048 -0.0180111453227262
0.630756410002121 -0.141728015744051
-0.19716178219178 0.810469521953179
0.244922222439167 -0.840225559133765
-0.850119641525551 -0.248186148661363
-0.62195320772256 -0.579483204221398
-0.559564870840894 -0.462334737958459
-0.798770281431314 -0.241072661390607
-0.341765124456763 0.521144485644729
0.014357234853178 0.168864033867232
-0.562654116797976 -0.440794322487316
-0.654813296053288 -0.575252994842708
-0.528024624592164 0.545507194544748
-0.313408172498876 -0.193683640903205
-0.414282438222483 0.212233296749187
0.227059847362908 0.0929919949598923
-0.511357206529832 0.403577124023365
-0.0304388511521854 -0.0202038295159534
-0.139296673254378 -0.157108666839554
-0.442462133425114 -0.170039565148782
-0.439915660245008 0.04246486310303
-0.337820594953022 0.0242797062440297
-0.423847056001878 -0.253547444111004
-0.462463082409888 -0.100708889497335
-0.494092222337779 0.192262229174197
-0.391080323571698 -0.00767022986670398
-0.366269896312141 0.180702851911763
-0.262509447708686 0.0316107647326695
-0.37037142516018 -0.0196329663579261
-0.232093747387672 0.0669930578378094
-0.13092483993958 0.0845131451406742
-0.15799767604933 0.0843489524576581
-0.0325335323204213 0.0772175835156907
-0.291763799330932 0.0583038527890659
-0.189662692399675 0.0139921845999473
0.0912365949766294 0.0813904241690242
-0.138753619396469 -0.0166508105668927
-0.21026477700648 -0.120336204830321
0.000519214981561239 -0.110418036319454
0.0517834066597129 0.129260751493361
-0.05519254960091 -0.13748890698463
-0.334127751752511 -0.00601045663765921
0.518382270821459 0.161528035127536
-0.307135156239329 -0.0937708735490636
0.404319612509928 -0.0149388180093024
0.208020903636376 0.392137380661151
0.285315489589702 0.429718413610922
0.430404054256252 -0.217897770095112
-0.0727809356878879 -0.109807823050552
0.576626109125546 0.0709205107917897
0.278026001667711 0.0199516440434767
0.336498564230346 -0.0991531973376931
0.151367656349656 0.171328560209678
0.316735241250064 0.098564134463724
0.206597214149045 0.105291780151592
0.117342328428813 0.00398850193991181
0.127543546811289 0.179886174150227
0.217083072047897 -0.0310288918119723
0.0736952737440396 0.368701121118818
0.171141324641476 -0.206380633130939
0.28452938059163 -0.248811812842646
0.473543469124462 0.418433714622523
-0.427127552057102 -0.0876649998381816
-0.530104860166082 -0.0582807124673349
0.694181337389999 0.574174773515742
-0.0240268777245281 -0.867088238589746
-0.374178875304895 -0.929578211746765
0.094695059837499 -0.895951557372
-0.632109092255219 0.0302738806705828
-0.0716625261472764 0.925965447708296
-0.112253551236556 0.825209787545153
-0.500334039615274 0.036931217792984
1.04216344351063 0.167321787885057
0.0322570781482152 -0.501442008413438
0.016004316782763 0.513311792313684
0.0788451882405708 -0.278551378116009
0.0421813927056074 -0.305621078878001
0.00764493422866149 -0.0383250438163191
0.0161830400328839 -0.0949902728448044
0.00281538329141936 -0.0102393476513907
0.0858557355791169 0.0392361716128142
-0.147168145592461 0.255177146474488
0.188806702261123 0.143510789106467
-0.682861809949556 -0.454115829748177
-0.703601787186765 -0.570813956501187
0.155974928811128 0.165497406395481
0.476031721569194 0.106070615683628
0.182225167462591 -0.130369944638079
-0.938232718742066 -0.579257452721884
-0.00380729577592097 0.119645055162577
0.229261001846861 0.0438613490623204
-0.189897064217919 -0.567494176462155
0.342093931924802 0.181233544885357
-0.391773037198211 0.568880405507714
-0.504069541358181 0.552111288342089
-0.401202019116054 -0.407666390459549
0.136165339404415 0.483081739687327
-0.386526375772336 -0.542693791890348
0.098659730832013 -0.351769840642042
-0.478836140251137 0.493747401657621
-0.515101664132568 0.60664195352462
-0.231971253901017 -0.466631568746654
0.459693357900751 -0.120736417029393
0.701807738137456 0.168905583603906
-0.111265050469571 0.723712872201521
0.56385305800265 -0.379461224366253
-0.748838123523294 -0.175436512719285
0.29487136435888 0.945966009751737
0.476052240322472 -0.485706674813041
-1.13918477983028 -0.115633751793249
-1.06956847278801 0.0788869049789324
0.60502672135616 0.127899143429535
-0.339083838053041 -0.629423114364795
0.251943138926546 0.926762205207679
-0.210298523642586 -0.752315056276753
-0.325815933012149 0.886646714301544
-0.385130954104781 0.969450433090842
-0.455867325021438 0.055133205065118
-0.83460392566759 0.107110373070252
-0.0137940522430382 -0.954235807299821
-1.05902280879402 -0.0636052183097004
-0.498214559992643 0.859885767764153
-0.275128253483824 -0.733183939263845
0.63586433553489 -0.656016427906395
-0.676385918289627 0.983638042987039
-0.341142804851652 0.863156477032477
0.0116421041441615 -0.594220717492271
-0.494373266502021 0.146779716385047
0.279901189132153 -0.227418506682551
0.264436562254822 -0.152312623350834
0.375880203912406 -0.17159513239062
0.425909956175941 -0.0320196405361332
0.226295160049372 0.256054899002082
0.0376925111339024 0.254225332456594
0.292042991732836 0.112497832855384
0.385021545431874 0.0770284343131484
0.17091639968124 0.0497836679904807
0.093959659694062 0.15237794744462
-0.226206061128584 0.169944689972628
0.085532812679196 0.0198432629158838
-0.199097525004347 0.0730539113819876
-0.0191412888433119 0.0344836565862953
-0.226866976766312 -0.298373812015599
-0.205168070994865 -0.457803718744265
-0.886987661098541 -0.0649233690932584
-0.874812871856955 -0.104202428297583
-0.268398661564117 -0.0829150006281888
-0.805154747790658 0.303559737825791
-0.441800655364925 -0.576768538346371
-0.347404379388752 -0.138837879723593
-0.663058486072402 -0.331531473706815
-0.405673254503541 0.00467106298876552
-0.698170175255322 0.197253358283384
-0.839177505616662 0.266716714799413
-0.141182764571058 0.132400033681185
-0.404694746742534 0.419941279354511
-0.229704656292952 0.0376553675759589
-0.659615642429357 -0.615739040245864
0.313175390217379 0.239980875767728
0.159998839580707 0.0189317035886544
0.195901233057935 0.7315117211864
-0.722668821791081 -0.0152464735165438
0.129098217393645 -0.409516340266764
0.0593899006491565 0.645304352440405
0.0645882711315918 0.545374617634526
0.0672594937035401 -0.25768753614212
0.490092832682388 0.156195424616658
-0.0402840564070593 -0.348408686166668
0.463608045804914 0.198600495487522
0.285341420995749 0.50849790302584
0.403437246495078 0.525381921740503
0.599013376309071 -0.0476494816399769
-0.194715949973255 -0.383474778291784
1.00385689221154 0.10259296706649
0.730636802811939 -0.0756890459211743
0.79321208220664 -0.0544491379575901
0.753105903702109 0.662034364583014
0.720603369509226 -0.226149583559938
0.329803763666793 0.0855110526955209
0.707000567974989 -0.0363375703632575
0.525040978778344 0.173260244655108
0.594050286988979 -0.131669245310306
0.711267059984405 -0.125059379625016
0.350720451499662 -0.116758406065753
0.492178132987058 -0.232531443938299
0.670450334805852 0.165395876412488
-0.0529384897179864 0.214817710604935
0.0817901593021308 0.00349599635391691
0.522465333724096 0.399670666295762
0.199151572387585 -0.210063480999426
0.196176280744364 -0.0531300568462861
0.137093587124619 -0.216677418081989
-0.416447359349112 -0.027006626510875
-0.168934661993425 0.315215287499812
-0.402194316259137 0.371531650026475
-0.700781509077445 0.0448905565488133
0.236427527518862 0.118119494022875
-0.534441698919742 -0.372774099840912
-0.592212695793885 0.208013331610784
-0.773257129900619 -0.164661408535442
-0.666309174779636 -0.257021293904811
-0.551725283539324 -0.10215847607349
-0.245678353159257 -0.286484965324576
-0.33041924293717 -0.137346074837117
-0.267065945012583 -0.161455274201449
-0.20040026119456 0.367621348701366
0.309452042494322 0.429962908532263
-0.461137708065017 0.0409029257465025
-0.184660069729638 -0.00390996318932648
0.896167980560151 0.102030093669209
0.897865190522002 0.111357946741341
0.441054805730693 -0.107998455402363
-0.119806320349013 -0.114819145740404
-0.0203950061822246 -0.00898391305098718
0.733729127039416 0.490167924940608
0.610744049972131 -0.416657767421502
0.531275002081844 -0.34777109685222
0.405642351374906 0.639002648827344
-0.526375497652125 0.135004181541641
-0.533655506480846 -0.0408921764906411
-0.307931465297279 0.480535235690953
-0.649892056741149 -0.284432139435897
-0.179339422415211 -0.55386419484219
-0.776284231733407 0.31036033888007
-0.416494229827235 0.779409608273765
-0.141240455631688 -0.641724004035526
0.670325240666443 -0.522010887628454
0.986719512855532 0.15355794362354
-0.0499190959559882 0.600743534427515
0.527403981490608 -0.643567541036029
-0.467490008108419 -0.039127439959995
0.416867165564055 0.552560696133088
0.426414597502942 -0.645006413876132
-0.232938853596207 -0.0523021516428604
-0.556558278860086 -0.160532650208284
0.533789719948501 0.0779472440531208
-0.0621090672081754 -0.386962512807184
0.220640227996768 0.214295102470677
-0.677614433291915 0.354230046444396
-0.559533718840783 0.640444323839068
-0.925985532217774 0.832992313391746
-0.54025056672371 -0.00104142504819855
-1.08360838149721 0.235208175352377
-0.56072687712903 -0.397898485669056
-1.012187827238 -0.0584721901071158
-0.499225209081398 0.664770900918799
-0.27238521211589 -0.506128345027399
0.183393136058622 -0.501525626537883
-0.159903460012088 0.279912157585983
-0.187422101286951 0.118869642217733
-0.221977877688581 0.00357899251368428
-0.159387115352052 -0.0822353171012735
-0.0311097891211808 -0.0556904781220908
-0.0191418194524679 -0.1918148359909
0.185871955132404 -0.0979860720157861
0.309880674033218 -0.00447661532238371
0.364456036643043 0.298757669993259
0.479335492624718 0.220648575888802
0.416311171301011 -0.146209575121123
