0.153286604192967 -0.484075360135449
0.604359155275345 1.17344775206056
0.0795975676092141 0.532313297049629
0.687625157305696 -0.974604558246861
0.979762588023941 -0.0202490736566672
1.50655410457931 0.0244000050561589
1.17328061133257 -0.257739828219133
1.41623872724277 -0.0164689024749429
0.700890121142451 -0.759947335146509
1.28598128637872 -0.0470224600708017
0.416371361881248 -0.697322075873326
0.438291868056241 -0.709481668652816
0.561811225974071 -0.625572961636979
0.73677019008551 0.514320640373806
1.72927381594264 -0.0514203683120226
1.50253110071892 0.542433917784028
-0.576596979843945 -0.0108254243677865
1.20015369568859 0.281362158804412
-0.400575468082415 0.604737412622163
0.524625314108271 1.00623120734179
1.64784816213391 -0.137771165346712
0.147296517014398 0.62399234493687
0.720908264900069 0.796572975781054
0.631197667584999 0.791783426320624
0.424478941956272 -0.869393883335433
0.4282496463673 -0.883446898906426
1.03770108276459 -0.126908808971781
0.662612271998784 0.636892559964685
0.738797363497862 0.688008599654794
0.382437355603904 -0.76159288984917
0.883703990217597 -0.0792396848267131
0.477228666076582 0.671562999839262
0.244672310786357 -0.750902787387978
0.607618810069173 -0.00508007966777887
0.514176607704891 0.0294769839742225
0.455593402232284 -0.0939479980372152
-0.606613243325661 -0.531633743981583
0.0558653127374797 0.656351983018696
-0.420917493169435 0.27841558969149
-1.21738613710153 0.0498522447540922
-0.18417128948191 -0.690028085621554
-0.468201733075847 0.445913574298245
-0.31062031381662 -0.595417175723812
-0.0581559724671012 -0.0845015487679944
-0.180718761674643 0.277676967134029
-0.854149348349881 -0.221261873297915
-0.448846657676653 0.0631955303290754
-0.743631404663691 -0.0773740683661843
-0.451725376234757 -0.170953967265273
-0.445254729557607 -0.103167602289429
-0.424803771726398 -0.148260449153157
-0.430079417748411 0.0898996610669378
-0.561585255732087 -0.239566998990136
-0.613928783812003 0.0462762288294531
-0.719345460147408 0.035524103264963
-0.740260830537996 0.0809027063212877
-0.394733030490887 0.0245724325970258
-0.582323825998391 0.0800127660434267
-0.781395310448659 -0.0196404304229277
-0.541621086684701 0.246620487989884
-0.741230260955229 0.350571185953582
-0.623774354518689 0.103084947506276
-0.239190327789992 -0.551002638108085
-0.536935007770636 -0.238589395840541
-0.622423314930733 -0.382415819646767
-0.688794746848859 -0.494870325791443
0.148825348979018 -0.205018897480279
-0.948208061580758 -0.189594815321343
-0.466843691440828 -0.443459801456193
-0.12035185480691 -0.679856202813829
0.0715576550949812 -0.889710308473321
-0.00358102374397253 -0.644091185148039
0.461746513974819 -0.0813903682181693
0.586162042152941 -0.126915967905593
-0.504649082878549 -0.563182473167104
0.167102180604046 -0.551824722919106
0.689455309886333 -0.295149718869862
-0.743190497252832 0.0176692108743962
-0.542850355243009 -0.183510585625497
-0.0609663038820333 0.578623993425113
-0.55366171907695 -0.135101547156588
-0.146371639098051 0.462840534468603
-0.330331293538768 0.0439293699749228
0.186645829207766 0.488705950994735
-0.129889629720058 0.375423037749889
0.186785013781445 0.191870897293639
-0.0968268059059532 0.506437359096725
0.114935907166591 0.455704384592608
-0.0597759934218827 0.305408088963954
-0.251665586041944 0.347324032718751
0.169786214564712 0.0078763922520002
-0.464410627027928 -0.278976103832926
-0.164660855427752 0.237213319554726
0.194892493415277 -0.0495081094851206
-0.464917358326926 -0.172741543335405
-0.40105857084259 0.192067679625573
-0.278454253937664 0.280102556952527
-0.464210988197772 0.240580620452877
-0.47091692234722 0.270047942761923
-0.462884022338319 0.361758228361747
0.250303284902944 0.00264740892389671
0.24516943057524 0.0206189153254196
-0.0584141663375736 0.575553007268808
0.476763654461434 -0.0315261628977097
-0.250183518977495 0.555127780866589
0.422079949542525 -0.0704446506953501
-0.683468029932856 -0.448945456601216
0.47816574038168 -0.056593215770339
-0.544351252597542 -0.233077776059497
-0.00385823537319763 0.325843730657946
0.362205367242485 0.181068752241248
-0.338121064578366 0.394164841374285
0.0693755234659763 0.261657478732121
0.251120814818713 0.223837831116827
0.611243734100004 0.0165763269414614
0.404960464971821 -0.0155804021082166
0.0372893643783139 0.172745223798662
-0.265259471647958 -0.028035480374783
0.425943886400977 0.0879874003793898
0.425690055008941 0.0209118109188692
0.2585223499473 0.227630125545275
0.221384587379608 0.150722159012313
0.134784887324029 -0.0403264416595905
0.143699491243894 -0.0968673039545413
0.202751395909031 0.0247346141575338
0.243534615845318 0.0283604287548433
0.235626112730592 -0.0269459959439714
0.326210355605176 0.0264960555647787
0.537117332472375 0.0611646147041222
0.471938842502657 0.132691444984736
0.352310532383369 -0.0733379954043805
0.394534703399762 0.0149153970725493
0.168066634416448 -0.0603956649654662
0.503810881211563 0.0377527256372076
0.416783220231817 0.0507542523788002
0.476065115777925 0.0406330015509767
0.288798305158421 -0.104151765894858
0.120154183373119 -0.124026862261784
0.199420562975952 0.0733299549617912
0.2065426306164 -0.283127857597328
0.306592415541785 0.0211909508309952
0.308519203293531 -0.348908255002567
0.570480408786502 -0.181221127600645
0.4009962497202 0.350671368174304
0.0268396689759482 -0.16878209081294
0.403725278078716 -0.311949046909055
0.353742571489317 0.0623788768963549
0.270022670302205 -0.100610112728981
0.30777590474066 -0.0913129297842039
0.763780146998733 -0.102303775378391
-0.0424811288470693 0.0300196557881964
0.477357076220992 0.183996108495683
0.663123770332985 0.131746472064272
0.226690817330299 -0.269328197696827
0.694331591928797 -0.0803870315505135
0.48944762889134 0.117802017134457
0.419991467556845 -0.312324043602255
0.295601280365466 -0.282024463278166
0.588515482379845 -0.106224566316454
0.534632221868494 -0.0525377504097929
0.528201255291025 -0.406749652674437
0.82007810046936 0.0357058905933049
0.382043893107324 -0.358512653150639
0.470157241275996 -0.240348113059261
0.476988196231545 -0.112411859188765
0.592753453852917 -0.182767445126832
0.236270204866705 0.00146794068623035
0.243678194727784 -0.00653505114853166
0.486764972537306 -0.0726841911810273
0.538100762747247 0.0285186142933212
0.232165628797108 -0.0938532163447596
0.215816497900459 -0.174877590903259
0.102659783870903 -0.0778197000156805
0.122735062529397 0.0860926147395013
0.0258134401498454 -0.182598865233336
0.110547859934002 -0.290772808622612
0.348163952188699 0.0102923453562106
0.257720900086364 -0.281763903242428
0.542111234246426 -0.0933011512168173
0.626047587632125 0.0348628611792358
0.043725599729436 -0.0774461384381332
0.357020752685849 0.227611456233919
0.298757965985419 -0.232234668836667
0.344779640186779 -0.276640130334662
0.109974623122413 -0.222341204865638
-0.098634724686164 -0.0644568225713594
0.281139408623141 0.0294363238819083
0.739470244923997 0.164123205624443
0.00819173981979428 -0.100655468984855
0.383173374705399 -0.0806777065017683
0.00715835133196569 -0.119850222329618
0.265803292793122 0.272184214899148
0.305087889003318 0.316190597502543
0.375492487236866 0.188343915734395
0.576530305242857 0.0227640654847809
0.372933084194049 0.433488969698287
-0.124388374429357 0.457964154020105
0.532644803789041 0.0104769823107036
0.114960435688485 0.322047702509732
0.142041329109974 0.379338785179154
0.0137273546960319 0.232233404733277
-0.346177568030795 -0.0956932475500959
-0.0961486202668766 -0.365374129332995
0.330409449929951 0.114900102645617
0.331644743827547 -0.402509501658532
0.751708725322441 -0.029114492140099
0.0741647032652489 -0.35351122470218
-0.286554163999202 0.0217322653721002
-0.170633926535795 0.0155774937466184
0.624640600980629 -0.530580834582971
0.810740510012121 0.40366095236326
-0.103684324856001 -0.0130791082093723
0.726089711544095 0.312213495068875
0.337949123677538 0.599634015360143
0.480408425200899 -0.30753356635398
-0.175687334343639 -0.134909852854169
0.30014485773696 -0.475395288274076
1.05795560705909 -0.117751615485869
0.583421655198421 0.507144293638593
0.962372478788361 -0.0188561214612329
0.903793839299 0.0919614021493987
0.680717927578704 -0.120865482009866
0.0874499842074016 -0.491485278704774
-0.364993500146396 -0.326611956747277
0.153894053415364 0.412025437145163
-0.327691143561047 -0.396624077701986
-0.166612400156961 -0.446072486567148
0.251905780498233 -0.543948890630841
0.382935542680999 0.195801349593573
0.267659742994169 -0.63381361500196
0.429480889345047 0.472607771592107
0.527283749426213 0.141758888632109
-0.390687809458439 -0.106564784198825
-0.320214111379456 -0.376099952661947
0.632399396788078 0.373206780238824
0.474286281137911 0.485167413052361
0.711886225529237 0.260820238427305
0.161902557924222 0.52877040226295
-0.409449406130519 0.0822052327656594
0.348386146417277 -0.647871772508706
0.152235453032428 0.828645748403483
0.479694627153098 -0.473197406956568
-0.376978240515414 0.168288789020607
0.1185364159677 -0.758414747206226
0.177201913737161 -0.670102977868976
0.302825818671295 -0.813902396750011
0.265494157801016 -0.647349958186349
-0.764485128912369 0.0136782938020713
0.0707839611778832 -0.700317455414165
0.230122697087043 0.701171596597087
-0.693119225435648 -0.189593602456814
-0.377353974544322 -0.737626680316992
-0.730725309419896 -0.128911265182174
-0.52645721805586 0.200380321335603
-0.479884950548355 0.000874317691004316
0.319410306812326 0.360436815632674
-0.190501005843899 -0.211934370804885
-0.329875254253754 0.504943495380313
-0.0640593819076729 -0.115499041265627
0.0608664438581778 -0.819583395148985
-0.620282246591456 -0.293689598650804
-0.0276781679367021 0.630069640057171
-0.338699625255548 0.655088969758252
-0.150375853655046 -0.728088922948437
0.718568869671079 -0.423221847480313
-0.316688642968364 1.01425253880396
0.147698725788044 -0.905514611619331
0.097282932079615 -0.870577310415679
-0.0825196254959524 0.728587986677234
-0.941736523831203 -0.185511690448603
-0.210336705408047 -0.0151224095458187
-0.575955867921739 1.0477282508959
-0.0932189338352139 0.952672986305074
0.907995796393625 0.889888561696898
0.761287308135027 0.483980167585669
-1.02962644256181 -0.0373512807556914
-0.236848551727379 0.914117509491911
0.370049156454179 -1.05103486680004
1.01367511888489 0.480450547735573
0.00382649158976988 1.01397711950514
-0.71047453397405 0.150885394312849
0.0540943961376993 -1.04271942552606
0.833190101799045 -0.899686961004042
0.692232890614655 -0.865667630363899
0.46957461896255 -0.595550317102817
-0.425219768413807 -0.786180262064341
-0.0943899003771198 -0.780723234441999
-0.0518912891988157 -0.749129401825456
0.168871041981556 -0.640661077628505
-0.0619906232294797 -0.627976972988855
0.0469042188656205 -0.718363339363426
-0.636619123983995 0.161470801124425
-0.439387345923454 -0.633540581109483
-0.15931426419414 -0.836736090907228
0.0984175723904915 -0.575251449177814
0.405140828709715 0.59169931673428
0.207008690517564 -0.821254942957219
0.188680404215933 0.704115096404801
-0.792816659981355 0.0518681978127446
-0.332294111541534 -0.416026308902759
-0.807417178889417 0.0423345793292174
-0.561792933364405 -0.633922443638667
-0.364465746216976 0.774036746290117
-0.957286862400553 0.0802453853793668
-0.319403278539435 0.777795119008533
-0.583930529254722 0.94025024263179
-0.422175044024685 0.873572691688879
-0.685426596893133 -0.742913419781005
-0.979284644439716 0.100061977416843
-0.582376254997033 -0.938431597022903
0.221256024535965 -1.13622733189909
-1.21125542318521 0.22331398560121
-0.647857690922036 1.11390080088583
0.157054160922117 -1.05872606419087
-0.616131191512576 0.962830818795245
-0.831838768322607 -0.762517053348835
-0.79982052929448 -0.680664009256291
-0.86305719002087 -0.618739710123642
-1.29158530843703 0.0522264674938861
-1.34867829670553 -0.0815718005873873
-0.674246397891553 0.850512698786483
-1.2099703284977 0.0101897001324465
-0.931724588717204 -0.283427709751333
-0.833392122546891 0.198381903838939
-0.443106170690151 0.749352109091704
-0.964200552532435 -0.557780793952503
-0.708797186609551 0.921416639289184
0.261454514425982 0.888497235285884
-0.419350852775765 0.0374302152863715
-0.471690550345731 0.789435907470414
-0.0471933379070881 0.564554869382763
-0.211741679944163 0.0334368680302793
-1.34469512420038 0.0284254550542074
-0.760664146924459 0.341011135510414
-0.80380789196791 1.0742580581052
-0.755228391933963 1.05881982505244
-0.0830081778546422 0.783948737838157
-0.0223729992824743 -0.0185607072234654
-0.49833550191124 -0.639110373408634
0.245180335855355 -0.28424912550119
-0.313657951735457 -0.709251602465217
-0.837199368528387 0.638264806053798
0.415483405638335 -0.254214089988887
0.536285558541042 0.0488239331592729
-0.0328075003673989 0.795209662847411
-1.35848952027177 0.0301711015951702
0.459919159985134 -0.00586046423153341
-0.00352281345330462 0.802169449960838
0.507875610882617 -0.0526733816470846
0.463634135574438 0.0637237184396216
-0.0104608416457917 0.813685201712004
-0.148677799768567 -0.904805283399761
-0.243171875372361 -0.949227467816048
0.0992000668725706 0.873596922449804
-0.892531767925491 -0.680215656347448
-0.119314655981697 0.681311400338112
0.00326440561121889 -0.193304987240145
0.106530568731907 -0.81232597435662
-0.482841755901889 -0.29340516873717
-0.435880210619377 -0.541290276289167
-0.202678652428438 -0.449962772476572
0.388648399190753 0.287221169853202
-0.224614251551058 0.578016784440188
-0.257620709121088 0.183338174194111
0.2574446614929 0.356886610089588
0.550939976182968 -0.326981316132358
0.198649459699644 -0.216996504507008
0.205106227355983 -0.365660718592038
0.367235875531658 -0.203565150746164
0.254756286965794 0.34481420855572
-0.107950597855614 0.0826351180253808
0.0545226169859106 0.0497527614166094
0.0185613038823254 -0.0590105662764177
-0.0593020544307958 0.10502204308627
0.131469057466473 0.037158136616661
0.374044549036749 -0.280307985165284
0.349743626992602 -0.170554390220124
0.324263013134692 0.0964409083004291
0.285950620690481 -0.060112710079583
0.326215234818339 -0.0453414696976748
0.486885781254157 -0.12892267374404
0.172326250866047 -0.115888971882462
0.13718220168344 -0.0891819002517272
0.30842344060599 0.0813315321260093
0.28441930575259 0.0032270135343499
0.282292864926148 0.0791456796659496
0.24708236636289 0.134350934169979
0.171313990833797 -0.105056938700552
0.230986996216807 -0.16853640432888
0.216023879178478 -0.0625369678527391
0.485021239665772 0.196105851526834
0.330799653718275 -0.342350772391919
-0.0737800258898067 0.137340897599444
0.269418676528528 -0.138062572832708
0.290705363476257 -0.209073003957181
-0.267346930235829 -0.0128291552140332
0.306353868559684 -0.0977345913498778
-0.126986258111989 -0.117898393166853
0.274250724414878 -0.396727014328795
0.0564321221772839 -0.447746652151173
-0.0939573168495461 0.17996361616886
0.424629130694764 -0.392397688447697
0.651408824054141 -0.450384478133212
0.582363625029194 0.621917091020016
-0.413587900805162 -0.0978022511468213
0.419538091749715 -0.495325915991706
0.00929645435419002 -0.674835475687864
0.15248760384737 0.797954458479472
0.435564000364395 -0.975344877479404
-0.76159741735262 -0.251907025175017
-0.233952363967677 -0.448589876307532
-0.194314098807846 0.469482617493709
0.86985416400046 -0.473703568212879
0.49126043273754 -1.25877007445483
-1.06177756933805 -0.367489943364172
1.02312959287785 0.149488704432591
-0.596872204065818 0.623623071796814
0.595935507327925 1.05914219671645
-0.105229794282972 -0.989625088922534
0.260385965930078 -1.09603538132838
-1.03323204432756 -0.240312879651898
-0.565378775388744 -0.666605775998071
0.168905978649134 0.0321006511964213
0.406899260833715 -0.252933969782749
-0.32350196494378 0.429366507720096
-0.451307713808261 -0.893350342979712
0.326186913831704 0.733996590003779
-0.498702121462175 0.258779613941197
-0.0489891960170862 -0.644608987431976
-0.006333193862892 -0.695499946652243
-0.211451250105228 0.527188530134045
-0.111213835761954 -0.513365996028331
-0.165093266454896 0.256516042553966
0.181933137156855 -0.565464090663095
-0.133140463174876 0.392995298615224
-0.354303516693817 0.193279994305423
-0.15520547033541 -0.286124758585249
-0.0345587450690697 -0.00975616413447019
0.0671660944505874 -0.0725329080979187
-0.114581179896858 0.11141931100646
-0.025966859229822 -0.118875518472274
-0.0637275424378493 0.162532747861792
-0.11731187514068 -0.140249302185623
-0.0204267997336089 0.0484775299811024
-0.135414110141472 -0.048376252777727
-0.0667728852585451 0.0846280169435915
0.0162119808315438 0.0357494000777084
0.124193986327574 -0.0605256794749805
-0.0811923068841923 -0.0418529884899158
-0.0619321994085581 -0.0591568597559094
0.070642319412665 0.0997763798391032
0.0936228399945767 0.0694480463687193
-0.00109857908878871 0.0380002015208541
0.183709802713924 -0.00488554134907979
0.0945884269379606 0.174758225938638
-0.00501328170623165 -0.225901720222833
0.0850238801891587 -0.106106131784114
0.136938688581664 0.0373662970561836
-0.132372158883429 0.262109888596277
0.301877344085659 0.244271784584059
0.134901114617582 0.123484971679379
0.028542827384535 -0.195689390526036
0.0329161524922145 -0.206407579987329
0.135426648366607 0.349396286118741
-0.00330517526483706 0.31392102589218
-0.18743477400395 0.00921474687002028
0.0342035765913359 -0.176161387930735
-0.108323850178857 -0.0343292180933304
0.106625729179982 -0.103291460013164
-0.0848037134742257 -0.238894340956448
-0.224566464928644 -0.0489431084422355
-0.159575347905892 -0.140763065759725
0.124169179357281 0.178183874720605
0.191616765921975 -0.0203964563809742
0.363772601328427 0.0781573226925858
0.241749123046445 0.291134010267076
0.357124374155025 -0.0111541095811149
0.335835231519159 0.00878995302378799
0.11110099016455 0.230409092644336
-0.106288082225926 -0.289431586690844
0.307364996034933 0.270018128401393
0.326032155494585 -0.126763527288989
-0.00458667641408955 0.10836702262068
-0.203739432827729 -0.248053030048791
0.533621167816604 0.134364448578648
0.298662039751923 0.360181417351799
-0.284565961045364 -0.294665420911554
0.443329304726413 0.49070200170931
0.67925076504139 0.388413012894536
-0.141009757802957 -0.62218197551407
0.0991010266345545 -0.663179155476829
0.0809926657471291 0.345770430051077
0.53599546739389 0.322054436298393
0.164674594968373 -0.724279448363377
-0.488796206124031 -0.789611258986868
0.454757217350264 -0.0388175392587198
0.774505458860443 0.277559397789604
0.299059503471515 -0.775569266170519
0.211056767480435 0.847997717509745
0.21400986356912 -0.933018004697593
-0.342209372445979 0.529086490173089
0.750014923364319 -0.136741552732614
1.01471869801109 0.012803587246227
0.43783014013556 0.875106703864398
-0.618935247359959 -0.604370681449197
0.458434888602263 0.731861365782579
0.390500815619406 0.731395303612176
0.250174939912733 -0.751066263568087
0.779670409205864 0.00898343971824556
-0.893893146123992 -0.0102022374767983
0.210414820742558 0.623375832794654
0.647971920560765 0.0408100661806502
0.155205813928545 0.474070611727976
0.143883258033033 0.570854584466952
0.37579681453892 -0.032484203718207
-0.498870013971694 -0.317606615344558
0.0749655351773132 -0.590818205297788
-0.537915157991862 -0.439639345058989
-0.453382549684871 -0.339844044665281
-0.309654144674887 0.505020878613101
-0.0077082291834184 -0.480782124104172
0.219274452757132 -0.0100922997890296
-0.389097381166728 -0.228880529316895
0.121675243755277 -0.0264583109856807
-0.108448375193024 -0.282492802870505
0.132595303726381 -0.00479333018729579
-0.431364667017919 -0.112722723099332
-0.394144685410341 0.245142086047446
0.0553388378881616 0.0424214862676553
-0.125797997952729 0.0248231313983024
-0.159909322074501 0.032694222624927
-0.239050599060878 -0.0308100751044964
-0.111930568154521 -0.18856079020597
-0.343175928386193 0.0214823807392316
-0.23027300652913 0.0771922287062716
-0.211517797475269 0.0203125595644336
-0.0743620496682155 0.27871725123223
-0.412829669083659 0.298015426490067
-0.5285023499451 -0.131725373243486
-0.233681208310018 -0.325562520808655
-0.638545092057818 0.203341725576451
-0.154014413660247 -0.45038300453502
-0.0627042540209495 -0.489049222599038
-0.38065060711698 -0.38626220320566
-1.00391232365516 0.0510053163492638
-0.46621734575183 -0.345947089365844
0.203517455274439 0.121292811944559
-0.275903910649954 0.289174244901695
0.159880642705344 0.129837088792133
0.14451689362765 0.0179389067327596
-0.885318948387511 -0.468266908690796
-0.673567012911716 0.903245462459083
-0.95866024834386 -0.480591049109902
-1.09555737857559 -0.191268677942212
-0.553632375155934 -0.698271165221656
0.412328743134177 -0.0237725771175843
0.406214645190816 0.00495885673284311
-0.848742558363126 0.37900691202457
0.189116485138896 -0.0444853739670697
-1.56209500123524 0.108926815475512
-0.128995438602554 -0.0335277062917752
-0.0570197116521768 -0.0423823181269087
-0.498227211884835 -0.650100858598955
-1.00058067577415 -0.244743395553442
-0.621800238972356 0.359890847625392
-0.35314168399309 -0.608663071870939
0.143550768550716 -0.0123141382439703
0.196866423326005 0.0248389202154146
-0.266735208224619 -0.584059311803258
0.0476293271938502 -0.05834678029574
-0.466368729158759 0.358290352269878
-0.676655567790516 -0.356576714298964
-0.0159273818639569 0.598084080443774
-0.70791120538384 -0.520612694885657
0.274208306095226 0.0959809018537455
0.273298335493017 -0.0378667451240604
-0.471403273865946 0.406069272883669
-0.780781102703049 -0.652501733976561
-0.399394352346372 0.550499373320543
-0.484277348869835 0.568834524873282
0.0789115631825307 0.718277168215915
-0.0920394356642813 -0.847790363500142
0.498337316149126 0.0117213257022192
0.816458906721413 -0.0228422347096063
0.636954420928244 0.144987945940822
0.582062272898789 0.18053580660151
-0.681259950299313 0.548248620911318
0.581629386306133 0.00650739360144135
0.257802307413847 0.965026636262771
-1.46026858624587 -0.00722745979039217
-0.277020387889756 -0.850818318818665
-0.954319766336703 0.850669496562665
-1.60187481685084 0.0758822728629909
-0.230828907996951 1.27866352071541
0.786235581571821 0.495453657681264
-1.17922603980032 0.96756462951685
0.700498458347272 1.54382108832373
-0.460094080465729 1.3582232863858
0.0872049113325875 1.63794211005945
-0.505245347679157 1.19971248871254
0.353434688860964 0.517887567379862
0.26826851955394 0.497451419462961
-1.43194211365026 -0.567966394027867
-0.481996219017166 -0.910306125266349
-0.480187677776211 1.10041721833743
-0.407070590787022 1.0435209411762
-0.0711773369798777 -1.08214760943989
-0.0563821627072351 0.968728177702064
0.251800987058675 1.12977981332726
-1.61465004506334 0.120717031047993
0.205573996138403 -0.0200375667699974
0.0834163134841574 0.96234748507643
0.0448523269869938 0.864759975734528
0.399731185717086 -0.107303078987896
-0.102631468252598 1.00326154210172
0.465052911344686 0.0492848523807797
-0.299867106284268 -0.876028123269077
-0.112402094085998 0.816655501673397
0.527629152770441 0.00671641595478395
0.0383999081122864 0.912374538895273
-1.04879958508718 -0.498536892124275
0.11668984157121 0.904412177298521
-0.593483588183686 0.549421176340587
0.1326750436836 0.800768950693225
-0.0381606489976144 -0.769460143712037
0.621422631802792 -0.0762285539758
-1.14137923235686 -0.00955720831709021
0.455683161256669 -0.0426116176034626
0.418035813057432 0.0121934187006133
0.46813388320899 0.0361829230813365
-0.767581535525653 -0.217465360152512
-0.659237054333791 -0.264968224729456
0.387839963644237 0.0788355528488845
-0.0761055508170026 -0.478687787900371
-0.30659309940321 0.436002417749052
0.0307212126022033 0.457649301240296
-0.578470064359951 -0.171909742673916
-0.599842907669475 -0.31998629319347
0.161266966284911 -0.0933800977445885
-0.031012108998193 -0.371359547201239
-0.0437855216754514 -0.0555552333328558
-0.278069096723783 0.108009710864901
0.0275332302282679 0.122946619132085
-0.0498697486135722 0.3269800159683
0.134781413989563 0.205614751899108
-0.26217861300704 -0.069835231546673
-0.187118490480582 0.0494105777938012
-0.173033693836078 -0.102511906212116
0.115983395662304 -0.365428422090186
-0.407934083237758 -0.032661290141666
-0.0331927394711479 0.110069162397108
-0.315544452655286 0.0164950777399238
-0.0593022574286336 -0.183189514440662
-0.227906071767044 -0.245834991684306
-0.565034864591645 0.0473635855786479
