0.46648538121382 -1.149019620147
-1.13367722811202 0.149969423164404
-1.08812380939639 -0.280985081765796
-0.340244394830478 -1.09168345748112
0.057769871757068 -0.870132062560265
-0.314882909107918 -1.04409459773022
-0.878437861854433 1.06192744357827
-0.798194687176798 -0.381748048175746
-0.267053715211921 1.00610407123652
-0.26311792789685 1.01769824410245
-1.29953364739296 0.372614955077226
0.0240723806909497 0.396950420393849
-0.899123770772117 -0.44872790256627
-0.0445425309988276 0.174895223128309
-0.462646751264866 0.828584954920403
-0.918551057535592 -0.445109648383385
-1.29687528278366 0.42104681149973
-1.28353032528083 0.290736904774369
-0.79653540491259 -0.58572374618477
-0.681435286274528 0.710764816929023
-0.764816849019393 -0.552944059164784
-1.15817786631403 -0.633199925035624
-0.229337051325323 0.0190218249672421
-0.625924835085406 -0.639765511095364
-1.201116597652 0.547505046213028
-0.678332945705936 -0.73286422888744
-1.50361313260019 -0.00139991844120946
-1.02147638455263 0.759166865294164
-0.775023026883008 -0.419345361588401
-0.740223197893224 -0.346648788961928
0.602936751646751 -0.4437570722771
-1.24819843533583 -0.0340330381314836
-0.90557976686231 0.252461967754848
-0.104087982278646 -0.912321236461832
-0.221926309206499 -0.87472087506807
-1.05582037926713 -0.0371748118492715
1.22543201830095 -0.0900648849999626
-0.701978316963526 -0.0930181969112956
0.642427680048196 0.745267753449987
-0.322051522482925 0.891625804453224
-0.903571146626671 0.00403219428877007
0.527477452209255 -0.786473744703846
-0.317296752758949 0.68443912072699
-0.405536213345813 -0.771371117244402
-0.547964967769031 0.588752704038974
-0.391575080010981 0.632787699044729
-0.369595102584264 0.449690362274576
-0.627937877724542 0.471076531580656
-0.800718649832237 -0.162823565689878
-0.442890594671586 0.571130440430976
-0.209602947783599 0.226013154005167
-0.763437121489057 0.0701740122637128
0.242315265683497 -0.00851838010530494
0.216993898300235 -0.0277652114323565
-0.331692913931488 0.102990437849963
-0.0533145287568137 -0.320887854387446
0.155071472812939 0.162001372875034
-0.513106313561001 0.226075779022813
0.166728672756219 0.0799379278195035
-0.0818255751875908 -0.29956044523773
-0.0604660446457155 0.408694111425522
0.529925634835076 -0.0348029410303999
-0.287024942622383 0.338519887286649
-0.345995863218511 0.388558239997941
0.54161108623885 -0.0137088196008912
0.250802349910454 -0.481298643295987
0.668178912320895 -0.00469648555354219
-0.0421818675763546 0.40609380299481
-0.163863152560721 0.428324922976151
0.36881455513484 0.537634902200017
-0.227823910883401 -0.606334066473078
0.702056826473682 -0.00187596799098732
0.767111934878346 0.00428674631594436
0.664985973209175 0.014805539396427
0.616124037882555 -0.0343154375221707
-0.699021801408842 -0.0202676647446705
-0.713335352969565 0.0276432635800424
0.00777957625786374 -0.481669958309937
-0.354108712143784 -0.473226703213826
-0.431489653571307 -0.435888176618396
-0.065707686664003 0.463740773929103
-0.0676583406544724 -0.454663227850348
-0.0219246007801774 -0.301301491406118
-0.30959139699057 -0.451107178057297
-0.242185998306629 0.222451512119871
0.122949161803459 -0.257156795472834
-0.426511216812391 -0.017499643783011
0.0080432630927158 0.147606139619712
-0.1853920739849 -0.0795575381139594
0.140830056096042 0.212004354156696
0.207952882169884 -0.343787007271195
-0.429697033927784 -0.051680395738852
0.0814565976533684 0.13267886232662
0.0473884658461693 0.368833002399448
0.143470915926076 0.376565970798103
0.087285674082621 -0.315384906234921
-0.240707650200667 0.111693636632947
-0.000513435851474189 -0.352159257049137
0.0854270007166638 -0.263122013581313
0.0963357458283552 -0.228169708331962
-0.230275973265323 -0.345845939743396
-0.282033583382774 0.170961181873618
0.0771628971829446 -0.254192954464437
0.394520061687848 -0.0247998690168995
0.138013605315381 -0.15142434054656
0.204748553713728 0.241176448013011
0.488698827829377 -0.0510075278897964
0.136650460356046 -0.19124196141114
0.242093752896468 -0.338556787992549
0.177283342161172 -0.185049046028445
0.234788144526249 0.456738059767114
0.295900795360182 0.210476102364704
-0.63745712935275 0.00707123803242638
0.0860489386277565 0.557196110893913
0.0546842231573088 0.648495548133305
0.219257547810414 -0.734891990287483
0.563071661241484 -0.231663320330184
-0.714836219031394 -0.558527991372886
0.408602497254917 0.223541243703428
0.635720088363032 -0.272373767259027
-0.499938707403665 -0.433020011641685
0.348136486371572 -0.671200307721302
0.474448624003809 0.60934291646425
0.400051149334805 0.207688303753835
-0.0859113762922785 -0.664798188509269
0.274911720037503 -0.445121870703386
0.725207947357216 0.345877022264425
0.133527719559592 0.492921639156046
0.485829887515201 -0.543001609624323
0.0217993587270846 -0.538859974430166
-0.245410623986174 -0.0694009273646675
0.372839039015799 -0.326615215050263
0.0787999053411749 0.404693781827239
0.534697666669445 -0.0299328772708747
0.277039665736158 -0.250346482701944
0.0279525407329201 0.307226053187713
-0.169106493343311 -0.0192200965305977
-0.300526012493206 0.432821824987158
-0.048930785802968 0.491137813045295
0.016052849338524 0.147626172090507
-0.21603909511274 0.234863609748176
-0.426178335529621 0.463051677690404
-0.370876521560172 -0.219878719396638
-0.299655320342467 -0.267471269414896
-0.827011019311916 -0.0489417460344882
0.4734433853348 0.158827316000201
-0.404447191826842 0.216443775526905
0.558343400471226 -0.122292130146815
0.509797895130717 -0.078824495446367
0.610606762687251 -0.106924649563459
0.571034399610546 0.0147531358164428
0.532254899953649 -0.107575154164739
0.685742257136376 -0.0860060424118842
0.345156024655154 0.37796260926645
0.358186916214464 -0.294500694052455
0.0521379121515188 -0.402168506793354
0.434488064701187 -0.27259123934882
0.193534301372636 0.175912034837425
0.484513108105501 0.257425473867556
0.534176345212858 -0.369959620370463
0.553897416438251 -0.342460284042818
0.694923491083264 0.0190384180287557
0.658590913333638 -0.319427987697122
0.311063866629247 0.193136509536962
-0.140882103465795 0.0135854462010538
0.740617637874529 0.0904795615697482
0.102244115641395 -0.140444741851424
0.214502056744885 0.120062984291382
0.340504127292488 0.167628849897769
0.0362763621687678 0.0568757457270775
0.494066789657308 0.0390512264828138
0.45898682197592 -0.190574605044592
0.0461190996665486 0.112689182742054
0.303219807947859 -0.0985463396198111
0.343841493915059 -0.106713965818934
0.45493378413781 0.0127305923031352
0.161375554307461 0.084772758811347
0.447478578405735 -0.0051316938116706
0.304360662827822 0.0491976633753676
0.479722781249478 -0.0622668089795867
0.369920385905517 0.042714284750987
0.368210637866937 0.0294731200711497
0.419840047925121 -0.0139685312275219
0.301721681477388 -0.0140006915477315
0.374408613731803 -0.0251043432996303
0.47025329606604 -0.0152369489076192
0.42063545793576 -0.0239500758074958
0.47530930657813 -0.0289275424259177
0.393171969141577 -0.0633293647486901
0.505255604584459 0.0219276308825806
0.485013457299229 0.0656476976564443
0.316837362982631 0.00363893613225196
0.481160681054667 0.0560890250590631
0.31526071253128 -0.172169265411048
0.322074082499801 0.0529187985420488
0.258769747482063 -0.0521073337793981
0.2588351590217 0.0504267094008673
0.124100262305793 -0.048865155794637
0.330202554648059 0.115136516883885
0.444041825113485 -0.0234795766918311
0.16561822495121 0.0611538896784445
0.232018551380932 0.0555788536788611
0.348322051612261 -0.221951885768102
-0.0314867528813937 -0.00151569663443431
0.1293084279196 0.042388022421007
-0.00381062472532635 -0.102142591559443
0.344888692212732 0.172608146222495
0.619627149065996 0.219039135738254
0.380684823271084 -0.357617137149316
0.515151079042427 0.137401580412201
0.270433458893389 0.034092773554306
0.672892792412906 -0.166049447679516
0.173425132410359 0.00169095867417832
0.222925562453234 -0.00532698481355641
0.4377390732001 -0.257748872780205
0.448526805019546 0.131717055503968
0.71485017497095 0.0582599196823327
0.588977441545375 -0.331398947244307
0.668911014817555 -0.0617542020219457
0.319803866824079 0.0707713313130894
0.636320351665286 0.00433890153266265
0.333595593282565 -0.341897464291032
0.738570644419184 -0.0317840327206331
0.366500943260014 0.079913337136837
0.484912609569766 0.178733936768382
0.490240366238808 -0.202284748392416
0.564558219876701 -0.117606373141139
0.379139344140191 -0.138163215719588
0.278908910115359 0.0447485287300049
0.548356339859209 -0.0417289415749072
0.84632356860888 -0.0985490610123226
0.600228606954301 0.0428769377459606
0.162392740885986 0.00145629245049765
0.300142012213372 -0.180293419334707
1.05902104771712 -0.0560912522997085
0.705148519346997 0.130213999806315
0.595107933678094 -0.348649774821107
0.931493719786145 0.257647181178754
0.957906772068737 -0.216865078313643
0.94708309469299 0.321061260714803
1.00323305521827 -0.305483904044374
0.993373757662163 0.456890378139173
0.367612531650086 -0.0626865331051782
0.800338840407413 0.164447480441189
0.376847224375678 0.00174299073222031
0.992921067503105 0.124280160079349
0.513529321515049 -0.0116124560690614
1.3808166121649 0.432793441449241
1.40939029553354 -0.426856563409886
1.08678421200441 0.338376568139065
0.212378541189464 -0.145711766811131
1.0396560200525 0.477610586893675
1.38751194440048 0.739237656586983
0.934202050215071 0.66114946513686
0.854109435141473 -0.866686587504949
0.758381691834337 -0.968793836688063
1.52035439718642 0.757126353938985
1.52322695784245 0.856465653296421
1.59529536435552 -0.797208361467948
0.87388547451784 0.890511182093943
1.56406025187072 -0.929164547653189
0.792010889850573 1.01614760798169
-0.270988831833259 0.138952737008007
1.71583983193523 -0.824027685694949
-0.365811601019223 0.217166597268246
0.517617104886654 1.26504174649129
1.22639663649261 0.425047744316518
0.91084548590154 1.04471951317577
1.37631335835956 1.17211462605629
-0.270966337771044 -0.584246302084389
0.441017582141716 1.25015415383747
0.296045075258554 1.17075734713415
-0.210559363705821 0.650932336676336
0.461111431232927 -0.705406334358126
1.28053142488691 0.131664534183185
0.23212466738802 1.17239564709208
-0.26500933430051 0.806391938006441
0.011619825425031 1.09581260671758
0.708910931213514 0.959401619965898
-0.208536623915065 0.981965085073229
0.826574274065823 -1.01994873929357
0.639396894823755 -1.02721206148427
1.27005156403647 -0.0706620444720078
0.570308124917027 1.05318848461713
-0.533268387151314 0.906953863790852
0.487676304319527 0.954955004130569
0.602876682196741 -1.12719993711488
-0.991763861926685 0.000451175035005596
1.21464696687943 -0.23063510599922
-0.0529352030542612 1.0782220909398
0.516243215449954 -0.939501361934849
0.529050942796384 -0.963180926981125
-0.228837289296944 -0.588643225342331
0.197280462029283 -1.04332295957432
0.646734670742458 -0.801117644850161
-0.139421555602151 -0.395570113010325
1.24875603423719 -0.329050703994254
1.49414738943507 -0.0424120637714848
0.479685831390159 0.719084367171064
0.79718571054595 0.309148071327404
1.32423716591071 -0.0729024921515891
-0.259542678753385 0.243229304014042
0.329467682325343 -0.760832519674832
0.36210190427984 -0.64719864341001
-0.466504779000954 -0.00303694581899747
0.950816374604613 -0.305243108975508
0.57307216126071 0.375811690181212
0.0600011580779598 0.204244242688889
0.870595547216095 -0.202015339018497
0.779634726254945 0.414281365720975
1.07485749137524 -0.016647365654652
0.505324773677791 -0.250605144590575
0.367538091230796 -0.443043806787596
0.734222384988732 -0.268569725554925
0.0430817290859737 -0.0492258279053845
0.554812363414165 -0.487501083187703
0.535850360354535 -0.487433041156822
0.892898571371826 -0.0354736665095812
0.522482706097154 -0.415567075636482
-0.165675961163365 -0.037846572488314
-0.0991717529492084 -0.0269691609404519
0.182015139640499 -0.327369228090551
0.160847926534872 0.214144345698346
0.117107202719821 0.233667272816463
0.405636477174206 0.25050846018861
0.0483878665820072 -0.261642801743632
0.26179759815319 0.301200561096945
-0.0265254479528843 0.171576829841811
0.234290664315916 -0.288419262682714
0.0176507356106338 0.297674643828678
0.174389474161663 0.347538046732229
0.235966280807773 0.218348975921917
-0.087573004994349 -0.0716432006170806
0.368592085445605 0.229466983965905
0.0837431874320349 0.0136495054136933
0.24005484158794 0.533774520668662
0.290444935878173 0.544602518551017
0.375975511866963 -0.566492311519461
0.539792843771627 0.406491858967796
-0.132555346473783 -0.157666414122102
0.515225831390535 0.595646838769186
-0.259338216218894 0.117410704940779
0.962538075010707 0.804177865852947
0.265271815248731 -0.918606546080596
0.262463122044261 0.967362589563168
0.825344264123678 0.946898184378537
-0.108630337068671 0.979396275066123
1.28848316218265 -0.0678584171219149
0.046499877473358 -0.852173665827526
0.442612038175739 0.393035320171731
0.413049414378287 -0.833216570203546
0.0749601721244525 0.690432294026335
-0.304742824231037 0.273394917016086
-0.0309153450816417 0.591602081258401
0.112891373987238 -0.370297824622845
-0.519798227819005 -0.683511082841006
-0.67574130373771 0.230269480399413
-0.349934873193149 -0.261654378407016
-0.17645612749763 -0.564023221827646
-0.530031561811828 0.442879181593987
0.217717262552002 -0.0498721404827259
-0.606633275603853 0.372132233380328
0.21394230658775 0.00376698993183016
0.261664032931232 -0.173388928435757
-0.485726543319277 0.325072680531466
-0.224079690661619 -0.382559637941225
0.272112264967548 -0.0561735546901352
-0.157023890177929 -0.448508606536226
-0.442275268779849 0.274163828857552
0.322798876287449 -0.0680511839304389
0.279120815517041 -0.0724055740355976
0.404909821273128 -0.0157175102862676
-0.345808800457912 0.25928487918677
-0.0170766556549573 0.35311484379425
-0.351456332027992 0.168764446476203
-0.143485759745937 -0.185243284264108
0.124723180996985 -0.0416735880737912
-0.0103173914933381 -0.20042529481358
0.232579249525863 0.0940397472274589
0.19006450638482 -0.109964959536978
0.0787278598102881 -0.0153533729663995
-0.0239010885417127 -0.298849098265539
-0.110543702072663 0.0125342581947293
-0.161612054644213 -0.0581634463717948
-0.0867807485017674 -0.213972017384043
-0.099952806457498 -0.288321497139282
-0.364478229842297 -0.144954701072439
-0.219116391863219 -0.15884433112383
-0.468316132281863 0.0961772062092209
-0.127038950309273 -0.25615164097554
-0.252523480469319 0.32986516873549
-0.355804203147068 -0.161932584621206
0.086438328721259 -0.059457342438167
0.120146175428802 -0.0731717991776399
0.0172760049909271 0.0255043041163854
-0.0600568461556264 0.010464269378984
0.117822708697709 0.000390067141467923
0.0484849565246723 -0.0887558941139035
-0.602318508710243 -0.528036844029413
-0.659139184997364 0.370016587288559
-0.263036071599087 0.518090509403757
-0.283753663806715 -0.534895465003403
-0.00947813755274449 -0.688870662437528
-0.620045633719 0.461898394873394
-0.293986443528767 0.43189109808575
0.14363575548288 -0.264360113502926
-0.258025077277826 -0.491732339693051
-0.0775016001587455 0.120302758213897
-0.770302079899149 -0.0200827016581047
-0.00081313377127068 -0.491552797370335
-0.527562984580873 0.0882923926011347
-0.126346823106075 -0.0447582329932001
-0.250586586741886 -0.0434001774505803
-0.543304344943088 -0.266781705998278
-0.10600567591233 -0.051938133175848
0.018406424598778 -0.0134723047411082
0.0302700632148798 0.459230655819706
-0.287922996282925 -0.527361418265635
-0.0199966389186317 -0.420721016543162
0.369236880000639 0.107047160180227
0.245289690372431 0.613178601259897
0.0881809110989413 -0.342883385027598
0.155700684548465 0.502555267879988
0.111576034157264 -0.449486818356699
0.441918813034483 0.0682347331190758
0.0984433278677858 -0.151449146542505
0.0657650716920907 -0.381909609839176
0.211014129630909 0.333638951423396
0.194993898987416 -0.12501075899997
0.331315054215162 -0.0283352628469626
0.25587414191296 -0.022407765788266
0.196574263819758 -0.266422580016223
-0.0378135124380753 0.144140124658925
0.0685130220159809 -0.162281547721128
0.0893822972721678 0.286093673700847
0.185353189802915 0.211403345835817
0.287427630919498 0.0285937332514834
0.0526643280204354 -0.126316873241607
0.199963417245912 0.0130153885104249
0.379596109045455 -0.0309640188165529
0.242558753179821 0.0552623690830642
0.263000430406191 -0.0202882930860008
0.240509384227776 -0.0021222245358362
0.173727189046306 -0.0638735208452468
0.257064281190468 -0.0434758323589212
0.216885979609184 0.0233941333269558
0.27310133847528 0.0290239341847839
0.457847771279345 -0.111070534141628
0.368098773061631 0.0500858402071126
0.485615942952809 0.116502224197583
0.296117931118619 0.0238110899846272
0.305373193939152 -0.0394135791785609
0.849318466395455 0.264291477233665
0.282103451060412 0.0112157966718921
1.12107975656352 -0.106697790200136
0.347758063386668 -0.161795706587044
0.552591164324261 -0.363675960320614
0.701835330777238 -0.177483616481274
0.593028142358446 0.00293721992549736
0.179844618774345 0.453446946874424
0.0171513211105077 0.22806297458299
0.635574383252299 0.118185249917361
-0.0691145133857845 0.321631791655965
0.149401654483583 -0.442246698002768
-0.172660780745517 0.0667566433041122
0.313395993655139 0.14757646765632
0.0740952054595128 -0.50303890603192
0.219429157846552 0.349201257622483
0.325456641831095 0.331289740838893
-0.144787313295122 -0.0117271647270803
-0.158164252653461 0.052151700230895
-0.282977177716257 0.0900375119659233
-0.194994979469485 -0.113675956782316
-0.241912625774387 -0.116326153968709
0.216116538139221 -0.429813513765361
0.422415896426698 0.679465933471751
-0.507684245408988 0.184086541992722
-0.796538937691325 0.0328285600489806
0.378608580511933 -0.318457288150729
0.372614340750313 0.360377279878562
-0.235933109715991 -0.0532867510308741
0.546992897216688 -0.0287850818895585
-0.0502083611763387 -0.502971583151988
0.603648998083535 -0.00586911688796839
-0.219012014261111 -0.465203226091805
0.521911681586338 -0.0861491658057882
-0.607531775738773 0.0516550474146479
-0.174114040602118 -0.528784808788352
-0.540697461090641 -0.00406362617698296
-0.277890195334998 -0.533481635861141
-0.487211818259913 -0.0485429158365962
0.19658593049796 -0.325727295862965
-0.272256439251272 -0.492138282890396
0.13464141524859 -0.382323988089592
-0.421738537469731 -0.0339455960726835
-0.285887464535555 -0.343496594150404
0.0931476305627478 -0.238457260761325
-0.145758482381895 -0.352252681416489
-0.387850899536528 0.0280274679003869
-0.0142972535579735 0.214862027050637
0.370253245426804 -0.00115783113365478
0.248914861415607 -0.232291356297286
0.0127147603720603 0.190397344493232
0.221894936930917 -0.266272665753822
-0.101852994075512 0.202400972674898
0.151695712461929 -0.262179129783751
-0.332802458588525 -0.080910683819264
-0.179827286058378 0.116181504546805
-0.186073862189795 0.00749879701480788
-0.264752827479043 0.235999639309198
-0.112193717493906 0.0970680340671893
-0.0978167302136204 -0.241702678391491
-0.0871516921937615 -0.274019248930521
-0.648199394617929 -0.000982189105912452
-0.141024219307895 0.406810838201468
-0.426419432006271 -0.430220519627207
-0.60555538956104 -0.26474191443989
-0.601305750640796 0.208930348181461
0.0564812592666264 -0.261560459551909
-0.190594166413363 0.471320148646016
-0.553824814828479 -0.317708426814
-0.453449847691386 -0.687541885317683
-0.103481276164075 -0.546998321028512
-0.469450836028288 0.258798419605787
-0.301850942915219 -0.594419022268625
0.243574106593953 0.654545529779012
0.243423440313524 -0.156900886540231
0.458071273188675 -0.161324088784119
-0.348973440315249 -0.272084682002491
-0.0142852075914329 -0.383889672663283
-0.273861726538816 0.437238719672836
-0.206706675975353 0.563739249729977
0.0684941557135322 -0.0868706752654161
0.267202975025164 -0.421999541751678
-0.365263856919661 0.111130018889063
-0.105524385028959 -0.0906125720048185
0.00473864638474211 0.404236804086539
-0.340279709993701 0.0744373109815208
0.0534176004629003 0.453690632426467
-0.0438708211995847 0.482909258702651
0.163753463837892 -0.374563314743913
0.629730242352671 -0.0320082717135372
0.336975064172069 0.490803691317598
-0.0478539890775234 -0.609548890118852
0.513177455262699 -0.334944830849125
0.0367754949275515 0.424491547602724
-0.450975229832708 -0.0359330597393049
0.0406111283693444 0.493188121759327
0.215416646002799 0.379252582793467
-0.0140654566165488 -0.44684427227975
0.398654388469586 0.486912558891558
-0.600771907435723 0.00961533808343111
-0.0313946302350343 -0.510850871748204
0.607358104425921 -0.0625225908232303
0.150224252451983 -0.374457335578988
0.348841856796227 0.281184788993132
-0.640199371070719 0.0175298367259999
0.209204691677929 -0.418790527952554
-0.131275608966305 0.243109490137448
-0.144424248005863 0.0822043798155602
0.214216725471748 0.131714901882635
0.380064619344156 0.0239352675658889
0.251068514812038 0.184219637803292
-0.145868736751344 0.286080792891471
-0.640717215911172 -0.0538025771679016
-0.495527666037635 -0.0524272845132013
-0.0796577486321062 0.309035817136789
-0.388904464950083 0.200868692217481
-0.244098562832251 -0.165673740792421
-0.35056434955724 0.175442093949457
-0.0361682011041475 -0.0154081843617397
-0.470509034672323 0.165659982815274
-0.484268131840336 0.155382855389435
-0.286326793412991 -0.089595625891705
-0.301718456888677 -0.356318853904926
-0.63553227200231 -0.276907715702835
-0.117116168117067 0.55115571840249
0.0843692352608354 0.193550720676405
0.316774516698352 -0.000826016176643911
-0.435243706549779 0.557002849661201
-0.90035355342261 -0.33755859268698
-0.34027951996544 -0.673447947982553
-0.735345991605693 -0.412516200137546
-1.00203283879837 0.630244359807359
0.15302622659956 -0.156337744431493
-1.0871721189243 -0.753975297294287
-0.720098846596427 -0.61831537662415
-1.12879145937093 0.603835710128829
-0.540255601481396 0.709544854168115
-0.662673932862952 -0.586969172135354
-1.09484182071404 -0.613490647919865
-0.73774415121482 -0.482419588436425
-0.669244247622184 0.562319892955663
-0.320299801279632 -0.0285599592588954
-0.804286070319321 -0.282368098056303
-0.45150482636942 0.0325605873844386
-0.824893282704328 -0.113816111432829
-0.843827636685053 -0.0515569223119804
-0.839509027538208 -0.12968398825521
-0.910108557426615 0.09484959437571
-0.804556987222858 0.082138847485458
-0.872028169491231 0.00718594009153909
-0.669471563929444 -0.0356293447225215
-0.893590551384729 0.0653390067352798
-0.763763899576804 -0.109211673174989
-0.893403672592027 -0.210125136320446
-0.787386983818471 0.264341064905339
-0.60595371236025 -0.00995123234544921
-0.992166430499342 -0.39754421923136
-0.377234796090649 -0.0875801285658115
-1.3605642100513 0.0230172494529191
-1.00323809507157 0.370300117436894
-0.188269746206334 -0.109249638233734
-0.586647348780032 -0.360842474096365
-0.910705513441231 0.258788767808569
-0.87026989836105 0.298495771977337
-0.324873224643449 0.459936195926655
-0.378015055888316 -0.302571221696195
-0.203762793261326 -0.425460177949194
0.168977791246308 -0.145473046857438
-0.848844445558718 -0.0236727509702769
-0.168873533168599 0.361058191557243
-0.649530064335309 -0.0168460423807761
-0.286013218622835 -0.130622611421186
-0.3850419460992 -0.0977786457871739
0.00351610862034303 -0.336889825502257
-0.279019859305134 0.359430794440232
-0.18878510816041 0.405501735380421
-0.079534642933004 -0.440350613044126
-0.227467630912524 -0.51659094199737
0.0853081568006108 -0.375864131001584
-0.201782320424966 -0.520014358744964
-0.261454438602797 -0.617257382880405
0.333833052744916 0.479866040170873
-0.595195877288458 0.000625488306260638
0.133349422018753 0.57498561953764
-0.698133709058965 0.0146065549360607
-0.810443432638832 -0.0312221807767126
-0.697158757038375 0.0164935880937536
-0.680677192638436 0.0262961337127486
-0.671904327940771 -0.0204333665236984
-0.675997227826606 -0.014233806785157
-0.106325323576261 -0.187416266790285
-0.352623778098773 -0.360454244250681
-0.37434789218765 0.225871859551473
-0.0911972998569083 -0.145387002468481
-0.301107821746876 0.189669635083674
-0.348299601048345 0.296548894061038
-0.297829252962497 0.148306765176066
-0.268200954771053 0.0531780837302056
-0.18744150590388 -0.290921056626668
-0.515107660290092 -0.120471365636041
-0.00546321270978974 -0.0692195007869072
-0.0960514886644313 0.425706912554775
-0.356082885172468 -0.3157057778709
-0.28875396062808 0.157470423024623
-0.373106616080838 0.401217412779947
0.0236187409316192 -0.168627946653855
-0.318418393613199 0.3914010337132
-0.489566047518504 0.00592942087357934
-0.649364073855005 -0.133500320471734
0.320664561311082 -0.0634961636350525
-0.307648592473927 -0.463206333250184
-0.813500589401485 0.0857955245359259
-0.858760931861471 0.102510200781183
0.0597560090006883 0.696101439207068
-0.605882213402496 -0.14058356617056
0.106083304011959 0.582844913304725
-0.739939460433432 0.22528751043741
-0.359391934266574 0.57610771077872
-0.281337755865525 0.591872421713723
-0.905914633013416 0.102127143722108
0.130000530113538 0.794818719856616
-0.79612317358903 -0.174636571876704
-0.500667203888679 0.0439937216698187
-0.103441531672721 -0.650010800197607
-0.298436993460742 -0.625434420307769
0.183419540915327 0.756163033212968
-0.453015907924069 0.224874404491527
0.0828415798791074 0.298082608234182
-0.0830672182873501 0.523069596854314
-0.114092577811972 0.177869938454491
-0.42565060726692 -0.255845409195045
-0.464271891055526 -0.160186316338722
-0.148006768549924 -0.0660265182264024
-0.56500875844464 -0.190799191285297
-0.184184913403254 -0.0166018563960812
-0.74284455513282 0.599063142880479
-0.891758512410274 -0.3207877825218
-0.48830462673039 0.139967307299796
-0.692158319377146 0.304960659698785
-1.03325544772582 -0.374629410552487
-0.125019149595759 -0.311077292225797
0.211051835007697 0.382587999838722
-0.104712966246904 0.772030665090435
-0.111186216778844 0.892213197804393
-0.946277558996987 -0.19368242054647
-0.307815781508129 -0.917095416847492
-1.02003239068184 -0.141244603142317
-0.596789931005251 0.895608527707092
-0.0578768826352137 -1.05382361142623
0.30932675640148 -0.730298929834093
0.345186613556599 -0.802052083674168
-0.763424478903877 0.791156021860981
-0.668862170857365 1.06243992632553
-1.12593993427177 -0.0733967396301193
-0.587123817090335 0.988714243540816
-0.461488965749388 -1.13679378240957
-0.393614999801677 1.01638507956006
-0.393456607083299 -1.13150903188883
-0.0764462759236582 1.06035986026721
-1.2016717221658 -0.246917909880288
0.567992320931926 1.21542633615189
0.805285580843672 -0.720379202255599
-0.707352795186534 -0.0697381922001663
0.763967536456278 -0.717395828265389
0.729799564037976 -0.722614290517799
0.0530175335588228 0.666326562697909
-0.363658038638072 -0.0389601191570409
-1.79060413972129 0.00208601132409327
0.813154123487543 -0.461890550885989
1.06418287987402 -0.0625910951736452
-0.138489283327035 1.19787980422572
-1.78758125282712 0.00814076280557011
0.202499038200926 -0.0638275908857864
-1.25615597128167 0.630992627151955
-0.435017026769993 -0.960334238266859
-1.62637359396177 0.00716765451653639
-0.479897201368784 0.992138660726201
-1.55026491384003 -0.00572356896333929
0.0215479424370673 -1.07477550186204
0.844377631711137 -0.0127082305434496
0.236277876906573 -1.06974622865526
