-0.77518354244282 1.06132732122909
-1.15557030910255 -0.358342638376487
0.280940005276933 -0.201963550867491
-0.410719581584767 0.483609275568352
-0.143188515370116 0.641327988371964
-0.033163166359637 -0.692949631462596
0.247143160636027 0.126696276211255
-0.363816924342254 0.194975308531401
-0.145542899690883 -0.542616759668703
-0.343176929072428 -0.305894571742783
0.209665047062052 0.457835801183151
-0.0655186623355283 0.555842362111475
0.741037148096529 -0.0432602834332722
-0.465694858729861 -0.0488806072658644
0.274364150518093 0.767023138436978
-0.514420007626444 -0.231353818871529
0.567506076232617 0.652506969433814
-0.737867153781225 -0.318103473887363
-0.619908741646915 -0.127418050936252
-0.67494770131411 -0.197962348865687
-0.235654896774397 -0.360099474695411
-0.6033877429536 -0.0990552995062997
-0.646143681042422 -0.085171416005846
-0.469457505641606 0.054524133116019
-0.1850211734955 0.420327941861757
-0.335912980781819 0.0242911441314129
-0.485062650882827 -0.0992747761243048
0.285894174423542 -0.00443188895645546
-0.255448463046216 -0.231998605844682
-0.133990389949612 0.3068050786778
-0.367905022187245 0.0305197952403841
-0.129026987077106 -0.101472666986314
-0.193666252520375 0.0948651206183515
-0.0410450773872446 0.0693509998731145
-0.268129824918417 0.159459726467888
-0.552801324181447 0.102157301717455
-0.313788994063444 0.172392729231064
-0.491511680560472 0.401262458267075
-0.386491021473262 0.276706012664898
-0.404999978601958 0.32840262884453
-0.334045034050873 0.367413154731081
-0.548865286930991 -0.32614164612856
-0.343968397372915 -0.19050822046973
-1.01367177652924 0.101110729922091
-0.608448205614367 -0.243430067576678
-0.634251713623712 -0.326108008516282
-0.854973903954294 -0.128523793653274
-0.568258543858523 0.462993113269333
-0.231950595897299 0.244625179775255
-0.802441530609576 0.107481990395075
-0.707215355587936 0.370440217696285
-0.301198201146255 0.0127815076721778
-0.630305125439918 -0.537277514818094
-1.0865134653229 -0.575877835746717
-0.0801497538428613 -0.010739357685561
-0.654000968155961 0.550626072443591
-0.604994804291129 0.661293872957152
-0.574713685611981 0.76142939825929
-0.516237587704871 -0.812322169338233
-0.447117664170104 -0.860312193870065
-1.72551221003631 0.218324338262024
-0.453918483851163 -0.994102275528183
-0.513849058424527 -0.992787033547605
-0.94826441660397 0.791833159014626
-0.857171918077157 -0.767658566579968
0.431100594650385 0.27026449012111
0.525662121582669 0.22029910077956
0.0208744476575959 0.476341670525077
-0.481873986309032 1.42034456081189
0.360619918639186 0.426450800264862
-2.02610486448744 -0.426365925100911
-2.11971719873493 -0.221489043908477
-0.0638355672160292 -0.222795335626963
-0.882871610233472 -1.29804082021189
-0.940565138840408 -1.23509607947228
-2.0850405918857 -0.314883844952341
0.219676765500816 0.0210861566439082
-1.53754416622935 1.40879077602447
0.20596997979662 -0.023315712509253
0.317534008027786 8.06438755066514e-05
-0.883382793240715 0.908076814243166
0.321908230354784 -0.0353721081529588
-0.638524087717589 -1.03461577454118
-1.63493299015542 -0.329779613920754
-0.460983641572486 -1.02511976408711
-0.80348168817258 0.526142313233158
-0.974505305413675 1.07437641988142
-0.315754607278881 0.890294378246426
-0.463676745398274 0.698457786972295
0.120319496007106 -0.132107714049381
-0.82391067867254 0.443538899780337
-1.16597990829621 0.759293688461545
0.37740582989092 0.0646141586659657
-0.90643460701302 1.08189369385878
0.203314849962505 -0.312497092548363
0.291033051115066 0.278743224877225
0.301628524088898 -0.246069327255608
-0.493883522595178 -0.658082349199116
-0.145387969285153 1.0066342024017
0.104254912558952 1.05757404866752
0.864525793193704 0.10848416955694
0.515800569568664 0.398180839953557
-0.402314232986806 0.572103647196023
0.389206555450642 -1.2447291126819
0.35610479603836 -0.989850117821653
1.28767256575906 -0.0375886937503287
-0.166859691500458 0.0474234070428853
-0.0255123259953527 0.992262834518439
0.635833749130616 1.11427893876127
0.898245412603295 0.271424126110568
0.278359686165344 -0.468734507016705
1.1624985905204 -0.121321500685677
-0.731021310199158 -0.448435414383921
-0.456522673610018 0.203224631586187
-0.28660197783031 -0.604045304449203
-0.0702064585829106 -0.722690947794652
0.503950258995595 -0.59071322830392
-0.00198292278969957 -0.679757298918523
0.606921160884096 0.521858518330835
0.0583542651996987 -0.617925813843704
0.099767032928403 0.4927444937817
-0.0907172967239727 -0.696610260192359
0.0979943792087342 -0.282503535409212
0.197750930429851 0.317540606114994
-0.317913781328766 -0.0760892982238026
-0.393043033528861 0.0830992897991273
0.00161371119918622 -0.341658183096078
-0.332349939261646 -0.114264200063094
-0.181435308229851 0.175233146416862
-0.0739794740898473 -0.364998086148898
-0.322336346605064 0.290128678167752
-0.231491528511595 -0.156462121552716
-0.0869223800914788 -0.311089943137891
0.388334780519437 0.00414663058740682
0.107450479471376 0.176174187145092
0.0304818543002024 0.287010808432987
0.0242865890949712 -0.15178846763099
-0.0954293684305204 0.00159474194670778
0.235623369679862 -0.097193664649389
-0.0502509629821239 -0.0850706634155179
0.321177502793882 0.146061704958226
0.337929220558919 0.185192130385537
0.0986336557365059 0.327483771729011
0.370227582800189 0.289727657026548
0.0265473537062031 -0.322064209502757
0.0938386583618066 -0.301358151794697
0.339835661816399 -0.278254769003122
0.0877289556736614 0.285857830293509
0.147866708524709 -0.347835829837751
0.628426041482108 -0.00854663081332469
0.344382016268281 -0.184245967383217
0.13445546005524 0.024941314303652
-0.144068594587808 -0.12250578820276
0.30926187214201 -0.129727533802737
0.0121116878618518 0.199319752724852
0.344109132974311 0.123982341874601
0.31155196297791 0.107798274021834
0.217319955347292 -0.0402380848736316
0.0791598788832868 -0.072598098434336
0.0272581806527867 0.220486922625178
-0.0442761571481995 -0.015809697171082
0.0978526493862613 -0.093461261320447
-0.0390870820034166 -0.120268464104033
-0.0306623229372954 -0.174679169004246
0.129356701031077 0.0916386910390991
0.165402846687144 0.140821693737312
-0.0728158879088437 0.0424094514914081
0.244715688970733 0.217954977017424
-0.051169229912455 -0.0473181963203703
0.0830900846584228 0.0188863264012616
-0.10803541239471 0.0361161222137794
-0.080569534087118 -0.0171498952436143
-0.173208918996735 0.168288542340152
0.0139587217783165 0.154945231827458
-0.18507262579708 -0.138351661213001
-0.0128614441886622 -0.27445394659506
0.0678530916194113 -0.29548034494195
0.351613463698556 0.0515593657704227
-0.011840258613825 0.332036955730387
0.0570756780470737 0.277077231047673
0.0107192883552702 -0.227831226904334
0.0927083632889572 0.149895967978425
-0.0550374029450641 0.00362844804875668
0.116789250572951 -0.0424929355850141
0.18624169628044 0.110410952846412
0.183873346078776 -0.0546727824687771
0.215145094107709 -0.0251111624573721
0.209601016062707 -0.03781453465777
0.22857081735451 -0.0968224192901662
0.0443163041386361 0.0269906830947185
0.335322383642511 -0.145236875838326
0.408591391961988 -0.0562749725952488
0.288813114968927 0.00920198547648125
0.251112098794926 0.0546822326488621
0.40596021658692 -0.121067110490021
0.340146902623237 -0.00788392260260639
0.284919328739426 -0.0953052485663366
0.0800337447051158 -0.0305961541428798
0.225744369848819 -0.0122458353712998
-0.00116882104115301 -0.00301091274593559
0.137681821060818 -0.0674079385442999
-0.0999819789650013 0.0623383484481795
-0.0677591847739281 0.102618187148635
-0.193996753665403 -0.100283973460104
-0.123624741391821 -0.0739928236495561
-0.0386132809867583 0.0420878401943547
-0.237752080431274 -0.181178410935327
-0.536042541688994 0.0717922265296167
-0.0898829141201656 0.231866847729741
-0.301458658435371 0.064198433237834
0.174591321691472 0.0556551702982136
-0.0740012636580101 0.233032764147496
-0.27451475198488 -0.132706420280407
-0.0504748015497719 -0.145864840857911
0.0559087021602136 -0.0284990901740258
-0.102797044607194 -0.00388122868635719
-0.0459715557798264 0.0367472896694188
-0.00409409086664818 -0.0160886963342592
0.0180939914425138 -0.0297765337082011
0.0466354308266351 -0.0372893007824064
0.0475485934415414 0.038618192185363
0.0309455398454242 -0.205418869216038
-0.0707210574750667 0.0204593573971253
0.0636423718930709 0.309684610965461
0.148570618426637 -0.206510682353719
0.192259361941824 0.353212750673777
0.56454968433605 0.136611597587905
0.418410225053269 -0.222524007978667
0.159517150419114 -0.22802281865975
0.554079189810384 0.0903973359594432
0.42204435945085 0.00198728841395028
0.19458407508405 -0.0141161288770826
0.25794704418003 -0.0995904481011584
0.201819728046899 0.0131838427671247
0.28609672800621 -0.012473623482524
0.138141243361525 0.0905192108496496
0.211237658589306 -0.0148545741724071
0.0961539448636479 0.129278519290454
0.352219506952096 -0.121820535731697
0.381482293867518 0.157556496038598
0.223116476752306 0.188497400452896
0.25387980711808 -0.00499716723757755
0.159101923458652 -0.208632952198469
0.373903275806275 0.0510627636291346
0.206380210561195 -0.192218827031672
0.206099705687586 0.0567254630114398
0.167462751310429 0.0972763045669612
0.0504696870331983 0.00127090293711014
0.288688282192011 0.131466376506338
0.299009972979794 -0.0669986034804433
0.272502561596237 -0.12238872926783
0.268378813331848 0.0755436113615948
0.268171920385082 0.00916371053036768
0.14341007245214 0.186699305691248
0.277077846861678 0.0574036251271178
0.416916277428855 -0.0614716962156215
0.151242668618631 -0.188161982493717
-0.0706814099619048 -0.159026174594145
-0.00199193806764026 -0.171761965869342
0.404838967653812 0.0899941225747979
0.0063406483567035 -0.539820688054972
0.354416106553355 -0.0670461042597591
0.326280308256128 -0.0394911275962189
-0.507421776717367 -0.215965968226361
0.237900564771743 -0.611243054464916
0.470731776944037 -0.0213412627163059
-0.555133167388836 0.0278294630668843
0.29283425092341 0.414501239371997
0.398497205821188 0.330007121255824
0.363822243287437 0.377255144964507
0.00629932283190447 -0.318707916037387
0.41714593051269 -0.433321755762084
0.552347414031247 0.322238606063914
0.469110139277396 -0.422566769107234
0.289222122078531 -0.170507374942024
0.87094777663777 -0.0529729293374632
0.472544392565838 0.185381094150157
0.817984567086573 0.0709082026953369
0.579126804054535 -0.206111151203594
0.640322553445214 0.251665805248042
0.477495902075906 0.119069875960699
0.789950036758055 0.328084940524366
0.927989898915794 -0.261256571989866
1.18472520785166 -0.421641770314799
0.879475718472207 -0.466026061686349
0.420152782042312 -0.100441417896998
1.50035028289724 0.06274650992215
0.311079674015442 0.271251295882399
0.29624932014322 -0.303806485640497
1.50913475901887 -0.544554748500163
-0.19610168797668 0.0197495594290467
1.05612697115229 0.615192610847258
0.415020428695522 -0.905740143409118
0.777310352536091 -0.833341420432903
0.657439112571945 -0.862292341444571
1.13664374736568 -0.18372960337574
0.884001491925569 0.514870901386445
0.483964368748246 -0.706975896710234
0.923826935956605 -0.0680738922533338
0.920053804752918 0.0248981286106081
-0.0825696155232461 -0.774665898060808
0.577958507237554 0.623422040324607
-0.26138193947472 -0.661772550862309
0.185904786958342 0.791333971602865
0.849359266292212 0.0693012418994033
-0.478818108572792 0.86365431180975
0.206239705426785 0.910118185794461
-0.366652666376567 -1.09388727149136
-1.14249984045476 -0.283160687544444
-1.16994187532989 -0.359207542486772
0.867133359662496 -0.24467211720144
0.030909515730874 1.14284422316055
0.189900917340441 1.27312313846248
-0.985686940739056 -0.863277435604522
0.122691391593494 -1.27448029194414
0.441421804641635 1.31860043936749
1.62275221999001 -0.129205772472766
