0.152188181409609 -0.616002098550995
-0.175677793350281 -0.571108045987898
0.205792296294361 -0.583030416670601
0.0722045598133098 0.367841908254967
0.306111790769051 -0.413418094596412
-0.145738935501097 -0.11913996726847
-0.082430711832014 -0.16876327431195
0.297591137096976 0.215249117475231
0.563485578871856 0.0447573236560737
0.463191609440636 -0.136094406016665
0.403363522004367 -0.0170071883743341
0.53968711668401 -0.0521921318213095
0.453722719798218 -0.151186331707266
0.617561296702054 -0.0639098386627493
0.327515863661845 0.0540672490990558
0.409720386639152 0.108294262097794
-0.0224724927506559 -0.0701446322772575
0.0935562942122676 0.0319457378849926
0.188341598125922 0.0324003462215517
0.37769348166566 0.00664576152210284
0.273646450074079 0.0154359612102672
0.261336607584636 -0.00385115942474349
0.400824367149378 -0.028092150090047
0.433092545878889 0.0208456182988659
0.257862774908706 0.131772943072897
0.439495301169608 0.181628130484024
0.131221650925944 0.191302570627786
0.591059309353029 -0.0215487572303486
0.0243229537335272 0.256999494460493
0.575827622576144 0.21514126580313
0.570906108255936 0.361416595400055
0.483461595943692 0.505383228272903
0.741416646691108 -0.168621905184462
-0.0456170684768553 -0.709035908674359
0.0442984289885245 -0.701662387900639
0.0515692492400095 0.457257517945234
-0.193671580563792 0.287923138510468
0.549906721130992 0.306119000737175
0.389669743601786 -0.250741684934018
0.298813427863049 0.0969680112858802
-0.0785192449628253 -0.0105362713272261
0.226803089841678 0.0938233849557422
0.113041194651822 0.0810015809434927
0.128378671051894 0.0441930931325603
0.0750692320896672 -0.0207218025425193
0.222380716740234 -0.0395957764539959
0.0805798617368115 0.110172333342884
-0.0956872056242745 -0.0550733087513837
-0.167436024396073 0.219481957635299
-0.123511941085678 -0.216667622039395
-0.159953611827811 0.152976061630369
-0.149528250113713 -0.0363175877392022
0.00269638171521075 -0.0521588395948792
0.0997422865392805 -0.00253222280078713
-0.144168858634199 0.148039370792158
0.14513997900852 -0.0573604559513274
0.130930248075652 0.060435515512024
0.0993389575792719 -0.0249378063397878
0.161088755147477 0.0135398498113744
0.147137769155459 0.142088858155114
0.35465525070147 0.0544537748532259
0.16588928964867 -0.102472337201438
0.13181278520742 -0.220925035270328
0.618020681526242 0.119486664718189
0.217792437564247 -0.458050601696163
0.226981609653175 0.482187454898108
0.547183659080535 -0.220072327890959
-0.0629108920042891 -0.356948613855165
0.365515482496718 0.463032271860616
0.805052195750901 -0.039351557125765
0.337866153009513 0.436588249709548
0.478427991677813 -0.290218282753926
0.33809015424573 0.192728771397519
0.551441707091513 0.0674794816387641
0.518621542199624 -0.0357579655084832
0.281927444564991 -0.0674648057909492
0.353277625296299 -0.0437827000217943
0.294244316608682 -0.0269863610131989
0.121161585014396 -0.00627713938033864
0.082715158123567 -0.168018709513107
0.0525376122477475 -0.00505732182123156
0.00807221521526745 -0.302634912044562
0.129324075059873 0.116928113709093
-0.220171971245882 -0.252045745367989
0.202065390065755 -0.0418604205634054
0.234150607474723 0.00486254618577031
0.266069910989163 -0.0603492340900934
-0.0509095385458958 -0.322009838740605
0.128801424159878 -0.341869686615791
0.185020827738443 -0.324372795221419
0.44783170727022 -0.20666983679716
0.196446072263296 0.122373813083212
0.0580935251184666 -0.0346745462161465
0.141342329634223 0.127890681091546
0.147463599610471 -0.199976804920235
-0.0403492715188874 0.179359033763069
0.186665311165907 -0.301793585972117
0.029810837403232 -0.255985286165048
-0.0988646548331362 0.172296741283319
-0.0782576101033786 0.268715896159637
-0.193191424416022 -0.278393966657168
0.210904038356799 0.123872998346166
0.263174759359551 0.0172582782641426
0.0158667499957614 0.166030878059083
0.119560056403302 -0.381178797716816
0.374321766673256 -0.0264275298103465
-0.0186896932681425 -0.308791023997848
0.235566132488499 0.280476532873519
0.246854990409231 -0.121323943332472
0.125835395808598 -0.0577103977606979
0.255971473539617 0.261927918408754
0.000590837195881257 0.106376822237072
0.548635605704145 -0.00716108741320194
0.316732482017327 0.156398668858885
0.469500608447792 0.168915186194774
0.670271491568217 -0.116375213183734
0.526125930366323 0.0617845568436193
0.388034129332061 0.381275831756244
0.577941329686486 0.420310480339352
0.807451895563137 -0.182874437458196
0.309541889541707 0.561080738656676
0.0228133043051544 -0.621706635585175
0.761835215765595 -0.069344269694084
0.689919853445901 0.405177055273719
0.320128823693129 -0.633550798892565
0.541845448212864 -0.0801921046578305
-0.342468192710532 -0.274669456278053
-0.0812161156750482 0.410040085943911
0.288787739924427 -0.14511785618949
0.547980914865549 0.043372798050297
0.608349995948468 0.0443802315602779
0.353761285777872 -0.102751640263114
0.203654162399647 -0.306105750960111
0.202494538704288 0.187769254083745
0.789413609263072 0.0770563587107829
0.161218024667354 -0.372929788568765
0.375942237479739 0.260131006159934
0.479268330211879 0.0153659617888629
0.378188403039222 0.145005950015912
0.414737932869284 -0.260835017207465
0.342749978147019 0.213968640065347
0.666183666960847 0.092694650681135
0.72186282390977 0.18139141990583
0.401547656365846 -0.34933306492439
0.300281529681647 -0.155063868640181
0.442306628552405 0.327820088880375
0.0114041044778962 -0.46002588295732
0.371915057327604 0.144948066824535
0.206180018632582 -0.412802429387931
0.329168006596331 0.0362956608348038
-0.154010594667143 0.373503610512318
-0.163813631432476 0.353031182921436
-0.661138725700195 -0.102807898942173
-0.751676445234335 -0.0158148579159476
0.247173747314657 0.606823918299523
0.397494733245581 -0.157448658995849
0.448084212924782 -0.332099486665732
-0.270250850314339 0.268879001099416
-0.478530223773781 0.649167055910782
0.209707308474188 -0.839397659613787
0.18410667010812 0.336277607021527
-0.177831415947582 -0.742225832100636
0.00987307752094365 0.349610276481459
0.228419043644083 -0.919705649680462
0.176061521851955 0.437663781265148
-0.369622862263211 0.783909127201594
-0.289312421580612 -0.91205847290127
-0.342280676212411 -0.890949341763956
-0.795263114526565 1.10506720480055
-0.875566754590543 0.467726705247513
-0.913553799218951 0.489586767036936
-0.588940707830825 -1.09208263449719
-0.572422081226492 1.12156571935794
-1.64077711959561 -0.358389895375453
-0.312778983848574 1.36353320055037
-1.08419015888441 -1.49602618230584
-1.51109780497867 0.292110274310509
0.635448805486478 0.689632661976721
-0.855100195237903 -1.46894054029275
-0.496329438175779 0.777081515524227
-2.61104317629874 -0.0633905587349111
0.0108007353250735 0.831092793641616
-1.3132539132137 1.03981872527109
-1.99167816774405 -0.491187818123365
-1.72571381021088 1.12745109835608
-1.35519176566374 -0.792408474024136
-1.38540708218574 0.840121695488848
-1.81003520442336 -0.368123317386441
-0.603410666666284 0.165075305783589
-0.728939209134275 -0.227359272575021
-1.11885034424437 0.457620274531563
-0.619868602785412 -0.0118251140581849
-1.05549540361641 -0.0107138832451854
-1.26252936100922 -0.163057262022035
-0.762273143308067 -0.0981804686922298
-0.996473354581285 -0.245252694357073
-1.10974655482272 -0.175284771465545
-0.931541633251913 -0.0665137310661826
-0.932714550300451 -0.0659769437595634
-0.884027159049424 -0.0342948061657026
-0.842441704112443 -0.0291592515506503
-0.847333674473534 0.0306158634718509
-0.951983858424931 -0.176885667903813
-0.855265877845364 0.10768246423644
