0.335810002096314 -0.604364224860807
0.630902521450703 0.654067640322801
0.0442141975321795 -0.958283342879881
-0.757581143791027 0.822381400846038
-0.0170038247628449 -0.856797874768809
-0.802886909959371 0.755550029614138
-0.106537180870678 0.513938282245783
-0.706359344592132 0.277100028114277
-0.402641129486549 0.646135856626604
0.0958286453774509 -0.717779378876863
0.0919102982583755 -0.712817638230738
0.427685823318458 0.00577918506225758
-0.628713764916818 -0.590291806946455
-0.367147493338055 0.452556890230968
-0.712732501723606 0.51309759905515
-0.210580361292724 0.519524068470882
0.120816736575288 -0.604525908864739
0.157316951878866 -0.588032963783371
-0.641770967382187 0.324244990834136
0.242446336887005 0.0218535929284658
-0.155123787190527 0.368184604830323
-0.579932894756567 0.170979604089322
0.492360942584302 -0.179591715493528
-0.0373697814461552 0.348148627954349
0.118022689280938 -0.235056107027361
-0.243885951133587 0.450913407580319
-0.115115421940452 -0.344190566864841
0.120154176969821 0.359487101855485
-0.208254557651685 -0.329534977600673
-0.186836168749852 -0.364447485138861
-0.215188611700145 -0.448189673436502
0.159638539112387 -0.462493127106946
-0.273829740763209 -0.213067815112565
-0.437821121576334 0.00869433844271492
0.000526389942520905 -0.515617760181615
0.130043275117992 0.136123754664974
-0.449116076396945 0.232136702706146
-0.489509405675086 0.256887323049185
-0.454293178377084 0.309344104837776
0.140285404591284 -0.659076874089728
-0.432844213386372 0.4903246524383
-0.178404963404284 -0.556288763388382
0.0615237460446192 0.896440612827894
0.366325106988465 0.458482786356482
0.267106807313276 0.939778433871664
0.928064141184289 0.411844336106075
0.269264296541959 -0.51685703531718
0.17147942543626 -0.901702045593488
0.894948739753817 0.141474268971619
0.412039500011715 0.851563205276545
0.0218913156742327 -0.565513984428942
-0.252976120082131 0.803790819995027
-0.154774869257008 0.726202456562479
0.800546405976188 -0.479562108503328
0.842982476423625 -0.531419107319809
0.855512527908217 -0.446215306258707
0.565826059165445 0.866418274490181
0.813068699670468 0.695911624171696
0.799815729019723 0.477800688197814
0.79921895913005 0.633965718406014
0.649155040876287 0.265967661251747
0.91708213653466 -0.0186626413436781
0.259171345730901 0.528320436945682
-0.0393478097066891 0.226550627082995
0.217737724515341 0.468642241122504
0.588636537980209 -0.255243501435206
0.558719468874411 -0.047175817507948
0.543609810329583 -0.0546610003793394
0.216627287160361 0.0295253406342969
-0.182996196667714 -0.0312039360814413
-0.0858202135989643 0.0532694616188529
0.264155097120093 0.236568765363102
0.182534785526772 0.181718981275797
-0.00518572294516925 0.31403846335577
0.18477861687331 0.290871159416216
0.107058684158683 -0.225819978721992
-0.214657278299971 -0.0305665848489862
0.00208482213531392 -0.245652911265406
0.0971942691701016 -0.18398238680412
-0.328105153144821 -0.108207183232876
-0.296730449060063 0.14982107065685
-0.361643487355003 -0.100822487229073
-0.181518552008178 -0.0911607290842047
-0.0674426797709972 0.0480318846548287
-0.0791158113041944 0.0239525606561283
0.18162336764254 0.0167945852943309
-0.00906305908932986 0.113806458731886
0.0549643247243641 0.0179063427243757
0.00254304868174685 0.0095721627049955
0.0293023666147446 0.0893092932234462
0.0406800254857287 0.133294566582302
0.150708292520381 0.145785207728227
0.139259014869851 0.0726140320081495
0.10170418474955 0.065949055376121
-0.0594031152270604 0.0879414738391725
0.0992145742073463 0.0854264081571477
0.00950149526516075 -0.0199692005081537
0.026513211885276 0.0464677257991312
-0.117145906680668 0.208207132177519
-0.111778150948336 -0.233184145350987
-0.26389631007086 -0.257012773036492
0.0819991056518218 0.0208793484927621
-0.0635253216132902 -0.243194908888776
-0.358402413352241 0.212514673583319
-0.306199652044671 0.180136120790844
-0.0393985733838139 0.162735731963426
-0.0990171191465406 0.165318649640817
0.0700762331183406 0.141372118077646
0.113484325929163 0.0803321727781164
0.0648491270494139 -0.043586538898128
0.106094492701732 0.0957799596536678
0.055544796461353 -0.0799340061183024
-0.127559444574493 0.0558303911612625
-0.117363591549515 0.120486340175653
-0.0484246226675054 0.0744011601302702
-0.0323667897429715 -0.0131205491763447
-0.209119063601425 -0.0990409775971024
-0.0318637182801914 -0.140811437863057
-0.132024797891792 -0.145389038910638
-0.23109527456203 0.143405662751076
-0.217170002076789 0.165564514772022
-0.192594225541204 -0.0358032542989119
-0.195916074778689 0.0389758245655807
0.0894629711302151 -0.0756591163316178
-0.0939590098869707 0.14324901708932
0.109702999161415 -0.112524670887077
-0.0770814801470133 0.117113442611427
-0.0173604810663396 -0.0119480239406431
-0.0759915048896392 0.00684085320876026
-0.067727535703528 -0.0407982254542639
-0.0735623204098828 0.0609802486404099
-0.153034652607804 0.0835760739740537
-0.128826921577996 0.02184552509679
-0.20828997989567 0.0204311152216262
-0.191726052701945 -0.092753783518406
-0.183527050003238 -0.045358055890209
-0.192182069508481 0.108685488219727
-0.233457440865545 0.0838274992568323
-0.217015633481488 -0.0244883556519105
-0.10942176727047 -0.116227053584212
-0.17418089558343 0.205521365982448
-0.0596604944874329 0.212676391411935
-0.208812403311646 -0.0779909442642832
-0.0227395236063599 0.276947928631225
0.352900406718158 -0.110171009607852
0.12692948442006 0.242325848567966
0.18993990641071 -0.0575774602920765
0.174315655958308 0.161305612870286
0.159724750440106 0.0181427643039955
0.0967417481709637 0.185215112937019
-0.101924146963585 0.0199960069182816
-0.0185421157075234 -0.0728676393402841
0.0248345221025499 0.116627241798425
7.60519867167436e-05 -0.123364772423188
-0.0392420138074852 0.0332454662525102
-0.234566298300923 0.0304436225087812
-0.106451408592223 -0.103401874807526
-0.179452286289783 -0.142681958082998
-0.148798217832036 -0.140310731981163
-0.0838685845975445 -0.0773306049914506
-0.103540840587633 0.00198726533354238
0.0388428581351651 -0.0212258650577786
-0.14853606599911 -0.127122524630447
-0.0911471936075804 0.152024817609537
0.0576732303825596 -0.148243108925765
0.105736009171106 0.154216110580851
-0.0398057260173898 -0.13521577370825
-0.0608033613249856 -0.164084070672961
-0.229846879971054 -0.140649389776428
-0.0308025540920573 -0.213771871213145
0.192386570507271 -0.252625601037578
-0.330187423131043 -0.0493055940364975
0.0544762976449638 -0.35002930181066
-0.343981399457994 -0.0288472664845252
-0.38671022813197 -0.159554326279957
-0.166910575721781 -0.281490467024217
-0.0788821334302444 -0.3668645007506
-0.0963049502901412 -0.480461644728578
-0.471553569025006 -0.0838911750328482
-0.320198690697231 0.571369677435747
-0.083058347424348 -0.500442167315323
-0.115829789663791 -0.736199839036474
0.0831708958187612 -0.792409648474463
-0.524958009064706 0.79413267098115
0.304836843767496 -0.698072370245027
-0.387514900214535 0.858021868748325
-0.697233748098469 -0.291559621879299
-0.0598105321937762 -1.11998073371242
-0.11169089383386 -1.16247156049529
0.0637788662326676 -1.09919548207541
-0.835040755878557 -0.0877859878708546
0.926935266603461 0.811301964996354
-1.04494187425364 -0.308271689273259
0.425413513887174 1.38949117893628
-0.770711641136165 1.1683156619242
-0.631100205655649 -1.17786652186242
-0.289296194166813 -1.27360136374546
-0.843711900650244 1.02080071982579
-0.331323754708762 -1.18086980277345
-1.26624009047335 -0.207702605592123
-0.359845934089836 -1.18525646663309
-0.781733159254118 0.794001257593797
0.911587349541084 0.285198932503414
0.575693706968498 -0.701446572278896
-0.715882536175651 -0.653915913285049
-0.34164515254432 0.635426194525465
-0.943483874037165 -0.333447199402491
-0.654976939860351 0.726079339081588
-0.43997490486261 -0.753797343681078
0.102717417504116 -0.455393954978509
-0.658369539573536 -0.0919009731910351
0.282548101652006 -0.565690779240544
0.00317684429230706 -0.708864680772189
-0.255859765865929 0.632488431820883
-0.38325552278052 -0.25654764776848
-0.141198569642845 0.532462469346827
0.254997054118156 -0.400553837445057
-0.359543220423146 0.0841113830070448
-0.118463798524766 -0.0167146213331134
-0.0812253246402194 0.65695647518193
0.296819282797534 -0.626305247369573
0.685023415182048 0.607995014664184
-0.138222543309528 -0.0774950409120627
0.469868440674965 -0.368434678013715
-0.0087346858931391 0.765184608572406
0.679823797946217 0.812878485121738
0.675142049469397 0.786138594952167
-0.00302504206304682 0.829391123102346
0.738737679129385 -0.319233918762459
-0.290717104323933 0.0135211129972031
0.134982618473103 0.988548255296081
-0.534227373977385 -0.115949000584183
0.808182444645036 -0.671693367813337
1.74754452682751 0.505863499136182
0.0802575710912629 1.17836878000293
-0.463326533230936 -0.291179493287796
0.866389332478136 -0.856687513538733
-0.512470992974884 -0.441781413321836
-0.113775708466613 -0.443146035060476
1.17564109508976 -0.212819095581804
1.72778388530314 -0.439544159970571
1.17030701722102 -0.742983444016454
-0.153014887908895 -0.672911897243507
-1.2975188588115 -0.311658612261845
-0.688900748024707 0.406623746801632
1.7099445888931 -0.356338863009189
0.451966246338041 1.07217725759503
1.26879996260345 -1.2342864562228
-0.22051207232749 1.36327046618131
-0.197416976279998 -0.840444472302929
-1.01368978896038 1.3299287319286
0.427866632995067 0.851908261207201
0.551427654978852 -1.20985430660845
0.511586347788762 -1.21998281757291
-0.935196378081351 0.269555771189988
1.27502865741659 0.358554773029807
-0.934109118846966 -0.864346765475886
-0.420128193909649 1.10167769798921
-0.418577860141794 1.14918623927698
0.594769127688704 -0.134294686679313
0.607475022350273 -1.08342658016187
-0.443117135263634 0.994821327846658
-0.794485689907368 0.491666640001735
0.577598235208051 0.415746424886251
-0.450992643736037 0.852385085005829
-0.299116775732897 -0.81043832962717
-1.00032645584015 0.336241866143932
0.392823912773698 -0.236314999301427
-0.920933238895948 0.332758609776492
0.184680870749837 0.43992803741409
-1.09127976206681 -0.296517477093147
0.39164653448462 -0.0676014557448708
0.536491380608339 -0.726508460966345
-0.557739555097815 -0.351773818032781
-0.137645954317813 -0.394777964546005
-0.305067695653954 -0.686540792942126
0.318248904286852 -0.245659747620765
0.319050264481867 -0.466327992933188
-0.352007921516454 -0.216698331959645
-0.0388076465187897 0.559055745553008
0.00972386341641588 0.435765727322286
0.908550943100831 0.244672849312937
0.137741090590043 0.507762638510935
0.330840133587959 -0.231919273499138
0.471509747761176 -0.288642468811595
0.492171898016942 -0.110985322366779
0.732048768560693 -0.223918005715587
0.487128065861611 0.0272431446784353
0.646252754967516 0.432090200147548
0.0769283697952346 0.106601859940574
0.247028092201206 0.396989447268081
0.322062258729645 0.499367072735652
0.681921738170836 -0.026667855997113
0.0471269531960665 0.0347676888563592
0.519689941789531 -0.0908737116734551
0.415913010556215 -0.078412614388982
0.483010481448251 0.442962226159774
0.486937646213291 0.403009982559119
0.543387379920221 0.421680251596932
0.378580516386031 -0.03890055142822
0.833575891285801 0.247658137553831
0.623933066362755 0.337355840410586
0.920887923443939 0.260469763610345
0.70349859887203 0.057339753433959
0.571173368310375 0.369844411935865
0.699357137986051 0.141101848700836
0.508358896569165 0.229439257973536
0.750884342760519 0.166518402099378
0.671046117440136 0.214316512708722
0.520643826825287 0.254816796694698
0.640395019358133 0.164287796615702
0.625704935338865 0.102592509042109
0.73144620657151 0.327836885835758
0.431919405151509 0.382543197498385
0.321219515948206 0.155824910879718
0.362658722132463 0.0543958491586044
0.464396582384178 0.188689735794991
0.363338242671659 -0.0461047743761042
0.55753662931936 -0.109931237869933
0.302401073132883 0.28097338554858
0.377972541336517 0.222322400354855
0.318898061217338 -0.186527404980566
0.606596477094106 0.0968208010543168
0.213743436164403 0.309918834502183
0.238828726173255 0.531383751661253
0.202672868939888 0.511329588565327
0.261421106598612 -0.336551243344012
0.0236846947157752 -0.317034781621629
0.526914685156286 0.195859847552568
0.391819814418958 0.205562875904308
-0.0284895247324123 0.466930041307729
-0.612843605684266 -0.109508502394624
-0.436766107003526 -0.461724630225738
0.287014024371787 -0.551208217707824
0.186743975685238 -0.528998059510649
0.217608158492113 -0.574483569431707
-0.504656631995346 -0.56959936310712
0.318335996398492 -0.00441495875117143
-0.74194879283117 0.45875852537947
-0.69881279270434 -0.511384070155305
-0.473613224808915 0.396768241327714
-0.613394853950322 -0.786444972947932
-0.157218463946161 0.242010364336135
-0.777343071203837 -0.331313319157695
0.193878377283989 0.0747250410559618
-0.581847527860913 -0.506300603286057
-0.222617881826529 -0.239618528391232
-0.37943754729933 -0.302232702579663
-1.05868614560853 -0.389584967189436
-0.731653452724475 -0.395826670517444
-0.685894848276734 0.168436817630375
-1.03180838319782 -0.253033531667257
-0.694528596198697 -0.312664135040352
-0.903658056049548 -0.250535138762546
-0.7895195488298 -0.34366157778455
-0.94407060085929 0.139466277900314
-0.612312679482732 0.0721786187761075
-0.67473868334467 0.0309437813175606
-1.00697664372633 -0.115309920913124
-0.531469834985642 -0.0282459036909741
-0.634369195403585 -0.677490145446898
-0.649561399859305 -0.71949333904138
-1.13073965786815 -0.108752780666923
-1.17003348373876 0.11466994544577
