-1.7700698495889 -0.786552976456652
-0.0546248931746102 0.382703053316001
-0.969783713643457 -0.799432191939381
-1.24448868635412 -0.393152309309742
-0.331641797477456 -1.11674604038705
-1.04666555997437 0.394937499226636
-0.791416062788756 -0.804148682772279
0.0820499743185592 1.08283844995611
-1.43892458457084 -0.685637802519462
-0.727338253827843 1.1345773684733
-0.951276987454747 -0.830107541687875
-1.21971261478605 -0.226152222239917
-0.671731125645497 -0.773156868503026
-0.434096342425801 1.13403629065251
0.155235163374247 0.750637761948725
0.85405042280201 0.548764200334061
-0.539131093144376 -1.0153643638689
0.905591928012089 0.48881504107321
1.02674386057984 0.416395723584288
0.291388243362173 0.848220695381428
0.317109879907789 0.795433515173237
-0.0366043548046039 1.04207191372443
0.131221482286822 0.49546970265532
0.637692788541243 -0.602479028453775
0.57745651363134 -0.872676803897534
1.35609466637078 0.26374908286286
-0.0824308902966218 -0.98624935480954
0.386467020293484 -0.619447181343693
0.960394305957995 0.73420072177447
0.112061562389456 -1.01218395821655
1.24680920753325 0.852509076861447
1.14521816830241 0.610671270570984
0.138962783545113 0.612132970699061
1.64585642711931 0.179777301948791
1.05850637929252 -0.0554702857913808
1.76012064016062 -0.102921393302545
0.956662635150635 -0.810306640192416
1.10778317397181 0.637653143618254
0.928203720817665 0.563159511265599
0.771127915747224 -0.821843112682902
1.08129069847592 0.19417696793559
1.01747128598884 0.24119215747666
1.09443523636838 0.238061878076678
0.411960963857186 -0.563303582526704
0.688380839325751 0.555617618698184
1.05770596785612 0.0886591526359498
1.06567504821908 0.333187137479167
1.28897469205857 -0.368714030643974
-0.163714167625986 -0.555628792113229
1.048745288426 -0.260680366364043
0.999149466057333 0.743664579006406
0.680304583904661 0.0187814714234741
-0.448724452422053 0.0904899374547547
0.632615164875801 0.848164886826773
-0.205957607386714 -0.468340189222757
1.31075028798603 -0.506984306303896
1.06226575344442 -0.442506881887385
-0.270629608730373 0.748610306976531
0.734018190106115 -0.656350736052473
1.36991915413232 -0.630825502132259
-0.84459674668321 0.127801078396066
1.37984438830869 -0.0183679892098553
0.490562567392729 1.05289535874907
1.27600249870523 1.08425069112979
1.48869505678416 0.408458175509419
0.594622668619316 1.16648805775422
1.1361759675341 -0.218950064242799
0.627306413602871 -0.0838456912601315
-0.0450017349786105 0.81971291440092
0.661327647604453 -0.917748436653155
0.288643426969847 -1.19865960390551
0.465760527624118 -0.974739100846038
-0.0146229284352014 -1.02798615446685
-0.587420525726667 -1.10712748229836
-0.071445305815887 -1.03801782356257
-0.719636062512697 -0.316170066849461
-1.25353537109296 0.145494540874256
0.282096697746643 -1.00180829524463
0.874238404562895 0.541003583492579
-0.201851839794212 1.30421519700893
-0.996413050856932 0.151520115221361
1.50542772058281 -0.222981785847526
0.0986134195359555 -0.763057293273999
0.132163019823268 -0.722308117163663
0.836724315176514 0.241867539222557
0.418121787468626 0.868650862971956
1.02575514491934 -0.343679460178098
-0.666595504077767 -0.552977293938673
-0.0542362919911635 0.792836601987803
0.0525881077977176 -0.919210599814441
0.11919551404511 -0.921719547910802
-0.101632692160975 -0.741326582755451
0.598102365960079 0.991206513951254
0.881311365692111 -0.089330201113576
-0.15372293581919 0.863888995208184
1.06798260814537 -0.324925393160123
-0.143730563505309 0.916983805794245
0.591704651382222 1.05312170874642
0.068236306874363 -1.2049332400589
-1.54945895481174 0.208850337395465
0.345696117943987 -1.30525929541886
0.884083906701712 -0.141138541129238
-0.491008160988739 1.398158713346
0.3919100365762 -1.4688416269498
0.491290471753812 -1.43354516980578
0.938503740701982 -0.302965204460015
0.506364027774155 -1.35297447836191
-0.329870567176356 -0.721236393558334
0.380512609969473 -1.26691859484134
0.74792801671037 1.00970383354734
-0.354460788161002 -0.96888040107302
-1.28752077154761 -0.160105444098863
-0.871935053546486 -0.348147604445739
-0.522117421370073 -0.914467225843658
-0.786102358633798 -0.230299308288068
0.245204303594966 -0.861830642904797
-0.644318553790365 -0.0915015089171462
1.25818490929225 -0.0884056461420877
-0.609771787355144 -0.360113453628271
0.301742422628281 0.936765172645208
0.682905539146785 -0.347638052028056
0.2467698674371 -0.787217801326499
-0.579815420964283 -0.417104048177336
0.284936779971361 -0.860564407193547
0.659942151855983 -0.989883452158215
-0.68066885646108 0.121904360288502
0.52916624454912 0.872921772041433
1.27860241509784 0.255867730086059
0.155598975681169 0.281144143179082
0.794691754893902 -0.298440107780946
0.0082177017774269 0.189976740841611
0.129080158485355 -0.741999151609915
0.0483970330478697 0.781005556731678
0.514414410200252 -0.372774312500763
0.702949043161647 -0.583105890569103
-0.00536726091691937 -0.627518850299705
0.700424249211056 -0.603252620702193
0.199461866753042 0.745578838150536
0.279774606150732 -0.394648893189711
0.00191225216820041 0.667414765345431
-0.412139388550517 -0.84451554151963
-0.176132907347283 0.431469607475087
0.0760884594374414 -0.67079311304999
0.733073978971093 0.264833640235841
-0.273523421624808 0.381363948229828
0.276368352445984 -0.00313326213839193
-0.65747767560417 -0.881809702444697
-0.281179904971431 1.02220944754823
0.81085631424577 -0.0116021732260513
0.67329220258758 0.225133772989861
-0.186349025802392 0.809203747339424
0.0909645801455057 -0.479544882324983
-0.370936096582205 0.508347042612982
0.538345256811453 0.235743670484563
-0.39475180483905 -0.578836285255561
0.365619382775236 0.5133603353904
0.663129993127157 -0.352037592060874
-0.492810993268996 -0.157278818036763
-0.0719443163334085 0.630460717530087
-0.0202288547342895 0.166551329345915
-0.00153323412665 0.723315819339939
-0.251018524164495 -0.453816925248423
-0.133338242796941 -0.136903996640731
0.251838568707688 -0.254913517781392
-0.257369424047432 -0.074964638925727
0.0306044678886947 -0.439009004931197
-0.42190608139312 0.101247368332149
-0.387793119608119 0.0512802381141699
-0.392895088384337 0.0431910212003712
-0.0267465286438653 0.600004935476255
-0.466294821302937 -0.113711925765546
0.14115291837353 -0.594025070889847
-0.356004450232969 -0.153307125821538
0.436165812114924 0.039205693439195
-0.399023940925009 0.21458259054651
0.349995522359584 0.704899307073964
0.316416731319221 0.368747407196772
0.182857454326818 -0.177961306682155
-0.85167420151415 -0.176021866348187
0.144266826027007 -0.777083477660169
0.426950705165072 0.208411989260326
-0.57177365937413 -0.298996288509349
-0.134500967273259 0.45554683849317
0.419377318380327 -0.0413105902759802
-0.250126467715317 0.526075391898522
0.011945399929313 0.492969276627033
-0.0285836782658804 0.413782711956458
-0.0788213735754953 0.510392283808861
0.000109395896267843 -0.324567498292466
-0.380797187986772 -0.117221973419382
-0.470812387585307 -0.120194521666182
-0.10805177596789 -0.229667983358341
-0.0885772801212712 0.360192742794249
-0.381765397528378 0.200314459739379
-0.0721927699535055 -0.116907727146849
-0.106324027479135 -0.348090723140694
-0.255969152052568 0.0733890261843633
0.0793459784231189 -0.228436782309802
-0.250354497674827 -0.00831086332201493
-0.483548279653585 0.141774774589576
-0.235106887177633 0.30217640234882
-0.479716990293476 0.0641000262215523
-0.19303857552308 0.407334311565461
-0.55674770370413 0.0703450512036796
-0.413839403042625 -0.325953340441748
-0.34542574629548 -0.40026772158091
0.105843289463442 -0.597787629219759
-0.595069608659082 -0.033323828033225
-0.0560922067512725 0.288291828424672
-0.417510261272007 -0.410518731544522
-0.60593708858794 0.148110961412246
-0.834029473484343 0.0487349773680456
-0.744002978016431 0.345261978701341
-0.923836206326984 -0.112320694646382
-0.808425443768455 -0.406606150942911
-0.331453391754 0.42561121202877
-0.726792713920328 0.378689099235103
-0.0227317153878646 -0.163730816968882
-0.0933748986523276 -0.0330318750303374
-0.728719005416346 0.102751864120611
-0.164248143151831 -0.103983195491209
-0.105324189349672 -0.0250435005001933
-0.29219097690365 0.0630501674796959
-0.255238351968541 0.112819405930534
-0.357519543950643 0.299777324037669
-0.141068983758879 0.28941873975112
-0.202556079532275 0.195147833733212
-0.327068698120646 -0.0276087319076075
-0.427883964173031 -0.0711373169064669
-0.501799585487523 0.108911120686293
-0.322198726729456 -0.145073761100164
-0.489931091089601 0.235955045493602
-0.526182234928586 0.0974138362769315
-0.50238533892598 0.0351994095967809
-0.482903505122555 0.373591648271839
-0.508787565346795 0.423392956588881
-0.692339004765063 0.14176959971633
0.106682654530559 -0.0120978487124627
-0.578269045850653 -0.0826849304324515
-0.530137751548748 -0.309042864450823
-0.41849973900742 0.533105599684975
-0.21283720834541 0.579650427382587
-0.674588074050288 -0.204919649670673
-0.656051755747007 -0.206019015511492
-0.668879365724726 -0.409411627043269
-0.431861378422673 0.541615375096218
-0.976875819719427 -0.332978933958458
-0.988482001963004 0.250655206546954
-0.321832357862497 0.533922427470128
-0.312577002283146 0.41318267374676
-0.143973931695957 -0.35965377511791
-1.16784010767992 0.0160052220857948
-0.400281775105957 -0.121280660660229
-0.36826354652898 0.611725173412523
-0.611903338262291 0.123441420347524
-1.18192837196182 0.147722960847354
-0.510229454069835 0.477521109367083
-0.826178641373435 -0.0532522414051407
-0.31551457604548 -0.131035175388951
-0.280538920861501 0.00603236717668872
-0.714424296987411 0.329217130827738
-0.48555360025553 0.0168394559989333
-0.28014296913762 -0.0320344909793153
-0.700497009618302 0.110654705104723
-0.371487208644824 0.0839799274300046
-0.479740781301125 0.137784342346292
-0.468378447403469 0.115617433042936
-0.46193395316652 0.141975106718278
-0.648360521319228 0.132011298372495
-0.777076892318201 0.00595320648817796
-0.790156859840172 0.126578867997576
-0.781361377282992 0.10634540854427
-0.700669788928569 -0.0485627303221573
-0.704242191060044 0.126452159948655
-0.662954892536944 -0.10557199084575
-0.707938730432303 -0.0887415091735666
-0.773065641349878 -0.0166908330262277
-0.780998139920051 -0.152766689664353
-1.06524724598643 0.134684475499055
-1.04810791849639 0.1410374688553
-0.800194223396486 -0.114102622105802
-0.716946271442898 0.335633045627646
-0.874335444365293 0.534576939486751
-1.2917560978693 0.141640113848251
-0.380708256069335 0.103287054342353
-0.765215603133504 -0.139129344568281
-0.888055067071069 -0.0510162327281164
-0.597794005796517 0.192184634356563
-0.680244210480584 0.237920696102686
-0.525768803259556 -0.0286759878522138
-0.86821123040658 0.0408704008643225
-0.64441488990786 0.19041772118366
-0.640914097773244 -0.0200581689574627
-0.698051641422971 0.0485953097351349
-0.72648409753175 0.0441318014426961
-0.753526024181142 0.196862248871593
-0.437321104876891 0.126848108532035
-0.604921784534818 0.102230587639209
-0.752261963327442 0.164276901191908
-0.577731185639944 0.105535121966821
-0.792313303774523 0.0455590201739062
-0.594037421034595 0.045617229513096
-0.74800404086105 0.0766951873468013
-0.653836331373432 0.154317867953424
-0.374231010858244 0.184817130900976
-0.796510443847664 0.084074657835587
-0.734951717582103 0.0619431028523185
-0.625299165032835 0.0483064210219899
-0.207419721413379 0.0692665517296698
-0.524225093134238 -0.122496764380136
-0.591228189236149 -0.203896608791161
-0.533679574781191 -0.0078325707507697
-0.45268076841026 0.103421822400173
-0.26377766405461 0.221088618453689
-0.398887275783124 0.0225936731281233
-0.454818021892587 -0.0577972621953022
-0.344780187301736 -0.0403099787598821
-0.281154179987874 0.00183318031655188
-0.104263983633888 0.0132264130937782
-0.176719631349225 0.00609027971859646
-0.0858770296015773 0.0273033203514628
-0.0570818445130316 0.0580822478487047
0.0161314639989356 -0.0757999567001708
-0.120361320521277 0.0177033641039425
0.0513891844118485 0.133648637911452
0.172379806543434 0.138345449810877
0.103433568370947 0.264944440710619
0.0289267472124368 0.379948294883849
0.68167619460463 -0.0541824784802424
0.243042579077691 -0.402965910222382
-0.162311766862719 -0.0717248267025613
0.538619115129261 -0.257139703580775
-0.034504103396534 0.0540593118466703
0.364135175328227 -0.27397533254401
0.589971808992863 0.162132040843966
0.360970878936244 -0.465724473867735
-0.185056694858913 0.0483488367683726
-0.224564397367797 0.0424601613878709
0.0797098959643752 0.222043910517844
-0.0596118951450109 -0.0340634583632607
-0.0177519912865411 0.0254036238273577
-0.00947607114786835 0.0169325975917327
0.119301262500093 -0.0483128379019475
0.103587591127271 0.00131284580440496
0.0515550541960988 0.000186258170242246
0.0285262246924146 0.00993414858805012
0.167728662934096 0.155175003670951
0.0860585879392617 0.00690542957850887
-0.202654754023187 0.0299210201532544
0.289891483282563 0.0476725525354375
0.282713995349209 -0.137616359898304
-0.0350064635589984 0.120313001087879
-0.17456067614058 0.145513269020115
0.243360533196789 -0.229231532472679
-0.031417456532859 0.38839771648926
0.325549829197985 -0.4354542695016
-0.313401410218613 -0.00968248310748821
0.47053816136879 0.320552843833563
-0.0915366427335694 -0.443228083094764
-0.350326004036065 0.188750286503759
0.746533244952488 0.156905627020654
0.272550653987458 -0.534050373904214
0.327964177797868 -0.0420560514469615
0.242070392896513 -0.49770624253494
0.196442008231208 0.201074162965856
0.109876544318137 0.0992978105363427
-0.102498840554602 0.172024005621672
-0.00128494897571534 0.0526179161423128
-0.221999415382931 0.192410863320058
0.0250257787737437 -0.113077386325416
-0.105015255747422 -0.0484358637140078
-0.0905907648141199 0.035196842931794
-0.176665470984351 -0.309971364762098
0.138641643531296 0.245106862437821
-0.259748868873472 0.589870130809289
0.302213814786626 0.265662764255061
-0.366696407842337 -0.090162783597477
0.435618395457167 -0.264024556669629
-0.114669143230983 -0.595281730396696
-0.219080351536696 -0.177662140392807
-0.137208485243505 0.350421953049122
0.710511921303006 0.044750068764754
-0.252286545671241 0.783847521325175
-0.660481463765907 -0.239731160994107
0.329301768121699 0.244804516940732
-0.205558603616218 -0.416597526771637
-0.458038338676285 0.20964957586997
0.00650869988827012 -0.40129118069531
-0.305896997653113 -0.281436735006769
-0.144848086526969 -0.118465079005653
-0.196087687439523 -0.234733682884153
-0.176263844429844 0.24192371476291
0.0138322675050613 0.137436234590577
0.0262293303332973 0.241005434014396
-0.150110900189704 0.39246742262888
-0.223066203985325 -0.231532621225519
0.0741415243547047 -0.435483241998531
-0.357223449101931 0.111547631300842
-0.279869944837896 0.485491545540429
-0.113758910117953 -0.147722982614218
-0.572351351862421 0.313189154321208
-0.402257660573226 -0.21500061760562
0.297795666538509 -0.274956141561802
0.0602141210506587 -0.684680345927857
0.12385299403007 0.0126483955769946
-0.236675577507144 -0.421650248711972
0.50383222350604 0.226891302010556
-0.133911058432626 0.217615703803474
0.179507137160601 0.397821789355122
-0.183396673858782 0.502394469179013
0.31353878164235 0.0241030408869764
-0.406327565945033 -0.150974711450222
-0.109163960513272 0.130873032084997
0.227836259138438 0.0368515428585377
0.0244588081331178 -0.0410663912351504
0.0528321681133246 0.013706054434191
0.048052211778417 -0.0231993054108755
-0.0119886847738935 0.449640384434081
-0.145806677184583 -0.387689345911896
0.26997782577651 0.0313077712379591
-0.375082361452594 0.557221380256392
0.0628434463921978 0.504705321645474
0.666907763037925 0.0464889376375663
0.0673947278165391 0.412796816779341
0.0931386090729268 0.52319980353376
0.35608286397811 0.648857659704696
0.267073979903665 0.677485431028542
0.503321560159879 -0.135982249700288
-0.625979299090397 -0.540711106621387
-0.086891204239038 -0.624597635479428
-0.0303491856370009 0.570796332894497
-0.139065537941841 0.517937847799372
0.167651778816465 0.0561487941279655
-0.564174717455636 0.594188255423492
-0.250446823794872 -0.391578594425977
0.0356725249070268 0.0451762301759515
-0.0615650237111539 -0.0431628079091224
-0.38063100788012 -0.346400453992511
-0.31493822356145 -0.570437635581649
-0.00165249949257113 -0.0603073791710798
-1.07626163631511 0.127324414318286
-0.37157696380219 0.303419691595382
-0.0761672261631174 0.531310568722756
-0.232368082064418 -0.645847953106404
-0.797619692015694 -0.44830966488266
-0.205213027923635 0.483099845534521
0.0918281051580445 0.706499408927867
0.118370991410467 0.75857279709975
-0.537570099671886 -0.465592583467113
0.225272301595872 0.491122954118699
0.635010255593576 -0.0449374093584954
0.121064512301852 -0.554828899022882
-0.360798605416775 -0.489775277747044
-0.221514893354336 0.535110511711757
0.50848127773792 0.0052211570938812
0.245257245961653 0.421460309817475
-0.333202614788589 -0.224484418606621
0.446798709800372 -0.00933146913957777
0.00534075677078522 0.0651581857808564
0.00224058178713793 -0.280701942959215
0.14016400393802 -0.138969716326087
-0.289881656401032 0.676497228272236
0.126765214739539 0.481869325569856
0.322043287027146 0.15998587304394
0.207737243475767 0.507978167757631
-0.148659757758329 0.586845642055111
0.526808574928336 -0.0279559675537083
-0.205329150921958 -0.42806642356078
0.240883535795785 -0.61097865642747
-0.153480535456562 -0.622606768508245
-0.126275806661714 -0.524495132251865
0.343636449048212 -0.522201415133494
0.545674815304252 0.332922618751295
0.904332244840676 -0.0997730857614246
0.663232556301031 0.0181441345443246
0.189456770192957 0.56819180856036
-0.0174285319548125 -0.366580897361948
0.0959605742963927 0.626872781466325
0.00153382086324792 0.55690343268461
-0.386787140952549 0.29668991017214
-0.139329816971167 0.588101995889927
0.0544206037930103 -0.158634900735147
-0.043230197461706 0.0367279202037677
-0.382596224424804 -0.510306446598758
-0.00646244693996033 -0.713929906980543
-0.318176884547465 -0.536897878742588
0.257567258937741 -0.00516203288002677
-0.833867197588007 0.11841906181034
0.662207070367452 -0.277353310821348
0.647275868165942 -0.305650183677828
0.458051643587498 -0.67739165860156
0.276804372119987 -0.543517437833506
0.154088434551911 0.618608608423223
0.658364611280676 -0.132528296102135
0.81687676941425 0.00666982254672425
0.371480947144472 0.368714313211562
0.401426571885855 0.289568795829626
0.633464525932169 -0.0336721266778311
-0.0433791554547224 -0.318141825880236
0.318180317283548 0.378173185937878
0.481192683829692 -0.0376842894358322
0.00706333642110785 0.395804511578357
0.338334425911167 0.038329855552414
-0.0925238627992751 -0.0372211313344953
0.0186239455829343 -0.151363621670707
-0.132094299943582 0.0366023364798401
-0.228945401124576 0.135442498129895
0.45600799779872 0.159936422091166
-0.0586516136658353 -0.244781527799459
-0.0530055432475622 0.117398710773841
0.0133349134917228 0.247200847365149
0.401117587843556 0.125562067865405
0.0958363804665145 0.399320322272528
0.761367171055629 0.0650898763801674
0.153518791656574 0.435978760316884
0.225670129735443 -0.353753261878848
0.558412477048642 0.501398277005265
0.814892909577373 -0.056369779526883
0.78308787822403 -0.10825247170276
0.422146422881574 0.227339271947426
0.598590038177414 -0.127782726894826
0.350877235926917 0.290288279269823
0.449133771204417 -0.172372442104338
-0.206795839904873 0.0527081004746493
0.306878767830239 -0.235427007116522
0.119562222954147 -0.436310455792836
0.601569634392563 0.229348606323945
0.0426968948194183 -0.424852919810017
0.145961338264809 -0.36318158206255
-0.041192631029222 -0.325726428441884
-0.28782386455371 0.155551482278616
0.00697839278639187 0.0401751355175908
0.336704482318986 -0.481093628569983
0.117354661882004 -0.610766721919269
0.613859186461808 0.0387293841989006
0.71330927944398 0.160099231844015
0.683684902934771 0.0572424429392211
0.184624390204172 0.0495143621888474
0.247145849642106 -0.0851677712646181
0.451189607101813 0.0469691199934206
0.31055532617242 0.194883238800387
0.469980312839172 0.114354256744266
0.253081924562111 0.188050335228642
0.490634345439691 -0.311241040703097
0.28171630582809 0.195173805022232
0.375510777503539 0.0132779799504659
0.474582875190243 0.0796017262527373
0.414580264847892 -0.0541618718494097
0.159335268767616 0.111821114419833
0.0133257522905549 -0.17896387706205
0.200272970777909 0.0423988238868078
0.147829296498797 0.00505046289991066
-0.047613253295507 0.00448409529171122
0.0825611985143966 0.0639590088113824
0.133061279940764 -0.0696660413764257
0.155970608770184 -0.120379887547404
0.276221264757449 -0.149788990757801
0.304029285777342 0.0850085684827904
0.532290406386578 -0.169072541695122
0.252278362148522 -0.17834621385792
0.651630503551487 0.0444372084586353
0.505525196371599 -0.0720988953986455
0.227372395688363 0.191714756171519
0.80524626804524 0.028744604809652
0.593891093141112 -0.280782094162412
0.52868296323924 -0.163028677276906
0.467866972184647 -0.252756961645754
0.556032561905794 0.027764166433304
0.323953386860085 0.0448998198284085
0.276559099233065 0.0857193753331586
0.389514113384479 -0.0164363313105617
0.188496911933737 0.059219497815778
0.261035879419829 0.24554551654707
0.412164578081596 0.0917948912590704
0.614557124073491 0.00198213024816542
0.299184251126551 0.128827598348026
0.497570827223969 -0.312710050714158
0.191807743896372 -0.0684040259234592
0.419812019055737 -0.149814957317818
0.349306782929104 -0.143766370540918
0.43510732995829 -0.0198529985822697
0.302358497453946 0.0924133400586472
0.259424001764545 -0.0058138699865093
0.266195693269571 -0.00749735079099266
0.31973590527689 0.0674135371643453
0.269694041704022 0.21392062834461
0.0767619391020413 0.0668007265057349
0.525742969037402 0.263673291628507
0.300098478139846 -0.109718874664721
0.0909264564528252 0.0372513354981671
0.594518106832489 -0.293621133880268
0.147897463964452 -0.261420719989643
0.30001260399506 -0.158879213759555
0.229257004034302 -0.37382857262575
0.175223828104004 0.317058105499872
0.251084046713813 0.0615068811477442
0.0939065253661947 0.046300757272228
-0.043249701474426 0.0833048731112803
-0.144827485505092 -0.0344777081087074
-0.0927569657579201 -0.00124248248228118
-0.289109723593485 0.0348604798303694
-0.155993981388377 0.0209575743342361
-0.301047005713258 -0.0489740900947581
-0.242850172318668 -0.13355735464845
-0.238858817764311 -0.215032431482364
-0.283316458107959 -0.243243826650642
0.129900267595876 0.0570047748290223
-0.805130057869197 0.126343375578149
-0.510788550245313 0.537902243256019
