-1.72555363546953 -0.0903535212074238
-1.71449604284994 -0.138001521942831
-1.44708079620187 -0.10268258506568
0.856792928730526 -0.0702779327668577
-0.272317518145015 -1.24895783095501
-1.32440160697605 -0.379466886202475
0.279988225974253 -1.17832823703859
0.536650862755657 0.565377462108242
-1.18095832967153 -0.220686941009827
-1.21174305419178 -0.0547398823891602
-0.155395308743468 0.690446153019345
-0.978595339321151 -0.119368738265273
1.16367842455598 -0.0959987671566441
0.74630603969316 -0.778756921457902
-0.523519787174513 0.863336644923088
0.261443120186596 -0.807809243720687
-0.0996126248856264 0.896276369196862
-0.761164732654026 -0.943503337498683
0.0605280145153644 -0.452186742579113
0.441657734408793 -0.987884586201807
0.582984676206407 0.89405000018014
-0.340432686945894 -0.729560495875511
-0.851080301649206 -0.334343954207959
0.240009854162205 -0.78353204980232
-0.0252719171142843 0.675952734604452
0.129772904494422 -0.952525121677076
0.130210193659431 -0.885800860784899
0.516443498178972 -0.0866587067721559
0.304898524403139 0.895646311813871
0.57787810112956 -0.017772395617963
0.0727107945178941 -1.04877008647069
0.542836141451119 -0.152336197993276
0.441836964297517 0.0815356631182472
-0.190548055919892 0.948471994991897
-0.030114436600258 0.93655443648653
0.0311894034986119 0.941563537054933
0.31825235923851 0.155744015729938
-0.995768333988568 0.486264470859117
-0.279388516974602 -0.972461040466878
-1.39823845769632 -0.0881747486127542
0.209593730483703 0.849601558073333
-0.92796223417589 -0.938470385815325
-0.64061142891377 -0.340934528296704
-0.73021933248464 -0.492590721209612
-0.793427408962793 0.839954116176977
-0.972236081467573 -0.347911277992601
-0.605392942376593 -0.374217877286585
-0.944769065375678 0.0753101980634695
-0.545052838196231 -0.576076857395784
-0.734467011006183 0.118473515965567
-0.218386853010559 -0.723171199515261
0.419750975009336 0.489402903128487
-0.339216781560652 0.67324838384866
-0.218768581820196 -0.525320635307734
-0.671561517543238 -0.0179675903530338
0.141812694981774 -0.68990561417861
-0.678702954881392 -0.735825803096826
-0.828177511457646 -0.845651845286394
-0.646951684751835 0.812661761845087
-0.603945729181118 0.7009656861638
-0.547645695217247 0.78780930999957
0.0583284449380537 -0.810363097872878
-0.701442258536865 -0.0145029374988428
0.557313499767571 -0.765129082459094
-0.732583463972015 -0.129384532756078
-0.730797060668651 -0.1013707824006
0.788084956952466 0.718074634730419
-0.44795820174282 -0.610567551706558
0.709567286788996 0.570861066126675
0.50653927775124 -0.509749504729119
0.495484607434927 -0.752651222966311
1.10400547937666 -0.0769799676723636
0.00595335023357484 0.611960313081657
-0.124810666276933 -0.150812726458851
-0.556065983520685 -0.220244895846816
0.625467747720665 0.276814058801709
-0.261557508927068 0.0138862246844692
0.244653591398648 -0.636416972607967
0.447885309991636 0.288445479695587
0.107171520145996 -0.503901330281095
-0.555067588093606 -0.180705683832329
-0.355042730684677 0.487350853805612
0.212854767068135 -0.170550760532966
0.136831673756848 0.0546532901349943
0.321993132681871 -0.0467851028360464
-0.852548590060385 0.410248746509678
-0.259915481161603 0.511143599571052
-0.421480195505764 0.322364202705975
-0.232685354430511 0.116374139714428
-0.442608648213905 -0.130497098032194
-0.522361230367815 0.140642800163364
-0.1944949315705 -0.529190569342333
-0.261338196953885 0.234491024850046
-0.300302246679702 0.0600366125892941
-0.206436093543796 -0.419358511539392
-0.145694747011673 0.39445272038806
0.357343471530917 0.328048156178629
-0.218938281441095 0.346321179224794
-0.270715985322711 0.433013185974832
0.454259348226764 -0.553134790858908
-0.383742468662925 -0.122296062074538
0.366636588971728 0.439757732663936
-0.232941476353318 -0.0620838455637843
0.523455885080156 0.624993987271549
0.482592931521641 -0.183846029866164
0.656264261825507 -0.473746820168214
-0.180448040643404 0.569530808086336
1.10088885620398 -0.175445933823608
0.298665043432872 -0.479218901119295
-0.21161924742071 -0.0376214640043428
0.0603583266020539 0.371521331209029
0.647433933212094 0.451941209150968
0.13341024680484 0.479002729641415
-0.087129127889214 -0.071600036342872
-0.0741922758894126 -0.0969029432737498
-0.0582163948223355 -0.00213290999528179
0.278091224913051 -0.381386810717733
0.672267922590409 0.373751406682239
0.197868620976401 0.344637349145904
0.183422625873034 0.205441495046459
0.642115092819259 -0.00360922717693174
0.117833968293142 0.279815252174217
-0.0397273473967751 0.132451363894841
-0.279796292189717 -0.408593089722702
0.0386145395891145 0.171495571083328
-0.161084185855972 -0.246367312810781
0.286869808829303 -0.0700696292248248
0.251948910935518 0.0539832605260575
-0.45129542030478 -0.122528407743863
0.214067934903536 -0.0740523530804039
-0.226482532070686 0.436584130605288
-0.123376466076973 -0.46743644728701
-0.103436445405751 0.392528866326113
0.0858886113226046 -0.111577324288944
-0.352535057809012 0.26339134223565
-0.221393356649904 0.152224233889691
-0.476352819825887 0.18815924088094
0.0191671423640924 0.0057277923603979
-0.274547130321699 0.0784164412080995
0.0904318316501165 0.127210495217927
0.0272834821469033 0.144606538807035
0.1454788553836 0.000801269393430521
-0.134293011117386 -0.141924936239682
-0.189071505286478 0.0595203425422612
-0.0642935494323447 0.111890621023208
0.338382248283735 -0.0149923362417394
-0.0416107159544419 -0.188179298802574
0.0256552745134344 -0.475205823532852
-0.0102784122179517 -0.385828620075501
0.34946847908437 -0.349463093337596
0.390336732492073 0.144548481894505
0.265999463584215 -0.177029953770586
0.345232359030305 -0.205351787838049
0.438023227263645 -0.108364644771445
0.230496734979759 0.284952817739844
0.256584266304487 -0.064698395183363
0.370868269510101 -0.0755590170645344
0.504197860552372 -0.0738362997646321
0.0775283871114073 -0.0235051014706901
0.458056905073612 -0.232670580807515
0.307906203494277 -0.285974268386898
0.104732434163601 -0.144541351509914
0.259675874637708 -0.14970840045168
0.230600314533586 -0.0757019604441762
0.316251242772353 -0.0853693691086193
-0.0225097610428994 -0.0474617055931939
0.314592309185188 -0.0576163086906193
0.162408215994622 -0.0183102178956376
-0.269370256119801 -0.0798992995548127
0.0806148188082949 -0.285611344964702
-0.0292419258139415 -0.27005826164209
-0.0825278543159806 0.283780125455089
0.246123742007823 0.278203309322726
-0.272269814861777 0.294900152031928
0.0284069004049252 0.190164699249377
-0.29763769899261 -0.183951687248166
-0.389622264230927 0.142239395764151
-0.0106681023827524 -0.094404086772303
-0.096497842500425 0.052194352861081
-0.206578304256398 0.0230390448337713
0.034488001744215 -0.120857475526227
-0.170600501613296 0.0357489007277552
-0.0903155714590511 -0.0633278252167443
0.126422379735687 -0.116848003888276
-0.135594168774784 -0.0131613304790575
0.0876156705343943 -0.073704386349234
0.0429840305132158 -0.0610246308006478
0.136149025135876 -0.177621675303254
0.0483972643405343 0.111539213761185
-0.191739635848118 0.147424119706588
0.161077270440641 -0.23807800310799
-0.0112159695473576 0.0237173868555224
0.112077283739411 -0.281815635121013
0.225020427769317 0.0340445806914195
0.269957231745968 -0.169104105525437
0.366322931497003 0.187809357139355
0.458329674980362 0.00107989028555802
0.277202348747049 -0.0432937401647174
0.160075391760131 -0.0790737417541657
0.708642191063842 0.101609425345557
0.58500897426446 -0.0781804492280625
0.476171308669515 -0.00276856225176882
0.506904624453488 -0.0430755978018569
0.508053439254282 0.109743979496405
0.518422672436852 0.0775251749182362
0.395009462519799 -0.0687327425648536
0.104929522311206 0.129907922335157
0.276687627359836 0.0272090893357509
0.330851834776683 -0.186813355541023
0.45848513097597 0.204167469487239
0.0475619620794271 -0.0153130450277941
0.182600750529409 0.190597396348017
0.473631450122123 0.0889230833361074
-0.0837162739529007 -0.53439763577597
0.144605263263371 0.240881215573752
0.130344414867997 -0.43076142002707
0.0548744571328093 0.267651500578186
0.0950234456899758 -0.43707280600983
-0.224816380961542 -0.395243447672855
-0.639441093316853 -0.0327335099299873
-0.162942753226029 0.393890390397885
-0.445063865013036 -0.263255762279483
-0.190531427466937 -0.00198504927568399
-0.0214703003872648 0.273575639928698
-0.133736275630029 0.267831143548796
-0.275299712273519 -0.145290863486562
0.190358128547962 -0.0370038770104814
0.231330811074205 -0.129549079770528
0.128645576158946 -0.10014991411312
0.177437162097299 0.101248956804974
-0.242188028881992 0.160373466275059
0.0845194483053663 -0.311552627418213
0.125620220463002 -0.168924911797739
0.178861450986238 0.0164039051056951
-0.253246047247964 -0.0575200223629725
0.299964440510652 -0.2486526562206
0.778758636671658 -0.129980660767724
0.14385029772528 0.524264394788371
0.534783730849221 -0.444536007321354
0.209651561531653 0.320127507885009
0.00366277034314215 -0.0578629444326275
0.290801953347539 -0.47611828863531
0.740553381441705 0.273226404605111
0.127718257598498 -0.00691930734245929
0.970852199019318 -0.0711535350628734
0.203921264791298 -0.29743009871492
0.460253305445985 -0.2529552285902
-0.31670875565645 -0.0502977705729594
0.752644047182426 -0.00117264351075761
0.68257477861804 -0.236616137111772
0.648307699872252 0.525613902831342
0.706887955839018 -0.0904182999497974
0.5403842479332 0.517934095729052
0.155997594493226 -0.542370996527558
0.336473723679085 0.434229187260067
-0.319606863152187 0.287632344630943
-0.340233148284952 0.622611347664461
0.299409014004681 0.375540606064939
0.153543907981395 0.330112020871831
-0.592798944106475 -0.616295478285659
0.173182561847159 -0.764840507146542
-0.314477822124472 0.271893805286981
-0.40547135665533 0.434896718196997
-0.759042286996985 0.652163444542588
-0.467352280162805 0.269215204114785
-0.117097722517183 -0.774309793579585
-0.141334195603547 -0.634181606315642
-0.817232045914246 0.594646642255222
0.238518558757003 0.0437303654056217
-0.117839377479741 -0.60407791044083
-0.070988923364797 -0.644602763174871
-0.621405889507403 -0.706741291976658
0.445971279101211 -0.058420400176946
0.106452209725719 -0.209258416152899
0.00343930686426835 -0.639080116288614
0.555452306648119 0.010095401695198
-0.0725490458966075 -0.609216623958426
0.442410812814064 0.449311797300353
-0.482245574705635 0.372502321537516
-0.185608973857436 0.582289653824943
0.479326687008955 0.20155474031047
0.717991610240959 -0.403703199724147
0.638827523446277 0.618194989594851
0.158668691646171 -0.882114580765662
-0.0555214998621225 -0.269823738151436
-0.231641909933254 -0.257412375846821
-0.131724957516931 0.100167272592708
0.171914026725255 0.781776996165102
0.788311130583577 0.395455830050291
0.948690722243685 -0.0995144783512558
0.813424394993304 0.714897389490425
0.890847999594226 -0.116008892991542
0.963088985994012 0.164452142689259
-0.32276828404218 0.833185612997133
0.839335050831022 -0.220822001695923
-0.950719102326515 -0.0837219738871855
0.725545066026002 0.816146673328993
0.51225829211311 0.759849128130829
-1.23573803651058 -0.0649007890905473
-0.864882148666127 -0.814624866096105
0.591413028438845 0.206535974979999
0.928122380464874 -0.44807160807787
-0.992588735882653 0.721274505474836
0.198542489376174 -0.035550144593763
0.453576433029949 0.744453545772008
-0.832647519973452 0.573424994687909
0.227707544493155 0.794033711756722
0.36001208518192 -0.063162371352913
-0.656161362983357 0.464670789479855
-0.994685465336144 -0.207116412432001
-1.07887815906517 -0.499283308033598
-0.613716346954521 0.287010652205193
-0.32477106155493 -0.739450495574696
-0.696224280152677 0.614591773027848
-0.597344451843462 0.555849304108674
-0.454610073590279 0.503601056500798
-0.433347951978987 -0.537656731273178
-0.540212887253591 -0.256916432104009
0.373486347420678 0.730255462713487
-0.623485560676246 -0.483770724426473
-0.618754113994095 -0.813661134859383
0.0274057991743681 -0.751440246795516
-0.618652568494487 0.0545334344761847
-0.856516636308649 0.319140122368896
-0.282106740614566 0.756734765853957
-0.151008980081037 0.781549600800507
0.652622050573062 0.801989110354258
-0.359454007808558 -0.6495785064209
-0.404274350838515 1.03521401168878
0.91070757906304 -0.606801873338965
-0.529717630682937 0.987916099798086
0.746585087234406 0.523557790427884
0.993895731000598 0.891161780468496
-0.605075477965541 -0.574384807746136
-0.339698553357446 1.20490855117647
0.957920157536625 -1.20054733998868
1.08827833043431 -1.13897592921927
0.374922545691142 1.2464583531191
0.00296899194596735 1.2439880504271
-0.0113402180059922 0.551652070675277
0.897308598640156 -0.124589199833559
