-0.999735377749011 -0.494741773656026
-0.0219354066734882 -0.0756449943085166
-1.5714235829283 0.549399405596051
-0.778786802550243 -0.558859058481367
-0.428400465554755 -0.864722047476165
-1.08711354223071 -0.308340822297281
-1.0160060104434 0.218263693976262
0.0990098176525574 0.344690519038725
-0.551430220858705 0.995911026363
-0.81957453351733 0.0340083093510193
0.649059454979354 -0.484623859698487
0.159165458073616 -1.00283295143073
-0.433761352338322 0.718596479655808
0.495630921189457 0.806505420991957
-0.161715084715198 -0.656657177462328
0.199073354355877 0.676418889564523
-0.45796423863239 0.0559474879417982
0.32591862542039 -0.158314644559728
-0.119956269321094 -0.105027625345741
0.000814227656726609 0.0401383912018487
0.168580891719522 0.102555404193113
-0.471623960045068 0.0595703667081327
-0.280689976499131 -0.13719552275578
0.331321799793582 0.328188127638382
-0.452383472604963 0.183412147689228
0.465322774711692 -0.224291594106083
0.363977158387895 -0.18757056522402
0.486230127044336 0.66821448184369
-0.489029635535001 -0.0336928114161286
-0.100090437557762 -0.611122592669124
-0.691550592941795 -0.0189463706843284
-0.00512277001428153 -0.378424918380425
-0.496404321358023 -0.384244229217083
-0.399981664459684 0.457120993276316
0.0549135607357855 0.0713451834449906
-0.184128841480224 -0.0370041902271178
-0.117010322566675 -0.00617778728631551
-0.192590968290554 -0.219562473845104
-0.307411276068269 -0.0869773693494576
-0.308359714274278 -0.0972670771462164
-0.446696011764137 -0.125739631996525
-0.439990079750528 0.163762864164759
-0.565199585370705 -0.0660036385028767
-0.398605896642719 -0.190284631699037
-0.248656940690252 0.31965026528985
-0.0310143579938027 0.284788092568472
0.0532353814004592 0.420455148753766
0.269340414963068 -0.053080818802848
0.00290891417625812 0.0972308983230218
0.179379936698819 0.140398996119198
-0.0309827955375463 -0.0567953591350438
0.16007757578366 0.0617977943811233
0.20167156360145 0.0763487392779171
0.901875815221229 0.609376240758401
0.463410136836344 0.428721429071499
0.12965294631509 0.0290751192061688
0.270281826193374 0.528050448064618
0.174362002149825 0.205714546253332
-0.0158421209789837 0.247319303289536
0.111840665384888 -0.075185020487857
-0.0251879358033715 0.23845043247407
-0.147363148682086 0.0080434449305212
-0.0746123912149898 0.235078415783821
-0.0722177309388321 0.0731360407526616
-0.0789516225750724 0.515862941325145
-0.62071235507598 0.264968906602223
-0.0687582517167756 -0.476765111890859
-0.705645281636954 -0.568594277435366
-0.444473743037978 -0.606286938895219
-0.730089707337242 0.0426392858781826
-0.333444995767854 -0.332886907005213
-0.292064617480022 -0.23007327916281
-0.227938144106598 0.00603817290624842
-0.500720687940883 0.338459949927215
-0.594103983116377 0.332805611384264
-0.491019901070377 -0.0628454237350051
-0.18144421896208 0.0783209359250812
0.0762725310191018 0.0479424831750787
-0.604997688885754 -0.290576451053816
-0.0542679386347306 0.54417961991127
0.399102682045951 0.0642348326130979
-0.736682471456038 0.546118486663555
0.356070276484015 -0.520425258629387
-0.612938874406129 0.0358047197577977
-0.73835991344945 -0.708054463388098
-0.0559785076950362 0.549865067481253
-0.166819054062387 0.32407226421744
-0.280037893458327 0.494405988171444
-0.531319989218534 -0.423078189343083
0.126223025565325 -0.171138409754639
-0.558319679923581 -0.0131410666666391
0.0659432254074486 -0.53156644645296
-0.0794288856716949 -0.666829041491428
-0.105654807187211 0.733780045240457
1.0732462223823 -0.207774402485793
0.113698448841943 -0.255068664422993
0.918248158036782 -0.0698842091288043
0.437253474908814 -0.812082190640198
0.715159762102175 -0.359051248573124
0.496085556730748 -0.532503875820359
1.09242072353155 0.0744740656948457
0.274026970789237 -0.873855031726123
0.615188573853623 -0.321892337375022
1.26106644764524 -0.44236916800882
0.547643671396904 -0.72102300474574
0.578434888874987 0.694014960025988
0.74927398245762 0.85522007290446
1.03991572680051 0.254203913454342
1.33731237331591 -0.469972604771649
0.889945733444351 0.209480066085832
-0.0193457474337094 -0.0695911556998329
0.831371345068233 0.306994618851877
1.17723237229424 -0.35245473943866
0.993289045604132 0.647702524477667
0.592343474232409 -0.854575788802941
0.732241897762729 -0.84135667243791
1.40869635385197 -0.0366405114808252
-0.179566176820841 0.29104048128034
-0.412713829571835 0.063365898263723
-0.314709567458684 0.0207029776289627
0.186096036274009 0.906800680793067
-0.074762210427361 0.0139498465888561
0.698087253194525 0.273910380023486
-0.275782934324441 -0.508297517821264
0.0126579321250382 1.02094160074151
