-0.109228209279482 -0.693142598877981
-1.0179227177536 0.142599259364496
-0.108745333197546 0.556126856078601
-0.508652406190002 -0.639424505672573
-0.195507305166961 0.675241569818259
0.460225667361383 -0.631988125611404
0.45229499882483 0.794696890425102
0.295713379786319 0.265482346190284
-1.00727694967349 0.0174035527172602
0.597940713912344 -0.674928115332959
0.503832079717516 0.0433226098487555
-0.669728092220276 0.679783351408329
0.0481817330961353 0.45589612833182
0.12879424431191 -1.00591755440021
-0.0362254972515783 0.811718862849997
0.866423553843072 -0.198850890156551
-0.505998168515303 -0.665088232274053
0.550378337139701 0.634575802570342
0.919743154315835 -0.261256959882792
0.80083038729155 -0.11479864038708
0.138207579412357 -0.847359975349462
0.18378146517383 -0.852157015487437
0.134299659276877 0.659187791458044
0.218613846268682 0.615481742794109
-0.483333345325329 0.038539681329075
0.857621142632636 -0.458102837380542
-0.335215728507876 0.0073541653056297
1.36667718392766 0.00940216217524012
0.699785824915037 0.398022793838778
1.00978904048599 -0.268420162670246
1.42431660604527 -0.0397721690676711
1.02682592842588 0.330649574383571
0.814518214383459 0.190498342100447
1.23588721078101 0.0549591294023743
0.930515042243359 0.105631696229809
0.875308016869482 0.0568062955770239
0.450594048977274 -0.127594640660503
0.856974465188101 0.113190835610893
0.647231427460737 -0.572143760821923
1.07970920764431 -0.378352199926634
1.2031959286849 -0.437014065526049
0.943925578811203 0.232480876453668
0.756040558985473 0.362726202452919
0.62175293494495 -0.79794318516872
0.699546751722888 0.512825194188318
0.135475596950246 0.22478510584763
0.387900297534939 -0.832955688111307
0.367105949810595 -0.8458635457808
-0.077269709079564 -0.331046903059265
0.351236174260008 0.705277294274397
0.445371454546884 0.695413954095014
-0.225147334590073 -1.01425646411653
0.948577838240636 0.512447799710776
0.860101686930939 0.569639528528761
-0.222230099717679 0.959658134487538
-0.220161314307473 -1.0001046251499
0.0362948039231254 1.03171907421161
0.699747585954107 0.907791798609319
-0.310218045674579 -0.925131067775013
-0.805914316184143 0.00454766680685553
-0.762098283291093 0.0349417488234589
-0.728741668407717 -0.0173545976230038
0.75557598837221 -0.786975194567962
-0.886678756227486 0.0542641740954412
-0.0582345705989713 0.901269168207346
-0.675422303506166 -0.168503093350412
-0.561245618726002 0.372483936493346
0.710837792723751 -0.685184151625784
0.216794773836415 0.821549316041917
0.0684018453276034 0.748359244419831
0.439220327782294 0.222805244932141
-0.618726538880504 0.118247930188497
0.591743627400642 0.729631294990769
-0.198426726024989 -0.199703920465875
-0.0106682646896782 -0.717494827601604
-0.227529719748689 -0.101836132553385
-0.283937293984528 -0.745625455656252
0.724910905476925 -0.509996116488665
-0.41287052477957 0.189005857407971
0.606784220287232 0.199780731096186
-0.230870405861287 -0.573963385539235
0.4088398343946 -0.432154987791745
0.539052354008023 0.455521067631001
0.164050234765304 0.401860602072445
-0.234214314823772 -0.394695996831406
0.103950372805765 0.438840214468789
-0.00780506567601031 -0.529695036877506
0.269310148596833 0.00884205656171367
0.500675409424619 -0.286587999552639
-0.226609431514647 0.0787721423907552
-0.0646253866705082 0.0899186806428626
0.170956023936697 0.0323785039257263
-0.0274907713019285 0.149291224113434
0.168515426013349 0.139386371389176
0.389743930800235 -0.241240186599544
0.580214603598717 -0.207690145962605
0.1219064087965 -0.396492801041921
0.388728821290087 -0.106212314482948
0.0769533766236881 -0.290180546331543
0.280467729922684 0.14983201883088
0.0428068568001369 -0.0868151078666231
0.0962091050063275 -0.184161271277145
0.256332810551785 0.0294823455196294
0.0737294621049804 0.0668731940001725
0.133815067814554 -0.117787668718939
0.253579885261825 0.0831002641212774
0.172727557504434 0.109658418461855
0.15660584570885 0.060606782942792
0.285287700490757 -0.203749828869304
0.0493025867829669 -0.140902590623322
0.133976825102972 -0.268691155035261
0.0559837121114456 -0.0615440396313002
0.0910032062072331 0.00121975568535014
0.435018623028522 0.0828242684325897
0.190896276288465 0.0151071432733617
0.502156500196624 0.00550625710985946
0.372125019425526 -0.0296776572193475
0.285088372462614 -0.0836855302162708
0.255000723440169 -0.203591317544675
0.216052097255078 -0.181192629157472
0.221941265057748 -0.0974006990669315
0.287964838102765 -0.0661874552604458
0.21047829128291 -0.033382126350335
0.174206460816682 -0.0292728727735159
0.146578178796386 -0.105508136795744
0.139681097518988 -0.0770137613623045
0.16375182694836 -0.0485830320127465
0.23650302034136 0.105390613515875
0.23782914346114 -0.037476958306446
0.22131738399728 -0.0665364528069155
-0.152751181851372 -0.0365801863009914
-0.112056924448907 -0.228206559826267
0.233034825522539 -0.189531417511928
0.112332633306636 -0.188905004748443
-0.11678237040745 -0.0456796882989236
-0.0211664823762963 -0.26731461298826
-0.0127587059570232 0.260502300364771
0.0557398090209986 -0.419806272242386
0.14556253912105 -0.279103869428035
-0.172930387420143 0.0182524986273263
0.317513422187628 -0.211198411852199
0.290646648459496 0.321317942437162
-0.261763979031286 -0.141897415164994
-0.140852820223637 -0.484147919446907
0.322547594744634 0.196155495932236
-0.129031819343656 0.347762110963604
0.468125908539906 0.24990368507071
-0.425994809736944 0.116158120339425
-0.282204012924712 0.133461487094302
-0.490883737042173 0.458455703863052
0.0663805482737202 0.519774867966797
-0.499002486705262 -0.0270791303847446
-0.276464130048733 0.402979111031293
-0.284913869626895 -0.684026223523177
-0.484407170341013 -0.109181280737638
0.535488457364436 -0.62095001012859
-0.687660845667875 -0.109403360982024
-0.808263867931554 0.283673143409764
0.466046711542196 0.819652521796065
-0.585853401205205 0.0407973486474856
-0.743772761330612 -0.929331340157004
-0.103446841350876 -1.04657701727332
0.368142161097562 0.892217137987736
-0.97731187825832 0.539471614873455
-1.11644717717043 0.00659367275857864
-0.650892185654818 -0.748748648879813
-1.09487242858717 -0.000314726123013731
-1.01242128327856 0.0905061531344552
-0.65725568421388 -0.563366182794885
-0.847767866941565 0.0581339284564879
-0.148731482405856 -0.329049248141852
-0.48780326244065 0.00380631854935537
-0.416169740411783 -0.500109147045316
-0.201438802393197 -0.232588384805406
-0.365052131614627 0.179922096931727
-0.390812984094401 -0.364381153554316
-0.38175835734208 -0.207218403688485
-0.421488198595 -0.234171592352434
-0.00233053469749787 -0.0816725356134565
-0.549869392050344 0.588860927729875
-0.626600870952686 -0.268760093224637
-0.264445154591047 0.543489622000408
-0.730222624809366 -0.147183654637525
-0.874779352692628 -0.2693902148563
-0.702202431099849 0.234634200066075
-0.895057061996516 -0.118967038403739
-0.864234650313359 0.597030572921117
-0.86494028397851 0.511151715098953
-1.15465206332643 0.00957828009750301
-0.341608948055221 0.912868353213862
-0.363061225221058 0.835843903813664
0.219913306729602 0.772203195998934
-0.989834752403395 0.21251547820952
-0.550619102020786 0.913603933548529
-0.487257846989687 -0.497684758285274
-1.11835878554382 0.157336929970931
-0.913088643882251 0.358029678705296
-1.06010425970954 -0.121904961504762
-0.284810912272272 -0.266326864537102
-0.301492256704557 0.429793843321232
-0.923298699401266 0.0417738715339815
-0.329986538788529 -0.0814103457003687
-0.264974077507179 0.126463983440762
-0.200010959929285 0.0223433760064254
-0.37859179813315 -0.0773845581711867
-0.203765603299371 0.291361927330433
-0.0126215346476945 -0.099934246366491
-0.166741658337448 0.267970024995523
-0.0173508559743244 -0.228675515817938
-0.300102231900182 -0.0994567301773059
0.164221353401048 0.290772137129159
-0.365624088067984 0.0372311281812174
0.0559022946201802 0.198863895161394
-0.107673925976903 0.120126956191398
