-0.0502150217962366 0.40494669748243
-0.354338792941584 -0.23963986100613
-0.220313045879087 -0.0855769126813713
-0.163228551068236 -0.907025249364276
0.578323428348361 0.728075908259605
0.450629291315952 0.947955615568985
0.643449408538451 -0.816947435745808
0.834901907380218 -0.6538568667059
1.10552433541143 0.92782355714929
1.50289509293277 0.392863774897787
0.259199401881673 1.20565944186693
-0.576325138064726 0.182533130620033
0.448000635871743 1.17606073469071
-0.653392239061391 0.22450808783015
0.792368151349592 -1.10124874101913
0.767459974802918 -1.225966539602
-0.970588622619434 0.338846644405672
1.80602817779587 0.69594037141671
1.7067892197115 0.441089124505901
2.04256561955828 -0.345849824143657
0.371470988385778 -1.39996643546004
0.73884958729425 -0.971700168951161
-1.31562317663465 0.113630160974041
0.168621641050178 -1.38192979472572
0.626748814216231 -1.25351452170197
-1.02981051082126 0.512024446264675
-0.930941208928649 -0.999182525875775
-1.23385674021747 -0.467239966238589
-0.885879757377063 -0.866331173703642
-1.46015045408411 -0.586948788278712
-0.791111198177949 0.719405322462949
-1.400631462703 0.0618229977668409
-0.397617285925837 -1.0372118539678
-1.39549559720339 0.1012542354499
-0.65167637994319 1.20442561493879
-0.36676043223481 -0.917209179975197
-0.391124506597749 -0.87082264823686
-0.835358130084066 -0.328759174525646
-0.332666600535387 0.776321574564746
-0.757443635493996 0.93479240119696
-0.696327989523779 0.541399321813806
0.0419796766513904 0.0528696154853598
-0.823359259485644 0.172968703018702
-0.850596860609337 0.00892670886619311
-0.842661104088514 0.0159606309567464
-0.37172740929361 -0.089832958470623
-0.479344456091322 0.304997591306271
-0.782099132757368 -0.0891160228980693
-0.808743051618257 0.288946626779517
-0.516785218430036 0.487508164356974
-0.628729920146931 -0.0761113044284316
-0.326873976823778 0.25784568822307
-0.557744245223078 0.223408030310194
-0.13868192470816 0.228684336647463
-0.392330638894375 0.341625054819176
-0.423928386187038 0.267226728627819
-0.574257385380251 0.0437112543623798
-0.529466110787741 0.239396956999417
-0.433701794525043 0.181417337402121
-0.405590245984499 0.115215535529583
-0.237329723509832 0.0961428339588663
-0.21420935483227 0.166532386163948
-0.365920613067978 0.103889756411424
-0.217469863836068 0.0834855597497115
-0.342581556681424 0.0956792965010806
-0.299661055760581 0.121667076211626
-0.23779314124039 0.124422935638897
-0.343468983038995 0.196437303351001
-0.242345233858982 -0.0622176404424219
-0.106727923054426 0.175743939507713
-0.443126244410595 0.104859507157105
-0.293287969180213 -0.122359161889975
-0.193240836388145 0.263494178432407
0.108347692089602 0.0204300205809007
-0.148200468353514 0.312420515698957
-0.211748671638644 -0.230399892543974
0.0756662066731837 -0.0434720778488579
-0.278744790117144 0.26526181883604
-0.195240984193212 -0.182048861543383
0.16908730817161 -0.282403019513656
-0.193049577988751 -0.349977928574275
0.580171344960897 0.0675762345066052
0.0908512262724581 0.470700567042055
0.357216131551052 -0.597991795152446
0.29178837192077 -0.713446533757453
0.716337714547772 0.131519705281953
0.995293513643824 -0.112344110789473
-0.536591524669513 -0.423048171964368
-0.437986987897891 -0.499783606540041
-0.393725399628711 0.222685495128069
-0.501648989937438 0.409908213525713
-0.589441421270385 0.070707825952631
-0.465876400108334 0.0224563236061466
-0.183293557184067 -0.55424408224493
0.273759092701762 0.199840994590017
0.088127622105648 0.536824947041493
0.0345653479970802 -0.561170091163496
0.53681259082917 0.00104054662102276
0.544486063520287 0.173146804572484
0.698379424591886 0.366154024135315
-0.176676974889486 0.81356053105447
-0.705549229396379 -0.0180774798200898
-0.0509777764959002 0.633369893581753
-0.475872505633704 0.245731513167158
0.267093258498282 -0.402176448957544
0.231678120948005 -0.414215443375601
-0.478301285945363 0.163094772272837
0.614654259893383 0.19196801794204
0.638387209373671 0.264031429179286
0.862106685223629 -0.100850668731221
0.206454973161163 -0.388824768004176
0.24816504858417 -0.522421584782343
-0.349464313794484 0.17790991467964
0.127391837984678 -0.168598652761772
0.0190747347456562 -0.431099276901146
-0.459956865603896 0.0323046539812138
-0.298281849346211 0.0313494747616206
-0.111801909774914 -0.323824495334772
-0.0394264775313696 0.23171433708852
0.231030617201326 -0.0161745580260585
-0.402634791284228 -0.127019135168858
-0.048364562288738 0.259367351139252
0.414339674972732 -0.0328212219163495
0.10537691043954 0.335980183317576
0.28444649375979 0.281769771834339
0.522200416976151 -0.389506801659362
0.535434147770773 -0.519709435411304
-0.382958870174454 0.352179891944267
0.0580793156158798 0.742507909319016
0.247521313108684 0.56628450412824
-0.576128911240297 0.041016760043233
1.07356956642079 -0.104201389174686
-0.24035180712536 -0.719803676506491
-0.394278177475584 0.480762113482019
-0.316745075293669 0.317141901667516
0.378334817834518 -0.717330405728118
0.545219600871025 0.385701064931185
-0.165217916597146 -0.39150950698744
-0.106920457079483 0.0214951439711365
0.243962585762131 0.45077269824742
-0.0450735042219775 -0.394293076158078
0.591014540949528 0.164730271447674
0.00910713598469138 0.237784182756823
0.833639298330336 0.0229310120357705
0.321079650443716 0.630547539788061
0.365070795060041 0.653621187826947
-0.515765690596379 -0.52679498811834
-0.575845499472974 0.174480039339943
-0.166491169858703 0.395391477951878
-0.153528965779516 -0.153181254727674
0.135414721852737 0.0137552051421808
0.2726914441284 0.377290004468325
0.110614091143018 -0.299835722403914
0.33881308517472 0.062592773143064
-0.316373526519894 -0.133773323592551
0.252612323362103 0.14578520161595
0.00666703925727225 -0.243751351261425
0.0295213700646849 -0.154862573058022
0.0466047055497295 0.219949736873915
-0.119229155980241 0.0504567730118468
0.0872686126629835 0.0685259845545127
-0.0384922597383554 0.0702228908159041
-0.0168566949707352 0.0135224495996375
-0.0628329727343106 0.0835766286262438
0.0535321768848603 0.0128986811257359
0.0632905438256745 0.145996106729475
-0.00865321583795863 0.0553458520741604
0.101361556325208 -0.0399441572115993
0.135546490289619 0.174958470423269
-0.0201597659677303 0.0318291735377122
0.192859728596267 0.124868248654378
0.113350812393599 0.0376730772916465
0.0958062706860219 -0.0808243578440398
0.0653896715885541 0.0999058346106811
0.172696931938232 0.255185058291465
-0.050568593178915 -0.109312815756279
-0.0190200256351077 0.00519106735435837
0.366076046121938 0.124720024539521
0.18165799171805 0.0648386249714596
0.256368633299379 0.0485348459229463
0.236414224582155 0.183633047798299
0.225227324790269 -0.070101401687503
0.310915271062157 -0.0300925478366556
0.387746989423503 0.0010416260998736
0.339934144619606 -0.301020957385041
0.261466553253667 -0.198632980512959
0.310531026926789 0.0201820268405251
0.447754739516313 0.208420622866396
0.43748663548754 -0.191630850664584
0.229990576977347 -0.0571432121481318
0.277890536852134 -0.0852510103477271
0.523928564880046 -0.180735412500545
0.416136920345639 -0.377195996131373
0.858538668318362 0.0513846605864855
0.448006310789607 0.392889256764634
0.468722280741322 0.476228123671244
0.898647987060455 -0.106922794450261
-0.1937716157209 -0.438891592620492
-0.28249453801138 -0.180849914682771
-0.297456628080248 0.157627400078363
0.427139971532706 0.5855004767485
0.103173026907694 0.304776921542599
0.795190275375515 0.0250476551559171
0.219505912665078 0.571136924199027
-0.288059696226324 0.420360112678313
0.458098922390437 -0.271130529018277
0.238036653518192 0.658107863138917
0.444430748955365 -0.299324867695595
0.117804136641312 0.620130700188355
0.708968002688668 0.254634078408064
-0.188470579083221 -0.412394360749618
0.567044260899909 0.567305518988196
0.0017622302150084 0.646797933173101
0.738765116895121 0.225640917340975
0.276739637795989 -0.73473434447121
0.0128341618676215 0.732903722490387
-0.0210658344507236 0.801779050623272
-0.0052259728028992 0.77463799360476
-0.667390551193356 -0.456731387841268
0.148762079457143 -0.815360322526445
-0.787132332138283 -0.487609157115828
-0.673333560258449 0.219818311409552
0.0115256632174446 -0.772288228761936
-0.168062503403945 0.932839950553573
-0.168456463172896 0.822784015522362
-0.582416256097887 0.128351408616391
0.126726335793241 -0.481605580336084
-0.100874472113901 0.644593580649348
0.14596232199156 -0.440488256305559
0.146593600184775 -0.400947273545129
0.204863661353759 -0.272663966558949
0.0625058100316356 -0.346164015140233
0.346713171318997 0.357536033148131
-0.384110852815273 -0.380721425316624
-0.260841307327614 -0.319013694973724
-0.205748625270562 -0.307528266853746
-0.195578075025961 0.122404090425633
-0.272970377236984 0.119878677475891
0.181795871703436 0.663568470391346
0.428196902531791 -0.466158230021597
1.15229637206709 -0.141172469077556
0.454697686347273 -0.551700676961399
-0.326689964772102 0.0968682861022573
0.593271724473305 -0.585139888327018
-0.606205970706912 -0.725444154297519
-0.216286551978831 0.218770255992724
0.379135394305054 -0.67337327442048
-0.309033104059447 -0.018825935385213
-0.347939733542653 -0.531854753047219
0.189074305612594 0.70521264318699
-0.295967680500142 -0.435162983982546
-0.352210269849352 -0.335679007200683
0.375359475208112 0.326982097401271
0.0676467723633926 -0.44838970027433
0.193100773611775 0.234330261175546
-0.360972483109538 -0.160800158961096
-0.396900352449702 -0.215697366339754
-0.400259366078597 0.0107083117440672
-0.404567170115924 -0.12688843317997
0.0202459531427001 -0.610471438078936
-0.367102988291765 -0.274540054471748
0.615701782724023 0.264230849815454
0.0324587327102103 0.627639850386373
0.218880326672498 -0.713233389434249
0.458665802924913 -0.612560829314943
0.85896750161768 0.304154109652445
1.14876586269048 -0.136213574117802
-0.208278397899181 -0.653220360662307
-0.331802261142662 -0.535333269851276
-0.273331755689614 0.00759075572446691
