0.242099497306975 0.554205394097771
0.0640001663852059 -0.695263921971454
0.259175040219454 0.777579968664429
0.482764422555626 0.608468767267775
0.595132052747237 -0.7216244054007
-0.138012075862164 -0.0502742347342939
0.277479529369229 -0.71298081401787
-0.114032514249089 -0.18384016223233
1.21000665470841 -0.200873261098619
0.77323437989165 -0.306971888065864
0.85831048910918 0.765275330103741
1.26238374293059 -0.120687095940147
0.271408766147704 -0.301170200949331
0.724180328351604 0.456414745927606
0.69371097138036 0.23452451079272
0.258437816890922 -0.0698200021378599
0.0651006698609444 0.0842869073030567
0.762753455416014 0.214177906161982
0.627190425456427 0.332204486447321
0.436613478116772 -0.645968064512013
0.970364840161792 0.604905670715824
0.648440659955788 0.507204885637768
0.845134848322373 0.168403208615677
0.189569538085585 -0.615725284319989
0.726077340336168 -0.586115632299136
0.11167172399241 -0.0843609099232279
0.793882880279982 -0.116455820556793
0.541359196215596 0.431806738918911
-0.320404303520132 0.130125856529021
-0.273190043332591 -0.531138320284682
0.253466021836294 0.0922010244880323
-0.0778065682079592 -0.38085400785005
0.000649311720570789 0.436016759098823
-0.0702485636663264 0.205036266211726
-0.234455579830748 -0.0821173043400407
-0.252884080848684 0.00822764678163926
0.0327692680097652 0.357777517728571
-0.16648815697242 -0.032288562131111
0.256752805490949 -0.0439544598538523
-0.27352335822175 -0.128369475415072
0.193998702291038 -0.0662658486222988
0.30289540275061 -0.12441268544983
-0.130752122763174 0.410054080482581
-0.294890544435119 -0.600610075449112
-0.0217692052842208 -0.573082237340549
-0.398343035086764 -0.29834989495821
0.10654687039318 -0.496683763436716
0.363435608627852 -0.329847161776646
0.179723774047107 -0.29110076135521
0.0816635452528092 0.223370270926789
0.26647712700197 -0.493514065368045
0.45158955140168 0.3342163603495
0.366793388452548 0.118578723734866
0.343095116716862 -0.455139860093119
0.617138631928582 0.10795697625315
0.448727007352906 -0.314460976427584
0.779506629855949 0.071092241048955
0.585100612452064 -0.0456368747770497
0.740834350368469 -0.317760299905533
0.824561276666832 0.187301342717696
0.360188992053727 -0.266167168809148
0.179569108813052 0.0520579406675996
0.657148030277524 -0.45875290299361
0.514617037132257 -0.321818858162408
0.246502437477112 0.25042624658878
0.510520137188566 0.467886499537494
0.777436983682774 -0.130334424235653
0.539778894890782 0.511048195918445
0.70913232088456 -0.0995290372782918
0.847305895709179 -0.143622034010051
0.525463065358148 0.615954290755725
-0.262441060918294 -0.528962941507176
0.24239095175442 0.469159729875247
0.590367652727959 -0.109485264414388
-0.325273816360137 -0.011849845715486
0.556505456580092 0.179447876529669
0.00115415186811999 -0.146723040915496
-0.284600341477868 0.0572135972179269
0.375426150871658 -0.290884902141866
0.057750985535103 0.164038563440288
0.309513789730114 -0.110193865702269
0.178319360261653 -0.0716688758399327
0.238880622647466 -0.055093451072387
0.0478766841365363 0.0374767576645122
0.316543795384717 -0.191930758405712
0.398042036508661 0.0716526938037798
0.132219637942161 0.0917201332441003
0.235031763490669 -0.0731431507258556
-0.055263414880388 -0.101810961134565
0.227904421472989 -0.154012831420241
0.209357788209459 -0.17170650185838
0.0894324778848655 -0.0482361973600932
0.517137579272654 -0.117484125840509
0.26379288744016 0.190461865436035
0.625228818051448 0.185358335927907
0.927495702562577 -0.100547658736327
-0.0295108641446423 0.14599369213831
0.726258107218402 0.22721530488263
0.350883638100722 0.321251029335885
0.416315962491765 0.0542845333902393
0.0211243991809196 0.258479351932664
0.527541636707589 -0.232221997959743
0.431095792429172 -0.194371281043178
0.224270873564028 -0.435859604091955
0.415189577221314 0.495807778132333
0.397715327791618 0.546812624329002
0.957432880641728 0.138454190499624
-0.28190927354529 -0.792926595623915
0.512318553302642 -0.791421475608859
0.235340424860541 0.0723399602687853
1.0691273277107 -0.0922109262361656
0.709616495447932 0.365634572244813
-0.243082484667763 0.287498598335882
-0.26263934957803 -0.903537882266053
0.232396942016559 0.300302282724102
-0.220674335380124 -0.600122891859161
0.183216802066147 0.495886818773578
0.0889165277677423 0.543458452908112
-0.621976305575905 0.050607607476888
-0.500843570322351 0.0951210408354484
0.441873073051741 0.628231765166537
-0.233300779029799 0.662139368511575
0.653192401597738 -0.0665981865894789
-0.587692132290513 0.0518848562238594
-0.473826679599877 0.0208128551685139
-0.100392521740174 -0.372156534837248
-0.468981856355931 0.301587074781413
-0.454022720365565 -0.579628166338163
-0.271913118489633 -0.637328168696353
-0.591815601138802 -0.278740648746013
-0.140484401716772 -0.436804868363163
0.0178685003635304 -0.343299572062666
-0.00944114575814784 -0.437822284514462
0.118174378365713 0.292040827965121
0.0323091819484913 -0.407625159923805
0.0945481683150032 0.311280768265342
0.190242747697476 0.0484616505162628
-0.0252573125325224 -0.189095986570509
0.00119159566969413 0.311976475407946
-0.0989859519166941 -0.315230716353269
0.517005642658274 0.203476209717647
0.0202943959203478 0.00887394510918222
0.306517334129483 -0.437166740087321
0.650481594085825 0.127251019675706
0.00674007583752288 0.529032642063308
0.136237306316694 -0.039809111916436
0.183262087555634 0.723211196814977
-0.311494222489955 -0.409990430458929
0.41200406809937 0.141833561192266
0.0939472738883096 -0.798607443342844
-0.627089802149183 -0.745346303967736
0.699756418668624 -0.00044879934092572
-0.378628410519927 0.645125557297734
0.0792317425734764 -0.452452412964757
0.537826545652091 -0.128243070635811
0.568916130107312 0.125110725120595
0.228301980479859 -0.207396583264122
-0.161800408051165 0.0847666431989031
0.590932587096448 0.0505993313231269
-0.198557579285628 -0.185320258607028
0.314248368846573 -0.0248420983322413
0.271771644751593 0.0389517730304726
-0.0201732276810071 0.105178114263721
-0.0984169692055738 -0.0413950509950633
-0.293446483678538 -0.0739707392446962
-0.19512547763295 0.328134588590438
-0.0762962625461216 -0.073009945340761
-0.0321945542430867 -0.0275024159594393
0.230109198618665 -0.067588801294606
0.0814757853509133 -0.0864263111182932
-0.472356959516923 0.16101524737622
-0.143132318957079 -0.220829075754342
-0.322226048657079 -0.163873276346107
-0.168058042973138 -0.304270186149187
-0.448714576889862 -0.0503485578871751
-0.144513497633248 -0.447701913951788
-0.103055146406238 -0.012248324427666
-0.194927537535689 -0.623163874744109
-0.541887216770588 0.342846167212359
-0.262811039532373 -0.0505544562279983
0.145462240993278 -0.920838149683515
-0.0855999854427852 0.761080007803383
0.443529411289872 -0.415009546001696
-1.00996334204451 0.178791738220779
0.277169289727288 -1.08466828980707
-0.0878524754433603 1.02150678956503
-0.172511355532194 0.829382842093974
-0.136837584242498 0.871096769000841
0.256229592400427 -0.735400078613896
-0.367204446520986 -1.14415301061587
-0.720030178686063 0.816171842682405
0.915773290855473 0.380456256565851
0.594268345316934 0.278789634075844
-1.86476920800228 0.208099158779472
0.302430651262573 -0.0800262178279848
-0.148408138095242 1.05607582416978
-1.26043358446913 -1.03597286134763
0.459546315975481 0.0977395308441744
-0.855090519392471 1.10411498035319
0.720285609851377 -0.16778955163561
-0.914029011635646 0.983207388426982
0.149667135330196 0.931598301070458
-1.00528430804886 0.481902519969757
0.0806533656662872 0.0284432378223529
0.633531019772145 0.97003637930542
-0.140228960904656 0.605988505026679
1.16322829943157 -0.227914672662891
-0.65259650317262 0.0337761872673822
-0.512157709863975 -0.00219732350979421
-0.0910977962571415 -0.901451615944099
-0.72650451137527 -0.015515200238056
-0.034843535836003 -0.796130407357709
-0.484517367591136 -0.869353797112949
-0.688528292695606 0.458921706467633
-0.526333273796298 -0.792048311903466
-0.569594883459923 -0.667860107072226
-0.555409090037388 -0.579877450873352
-0.411961395257844 0.530696644687318
-0.540149852068907 -0.509665873543334
-0.458029391065839 0.527590237892835
-0.55207918506085 0.422950915719046
-0.673703652574606 -0.310977518078613
-0.68111524687286 0.195846800962669
-0.638944863660602 -0.0505428783705809
-0.34458067729666 0.23258292919642
-0.627161451907751 0.383678285985178
-0.569917080391907 0.0185397828530655
-0.553444612837724 0.180921159312226
-0.709721411102994 -0.00819098010482941
-0.949673309926632 0.0109094227296652
-0.690724177153588 0.016225324060977
-0.58573215328729 0.188313483468564
-0.67289906418906 0.163792828823053
-0.716322551137296 0.172817396215034
-0.757732542756432 0.273005570231556
-0.894575089978698 -0.188705895674293
-0.677319784037751 -0.109477857479737
-0.798104098614083 0.385141740175629
-1.13734669968135 0.0488944429435083
-0.833386142454888 0.381759313786303
-1.02557418754557 -0.283762829825831
-0.721547139310275 -0.237097150959798
-0.736140868511906 0.205199587908508
-0.801227974285588 0.539620698476522
-1.27400159879935 0.475031162755022
-0.572854423533709 0.0134327739069838
-0.265231024013368 -0.00799303144070843
-1.63206592697862 -0.366958450964318
-0.790355324870109 0.98515134461467
-0.341046253980981 0.07297603210857
-2.22139295061079 0.368958633608207
-1.44131645793318 -0.288737307780093
