1.00954590976779 1.92758003828155
0.59616964181661 -1.93617327650385
2.57559877993857 -0.138439556368896
0.868176253842448 -1.75137002098626
2.28349770773444 -0.0790493355167643
0.542180745924659 -1.47474268460779
-1.43794009002694 0.0462847451787014
1.91370193689347 -0.262252443733894
0.964271949061068 1.34311053607491
0.751844741082637 1.17803603239515
1.42643025768261 -0.0357266642824996
-0.896974188940871 -0.521206540283
0.711411321770713 1.05599915659617
1.20328438665184 -0.0868137211047475
0.334660631780073 -1.03384252128563
0.290601025442106 0.891125396402533
0.964841218494662 -0.0994381602789634
-0.312164046399819 -0.803941896974287
0.256856776391589 0.827804472291351
0.797881153352535 -0.0495378321698841
-0.3407824508968 -0.576693616357772
0.698919338561414 -0.107477396305837
0.233340464420638 -0.608988059806958
0.365931086677125 0.459856497266157
0.474296788563692 -0.361222108406642
0.45879591191615 -0.0258071362199462
-0.119147813864976 -0.392826448809515
0.123708186641246 -0.260478811284719
0.174063564463413 -0.000528466614818319
0.441415730204707 0.0850183914168482
0.23612496567627 0.0931968632215389
0.18551168786449 0.0770249461301766
0.073460930569905 -0.190998801950406
0.208302671480796 -0.113605461151365
0.260847233537329 -0.0221620754432043
0.191478974576364 0.0346393353354986
0.105456576866069 -0.0421757240649503
0.173279680685086 -0.0842191089285554
0.0619756501905543 0.0792069641202955
0.15318379744059 0.0725739678422297
0.0642491279582175 -0.216711257406661
0.297067938965776 0.0307050413128546
0.244754736797829 0.177813266057516
0.104714661749947 0.268624578610205
0.37107054255702 -0.391268911241661
0.0790108147455768 0.298838533789093
0.133330272744366 0.334956652248445
-0.417040468115109 -0.0552633303982753
-0.0189897594960752 0.0166749639471911
0.224818968316454 0.467674617062844
0.426047150771134 0.673760918559562
-0.52569176180239 -0.505971005276942
0.661517628593897 -0.364042260044932
-0.405461044397006 -0.139920728697823
0.123437393673507 0.803136391376324
0.210995749476354 0.818572490860448
0.491521285169922 0.640932749939139
1.05488511484982 0.190613394802219
1.20442330492117 0.0713016497385304
-0.0699100829255935 0.00982531845777698
-0.117241934731775 -0.035691130697452
0.423049541491566 0.478968620079599
0.776598672306894 0.532601867080087
0.860775490418009 0.425919311154905
0.0185867413049678 -0.181139542616317
0.54674700325575 -0.196583130282121
0.411509854398548 -0.525823320950915
0.611802100107779 -0.0486721318391946
0.396024902179012 0.262215476347585
0.174313278177555 0.129812362552716
0.292073978002603 0.310993324327011
-0.247409945877575 -0.0763057191679468
-0.0188871206239887 -0.131830441220521
0.481282533762404 -0.0268990551132372
0.122007649483 0.192454171668102
0.114499145589565 0.00628099876284087
0.129898766790006 0.0120392439359448
0.293116582044904 0.00601482507893105
0.0139619639686571 -0.11335661044242
0.290043378653094 -0.0812564731755811
-0.0755001264543512 -0.128867380441642
-0.21031029982276 -0.0686510944657632
0.234815171228227 -0.0696060382639675
0.0491598159072089 0.35398069035191
-0.178367640826319 0.312123292108909
0.0144554921260822 0.00911884641548398
-0.509761423413213 0.169048311793566
-0.136732645698614 0.469144303553736
0.0689849998292462 -0.120393080917844
-0.280256674114962 -0.452439463550011
-0.17305626746486 0.509185844102621
0.044876952141125 0.0852261789762199
-0.73668827722443 -0.556047502633641
-0.60651830860643 0.414368362929433
-0.143857154945296 0.0134538033745596
-0.976613405474805 0.011366494178057
0.0873807341594722 -0.262626624797133
-0.604092296106925 -0.158700812532811
-0.473658165980052 0.255482256235033
-0.319950211259102 -0.648502977111858
-0.594091551132237 -0.0297998505370072
-0.490673653485928 -0.32120716426285
-0.506599565684235 -0.0640890182674039
-0.643419114929422 0.0511169073053998
0.289208486927572 0.400945734459284
0.0236059771571637 -0.270955337985566
-0.6395226655366 -0.0796902078662199
-0.114709692013978 -0.307149748558078
-0.170145378975235 -0.598570698997758
-0.140063633688832 0.233644109162921
-0.580065418766382 -0.03332385656624
-0.097783030165298 -0.0523734111905999
-0.222110334987352 0.151706049463233
-0.532792637108003 -0.16294410996242
-0.0913783273998476 0.00701543354233829
-0.198691975339191 -0.284598715149046
0.034073157473805 0.133119677066143
-0.273497604893724 0.125573740755549
-0.26376521456459 0.261287715842662
0.272117075351629 -0.265423483075548
-0.559958282176156 -0.291574318584358
-0.409585756101511 0.288338230900841
-0.794135083693209 0.00921112160718334
-0.356977383946037 0.419378583112036
-0.411039453715599 0.750291012961463
-0.12316285998836 0.587481816913326
-0.900592660249945 0.149202871711301
0.0253865359910938 0.46813299563074
-1.00084389066471 -0.0798405260782853
-0.541129738196153 0.558647400158653
-0.729356447047741 0.52794938136562
-0.54148365893933 0.496804687479893
0.022871288556045 -0.339209960408689
-0.236841047331174 0.157395416511796
-0.724390360708106 -0.0371413347278348
-0.652139681651895 -0.00549400442974978
-0.355636297208246 0.349291723659287
-0.259552434867852 -0.0180180147145676
-0.330221464932162 0.16609878234122
-0.581719936342896 0.0178140140156944
-0.399511891883722 0.0930541896553374
-0.392796527818053 0.142099209769085
-0.579566931319538 -0.0302692188350261
-0.460356577190649 -0.225831362107192
-0.446078294448577 -0.216642927261362
-0.570643190246918 -0.371469142724769
0.0517186314345091 -0.0707692156934783
-0.221120971308416 0.22898665282928
-0.69746712730043 0.056266321679327
-0.390191878245061 -0.3059565071792
-0.499892352977915 0.216817158727417
-0.595136370619374 -0.262550644993519
-0.169710858995784 -0.141532931660267
-0.414829620832687 -0.226560122505225
-0.305522259802864 -0.0227159742763192
-0.464155919970129 -0.124305205690982
-0.607994310594266 -0.00126122975865349
-0.202752446934979 -0.189303321939277
-0.155822419275322 0.0490513298324562
-0.183038739312078 0.131349075635048
-0.21044261463633 -0.0210576500870024
-0.46498816419211 0.026900819862425
-0.152296731644946 0.208124391504919
-0.498400914387829 0.0910720755462849
-0.233709404672275 0.349336037966684
0.00159628273781957 0.223562192947099
-0.347475887496751 0.49048958187065
0.224983141832005 0.00635311311531454
0.0106208128271489 -0.603699909710321
0.334792746842196 0.167342590212844
0.474424360033299 -0.0995883450049401
-0.557211991071365 0.623096816325064
0.505608169535159 -0.051315329703335
0.460454230068242 -0.383790696553358
0.158711521898994 0.492107110185508
0.2032116941971 -0.0119984168744689
0.451975590282426 -0.151865585509687
0.628130351671073 -0.00110103643495351
0.494651501414648 0.166527865666088
-0.580838163110161 -0.374024494272826
-0.0433370160191035 -0.750710714572808
0.0526539980910173 -0.320490797357302
-0.0342060842482954 0.717425307737482
-0.738553494897327 0.275741590650569
-0.3743135613179 -0.688096016733018
-0.0551077533449083 -0.0564591171861145
-0.15675569147383 0.584128387421956
-0.760927591246972 -0.108668990321616
-0.47754623397662 0.040734745030514
-0.182714927535833 0.616176503916914
-0.612656064226738 0.0872882889346905
0.0119374910678137 0.374554292840992
-0.205020597739193 0.277423212399292
-0.306734541646958 0.196127927783468
-0.219310995719439 -0.287424075516198
-0.113036121510955 -0.129023795281529
-0.21965220561414 -0.182720488669008
-0.232335668430592 0.080076984134889
-0.436692466187319 -0.0299008709685766
-0.108323198923131 -0.0326408775032467
-0.322908111141928 -0.0385788189418636
-0.199034880158774 -0.0639974963518026
-0.1311936227196 -0.085290364907975
0.048062794033198 -0.0471761918597637
-0.174039925852467 -0.323066590439066
-0.0341577538356099 -0.215655528760217
0.1407572722694 -0.382888187751904
-0.553851822218415 -0.014896140362968
-0.477467375039629 -0.0245409061326311
0.612723118022673 -0.0822212161668834
0.141384783561888 0.183300491193066
-0.0532946859908459 -0.676269674292386
-0.045500094340664 -0.629628390677925
-0.347292732587519 -0.326286034612015
0.351574393713861 0.347073742627015
0.206557392849513 0.629262518397565
0.105190146517822 0.751707950486634
-0.0946879013167238 0.253890924028043
0.130112713269526 -0.972990875891278
0.810243536951275 -0.65524359849212
0.221566589126344 -0.875376450335823
1.34317662402241 -0.194147270333381
1.12820816689283 -0.147666219040708
-0.961402065849578 -0.095027891836598
0.663939894120641 -1.24019878703983
