0.478978916151664 0.0946415932478097
-2.97748149434292 0.405277956849751
-1.45364080361082 1.4171853773798
-1.49612871114607 -1.55775328088244
0.496126948048085 0.159954668270446
-0.91561422091906 1.52355941428368
-0.939570530542358 1.36952684150269
0.455103125176732 0.0490594116978263
0.744601372743175 0.195544419169475
0.131372781905727 -1.50637539796343
-0.814924942542273 1.13081508722063
-1.03118308992459 -1.58273302128291
-0.65764383499826 -1.18786947120538
-0.722689178993824 0.847558027545696
0.291162684996764 0.091492514451393
0.416081933345939 -0.0522494312563217
-0.525111566751116 0.57182805000606
0.0842332364433849 -0.0241185662028413
-0.388885135140329 -0.72280527799622
-0.0782587172484503 -0.0696309633431905
-0.415545458725981 -0.777277666062029
-0.6834953094944 0.285407234034702
-0.978824303254123 -0.230447187795041
-0.7980420146328 -0.596227992626012
-0.718855878340164 -0.198508032181118
-0.624587700305817 -0.281166238061115
-0.61182587523602 -0.0941985353681004
-0.63331136226029 -0.222141578865163
-0.434287128402772 -0.0889023261105068
-0.567561675315371 -0.111802178788037
-0.601178253568071 -0.0400616553345459
-0.360834736941667 -0.219110524015489
-0.674709222126558 -0.2322119366074
-0.400336045715616 0.0863154878357547
-0.154909817959259 -0.676816571474896
-0.749583648342059 0.138901339897204
-0.719648939492577 0.167643055599762
-0.915409585688783 -0.258386620305477
-0.960550754613284 -0.270967263848095
-0.917958532749664 -0.297454794213382
-0.161514979295483 -0.921598287278496
0.00356719426131425 0.594708453683314
-0.647911761933954 0.531624437131732
0.194234430232894 0.854635380917869
0.588682473788768 -0.411779630955163
0.65426422534391 -0.362151113306431
-0.345851282850657 0.891567189468427
-0.483295247553028 -0.234939909824417
-0.467822796698405 -0.419974718930558
0.455689097155244 0.641385308998063
-0.894993984432158 0.558912081575387
-0.723466184289512 0.571922189721197
-0.257809635450837 0.328981068556406
-0.172332032852308 0.28750643290008
1.01295744431068 -0.0506296032240046
0.101928041526486 -0.656012439405772
0.661689087269412 -0.121359312509609
-0.183613057228278 -0.0424441926415772
0.123694123427849 0.316170814189484
0.10412255076767 -0.267185950414444
0.0287098040345193 -0.0697792883860462
-0.00717075258931069 -0.213653728073742
-0.137708775058905 -0.170722543715999
-0.251304076547522 0.0697884516814396
-0.470660094582754 -0.174289249748825
-0.269151081844998 -0.0530081762461487
-0.186199297376999 -0.243358834682212
-0.0582835251332124 0.0822500809655998
0.0643729575862102 -0.185882265531513
-0.489520887035939 -0.159608059916154
-0.30599831333137 -0.0481988538837056
-0.454729416698203 0.266743564206339
-0.135944345251299 0.416107136115298
-0.000468819240679244 -0.584089348976656
-0.909623723172134 0.000202960625701315
-0.366813285572828 0.56191365468977
-0.254843188211525 0.423224561989391
-0.38486312104215 -0.361843138023112
0.0384185089702096 0.636367468633777
-0.284688349412325 -0.553516877709904
-0.621177202794194 -0.155677895999292
-0.289530212804406 0.41388181783714
-0.375675243945453 -0.199790294987256
-0.447535393301309 -0.321816400573437
-0.197301533592121 0.444811458176343
0.168135580098242 0.263679990724981
0.348221113275755 -0.380253436911129
0.0731153687275132 0.461800554903336
0.476015657333937 0.243975119762279
0.087121218523049 -0.0750484822469676
0.628572415462585 -0.251099358008916
0.0999420133404625 0.150450548113063
1.1000299341583 0.202538069031392
0.578272423395128 0.691812453086242
0.732084238771649 0.51035788282956
0.581768089117921 0.551408757802595
0.343817277065996 0.734463067072085
-0.406333304776905 0.134459580714795
0.305556325587796 0.688784885045307
0.880929086006152 0.0624378905172427
0.305324048051788 -0.303273490885961
0.978201168990394 -0.092928818351106
0.372572084823785 -0.588930812442754
0.270890986101876 0.760395833815156
0.449983361192795 -0.201272600772148
0.443585228526287 0.220461507588878
0.107164738667732 0.406204737426754
0.491750344698311 0.363661949834303
-0.454924356964587 0.101249014245502
-0.142437585427328 0.347802357622763
-0.0979299886233684 0.62656286893253
0.193510981734473 0.0690865093511416
-0.497591488884185 -0.0935842629885364
-0.521838000011726 0.2416183984579
0.279554373922785 0.067860054890265
-0.285642794287526 0.314466397959211
0.11689759341332 -0.0214104686448218
-0.16844022191677 0.186288974720324
0.209126672632691 0.0435140652062025
-0.473331686539199 -0.122871163597423
-0.205954446196206 -0.192020533035229
-0.334739578624844 0.112645856068306
-0.0835687568825875 -0.0405821031044653
-0.22869733941531 -0.0155573960452426
-0.198137049726235 -0.156829582281785
-0.17294346606882 0.182008487338828
-0.152226791798942 -0.194918901096729
-0.7005889563631 -0.257132784678314
-0.299980584798084 0.198276757155915
-0.598090232749349 0.196269318494049
0.352951338883544 -0.0211409367755441
-0.37071183470816 -0.655960035221815
-0.0729285908925277 -0.566316693246789
-0.0811079760429436 -0.418991739864373
-0.0576949805052139 0.40084938480233
-0.160730005844354 0.566266869574887
-0.329101524969157 -1.01762520224654
0.595994680048025 -0.0633754855346832
0.242768565249279 -0.419605777658359
0.433238581541783 -0.47943876413939
0.13190492975174 0.48136785140207
0.151804995898325 0.444564006695889
0.395839128867162 0.150952212568112
0.288402922311643 0.143155564808864
0.284891815276176 -0.00492913489147255
0.32198426727377 -0.0434552268901174
0.119826449950683 -0.0318481644473055
0.225922177261396 -0.0669551795939478
0.0187104084645259 -0.0542783007737064
-0.163529201229978 -0.213045149927611
-0.00902850854131208 -0.0717138584529969
0.12020791803045 0.335289050396537
-0.0994911443019678 0.101185268663531
-0.147374876466048 -0.527343292258353
-0.156300511926943 0.259233779800493
0.135936111878579 0.487917781061161
0.0067698776037045 0.579115380120332
0.577091694015286 0.128018738524423
0.328626326405017 -0.185556901701116
0.269712439686997 -0.0584715036081125
0.246340049185343 -0.176080914760548
0.280419094290387 -0.0416343889730605
0.261681042476965 -0.0188008742329237
0.415000713516774 0.0622298968003139
0.248188351290048 -0.200571357859803
0.386331611472167 -0.0353543259438311
-0.168789489739927 -0.00603913045690792
0.241546091352457 0.309742326970325
0.101265038199209 -0.369788485080355
0.690612199964924 0.00180656435541008
0.694547590382075 -0.334889429379558
0.901897786133407 0.125489450304924
1.07856861341801 0.248757776159883
0.766278994776487 -0.26465338611897
-0.0743458906696974 -0.0971348697106107
0.103519220169946 -0.32784849469812
0.80501790144348 0.0110944358660315
0.255750214531825 0.286040473315354
-0.0238926257704185 0.507880431908914
0.208911469269245 -0.29576799750962
0.470144415698404 -0.498450096600479
-0.0734610804593839 -0.850970544868471
0.00425060964999694 0.614646344323366
-0.305619929070586 -0.816559988331947
-0.140342766212441 0.601763755433361
-0.732166304795243 0.344137864214318
-0.164619607296496 -0.773627332139561
0.348166682338874 -0.845239155041683
0.564816615528835 0.107293383001529
0.183386472734429 -0.941418184738567
-0.00216038632590294 0.959207630416706
-1.02445624660108 -0.0759265401502156
-0.13777240432318 -0.972278359805089
-1.37120524053852 -0.445680637855504
0.551319676718993 -0.754739189777213
0.215526690987374 -0.870639320859422
-0.335612240567602 0.682902174271026
-0.310648562404387 -0.223893612062487
0.172310669040938 0.453359922416604
-0.656932391886974 0.123761243385871
-0.357571089017962 -0.281635985420936
0.110021191047496 0.257316926719686
0.0165527731616063 0.0794938674022504
-0.025057948308833 0.0935315968339036
0.109617734728139 0.285603926190077
-0.425515624992938 0.0175141486919649
-0.60198039546305 -0.240097134649824
0.121727712080972 -0.499534244617779
-0.139523098574522 0.715482499396905
0.00167603783788726 -1.13018753128622
-0.299797912463387 -0.320817092158047
-0.150016097551445 1.00688718846482
-0.669436539150383 0.474776779374861
-0.508860431595997 0.846809890680115
-0.0126408243975055 0.922584431458755
-0.0689328935949386 0.947903295195864
-0.922798747018824 -0.370059395213814
0.958921967988146 0.216007233708092
-0.484355033746899 0.891149703557825
0.0540446620665165 0.668397610633708
0.632160065607118 -0.474687633882318
0.779813492158556 -0.468137171896187
0.441141473254961 0.787464636846215
-0.45055417097644 -0.170452689063713
0.829776736705893 0.19661539242692
-0.142671788641257 0.522400077493286
0.480387574455879 0.719344312787246
-0.304424641177652 -0.139684743057411
0.595170981083295 -0.243914653919577
0.279380517031522 0.433664360693864
0.492454998913866 0.105994828692305
0.420588947274352 0.0733868393673427
0.22069842778702 -0.0892493730513676
0.224939038532246 0.052339509439315
0.600796594766751 0.0704833302307282
0.693037169729903 -0.19592367286743
0.174622015581104 0.063177745646038
0.57556173215395 0.370004843313913
0.463538490891842 0.114650441051065
0.472531132136104 0.0393043674269857
0.702112948638287 0.176598179911939
0.566006936477733 -0.0213580027573122
0.440030609684793 -0.114387486941748
0.478916644638083 0.0712429001514961
0.492893323303105 0.238098236080164
0.381854566798343 0.416236155115873
0.582816024870988 -0.235799678975432
0.602960057955463 0.268328974910962
1.08724550874738 0.26057151710324
-0.0443750890737515 0.237312344669114
0.0399610636819079 -0.301732807145313
0.401441303773733 0.610153219409977
0.641007707317908 0.399272379922444
0.401912809150363 0.122912228387198
-0.0688797548379259 -0.224989976583311
-0.327337993112232 0.519580402395117
0.279204292256015 -0.530084787793966
0.152584181121341 -0.504966481283928
0.0110209019558864 0.164970943776465
0.179087331755578 -0.103395519391864
0.240089180548762 -0.259388823561401
0.172003661445294 -0.190356812419613
0.380104481568747 0.0146882669318293
-0.154190881635538 0.216691334792645
0.336927574927054 -0.141042494872333
0.249789879917769 0.234823509851727
0.546707108811073 0.0693067984023218
0.327236871435791 0.0498712659692025
0.245620931087702 -0.583843655100219
0.695955306533643 0.38688793377486
0.764731083063525 -0.2032165661478
0.106112363365068 -0.094351330619558
0.465865357686979 -0.252329767379878
0.0790525396242453 -0.0688048900554685
1.03410040953186 -0.275959592559457
0.753572188842713 0.800474189530961
0.456302739566902 -0.835700920702385
0.778944065950564 0.897814664436996
-0.0574875461849807 -0.0678114410060339
-0.11294376347495 -0.0986040678171635
-0.21128536558822 -0.124247337559851
1.0195571750689 -0.495578770633302
0.909543361637858 -0.080706594673054
-0.258779752449052 -0.095724037593109
0.1933685315883 -0.547576730037745
0.56521774598614 -0.334071833666756
-0.151845932395776 -0.309721445605899
0.122890938170846 -0.209027730505157
-0.145469757535425 -0.431687820635314
-0.278992818308646 0.362727466828733
-0.15167672012818 0.34241079974733
0.503502187262968 -0.302498296154903
-0.239925982324495 -0.509346940806143
-0.591883742589388 0.115229932072527
0.913802070182244 -0.536885453481139
0.151774600039981 0.701719050973481
-0.169969644217053 -0.135691133209908
0.912680763732924 -0.433041261852071
-0.477582875151214 -0.359784169139519
-0.452596538127932 0.244102364477415
-0.538924134841939 -0.477342487855029
0.156041741467955 -0.126769675454499
-0.0189392605571547 -0.442862063588448
-0.344967524716921 -0.0876670983865078
-0.376614678945111 -0.139008152979481
-0.594913759567116 -0.195845944424099
-0.378723942313676 -0.132928802239465
-0.160972630681809 -0.48673661206703
-0.700592528614614 0.201094871678681
-0.513976757169765 -0.307976880045305
0.0762443688989341 -0.676986696796482
-0.769347280798069 0.407024803268557
0.219606980708231 -0.329727533966893
-0.306934677224332 -1.13219424605555
