-1.0710242890936 0.514999790091024
-0.840109679242669 -0.392310724564622
-0.0515368959879893 -0.234164756347674
-0.683239540040498 -0.478214336678123
-0.283270371921944 -0.0592885733238065
-0.35233143487488 -0.787050048501857
-0.594940208448967 0.633223089558593
-0.226533869613163 0.299731426738997
0.0985273766275539 -0.312641115025245
0.181142264902731 0.0766930661810675
-1.40238118786037 -0.0520532538996791
-0.235316099017818 0.356049395199797
-1.4680092499079 -0.0078295822809621
-0.692969398093992 -0.644282233922003
0.0213510658489625 0.496811986119051
-1.12750380659285 0.455511852570898
-0.585632964478348 0.029092937089269
-0.289768755625798 -0.487506919205451
-0.522607159810395 -0.758765156423588
-0.220389339730574 0.521807057101742
-0.938484165506252 -0.303677317607771
-0.553913085473592 0.167185190774716
-0.577762356994842 0.767871606747148
-0.727012383503147 0.0190945186599771
-0.501701462659123 0.865184218128896
0.238466900214854 0.658262586302699
-1.4759574546125 0.00208504749214407
0.5670010455019 0.142966794882437
-0.955633711936841 0.312083112120125
0.827485727632019 -0.0444687956241684
0.778804391021934 -0.00878550585296349
-0.793341947318569 -0.507319106032828
-0.00498379883066122 1.05350539194076
-0.829434469127268 -0.584898189621576
-1.13379655475956 0.491421147144717
-0.901383283394829 -0.5028605005858
-1.21359497990457 -0.46225130470035
0.478092922860931 0.187247081991728
-0.830644498354684 -0.510249162849537
-0.194651933647023 0.522810977264894
-0.600599047489553 0.815973322123156
0.529806677720179 0.0119339130223255
-0.678008476358086 -0.668104225128085
-0.718086300022254 -0.760058124296731
-0.658342165208254 -0.710077973726343
-0.931665742336342 0.966916629433737
-0.301035825724848 0.98478259368113
-0.234873498259149 -0.394362949500551
-0.176950407772433 -0.309027221238373
-1.00608873863192 -0.879540417626635
-0.637001836834093 0.844532456891225
-0.849791194369747 -0.615192907754357
-1.41509376557243 -0.0389249039662841
0.0435500230024301 -0.313413834081192
-0.760602840874171 0.562485647997485
0.0367227362075377 0.0536335615469803
-0.885546016705131 0.666385712716284
-0.314754987557876 0.337508461989291
-1.6051707541115 0.00589116968354976
-0.530523846973103 0.0479219204507869
-0.772793537273518 -0.7210779384392
-1.35434633578479 0.630421499312487
-0.917482939554519 -0.492056382247383
-0.723544754337106 -0.618126013256018
-1.34227318751541 -0.0412149079271389
-1.33176338940104 0.0325558369439799
-1.08617022148651 0.763989450947116
-0.67782711789693 0.638637654710719
-0.84156445589935 -0.286055402132397
-0.81699555938782 -0.346728718919104
-0.0726026327810533 0.13149128258509
-0.399132185750037 -0.814632442689635
-0.139741227398924 0.219536463166967
-1.08672860998843 0.624862295830182
-0.916269871196624 -0.838544422700253
-0.248169677983574 -0.918225803565908
-0.457378079205276 -0.778739863542026
-1.0464893797251 0.565842548959605
-0.451818273870338 -0.785374932326405
-0.591968687035586 0.707818657451858
0.225629765763744 -0.439099935317068
-0.740933270423143 0.916283898898636
-0.0882302857864748 0.475610376075245
-0.456037199231015 -0.815808231580719
-0.537272110988134 0.687598886727402
-1.13509597630012 -0.00572363258327116
-1.38345895530749 -0.0225946612516496
-0.136177909603562 -0.519082178023365
-0.458374372583374 -0.747163421267808
-0.651802747155096 0.573652455488557
0.593585633471695 0.164953698741683
-0.569836007411225 0.0638924510413391
-0.611955701077531 -0.871064135594375
0.193973275517952 -0.589505842689341
-0.690431188474876 -0.855934199894459
-0.694616531716119 -0.866158779511154
-0.565093441545618 0.0365122646086841
-0.683278741667181 -0.813000362755461
-0.0916702941210473 0.872366935856416
-0.68921017797184 -0.397797165176271
-0.840320655192127 0.0339676572087601
-0.0948745699272062 -0.799586030314593
-0.122728662989891 -0.800315381687842
-0.158396942263953 0.439585821915919
-0.223301724507973 0.398424207938168
-0.74402402021912 -0.298344122244285
-1.09054128419684 -0.063725506519943
-1.23271915015947 -0.0219329616278555
-0.773160109023138 -0.303302849002565
-1.06960229778561 0.0977755178750277
-0.693891459587611 -0.451445572696391
0.363752314788797 -0.0802246455566563
-0.141287807400286 -0.078471583526748
-0.375293705122607 -0.715617389991432
-0.536551804901705 -0.565928217146164
-0.164837772822203 0.877076702705266
0.0499777498867557 -0.0239823806181033
-0.0377500285175579 -0.94429853706084
-0.792106212823186 0.210105103360562
-1.19947478620864 0.105772341476224
-0.950752550273504 0.594539096929092
-0.718667660977654 0.931052912256697
0.564943806662345 -0.0172828881389949
-0.891421593967816 0.556050710539996
0.319366721727375 0.0542594267930515
-0.589920078396358 0.596343195512255
-0.0879629389033177 -0.096648417497884
-0.0180456748860888 -0.0844079219677098
-0.529302069047912 0.617632550844367
-1.15272813716695 0.1344362424234
-0.356836193773935 0.726619926199697
-0.0199216311298171 0.835589991095465
-0.62396778016515 -0.848778569218816
0.325363264995001 -0.408170818028608
-0.00192089439976031 0.831957408145152
0.598416533871792 -0.0705183822465228
-0.674200317558886 -0.263734827306472
0.596091470867358 0.435979730206212
-0.0670636374832778 0.496606164995551
-0.299566198050277 0.725641209887032
-0.527971360622183 -0.84173271093049
-0.312113190621628 -0.669076008701251
-0.674195480841504 -0.384795462816125
-0.894988795221443 0.2795334120204
0.077369115277587 -0.798593463186083
-0.267404519314778 -0.561585019429352
-0.795040800759313 0.229967963715267
-0.650158971100985 0.367392211194399
-0.516147326722387 0.747815080627735
-0.735752886329224 -0.194167732402835
-0.0267711696596083 -0.764129776925767
-0.321945619940895 0.67433381267876
-0.00032557403384325 -0.707021667685894
-0.469976523316121 -0.509490511694795
-0.35464547506966 0.641080099807532
-0.571131485837266 -0.399358101760567
-0.180661963313483 0.461110174234052
-0.689164274631825 -0.0795808405045036
-0.609881071634431 -0.677376596261697
-0.439341584647927 -0.40029507531116
-0.89698808334906 0.447616806439851
-0.704292231676037 -0.679522517070845
-0.448399458390438 0.468488239731256
-0.274234211565068 0.0282162555442439
-0.321083490711091 -0.659382444197443
-0.175679205666897 0.692622125828462
0.0219515091576549 -0.267728355099977
-0.495565411504959 0.393549595425586
-0.0139024006020286 -0.746415185217417
-0.381908336534932 -0.520098107807534
-0.494146580212413 -0.504961595371139
-0.322802002834177 -0.529457824454281
-0.341112461702533 0.598909648495376
-0.570547439916282 -0.727651874232917
-0.0270942449977221 0.371650490205141
-0.22792315961427 0.678007550742781
-0.51447825797271 -0.70785245958788
-0.723220665335142 0.254383457338667
-0.0626357956685041 0.437174724165553
0.125780584809077 0.770537535510261
-0.481993056251807 -0.695718459939502
0.207203967745941 -0.487408424030353
-0.597101042346917 0.0470582780243158
-0.810707103496965 -0.161990373452314
-0.835448706409475 -0.00111134424293799
0.230967493135855 0.644979439060005
0.0545652246911099 -0.697727467910365
-0.32108242903356 0.560461113994698
0.0393898520714802 -0.665105624316496
0.0506648113873089 -0.714499169439358
-0.665904190739062 0.154176400306881
-0.347169843550053 0.588829917416081
-0.348442771812183 0.588010913639917
0.164030309386066 0.430186761992575
-0.80879941305047 0.0309690955128999
-0.12856898838965 0.376404391029463
-0.356667084267951 -0.431405358922988
0.212097653247638 0.264942551741757
-0.964192606903722 0.00161893091593415
-0.822108367631946 0.0761989010279562
0.152736827970354 0.302145119630884
0.366822035151683 0.0356899441401746
-0.549824415108418 0.314900053385627
0.376979856404145 -0.0422713429263775
-0.0704976094443318 -0.589897075597451
0.200893990946343 0.0796941888677944
-0.342129035305305 0.531400655712239
-0.656225091614557 -0.640473237463368
-0.565256585368686 -0.532664534284995
0.118852814820421 0.152972799735796
0.0064942833439701 -0.16506011753233
0.0392567734690153 -0.0332441819959511
0.0254488537848343 -0.0498816301389589
-0.830018063792384 0.0897490728418284
-1.07097653726333 -0.0381143669668835
0.0126433849989718 -0.00790073511951086
-0.359348901477606 0.452625309787758
-0.667903424178546 -0.512474522544013
-0.404513739442113 0.256498936056366
0.0907633547879505 0.0151753200995912
-0.338968522655768 -0.417382875020509
-0.733298249099196 -0.523942262092894
-0.292910588033399 0.54794685375254
-0.626919658480795 -0.53214192689582
0.161947390376468 -0.0156091021931455
0.0108015010705383 -0.0141606472793119
-0.0319052943926353 -0.0143068610192775
-0.789810208416278 -0.519678127056128
-0.446035695776405 -0.286869795318767
-0.854785236962673 -0.0262912830732735
-0.7993317845508 -0.412289502843406
-0.582475139170094 -0.100198669199705
-0.0718128774079008 0.0106265700337756
0.0670507230681442 -0.137878072011045
-1.15130512316683 0.0303749966720223
-0.461650596307885 0.441367291830061
-0.456929278349579 0.540805969523565
-0.614136348574774 0.40475827391155
-1.0361214991817 -0.00270234647517185
-0.381631420028371 0.0230864230608837
0.524765997389902 -0.0254827277969807
0.295631315616026 0.106586896504836
-0.708625465398888 -0.383180147021634
-0.108821173007556 -0.793949373108114
-0.521141509843156 -0.701164891718211
-0.530950228703951 0.58996353425557
-1.25888017846572 -0.0502521405362995
-0.569405800327026 -0.539833644775875
-0.792935080042509 -0.633043139466587
-0.581154533845553 0.585241577708321
-0.584528653524261 -0.499609723769297
-0.750218838007818 0.356071771128058
-0.358999231229823 -0.208975769726027
-1.39601650880969 0.0313249897234164
-0.959467908823317 0.72285328762306
-0.820299351875747 0.450817533444886
-0.827410255969181 0.475007933676417
-0.223994162596341 -0.0674152040708685
-0.28428336903908 0.00499499990417961
-0.778784931264958 -0.470453487057991
-0.758686132776031 -0.453403877106259
-0.795791691684662 -0.407060517041355
-0.400766793625377 0.0321006017658178
-1.19945836402838 -0.0669944727531612
-0.806620873950975 0.376881860026075
-0.989705271498428 -0.456488809886824
-0.811733306220759 -0.112380307939309
-0.656535772586522 0.0265034013045089
-0.831804795921535 -0.179698763502015
-0.950255674590894 -0.279107188086288
-0.575447489389362 0.0911248400922434
-0.607797081992616 0.00133743527370847
-0.784138878889228 -0.110221900914771
-0.841515190042187 -0.142309181343866
-0.620717473610477 0.0053012489369077
-0.644071115796509 0.0162652093064028
-0.765741558058129 -0.0400523459234964
-0.644094237882866 0.0361445666041496
-0.642905345312486 0.0697295965561058
-0.604209391786888 -0.0221727916366115
-0.650075573237922 0.0511901186072553
-0.574395075367458 0.105670123046218
-0.717167161024661 0.0240142198793802
-0.82625706195686 -0.0176573295503911
-0.636998273504514 -0.151754427243604
-0.633414199046779 0.186722862729948
-0.609876137078241 -0.276725901056179
-1.07288742933948 -0.00417691730174996
-0.550195639437872 -0.0351238738804035
-0.688094006986767 -0.00383597110616276
-0.503988829297685 0.456733669853912
-0.481322954921901 -0.305959460983631
-0.687855090437422 0.451623802334642
-1.25159454399454 -0.0320777669634937
-0.440214316773153 -0.371445723651684
-0.135002232941105 0.393581421167949
-0.354251853210717 -0.410522543369382
-0.545701947377109 -0.0203293287069332
-1.30990279623053 -0.021345519117525
-1.33842663776749 -0.0105664822501299
-0.921637764895173 -0.061073488955966
-0.53365013581546 -0.0146179838402981
-0.703604175118782 0.478474352771635
0.289579455598456 -0.518637382232845
-0.760681158837958 -0.3363275171401
0.790903214551806 -0.0705767684452425
-0.64048045997689 -0.307278119169033
-0.632605003540763 -0.261665676157063
-0.223011112098213 0.763151419243001
0.00714634054335237 0.353117295555433
-0.254655602751342 -0.698923769172351
0.729902523028884 0.362012195096663
0.228270064203786 -0.829192295336492
-0.629842640941427 -0.295156537892402
0.327655513570185 0.604142761099434
-0.787243807585136 -0.00713251992582301
0.244399392829961 -0.538531105009249
-0.347446320926524 -0.5851135596885
-0.718149809195821 0.0502127101009306
-0.297181882290963 0.58778447312043
0.110038797702288 0.506778199325052
-0.632505013946662 -0.0186723821830644
0.0538874415893498 0.481293946088796
-0.614254761404315 0.066116010009724
-0.220796659022944 0.437910143945232
-0.260382026040939 -0.363317254588777
0.191682759312452 0.104917264156353
-0.593460392055514 -0.0025800231985824
-0.239274194962349 0.3877970814546
0.0371367530027881 0.378015426621936
-0.268733284690188 -0.330072338471064
-0.250865267533224 0.324046184133743
-0.388952437988345 -0.119229309169776
-0.0367678900276068 -0.255479243866718
-0.344835466612373 -0.318870287535324
-0.476435181831782 -0.00704528718795121
-0.482194237788487 -0.0208978561767282
-0.395241771426701 0.0260008325385937
-0.0600193658244875 0.0553186133480362
-0.188614221714685 0.19759026795165
-0.426101410101544 0.149621884541674
-0.095543519941152 0.0233008166094151
-0.159855860767362 -0.118807457488153
-0.407771949094707 0.0242027931347445
-0.136795743514357 0.0375268234820318
-0.643994631038466 0.0466272946342853
-0.118491780205998 0.0065605381444611
-0.0982805500235756 -0.0106998128002194
-0.313911138297975 -0.290203642736308
-0.37850708056854 -0.227884701594368
0.0396288669942464 -0.0824566706363676
-0.486204048624088 0.432165542888406
0.11776731553069 -0.123843956722986
-0.663687887131554 -0.0166590905889737
-0.16890963576359 0.447587578822255
-0.708317469652741 0.0459607822998514
-0.238860968957006 -0.41308645341603
-0.119716319955327 -0.486200320690788
0.356051889023312 -0.0415811653708852
0.292669003044115 0.133928958570752
-0.113805464722708 0.62948035729102
0.0278748641356879 0.693854924328474
-0.792334226456984 0.0578467635772569
0.432331159586111 -0.132735150306637
0.296030620635641 0.22498672565795
-0.688274613074249 -0.108624762742954
0.537593756624086 -0.0148170596370121
0.131300513212496 0.584062083873263
-0.311072266672818 -0.52577251078015
0.128165395438766 0.540466300269697
-0.610849826131801 0.0145069329171821
-0.206004394271542 0.549835710962689
0.420072186698057 -0.026239942896436
0.489796652824147 -0.141738388168133
-0.502003183741967 -0.0031438733592562
0.417323070329162 -0.293496615967768
0.0329333816629089 0.13975047033233
0.334595635036818 0.74277915875503
0.08930817274836 0.688045436113581
0.316881004480991 -0.511233259596414
0.50494594063328 -0.0297938943939537
-0.575609057543729 0.0560050499278572
0.312260596144509 0.428337588038135
-0.365878313285446 -0.279911992416025
0.337860096776967 -0.832553948765152
-0.585998944884144 0.276052874248903
-0.280834826158245 0.634351165641736
-0.114360134981544 -0.690380113358794
-0.52520669587704 0.242551279663112
-0.403932054653695 -0.842364710573454
-0.42520787742958 -0.812517862418568
0.782099779838275 -0.0310115687625618
-0.523197430368744 0.0992278601323417
-0.212665657934778 -0.623036105593438
-0.516639423912333 -0.823896525934434
-0.138474553448452 0.749924014521593
0.0952278647190837 0.874770981548615
0.701812005654161 -0.263531513504057
-0.0590805945032767 -0.768435998244206
-0.0527552609113587 0.723136758238593
-0.893036237579175 0.0815317707673489
0.48974297099257 0.16685990305824
-0.0523256118334674 0.643338546679891
0.456703918925178 0.0048990045440218
-0.316055996654679 0.45045009048175
0.314623265929969 0.157341640498529
-0.631662152006832 0.489528618748225
0.154970592357618 0.148094079591303
0.224203836254508 -0.163509447644529
-0.366822117758884 -0.400904993167898
-0.358320524694929 -0.347943739871926
0.254481497571249 0.167154687984176
-0.274277924729759 -0.541480611982572
0.0739369128340041 0.25040178246843
-0.197111252093659 0.564395478897157
-0.240864227567497 -0.481796588346072
-0.710381099859043 -0.324460081396279
-0.175977812443691 0.542699198637965
0.362930425692682 -0.0119594850569548
0.127475466841733 -0.676337241806201
-0.638691812057569 0.33398614021457
0.44429205111561 0.273364437351301
0.33810561121484 0.338480392943946
-0.125123989982823 -0.513859317828776
-0.600886188097425 -0.21399441623985
-0.3029250211979 -0.621385859868432
-0.540160287720299 0.25032557661011
-0.488085095558291 0.056883724786078
-0.224040160191547 -0.46401887797622
-0.532917553472845 0.156453799771314
0.87519722482792 -0.0653472015208545
0.475488440609174 -0.559370782101741
-0.0725752110484042 -0.597685837795734
-0.107911070669126 0.579261909379377
0.623425786592673 0.222314396252285
-0.636657548761178 0.0101457641326775
-0.64424743499094 0.109387001371973
-0.666955670068888 0.0357872950087285
-0.587457013872723 -0.036478000745829
0.280524026697492 -0.717839340579256
-0.518447623071023 0.147021270868338
-0.327284761969393 0.659063837209223
0.15737646975277 -0.681843490139428
-0.131263344948504 0.568657388308682
-0.3495189554737 -0.279317805097752
-0.647046327700655 0.139941702195275
-0.38673123676551 0.616591922997899
0.263713224831975 0.396716969967381
-0.372505473902119 -0.235732097266047
-0.628507437791571 0.122010437805432
0.0225976119916156 -0.599898865208171
-0.316312636577118 0.567951154453204
0.248970594581506 0.0479641007629035
-0.230661949191114 0.492752821811196
-0.739566987736078 -0.000822283609687246
-0.396229970227397 0.182750942760681
-0.263109544951027 0.447084718161434
-0.424957810563211 0.00506205737231597
-0.292388850859905 -0.238386288871413
-0.720603530311532 0.0700845230495895
0.20198752494854 0.123611246096526
0.017722244133776 0.00021175457553567
-0.0566855239905102 -0.465768303459787
0.0148870488320342 -0.00201601021269036
-0.175991739288112 -0.475387485680809
-0.838296945450841 0.0044020457510839
0.298564126818863 0.0279870571030148
0.104220405611402 -0.0596555392112688
0.313380158573455 -0.0136517023966528
-0.16017819248629 -0.432392854770278
-0.0991395898767192 -0.345681560208842
-0.334475775580602 0.498458465372831
-0.0980427963601162 0.462385994008091
-0.774116718281474 0.00377730651305797
-0.0908850775175872 -0.332726737206061
-0.0743224938003016 0.484524152955158
-0.0802446517108082 0.537587320522083
-0.0684686970406005 -0.341052772468888
-0.00486199964167944 -0.405252820272862
-0.463589801475659 0.197707879760368
-0.203117035819675 0.536215339880062
-0.398114924929127 -0.113378750526598
-0.372712714179784 0.088818340198169
-0.302124893034563 -0.186310975530613
-0.113287598462978 0.483245660339929
-0.476746054813324 0.0338919152265128
0.185958412112496 -0.577716996253034
-0.441488549673435 0.0908146810967122
0.36460588915033 0.128450453071393
-0.574413751792044 0.0484673943179914
0.124746140855619 0.509285668168735
0.249768657142386 0.346894643979691
-0.142156994449946 0.456508209049857
-0.160491036305467 0.447596539060202
0.0371150208794675 0.255362355842616
-0.270155412986114 -0.382660657748594
-0.319254446965938 0.456784749183948
-0.190093331063586 -0.271722391153148
-0.291703036257886 0.193489827093655
0.00563695479555206 0.173095510813894
0.0740078512320772 0.15546551183115
0.0643515381318117 0.176815524477348
-0.153795281979735 -0.419846460824096
-0.113685951459496 -0.208000877903249
-0.634404397838115 0.0332806919892102
0.214135884666175 0.0630150484718847
-0.0461563026048355 0.384111289296961
0.072968591706579 0.435693077788035
0.129394113697651 -0.465402445790749
-0.0521302635190724 -0.314893758290576
0.118793261456897 -0.438827659208622
-0.34831887714557 0.0178500320263673
0.162513997960244 -0.0723651306616648
-0.409468571713731 0.0896155784738558
0.323025162466591 0.0451232779887307
0.145616589064269 -0.25874148281929
0.394030757900384 0.0777858587469091
0.050604794591888 -0.410800362683872
-0.340800232109323 -0.11087581786183
0.542261773951275 -0.00495214013365122
0.335052450079501 0.0623937421406477
0.0489863328833363 -0.0736451050976022
-0.134233789303648 0.0015590819200726
0.0664036807852536 0.0677778632051408
-0.324460966095466 -0.0356530559076097
0.280655699148965 -0.424730855977452
0.339946666447336 -0.424619946647901
-0.00110065006819283 -0.161583166334462
-0.29759811395735 0.00924716720086276
-0.326303172190328 0.022818812112407
-0.348486871899172 -0.00846959285065705
-0.0945606097140586 -0.131628308662048
0.533081388434567 -0.0407413732560981
-0.389852571320279 0.0172222757129485
0.591483597527262 -0.0051611644662298
0.25771749549224 -0.428603363455888
0.163788279692007 -0.378128609995244
0.171361331412529 0.347497052506782
-0.199486164817061 -0.203085960820286
-0.171859189535891 -0.130858233104479
-0.0839351579302762 -0.281993958553973
-0.155134113813616 -0.329887978852508
-0.0849814269086986 0.308877004502442
-0.330876043219851 0.015216260698032
-0.140127884389221 0.312558426210776
-0.182297830353997 -0.258309018313905
-0.281645188556723 -0.0899899498693931
-0.3840322025778 0.0374920555639522
-0.164007413330974 -0.161751680556562
-0.11935024527443 -0.133820258160614
-0.101382818850854 -0.106575921804275
-0.133715669561571 0.225247580607844
0.113201485630564 0.0477644380107464
-0.113824215695421 0.019021811711576
-0.333491421984403 -0.0444907741502935
-0.151158173247309 0.156190321511665
-0.210486705920225 -0.021705828744951
-0.0179657175136088 -0.229488587169312
-0.110983081312842 -0.206629879288106
-0.144851969875863 0.207661233337269
0.240116351588677 0.142640834079503
0.0761253587024717 -0.274849917572971
-0.20322886335093 0.242697005204005
-0.247971252447918 0.00771795809942095
0.281697379033244 0.15651316620519
0.0281295609364066 -0.274247365030046
0.109077359861833 -0.163101831503679
0.259126960416111 0.19003748998274
-0.00358358450567598 0.274534314300574
0.24738909517337 0.157523389779389
0.0853909019837863 0.211097949735211
0.522216004051421 -0.0521515470686663
0.234806012470061 0.0587518591145189
-0.171257312364532 0.0357181522528486
-0.163699915674072 0.00389217072268841
-0.180905305518016 0.0365824041571736
0.160439098586401 0.298769668849632
0.0303364335389013 0.235648385238316
0.0482074119660676 0.274821849117073
0.201058736363206 0.337406038615619
-0.0954160714952624 -0.0103992410817009
0.0940782922205603 0.217863471684857
-0.00889781245195684 0.350809190118045
0.295667700582452 -0.416694403778418
0.0891443548596007 0.287874139948183
0.487148850625869 0.066765435378877
0.675915711722107 -0.0325065371880255
-0.260071345732418 -0.0750514671075922
-0.10527800497454 0.195419380816865
0.400263996368145 0.122221243369819
0.532308626591611 -0.0521971277661942
0.245694493909948 -0.323690763650028
-0.364190150138458 0.00435977619469562
-0.121733414812603 0.21536584044069
-0.166426237350384 0.137463323484442
-0.321282975416952 0.0515293020417042
-0.0615830944894848 0.380117473024147
0.079024646589308 -0.179833298109913
-0.0811666015897155 -0.2988181565104
0.211096310242706 0.0383550996084205
-0.269015720713818 -0.0124837664427202
-0.293387164514602 0.0589018820618951
0.0861330661130565 -0.245674010489838
-0.0359057989355398 0.213454982148033
-0.139692854632841 -0.0332922825140522
-0.175869674237164 -0.0410024769831542
-0.108615322335208 -0.0760785674480777
-0.226454945593345 0.056138351973212
-0.129990457220383 0.206507571659505
-0.0860219910741307 0.156696549839224
-0.0979571860695295 0.102521852885102
-0.0616626052450301 0.07174070220044
-0.369223795505281 0.0382355067781754
0.0265639487314121 -0.0469058448023395
-0.0404990959912333 0.0357713227803827
-0.152544592709207 0.118148532554811
-0.235544948883875 -0.0495123470846213
-0.189516292005993 -0.059512560018836
-0.116450112212394 -0.00470142092491412
-0.154194595794376 0.0339955504542263
-0.172048731046611 0.0222520331518266
-0.17602811249212 0.0217364267171526
-0.204169482284839 -0.0129145393975708
-0.204561295779125 -0.0329266580170814
-0.209202553436317 0.113123160153391
-0.274877045183642 -0.042315088392862
-0.215976173396395 -0.0756167887684445
-0.266388873289674 0.00338045980498576
-0.242443531692259 0.038553007427435
-0.218638106971692 -0.010234817721389
-0.463168898508534 -0.0046147723243449
-0.220463055895484 0.122005589375892
-0.18357659695832 -0.151438173424701
-0.117986596097119 0.028905051068236
-0.358806161950897 -0.225208718804169
-0.341432120537903 -0.245638833093958
-0.23052909793385 -0.0605626224996891
-0.158897042398787 0.25364020411734
-0.310642588692025 0.31714427290461
0.178022793978475 -0.0213710965472481
0.0233116892064558 0.0643822588659389
-0.483443338612706 -0.0813878062525668
-0.33479900565134 0.38995916385707
-0.177125867114651 -0.327936920261063
0.0817579047929131 -0.222453390812282
-0.299875975364132 -0.108575033771133
-0.223854604001413 0.0348965517399876
-0.222903438605107 0.0204791001575437
-0.0208007128055495 0.236317510150333
-0.236794260037448 -0.0634907265833067
0.142321093119857 0.305758672182797
-0.162782088914804 -0.0498869821057817
0.0327028399807878 0.180939648756226
0.27999643326888 -0.0105096124178295
-0.0325927673334875 -0.029015516740412
0.357149803501507 0.00567307974340036
0.137629706305596 0.233495427919069
0.24717228387 0.182014248906579
0.186705117064802 0.168463936042674
0.203689923533634 0.218872381215774
0.0943065655722913 0.225629600013623
0.136895845898818 0.278510189478447
0.138275117620098 -0.308557038345375
0.177305490404856 -0.366316446711316
0.392912363614788 -0.0209003117342282
-0.181210448931494 0.343799855684792
0.305397676490167 -0.0270489460934509
-0.236815890215975 -0.38050517313442
0.224859164942425 0.0474506628210948
-0.00404312495609507 -0.357674757485224
-0.0369948026243211 0.347773138739844
0.198127065279952 6.73730087554008e-05
-0.0816413745909113 0.256703755376229
0.146325776733963 -0.031978061978271
0.071564954655267 0.0771893332677933
0.0216601887251473 -0.243776506420765
0.112908540453671 0.0494970581709912
0.0238607671736999 0.223121783507639
-0.15320540326392 -0.210850320251291
0.0779891123704258 0.0203259968057151
0.142883456889339 0.0158630537046438
-0.084084048228253 -0.258059500184021
-0.141373582620052 -0.105253435698872
0.0907044326588595 -0.208955511607009
-0.0912719997528228 0.0193443828560608
0.134209270674792 0.247860616587552
0.346210442263727 0.103305253532303
0.159865126308035 -0.0535718553981999
0.371816539554575 0.0580939209676767
0.0813830106719118 0.182942268538819
-0.20239013024855 -0.00633271104518705
0.369981115371464 0.0013355620661138
0.258765723439712 0.166814357810018
0.205160217038672 0.285117134738655
0.0311382644149008 -0.110061772637808
0.372147745729319 0.35973149416342
0.414865591062755 -0.156395898220352
0.442091122731964 0.31788892056532
0.301332798131153 -0.225145802191436
0.186419220766609 -0.023117913677358
0.435216589523437 0.330822556267795
0.253430706503956 0.0456794998169298
-0.0191929082898166 0.0495193323637024
0.209293322094988 -0.228000047387906
0.329193434765168 0.276634693233627
0.455133920002142 0.0131867379268646
0.2344369151005 -0.19494868895968
0.398430698609571 0.0303692351422643
0.065932635449877 0.221641534721903
0.440871504522126 -0.0302984914858088
0.0851146198122922 0.222110636984089
0.00571177424255166 0.2517540783679
0.383012681435116 0.0331717804082688
0.00377611322937173 0.256004627694491
0.553489277938374 -0.0175463236433581
0.110443419900437 -0.298348207853202
0.262594197324792 0.335859231839983
0.410117682577069 -0.0304295290513957
0.46385926240588 0.0768516188477298
0.571621718786808 -0.00464598607913866
0.513434092546184 -0.0567669676512148
0.279496107543966 0.0797800346596159
0.237721186368252 0.0862904137937796
-0.246350094763708 0.00214830070949886
-0.0645905196795787 -0.253705330422613
0.36857757320833 -0.172269211369583
-0.0338666109588601 -0.408623348469956
0.548561523412766 -0.146583019337701
0.518581633976596 -0.0225009095676808
0.0723344206889485 0.0431667162602316
0.421654104616182 0.128020422152524
0.529866259079541 -0.244705242814078
0.236586816242653 -0.398217105462241
0.325272002106629 -0.256109532570563
0.277349654057706 0.39536961068162
0.334965818759502 -0.235034548369288
-0.0276064602122002 -0.0433206562700966
0.205631776210796 -0.0915627670334476
0.488761816213814 -0.498932198869938
0.325285357104885 0.388367234970743
0.340746750283099 -0.312557838515735
0.663893831524131 -0.0486925993864842
0.348972095587561 -0.447918358863946
0.572189713401856 -0.183355341662388
0.587300466731309 -0.185706590726611
0.266266489885861 -0.321390513550145
0.461002461999904 -0.304734420623727
0.465425033650531 -0.383614704526673
-0.105405402726315 0.0172453193323296
0.674377647056718 -0.0174002287799501
0.829758325854254 -0.0683830398013296
0.468022350822951 -0.402801583691058
0.499030121078306 0.117219554246476
0.342220416230996 0.347289267191437
0.677044844771767 0.0368040866482403
0.633278536473945 -0.0704115903655327
-0.244746902941439 0.0412832912186828
0.297151519581096 0.445473220489883
0.619879729247585 0.113330558032427
0.192474090937776 0.407396400751385
0.00933373608674472 -0.460719635491379
0.55893142798456 0.0632033130026824
0.553195285491261 0.150054662311052
0.263358573361531 -0.559189529850754
-0.195265010817041 -0.420368153774451
-0.119471829527777 -0.395375795809483
0.575975496168514 -0.230254994207799
0.776316940909485 0.156237605252822
-0.0895373067401865 -0.712109021749955
0.349117711078547 0.60323380185759
0.843501145426721 0.256230068099235
-0.0642412148862132 -0.674929200571747
0.33374782165419 0.513534392038538
0.288175949683678 0.583820593519078
-0.229364790265723 0.354781153428456
0.266452860359162 0.539060494702852
0.287356369333608 0.50782719588107
-0.330174334378526 0.0302635466302541
0.417160974641579 0.61537788526476
0.484122076644051 0.217882328663979
0.165363222520908 0.0184675753932122
0.880504291995071 -0.0516892112062523
0.0187629807939149 -0.164218752002616
0.517944175081803 0.244451614018135
0.243176898339697 -0.43105703747457
0.395813102358651 0.409804302096214
0.801010597662027 0.0503480242139155
0.221527547654909 0.216511184833205
0.592929100453267 0.559464137890421
-0.00682861250771648 0.240944483146259
0.861397351088063 0.171703479249936
0.665265697288304 -0.0783726087512008
-0.187144090178165 0.0988299207107893
0.368031384290944 0.48759863262129
0.448678468933521 -0.482775160321202
0.792225321455089 -0.215436936886045
-0.311370228161326 0.0386762098874396
0.836056273026495 -0.00875567887862268
0.399197710234743 0.602597662888741
-0.0956726214500897 0.427170068781116
0.362044645643232 0.0989627814260556
0.495876927830731 -0.70578724519827
0.636311801556688 -0.201523471428117
0.457869551503725 0.630049639063127
0.564445162232085 -0.112890665334649
0.775729330930924 0.210409730693265
0.801718149693256 0.0999229821652945
0.387612405195459 -0.67507927397782
0.424330919004381 -0.646294021222127
0.578076286692307 -0.796274476166675
0.414096231208231 0.0385658491496457
0.447681668840891 -0.619601195231845
0.304142693383284 0.47416108167441
0.614830242713234 0.709729575477553
0.238375775777326 0.626798674683948
0.196374994902323 -0.673165771459519
0.584073524574122 -0.694221699170753
0.901531160296353 -0.300279307675994
0.684513152772661 0.243452627096876
0.644882809097529 -0.718561812055451
0.8763806891341 0.14777713577949
0.900839237000547 0.25961923111666
0.902567409818654 0.237632129695694
-0.374304720494206 0.03551605386583
0.201529822650482 0.633818013764643
1.17620186396826 -0.0916536911324501
0.236553518139946 -0.00497580943014109
0.919625491214318 0.0346235478328914
0.188396868073944 0.000313619497291592
0.966694994842016 0.165665754404571
-0.370317257344408 0.0113062012762552
-0.0494789366939611 -0.207037124229122
0.0852768366852262 0.0181748978430213
-0.262562993916816 -0.014039931466931
0.660970738901464 0.680091179241956
0.56281828208183 -0.461676635453951
0.511113208909423 -0.530586542138304
0.306399599694146 0.751682819943166
0.547358207418696 0.484602371060128
-0.348412827765902 -0.00590386778419134
0.201192416808153 -0.00204627554202924
0.73383367019436 -0.212948272933597
1.32959284429026 -0.106768631112606
0.226538203129401 0.824302482326623
0.785252691343882 0.839116332843364
0.580704952192167 -0.440738245587072
-0.407267674727117 0.00387407641046719
0.75036999945323 0.834586038689171
1.40009897077198 -0.0536469082434654
1.28815111992769 -0.0772554076073553
-0.0975939950017292 0.317514803308392
-0.228084045642755 -0.124110971629705
0.481567612534927 0.692929232142199
1.23636884900029 -0.0855190574635235
0.204715188400848 -0.685752395417193
0.761324234199808 -0.795780092812046
0.8732543270008 0.262176935844406
0.836184155972949 -0.348017736375615
0.336684632392754 0.0871225613413354
0.68165772555989 0.463816235609871
0.700020883436756 -0.487056660105601
0.0442705706645028 0.486629330219018
0.0710992842834894 0.84405927041077
0.0350492694528959 -0.826647590584438
-0.227174610107349 0.440446827616937
0.643716945431891 -0.325849339754243
0.031267458663788 -0.752359016042473
0.687998262126369 -0.153668306133185
0.660686169692343 -0.784622472573069
-0.26155029764802 0.356579587697443
-0.352374009691538 -0.0704095713034432
0.608371570854506 -0.758268528336094
0.528892103493122 -0.754428653916636
0.295048362780219 -0.56798303462499
0.713931436703268 -0.423706191210388
0.0546335492294627 0.0531760850369988
0.374296489118132 -0.308615676821403
0.361280625287536 -0.27952092054797
0.405769239420571 -0.256054486795319
0.283392405203471 -0.312410225299195
-0.061643891759472 -0.124531864877625
-0.345227289362583 -0.0275197671142994
0.165658592903058 0.414633857299213
0.23675757693435 0.287189022777462
0.237225478388232 -0.249550855247959
-0.13174215807057 0.048308140155397
0.689651481401908 -0.0168254601739469
0.211609847658019 -0.315152917047208
0.568651384823069 0.00698128894356947
-0.112374584047506 -0.0422875403051187
0.583767526891032 0.119383301267563
0.161627125277432 -0.467460275942988
-0.138521309152611 -0.060065787912444
0.156713907194208 0.344272237027097
0.256188515867044 -0.141522345014244
0.0494237917706468 -0.502101528492968
-0.34214107802463 0.0757983745134666
0.44605002127877 -0.644516668598201
-0.323477366572268 -0.0134757930412003
-0.348598036496279 0.0230706747475446
-0.380709786955104 0.000913699758785414
0.0539312436041846 -0.322260234390721
-0.318525127247082 -0.00979518781568149
0.117123888960012 0.493358037389359
-0.00484400450655372 -0.409572481321012
-0.429608503432688 0.0177924371672619
0.437214539059328 -0.598796776660547
-0.299250518969676 0.0703665677756515
0.406227622722504 0.42918037213366
-0.290660447307595 -0.108297464409901
-0.365415677558628 0.121488903126571
0.745157205299149 0.00110742297029541
-0.491558506891042 0.0614552250286963
0.613039729922659 0.154369114518717
-0.200074432769517 -0.185866672358471
-0.0657038427791401 0.00679577990240396
-0.267208276737977 0.0420253747610645
-0.546281911416594 -0.0013548084008584
-0.167908286738193 -0.4972394210001
0.0627643655734242 -0.389133242258138
0.0428512963829703 0.540706713274337
0.15677803961386 -0.540881880701632
-0.0138208715841344 0.516998427751475
-0.569020660410113 0.00480253054768739
-0.00424700660535832 -0.431678984291979
-0.325028534428029 -0.451626537867919
-0.347997521555218 -0.31653144457627
0.261334774891704 0.0769836090469084
0.209773296053915 0.005248417558997
0.217068702333845 0.0144382355343855
-0.0577271534550756 -0.302159521840207
-0.321363662273262 -0.00243376030276841
-0.0396002129772325 0.0491765317403482
-0.102967754086066 0.158269178680424
-0.0540342308303002 -0.0116249673845987
-0.0521564342881433 -0.174470674078646
-0.019538694756779 -0.213454979136808
-0.188711871010806 -0.0167421189436031
0.000577424728122167 -0.134913418814616
0.00157031000387488 0.055577356427557
0.0742160133040816 0.00253445036242163
-0.123200808907672 0.0835543190308991
0.0634249262120876 0.126009145018478
0.124761763938071 0.0604176619515007
0.0494284491059052 -0.116537528918769
0.12803266851084 -0.203187187972127
-0.0741103322491237 -0.0087458780283787
0.118172852438722 0.14661504030354
0.0735864394054292 -0.147139642590173
0.0256753328560135 -0.130595453514729
0.0409418459501713 0.143606526900142
0.0388524269178608 0.13975259400144
-0.00305938460080173 -0.194798095041215
-0.17968424400357 0.0700626631342987
-0.128317679114172 0.0200563927731185
0.100506920440885 0.291694423993686
-0.344013457166307 0.0347032492241971
-0.0951087189346389 0.160512263949921
-0.116832342423884 0.310542091748684
0.0431244022679252 0.218693075215168
-0.319046855173771 0.0639238440032153
0.223154159438977 -0.00361370438793107
0.138197645162189 -0.161115114538562
-0.330102241157312 -0.0188998596490612
-0.374689969072522 -0.0227839254182353
-0.0843400503463185 -0.237915210058456
-0.0249306424230579 0.237440542831274
-0.272587313495187 -0.0684188292941129
-0.0852602163029257 0.111756906023147
-0.0643820230796822 -0.165416960767449
-0.119717819777293 -0.108847344127353
-0.17813548344565 0.0356826590465203
-0.0272335425686985 -0.0496602719712156
-0.128159471017251 0.143327680447899
0.0383301330699733 0.0143809833933878
-0.0718620690605267 -0.0781099312057433
-0.0181207014058698 0.0223689613057494
-0.16666222008926 0.0137705812351689
-0.0854720426451854 -0.083332307054197
-0.0274787343797457 -0.111578091432619
-0.088623356281994 0.0339250088255537
-0.046211998613198 0.0152019280337904
-0.0217864696218296 -0.0721066986407521
0.0275606502462153 -0.0162204436133836
-0.0899893413852833 0.015626780260156
0.0190266303720286 0.0470621018852844
0.0155076660732879 -0.0015688685655519
0.0508230167788738 0.0240383274847498
-0.0367350597682183 -0.00163629099963489
-0.0752849641584399 -0.00580254571187406
-0.00253980414286289 0.0350774284210208
0.0209086680027767 0.0190566232075732
-0.00734636870044485 0.101443447996999
0.0667035564555058 -0.113648131267334
-0.042449562282181 0.0925670471601886
0.0307433560910973 0.0395534824548901
0.0607901137989427 0.0479138474600922
-0.190010272208756 -0.0144915808455266
0.0362615673453822 0.123680015573455
-0.164484045779796 0.0659942066645789
0.003727971122897 -0.225827303623251
0.0314127083397017 0.026243442030459
0.0588031163840518 0.0141767453658407
0.0671347440178896 0.0266171029691992
-0.161267179096934 0.186859702425522
0.294555535093078 -0.0572256489295713
0.277690669199103 -0.0576435641616787
0.196760306717604 -0.00991954458816832
0.0602127079522131 0.0611515602110257
-0.0311236348545284 -0.315161198892501
-0.0724699772340226 -0.279379276252794
-0.0403914296666484 0.331438014281356
0.0922536595424762 -0.0809942583007955
0.0875928077965072 -0.0303080574616683
0.119942480054482 0.011582301624205
-0.29208258569328 -0.235268141227028
0.0140635412666715 -0.0379718135641394
0.0930577133482517 -0.0664145008712569
-0.28743545172581 0.00979198471289195
-0.178154097752239 0.183387589855703
-0.181553493596833 0.155352624483141
0.0227938243507219 -0.0242006068327037
-0.214629302999354 -0.119542001002097
-0.136026436036295 0.0860604734613877
-0.166127128162389 -0.0664685117460858
-0.11843635602491 0.0160937660849823
-0.181736070878389 0.0171003017148323
-0.046598511914453 -0.00137169233366105
-0.108910515514386 -0.0189908753551757
-0.0757251394672525 -0.0085866182385268
-0.0943150273591518 0.00962072510339255
-0.00846023394857176 0.0315758054761565
0.0569213280829831 -0.0733350281078175
-0.0752452677569047 0.00515842235938057
-0.0459502526294837 0.128098516741538
0.00205241041153746 -0.0553826484501893
0.023748662273467 -0.0435109247032715
0.129684710884841 -0.0201136164245484
-0.0202234203752994 0.0163516669551441
-0.0444326703954434 -0.0888943416717599
0.0644400521565275 -0.190691568984099
0.023167977292174 -0.147955257578916
-0.0395500987173488 -0.0938258258683198
0.0986302799229832 0.049141042472248
-0.027114798360352 -0.166065684803398
-0.240017891204224 -0.209345998544018
0.023761481716602 0.150793779865204
-0.133116640685995 0.0114357288325646
-0.0462798571240563 -0.0948647424182605
0.0565520003479477 -0.116851848674234
-0.0839042400182084 -0.331319816777541
-0.130944297441511 0.258225510086909
0.0933374576434073 0.090190273947697
0.0101970671604722 0.396855592697261
0.25657846650131 0.0711599391496919
-0.0197858103164341 -0.321643148340627
-0.320921591598773 0.240334080656376
0.416278975673415 -0.00470647492053185
0.289445794448984 0.229907669099067
-0.185835757514576 0.142886343608944
0.270093076068332 0.154987892411146
0.0372175122355426 -0.240191808088973
0.321378181526342 0.0200130979137616
0.257550276531192 0.109813132917683
0.117300865162957 -0.19755437667126
0.195890698100262 -0.185811338832581
0.454663305448414 0.109116935854793
0.352768543363473 -0.111965118497338
0.227360887407816 0.268983254702814
0.0575208737536814 0.122641361933905
0.819271296733301 -0.078652222454299
0.171236583614536 0.467788888744149
0.239383186041506 0.484761699277531
0.716919141067565 0.113520394691767
0.0958643568685182 -0.544761125223459
0.398455185352199 -0.174880972780827
0.674088945496362 0.0443681833525792
-0.122746020607269 0.0910144346763834
0.15716724179377 -0.457457632361151
-0.278851609436173 0.342555186555679
0.172574923327738 -0.485516984839521
0.289800828662045 -0.535641922684892
0.156235844823568 0.414604811188355
0.174705962637114 0.0484568837789537
-0.325210004269918 -0.0067310394824932
0.376855379901231 -0.0368972827511804
-0.252246169054903 -0.490247112231841
0.281884192133172 -0.0752457859545715
0.0775953403970207 0.224516581117061
0.421349552205912 -0.0458457485653145
0.195760021426356 0.183098581155115
-0.0771902098028178 0.340428611536038
-0.0909141242118001 0.412580722056877
0.0220064616728537 0.127506716975538
-0.0161057621786385 -0.050120070131225
-0.121545115961349 -0.0907210149166534
0.152650711314859 -0.00133596992873158
0.154977637865 -0.0130760565108057
-0.544020105350011 0.0290492410580444
0.0840982375335905 0.001806040121493
-0.118153967292651 -0.259312520464828
-0.336332086778891 -0.24897756965954
-0.24160647352962 -0.178580037888525
-0.25940534127071 -0.0675201249047654
-0.0138564031516771 -0.024848686733282
0.0318706347179426 -0.0507567456905948
-0.112504522973203 0.1011907102521
-0.0763295232914797 0.0686536621525859
-0.27340073357398 0.0112655179030032
-0.154700263574594 0.172547839019554
-0.210474534728594 0.163574268529166
-0.054420009813679 -0.143344720966359
-0.0658517434364366 -0.12907089802209
-0.0670778794483154 0.112761722868656
-0.198725214140151 0.00773976793658022
-0.164808384379969 0.0841654540330531
-0.158211790014008 -0.00679440380866823
-0.193994127019093 -0.0528695262724356
-0.0780940819647825 -0.0374626418736785
-0.082686480326344 -0.0960509289679906
-0.0624420948117181 -0.089663745777334
-0.0162321032282981 -0.00470637828536147
-0.168346792637169 -0.0706613776758994
-0.0455308421805906 0.0966637204319589
-0.00432969915755646 0.092044130514425
-0.0875207812427313 -0.00636861667528919
-0.0344116247395402 0.00752621842415948
0.021484847059135 -0.0720907336884283
0.01213503829787 0.113299608658367
0.0322490764575158 -0.0316481190462316
-0.00457615877158916 0.158424315395151
-0.114459526123337 -1.10899551183314e-05
0.0453422730227379 -0.118095009443159
0.00423803792238287 0.0710122800895618
0.196911245808786 -0.209063083068703
-0.0586056842491561 -0.0376583010263495
0.130655123541589 -0.14996616350987
-0.131056873576534 0.0094212789969962
-0.233521818544242 0.0145381995037901
-0.120354254228048 -0.048181986056076
-0.0825160806007957 -0.111779511142579
0.32552493634766 0.283167051905527
0.124578369828757 -0.070678985886707
0.0803107258279306 -0.0261311641536732
-0.199244168020517 -0.0162661370750935
-0.190086014760586 -0.0674403923994642
-0.0984748545237668 0.280731028873955
0.123347185395828 0.172011020784629
-0.0296279850955077 0.167378207020809
0.146905472657455 -0.179529673758635
-0.0410805556041726 0.278849477695123
-0.115014493038938 -0.0297998480653205
-0.278075353292365 0.0154462501934484
-0.271215010690502 0.0236487049382841
-0.169245300456353 0.0091576106262427
-0.191788053937147 -0.0240374455474523
-0.175520095951575 0.00717009477898937
-0.01188545487321 -0.213955312444545
-0.36152503500263 -0.0510836568209689
-0.0459527130201269 0.142701832676001
-0.112817202775435 0.132547596547215
0.0275894607565009 0.0104081981263025
-0.350121239566308 -0.0279615488452262
0.0382882259735061 -0.00178023733837385
-0.12812023390187 0.169982340238224
0.0456785727833392 -0.0420599441661495
-0.0917841914148854 -0.254790112256981
-0.211392013890213 -0.199423350597591
-0.0576636767096705 0.0665784361653786
-0.0631736743747942 -0.187304114335506
0.0347833258414588 -0.0517771384539892
0.0751039267225447 0.0599663084731407
0.0794693404785537 0.0214531938948496
-0.024281348105245 0.197129011281153
0.0419417628706701 0.00611704689724679
-0.0134028061139603 -0.0523561621905331
-0.0686625348168818 0.196847713964917
-0.0246865867999653 0.125953337041189
9.86629914889806e-05 -0.240239865626075
0.200172810347116 0.165752831212544
0.0270945037784796 0.232056959420734
-0.0390717490168856 0.126093836893875
0.0902488937157006 -0.242158787753496
-0.235955046541508 -0.0237373778607253
-0.127208539246814 0.0707275048985677
-0.023314733183834 0.272157584552057
-0.181965340324513 0.041493350249129
-0.177290242530523 0.00355713978754821
0.0820398042911655 -0.286778321492417
0.0811048296427875 -0.31363126147586
0.564734111312043 0.0189597000481623
-0.317218768621673 -0.0221864349572109
0.00604947243484018 0.299935397232257
-0.0280024594172974 0.342758821063257
-0.010884824511381 0.333940345569322
-0.0704131147664743 0.279567655093178
0.204424804546486 -0.279109664690818
0.22589865001081 0.0642166901669925
-0.043749384380714 0.243603470362674
-0.270500711651515 0.139021146592611
-0.407272955612139 -0.0930845998370662
-0.103705805880904 0.241243849465825
-0.426799253767897 -0.0253798349665687
-0.104207326318268 -0.303102457730425
0.00932675429687568 0.366587936054008
-0.271098198806512 0.0228317002981401
-0.511630876224839 -0.0248064207149658
-0.371179157474551 0.0868538389769106
-0.167239958470807 -0.321425419252904
-0.228451693575877 0.199147516431695
-0.25251294809709 0.239276951546128
0.0933555843599477 -0.0215937688521539
-0.171477672260412 0.0650646255778562
0.160948797012402 -0.0273618955477383
-0.101052329465582 -0.367281968380447
-0.35064627016759 -0.273514725269914
-0.0606242403620399 -0.286473843123752
0.216989894188332 -0.00220939618432139
-0.138162113671041 0.280642749164926
-0.354524490403754 -0.25002565899612
0.077378413584778 0.338582003156531
-0.0393543319211116 0.253929376083666
-0.0153102569112948 0.312347948170058
0.102309260777492 -0.0611298521704703
0.0514639996374054 0.237146175686766
0.0259688906269551 0.273017489702466
0.290562834999448 0.0405921300720599
-0.0950474134351194 -0.000302039341785929
0.296628895941557 -0.22879642855244
0.03251830714561 0.342964289983302
-0.377360455831227 0.0518129419561072
-0.109855948549242 0.0146809353254854
0.370129267660753 0.27811521260373
0.564623352207341 -0.0529354948913491
-0.118344547959647 0.0286603018200978
-0.191338412967066 -0.105970863604269
0.0731933185110778 0.393378669001346
0.00660127745950964 -0.416506478687088
-0.363983617705618 0.0287921570825961
-0.129427174248252 0.189424182022114
-0.132336301908496 0.0394864778684946
-0.454164689190503 0.00773243005889244
-0.0353296078863672 -0.33847557226318
0.165654544473498 0.487492264528224
0.0775783563543665 -0.246750733700147
0.329285732033832 0.354680553532908
-0.216684264238084 0.45146525339605
-0.308685402854714 -0.155351752465329
0.220164701091057 0.296961435677791
-0.20622209034629 -0.0462520534732329
-0.110278891153943 -0.312784812833516
-0.472888199726827 0.271361588253084
-0.00640920628667976 -0.213608548570473
-0.203480264667678 -0.0166766270825973
-0.528873448091128 0.00880679744067383
0.0750164632871471 0.176658105214813
-0.279243998089529 0.24705241726238
-0.219387778762684 0.276889125602897
-0.111100078504931 -0.373304217259894
-0.0137126859054958 0.382146974399811
-0.175065055514343 0.0496718025764712
-0.148142173979303 0.376557086437248
-0.605077009740954 -0.0451391154036715
-0.237598629152587 -0.430450839493846
-0.410232753399655 0.041752883081816
0.126343558839509 -0.477036036369868
-0.202780584326692 -0.250888741698975
0.522097280337455 -0.0322156119429367
0.000128261782204826 -0.424768514608768
-0.00847255676875607 0.491210158696596
0.136336587413058 -0.319062488826979
-0.376460103263567 -0.0194112666682674
-0.153590449168916 0.178468936476956
0.021497169477828 0.492387386526321
-0.351650240220448 -0.211571843662467
0.118248450306935 0.42472513721348
-0.0189670750899085 0.552916970079504
-0.0497356233861188 0.553599600474476
0.311217702738831 0.632035708635332
-0.0746366562152664 -0.424138407792217
-0.291361584951202 -0.0265558481324691
0.0548632242765889 -0.434089758184319
-0.190249866278198 0.627104975374361
0.333243930315961 -0.396303638177089
-0.029618860855522 -0.482768204797439
0.176462381112028 -0.106248057774257
-0.686956286378729 -0.00132494791549294
-0.269603820014734 0.586181563915448
-0.481276995332312 0.264448821082995
-0.0835955678739909 0.541301977472441
0.117055665130218 -0.244872595075111
0.0975714266230427 -0.12539492572694
0.16831330052617 -0.235371320469706
-0.565998963303413 -0.278907462597537
0.502461394775621 -0.0378122030073273
-0.138956422587655 -0.504366621084392
-0.419516421082956 -0.592076550489181
0.317345591878367 -0.190346673216894
-0.750792249525453 0.0244882827096219
-0.0406245605657735 0.592157197821515
0.0908992415298728 0.00472154007852665
-0.152490865634405 0.34544799130804
-0.400522831758815 0.589755942408642
0.159867563950383 -0.112506040814282
-0.72218562205666 0.0105468408239608
0.142494761503068 -0.00763978626444677
0.387412116553883 -0.0475016400156179
0.362189149231317 0.168504157994163
-0.330108922009035 -0.576554577808158
-0.0546019229901667 0.177201094057758
0.547086505201161 -0.0786991288958084
-0.428205832951885 0.381221457872848
0.334732551202823 0.179032007461781
-0.619102354223306 0.0255057182011689
0.196056045343304 0.616242862918105
0.30857484579314 -0.233124240749003
-0.372474690693334 0.329556765664013
0.561591220479929 0.0331645118448605
0.547946133388341 -0.343682170535258
0.522755698409775 0.371194734243362
-0.19221285381343 0.0748915714056297
0.154531354920646 0.517586791990692
-0.541164850732666 0.218038430876715
-0.269076409240654 0.083571892673159
0.246044965491946 -0.335837890984567
0.147628105145238 0.4713507088821
-0.272930325234714 -0.681384405605606
0.67557832799685 0.326556716912956
0.0682258218589132 0.533634109692048
0.2885913629232 -0.281193602245962
-0.286876855893887 0.729288264304097
0.180471212459205 -0.72290780142702
-0.285754967559615 -0.322220714577161
0.53464751495886 0.0200719893120031
-0.36618765431424 -0.648145288295234
-0.896216287071374 -0.0233922719940126
-0.332690422572232 0.394582341497337
0.270285275560122 -0.187886697948054
0.281497233106984 -0.145116736918085
0.350524048272171 -0.213248828307806
0.517342810229118 -0.0395661421595272
0.317240251675424 -0.134392998552975
0.0214993362480757 -0.676391415632429
-0.774678266316808 -0.0348515650387078
-0.551812377294158 -0.495031973174843
-0.096767421547862 -0.55939778062678
-0.252914387328808 -0.297820346316455
-0.690199911141921 -0.0457186530797652
-0.0827757847467687 -0.499827785387824
-0.0536863125817925 -0.5079657375138
-0.481563429162125 -0.534152779378727
0.267989305390301 -0.0082150818311766
-0.134100143488238 -0.516481535264415
-0.0520137170378587 0.468276473901629
-0.0984321532812192 0.457488960799762
-0.36403491069737 -0.414000608964374
-0.077289299421756 0.375695519587544
0.183262961657154 0.11255304059326
0.0333705639273722 -0.459622022279809
0.0834911488959446 -0.506831637083883
0.0751407967825342 -0.485242736732526
0.00310586209104686 -0.51154429855267
-0.679328241607244 0.0427142396771708
-0.0652654475275194 0.613211388647854
0.0290933882011899 -0.593336885964279
0.186069627393632 0.280450809727216
-0.794030966381221 0.0246028478469891
-0.706279704233413 -0.0569020158270558
-0.370394881344009 -0.585760556186075
-0.0233097908015983 0.539913728308811
-0.331884277591276 0.563478651820365
-0.0977864137099515 0.44236513591837
0.442557773653905 -0.137804992574975
0.209458531916358 0.404134316893749
0.496968261144088 0.282537302761642
-0.0380542084153165 -0.458990491972689
0.589525229598144 -0.0525933134607999
-0.457478841135293 -0.442886204741804
-0.0267737455380676 0.233073955756961
0.402875503941387 -0.0638217321463928
-0.555780367363452 0.175649342111413
0.694232411220167 -0.0715496174992777
0.40343415362215 -0.216971118621121
-0.640155055511481 -0.0213106495418696
0.6034706733267 -0.314492212388817
-0.3916346700692 -0.395223045838873
-0.157738064506729 0.682518121483453
0.601997177452681 -0.288770923006576
-0.437747263792986 0.0395111041112077
0.263048118662617 0.475971152003193
0.802433656812544 0.0309959335450329
0.335349289275277 0.560940818783686
0.309945728895173 0.563746771769078
0.910101946459142 -0.0650588961436518
-0.229986615695944 0.823138554042723
0.321966922022198 0.549632964014804
0.372446227116641 -0.267371016159569
-0.469852204421205 0.423815830248487
0.119859532777232 -0.663248336810713
-0.272477647253011 0.212991720300654
0.57423347115244 -0.287046886609703
-0.476354244207934 -0.474494734798839
0.702404967214984 0.309265404731109
-0.211662054483583 -0.478855023602143
-0.37328039580607 0.752850907793334
0.622083317491456 -0.0126821452524288
-0.462743055194928 0.813511018159111
-0.219405484819357 0.551624315985605
0.499181223652482 -0.195707015314827
0.295456746133982 0.486086032255116
0.0553655549471666 0.737940849403029
-0.12452992607917 0.573048262857885
0.120982830999595 -0.72126791675959
0.378155927954654 0.338775857948606
-0.469343441527096 -0.678449555912617
0.532699355953639 0.00134466726002535
0.524789898245082 -0.00605093355498474
-0.018506603570549 0.625197423955048
0.0778417574172154 -0.663753822919714
-0.94691152814887 0.00890800015097127
0.609518754332178 -0.01207926908017
-0.360937135348884 -0.631813417148631
-0.424358857393208 -0.494967439009332
0.107004184053725 0.688795055946695
0.121439037994381 0.617275083095608
0.114610223062183 0.606225471036757
0.138621517422785 -0.632510756863545
0.122504780429454 0.62474621266024
0.455674789362718 -0.0455500234332631
-0.197754537527537 0.688686209002679
0.656218056537682 0.16766454579236
0.901669672290519 -0.0716740469492136
-0.699364700853292 0.245043120535229
-0.547334868256687 -0.139733659112483
-0.296914888781532 -0.426612805155864
0.250839121821358 0.620475005543271
-0.140641663350649 -0.744240158587478
-0.550426631577416 -0.0212595869611036
-0.206740650056303 0.396328961324646
0.883585342760871 -0.367120763565327
0.944056296530494 0.225632847473588
0.0793656108316179 0.748734370028679
0.009870480362283 -0.370721645811989
0.0918020243698258 0.082422760142227
0.0138073588001257 -0.369450643755133
0.529671368527582 -0.404635359281129
0.504233689474112 -0.824505890295344
0.83968080071428 0.297507292174118
0.289878539199166 -0.00746322983677178
0.806208765249826 -0.381154174777036
-0.187014802193374 0.848944770880675
0.536893759158895 0.337678255941482
0.167617269691793 -0.702127873791004
-0.25785328603902 -0.815455252612895
0.452642092629295 0.528816458567902
0.698006646558828 -0.329868193753286
0.553212827968154 0.219114838654496
-0.0509598016969016 0.574163553878332
-0.498786168644847 0.595920323100567
-0.358331974127168 -0.833010821096696
-0.355761981823273 0.836494368977624
0.753404548208159 -0.0231755519295244
0.273234190945047 -0.863478965017941
-0.398215261062271 0.885256023796482
-0.430305514142149 0.84218087134992
-1.03194012214714 0.00941032302180375
0.0467189766037157 -0.775341695403891
0.651775701890144 0.111068281560425
0.322809827465273 0.526138422930746
-0.488721348315169 0.866754785175115
0.107537350945008 -0.838483784702874
-0.880072483800831 0.0758185920870592
-0.47957224697285 -0.686871985642728
0.594559430560247 -0.040489129681593
0.10243568941382 -0.779874272491076
0.543131049487902 -0.260487811115961
0.624547980580827 -0.147576345881329
0.0935715457438493 -0.735374259379166
0.72496374902639 0.302805104343531
0.852652612171885 -0.0865306429302594
0.216108393386747 -0.791321424478549
0.715125734290742 0.105768775788081
0.371749984390064 -0.827332739577271
-0.673304622268973 0.129718785341787
0.232472304863691 0.755808100835586
0.276431867006532 -0.792056983687551
0.857251577512017 0.130896811324186
0.408176561574482 0.875359184539812
-0.83347839860747 0.292461706348173
-0.76794202378478 0.277818530983956
0.0839598867570319 0.568819425722779
0.326310128975478 -0.77254151872805
0.705591139314385 -0.282789477373715
0.308431881960571 -0.805061748501321
-0.028264801139645 -0.52227995024006
0.20928980682107 -0.792204854748
0.331295966864526 -0.735779403752373
0.933768532727917 -0.381967276954407
0.635705153475707 0.608899249040045
0.599498799788373 0.516233131964875
0.699972780711696 -0.233880550831788
0.143645830359844 -0.83966724180649
-0.382472969032328 0.932997062894326
-0.0261518244424576 -0.691189537993616
-0.425187261039685 -0.949157448337994
0.121874453644233 -0.843348948460366
0.614592422801018 0.5382058763772
-0.0181989174458035 -0.706612943034605
0.0855952041752445 -0.863536840656167
0.208225449686363 0.975374290730017
0.0474204845496312 0.903097246573582
0.788419446346012 -0.0188610300299326
0.149296491429471 -0.923901596155453
0.0139627044661558 0.806327747412217
0.0928910146226422 -0.810994932478347
0.756636935127058 -0.0167085192613421
0.735984623427571 -0.0401482798204052
0.198837638013273 0.907498986063928
0.773006981012546 -0.0609600788717738
0.677003436162495 0.536037474979299
0.793323317993821 -0.101682507063985
0.267292804845591 -0.87673710078817
0.290656789651519 0.95185056744922
0.235307228134267 -0.880517847291435
-0.370011988771212 0.890274300558146
0.800860393783695 -0.10264486145765
0.825123555673323 -0.210563363181271
-0.290139586791253 0.92631279623186
0.448508661786015 -0.939238652417727
0.973253111828196 0.313161516557563
0.340232073970682 -0.89612613418907
0.770626697530635 -0.0625662534262908
0.851496258531054 -0.214818214205116
1.02331372616746 -0.289692638447016
1.26627354019736 -0.0889477407755986
0.392130912087001 -0.883529212268666
-0.343158922057822 -0.666190944799719
0.65015943291345 1.03591682745363
-0.30343123843648 -0.687640585280411
1.2310783148462 0.149663168361092
0.70895426973037 1.00558264754542
1.18776934129436 -0.408075478408394
0.773146107164131 -0.986572546242642
-0.166343044880362 0.62316506571888
0.546970308932064 0.190415842069584
-0.0955416734914192 -0.538161446073525
0.514661928624466 -0.698478799235124
0.730973565512036 -0.738376264300404
1.25845684341817 -0.0106368452014457
0.118956925157917 -0.522173535492347
1.03846432007584 0.171996421805421
0.600936595783997 0.675300468841474
0.595984406245145 0.676881869724712
0.555994117762038 -0.614284487187392
0.544231075446698 0.732445758381534
0.466841616152466 -0.673505258996207
0.428193807188723 0.669741140238111
0.871612922973628 -0.070230231625141
-0.0575140226460984 0.660544089339789
0.65042520573527 0.207540240144229
0.338361899926006 0.68463050897371
0.328425656617319 0.632656865858121
0.308680559828875 -0.56504561556887
-0.0891420723250753 0.527661431206291
0.679171106448821 -0.042994699100208
0.26407893312682 -0.47339842176663
-0.0452988545943816 -0.370737623708717
0.437795280867962 0.160420422267329
0.622498643208246 -0.0302107884331905
0.300273909937739 -0.342251140195971
0.220509026163925 0.240477495652971
0.0770526403768845 0.205565358643941
0.335595961005042 -0.0116112641588912
0.36930206890983 0.241198779712878
0.154649324874812 0.0281961728040061
0.196414849783843 0.0217364237409822
0.391332279893352 0.389894727241415
0.355189938667765 -0.250754779255089
0.399667866066999 -0.178176409783983
-0.0387205793069981 0.0199807260826041
0.452562371957452 -0.413153508708975
0.462959029684444 -0.449916708545173
-0.0458637926356015 -0.0337280921820705
-0.0139349741716749 0.00303442054699853
0.77564177040867 0.645150337985776
0.491471650443555 -0.567057712080818
0.579129615925622 -0.438349210529811
0.838343177040781 -0.762203318482736
0.943408679207783 -0.74462312313618
0.377999397009818 -0.812553612891049
-0.126068659501951 0.0336072089759672
-0.0877466837458194 -0.193597879016394
-0.247039848975707 -0.223231795124582
0.671819591852976 -0.662657396115059
1.16918647837748 -0.692700900798894
0.664864193817435 -0.678260824753029
-0.148668425072198 -0.0365172218967253
1.30845086833152 0.180846650544202
0.657742951068815 -0.626635298399556
-0.163336769091419 -0.0294394102313413
1.13748381614965 -0.511356303619968
0.744006193698763 0.486737801004293
1.0903338232278 -0.439391020073741
0.77527469245284 0.909554771737461
1.15847707680654 0.313125022109873
0.498047236374534 -0.0327243056725887
0.686789980065151 -0.445669294290201
0.882855716376216 -0.12062650732227
0.751711487357551 0.483682240473697
0.433706369158681 0.798483621500759
0.0302436522922144 0.795833888465211
0.876169735498822 -0.157786818925319
0.699218732074274 0.490990854322691
0.385294283944157 -0.843352106043577
0.37541798389082 0.796453349608234
0.854207871334616 -0.296557398818175
0.827956722865982 -0.347234562921833
-0.372745547811741 -0.551950253819333
1.07233799636857 0.191824922870291
0.426326935177684 -0.797640898221444
0.707212782020667 0.568417427200508
0.990840974215886 -0.355403697930382
1.08082144515835 0.363390522099191
-0.314439544246126 1.03835064885863
-0.501053731418836 -0.700923746426998
1.03600185478377 -0.0342328526614803
0.229353736666845 -0.961996632270416
-0.35808273881678 1.05718212520621
0.231151587275755 0.924933059651782
-1.13701231288611 0.259592770399804
1.03330583178656 0.438916885469674
-0.000705249451220628 -0.798838519762204
0.336623815546134 -1.0813614800986
-1.17931734677371 0.235467496592055
-1.02834958977604 0.0843176385267214
0.111826792909861 0.95571340567098
-0.440470356506302 -0.434922052905508
0.122819159910026 1.03003713216417
-0.0758758139634781 -0.822671108477138
0.487520577076841 1.16840504164368
0.434344947363575 -0.0193201379800842
-0.736809764351601 -0.86621818255431
0.729728047506322 0.738410400128938
-0.510476410110114 1.2536304970282
0.159264132285612 -1.16412438451785
-1.14506549419419 0.0699397368655301
-0.180028036103857 0.895562093510207
1.16025086354511 -0.478957757630296
0.182491723374079 -1.20893192004229
0.120412296486957 1.26326343516717
0.148664961358911 1.27212737468487
0.780716451063161 -1.00315885791572
-0.896719836628791 -0.997104331749352
0.390555052673136 1.46410710127834
-0.64910373706209 1.361000686777
0.082582673300413 -1.19825532006297
0.103627541171566 -1.2168449480398
1.05612905197534 0.0177235775899713
-0.0391615111514641 1.1725804107988
1.01030150197444 0.217673509129392
0.973026443139383 0.00390995329773235
-0.113627878881911 -0.913760450726715
0.249368137997438 1.1710793236504
-0.775775449915326 -0.855600903126797
-0.751947390128893 -0.785217441168033
-0.507259022944758 1.04522344938193
0.0966593671506048 0.981914361507715
1.00789257714244 0.496544005865609
0.757456709372763 -0.0605860718895586
0.946770768064742 -0.0603247955231405
0.771373236091261 -0.122955621439372
0.899683140937883 -0.0191276033893246
-0.57486039927176 -0.913643035299875
0.229360355693902 0.988275034973678
1.02579064098182 -0.0889086506462756
-1.13684145997973 -0.0102041115255419
0.976932406577797 -0.203273343767748
0.277489092705894 -0.986847064041449
-1.08749722243948 -0.240116542274732
0.308679639084493 0.999824877387229
0.261026583554902 -0.962946596254529
0.302147934518349 -0.988176101991591
0.435918235782774 -1.04819730198174
-1.03625866915848 0.0207157261192957
0.49848194911452 1.09153468398755
-0.407181919704567 0.795299875284933
1.1369206653264 -0.273848830955924
1.19081128692349 0.166116942337728
0.376482466839363 0.99766613612569
1.02162325553932 -0.0406804127957802
0.973060122409484 0.221621318390023
1.23380231213434 0.328779079046369
-1.02650526268848 -0.474029232083039
0.824935058483521 0.59013049570635
0.443853416987561 -0.958820092111424
-0.409899466820919 -0.744903623223067
1.01793623400757 -0.338456389327394
0.47581977378703 -1.00720070514013
0.809288924990108 1.12771714298511
0.578828218247675 0.247248458715861
-0.687117262288937 0.135255429818271
0.908549033841198 -0.61022698832551
0.195277026037276 -0.617996325779454
-0.0400339834263379 1.04449611704595
1.28603237939939 0.366343068439821
0.841599989544421 -1.11644225716681
1.30719579337827 0.371836242509743
-0.0795342263729831 1.04155996547609
0.466626088040962 0.896009405317174
0.95621061803643 -0.132856637853168
0.813150352227237 0.665863666776163
0.823961312694307 0.639657671578911
0.769235395883695 1.14699368156712
1.50140148503573 -0.07686036817828
0.928376604328675 0.303864745783328
1.17062135598344 -0.447836217536822
-0.871331841556942 0.0783716751869132
0.910385909926071 0.26514565073767
1.18339877090974 -0.0575715817689737
-0.523662524534876 -0.738486949349764
0.565109862059063 1.19182587159255
1.16616098686014 0.44634715833804
0.507591328877475 1.1842409875959
-1.14741463640817 0.252295020406818
-1.01259619479502 0.137471002854834
0.289535710097184 1.09992377024482
0.232879957044338 1.04922117386792
0.854896546573378 -0.214876364023148
-0.485274961710237 1.14564034616225
1.30225646861454 -0.109471613178682
0.0237553180364304 -0.919603892823363
0.147541155183559 1.06754453398476
0.0582403755718698 1.00883077760001
-0.576711196260847 1.17841394075432
0.951845029256344 -0.177528273662275
-0.0580185020369123 -0.945335762983399
1.03441849755087 0.567892156076455
0.240564262733694 1.17710662286999
-0.598218622607783 1.10879522329957
0.153278676147337 1.09442793010453
0.240799023712671 -1.11723397674175
-0.542228972624841 -1.11747794011032
0.219581685687258 -1.11665316046833
-0.574922280121134 -1.18511765361527
1.04567037752481 -0.0351648728571982
0.303596484364326 -1.06793421238098
-1.23024662896354 0.253822903587819
0.894000599639011 0.498884215754206
-0.529889809325488 1.0147574067947
1.07672434514454 0.497810200045981
0.986162743118019 -0.534081209850444
0.270938553418588 1.121092892336
-1.24984525835171 -0.0644542687875189
0.94250721743275 0.623864511694736
0.170414827391324 -0.924625599215882
0.859051217529792 -0.0803124080207166
0.337724461747771 -1.1368091540252
1.27419203482774 -0.337561612834949
-0.364792021756406 -1.23659907473375
-0.319092466531613 -1.22172086468593
0.388580399784614 -1.08790317011858
1.0423585400104 -0.332668541084604
1.08914718396572 -0.178098162265613
1.34091763140929 -0.418826976577343
-1.19755165315723 0.408385695289366
-0.27198969735115 -1.2156080785952
0.795487380745476 1.27429601336926
-0.228663968149368 -1.26475073850883
-0.566146766095883 -0.740355509769896
-1.04006000617316 -0.00591700220308155
0.402197924116535 -1.07862306385366
0.386357804109821 -1.1488407680253
0.00413628470205299 -0.761396052018454
0.819781955181777 -0.723999394108754
-0.339819528469095 1.21789106415991
1.22038867540489 -0.411826865534891
0.323323837734651 1.14122647601877
0.970436558180997 -0.148466196799779
1.33017380837102 0.389098672254942
0.568075934520408 -1.29356445353361
1.44386390669018 -0.0789910176448819
0.0173448082328915 -0.91730990013567
0.923945657560975 0.690470732477132
-0.488573196181112 1.28700226017046
0.251266921986369 1.17950576737208
0.900065764264708 0.763077395742055
1.1754115395323 -0.0788611837208715
1.00145977052042 -0.106709198421084
1.11119941173735 -0.32312361178474
1.07355393147619 -0.362831811065746
0.237458953801822 -1.22444832644221
0.858011023202483 -0.0604053044534172
0.247654991724003 1.21317199853674
0.222006161859067 -1.15686427012513
-0.744430567146438 -1.03915622450763
1.41406022554628 -0.0723694589087554
0.320081127242594 1.21002886146556
1.03768294065246 -0.216869952102446
0.162313567435771 -1.04602838179554
-0.484147080745593 1.30391557620682
-1.15779185622818 0.14718242780356
0.388156219218098 1.20313043822351
-1.16647140779344 0.176580333360414
0.116860821128546 1.10341397470312
-1.30459448170036 -0.0200018573464096
1.04563409315422 0.707683373139289
1.59147952128324 -0.0894728512108148
1.15624384346661 0.264764741032823
0.44201710460304 1.23778011271756
-1.33338651350743 0.436425732258318
0.388175127124893 1.26845930174376
0.443898908952356 1.23673762236437
0.384724338083808 -1.21900354577221
0.72050706165331 1.41088742109227
0.68352921536211 1.40931672444899
0.541211921808524 -0.0118354097882829
-1.33894473968618 -0.0259358189934125
0.281008363755969 1.1959573780617
-0.68542427260271 0.894297601988347
-0.731203403536465 -0.899637572618282
1.67065571092954 -0.0425888169615351
-1.19981731235166 0.0968272428620986
-0.715668607148852 0.96876087020832
-0.510038754135029 -1.42393470415534
-0.800939444828148 -1.01668691507701
1.31339777071236 -0.0174671902573693
0.315282038054742 -1.25213885005159
0.306080550042668 -1.31387827070408
-0.024199157859109 1.08639518328699
0.996715569846749 -0.282233638597681
1.00552543709642 0.755988032669718
-0.619371286042316 1.44499166723211
-0.156748216064179 -1.12506171722347
1.26383109370307 -0.321579046293116
1.3331390757427 -0.0513661022194134
-1.65354172305222 -0.00590042801515603
1.3385045672908 -0.360949400608971
0.258919152402045 -1.36021039246024
0.469105010222861 -1.53911456800452
0.183172150751936 -1.38726499257555
0.128080354898643 1.41919155328227
0.149411111506056 1.3757904450664
0.0524663272199434 1.41704941000018
0.0510586681217563 1.47506390140376
0.890760161480807 -0.290614739452359
1.12870118166065 0.274650081049488
-1.98206342642824 0.0081714968050688
-1.69845425181452 0.0700363466276381
0.957866487376595 -0.364019954704923
